7.051607853368863e-05
0.0017171979977344727
8.839984561188579e-05
0.004853735434313188
0.009637429727878847
0.00285933405817926
0.0021419284646691807
0.0004620419189923766
0.000465874842352414
0.0015596367590068692
5.929113907244222e-05
3.684292687714012e-05
0.00015462039628743053
0.0001400177530210296
0.00019916639864448482
0.0005491207113709081
0.00016995966996949675
0.000750264339126348
0.0003859237754470388
0.0001083583081950023
0.0014163918843170995
0.00034890636863341075
0.00020809321686073414
0.0005459698942967199
0.00015238854003249528
0.00012301897095810284
0.0011924126284454128
0.00020021635862688055
0.0002422324184791222
0.0003244308618983494
0.0003180116670788383
7.899172704164803e-05
0.00046343557645349637
3.9283014283984595e-05
0.0003676787060614533
0.0005612813180497414
0.0004200532590630888
0.0005410688607614671
0.014816549210565258
0.00020859518039124733
0.00031427511043536504
0.00020494932937623934
0.0004087349083339518
8.666578964600117e-05
0.00016865578461962055
0.00019880614120656485
0.0001930963780861409
0.0005537538584743308
0.00027818460153919693
0.0012631975802147994
0.00028374533237037885
0.00021259218684860687
0.0008261388459204172
0.0012435001036508358
1.1026067379033394e-05
0.00016634978846286337
0.00024079442242340389
0.0006634174989902244
0.0005924659035414731
0.0005472884022929279
0.0005143612003640983
0.0001866604930224088
0.00015707942575289875
0.0002067565392299898
0.0002780643286273102
0.0005831599360997651
0.0012589900450256301
0.0016177710005839767
0.0002599394598344782
0.00017383313829817302
7.761355232341532e-05
0.0003449954717573859
0.0012858828577804872
0.0003950110876925098
0.0002602221090204947
0.00038251975938693046
0.0006580482836401415
0.00026946849312545397
0.0001543695101788155
0.00017145373345469944
9.277679424075626e-05
0.0005924712213452481
2.9420155117818797e-05
0.00016030704656290424
7.562012116320962e-05
4.7157824170499624e-05
0.00013410583820797916
0.001290909797983553
0.0031801166707883834
0.0001866604930224088
0.0002599394598344782
0.0003069681712172186
7.729555153735243e-05
0.00015462039628743053
0.0005599814790672263
7.689337717196946e-05
0.00162537995391644
6.583518128208497e-05
0.0004209327311166188
9.061031385943782e-05
0.00014949534724306336
0.00015735404166563883
4.295527858143884e-05
0.0001632300586094676
0.0001343928959021723
0.00017818166125582865
0.0001893868583176785
9.343790368859282e-05
7.4221435392605e-05
0.00014187266618518942
0.00014759186431053395
0.003004618608189803
0.00026133552388960543
0.0008412457006703149
0.0007189752267287903
0.0007613534692685872
0.00040076761640726064
0.00011679300668748683
0.00018242946743097596
0.0003180116670788383
0.00020082149589657286
0.0007060837228276511
7.225255872999457e-05
4.9379438507410175e-05
0.00010701012373599352
2.6863859964776727e-05
0.00020186725259011812
4.149735274868993e-05
0.00013007738709462755
3.5365696444232746e-05
0.00018242946743097596
0.0001015862471197775
0.00013909230076959847
8.50742459026313e-05
3.408651592076999e-05
0.0002232999764284435
0.0002696285000973295
0.00016511329247229008
0.0001866604930224088
0.00017486521393184691
0.0002599394598344782
8.839984561188579e-05
4.9379438507410175e-05
0.0002691171120451684
0.0003180116670788383
0.0003180116670788383
0.00015707942575289875
3.0585560185625364e-05
9.068772899472261e-05
7.910957322042587e-05
0.00013007738709462755
7.251101721287185e-05
0.00014187266618518942
0.0006000840384654963
0.0003180116670788383
0.0007433054690912031
6.583518128208497e-05
0.0003206140931258085
0.0002447327002667689
0.0004044427501459942
0.00015798345408329605
7.956943334939652e-05
0.00020809321686073414
0.00016236979743998375
0.00015965845436413756
8.337727139980921e-05
0.001003269920474069
0.0005442760080649244
0.00020186725259011812
0.00015283874406525258
0.00014786317527357569
0.0003180116670788383
0.00021402024747198704
7.002888982218985e-05
5.074053119650703e-05
8.255664623614504e-05
5.3395234714514514e-05
0.00011679300668748683
6.485659256793984e-05
0.0001052331827791547
0.00022717696897876576
7.458420846150627e-05
2.2434635205472306e-05
8.50742459026313e-05
0.0002514606280678981
5.176036220585107e-05
0.0005899045644069791
0.00013867614885379077
5.314804671215172e-05
0.0004366020024756263
0.0007100779929826265
0.004220582755092054
0.0027602865564797232
0.0018312746841580396
0.00037292104230753136
0.0004950345531119585
0.00029833683384602506
9.343790368859282e-05
0.00035034837451260306
0.0006336030809540886
0.0004684726778311368
0.0003203651570380886
1.9745114235602418e-05
0.0005599814790672263
0.00014844287078521
0.0018721346761069538
0.0005472884022929279
0.0009831049960965941
0.0005009839735443198
0.00014552903425052682
0.0015900583353941917
0.0015900583353941917
0.0015900583353941917
0.00038802249328991225
5.5693148199458554e-05
0.00015141973163518114
7.655671940503319e-05
0.0005761045080332432
0.00017973440011342508
0.0002582857625434344
0.00045006302884912215
0.00020809321686073414
3.8076393279136436e-05
0.00022552141580616162
7.002888982218985e-05
0.0005214879509781184
6.407303140761773e-05
9.622685309294771e-05
0.00011784904285195379
0.00031289277058687095
0.0008545780112340238
0.0001426399438726861
9.369453556622735e-05
0.00011304325680352236
0.00016522776918408345
2.5743540254928434e-05
9.214386643281128e-05
0.0004200532590630888
0.0002599394598344782
0.0006454548989917765
5.402633979693532e-05
4.3514039875417405e-05
0.0002813721836728036
0.0003180116670788383
3.511458147785331e-05
1.7637386058632376e-05
1.9953598255526858e-05
5.929113907244222e-05
0.000232937421176207
9.419848660935736e-05
0.00015227069385371743
2.765063085703789e-05
0.0004221675781059284
6.055135021016289e-05
0.0006286515701697452
0.0003948289701840848
9.611672146496183e-05
5.968883388268567e-05
0.0004867761076417234
0.00013481425004866474
0.00013318767244910516
0.00010630296924636177
0.0002611331908821667
0.0006872233664984101
0.0005508846644485146
7.781528794012804e-05
0.0006740712502433237
0.0004857259049784797
0.001801947227641925
6.999152248717999e-05
8.585989988672363e-05
0.000446599952856887
0.00020186725259011812
0.0003402969836105252
0.0005489418643087393
0.00011147443560822988
3.733967111988916e-05
5.210472564534282e-05
0.00040584675504926076
0.0006184983955647389
0.00017880778427730557
0.0011563121044768274
7.565211550964467e-05
0.00024286295248923984
0.0002663753448982103
0.00018490153180505438
0.0010532862213008761
8.909083062791433e-05
0.0003563633225116573
0.0003305307986691087
0.00013768731768526974
0.00013481425004866474
0.0002706324271583558
0.0002408798846937281
0.00014045832591141324
0.0006366736714765621
0.0001873890711324547
0.00012966356445370654
7.100779929826265e-05
0.0001400177530210296
0.00033233589325767595
0.0001400177530210296
0.0003814199608030941
7.134829550467805e-05
0.0001456797171167115
0.0003795357416992351
9.850755290454756e-06
0.00028374533237037885
0.00020328034065658868
9.622685309294771e-05
0.0004321131571238305
0.0019125987969346523
0.00023896778070493793
0.0015145954167746075
0.0006509283740494999
0.0001809320451791521
0.0010995559802702913
0.00016030704656290424
3.0585560185625364e-05
0.0001332073723312788
0.0002250157059599812
0.0008258663901697707
1.8809173764233436e-05
0.001526446456496665
0.00017499206974787654
9.694158058701375e-05
0.0007289499201247065
0.00011588687671940815
0.00010988701423679662
0.00017851214959122412
0.0003180116670788383
8.909083062791433e-05
0.00012858828577804872
0.0002067565392299898
0.0002900440688514874
0.00020186725259011812
7.856602856796919e-05
0.00037679394643742945
0.0005339102896716815
0.0006812383315923998
0.0007236478873049643
0.0007723855123445636
0.00017383031507911222
0.00028374533237037885
0.00012143147624461992
0.00011061863793195858
6.719644795108615e-05
0.00029157996804988253
0.0007341981008003065
9.622685309294771e-05
0.0002190652259059992
0.000446599952856887
7.302174196866642e-05
0.0003363243949260053
0.0002813721836728036
0.00016592706805112483
8.539271441497379e-05
0.0003925958755403446
0.0003864777576867622
0.00036510870984333206
0.0002599394598344782
2.1358093885805805e-05
3.9554786610212935e-05
0.00021432359841854357
0.00015227069385371743
0.00019000249099382374
0.00016522776918408345
0.00016522776918408345
0.0003180116670788383
0.00012301897095810284
0.0002599394598344782
0.00013410583820797916
0.00021753305163861554
0.0001672116534123448
0.00013718739874623995
8.572283810139798e-05
0.0004515566461566452
0.0002383922592843595
0.0001243572601866159
0.0003180116670788383
0.00012224784479563934
0.00013318767244910516
0.00019125987969346523
0.00022244738373508195
0.000249524682694295
0.00015965845436413756
0.0004303032659945177
0.00011563121044768272
0.0002029621247860281
2.852798877453722e-05
0.00017145373345469944
0.0006525991549158467
0.00017400418785488379
0.0002447327002667689
0.00014348613522734857
7.993015349162028e-05
0.00016853378301392676
0.0010065653174203062
0.005451692212970252
0.00023112691475631798
0.00011229159891567939
6.683236735053341e-05
6.507361952977242e-05
0.00023356558300840206
0.00032513237384130736
3.874362591992971e-05
0.0001866604930224088
0.0006702730499187394
0.00023732871966127757
7.474767362153168e-05
5.934813111016591e-05
0.0003180116670788383
4.44024574437596e-05
0.00026321931345605655
0.00023358601337497366
0.00021720327797788833
6.920812419045556e-05
8.059157989433017e-05
0.00010079468438261698
0.00016522776918408345
0.0003621965775092715
0.0005464416431007897
2.8116093076981184e-05
0.00019125987969346523
0.0006360233341576766
0.0006454548989917765
5.210472564534282e-05
6.194987046784063e-05
0.00029832737060814924
8.317489423143169e-05
2.3279197964781336e-05
8.015352328145212e-05
8.704439696072224e-05
0.00017184157946113966
8.81869302931619e-05
0.0002302360128132906
4.8434762496596594e-05
0.0005111521937806649
0.000698812263528621
0.00012901618461618435
0.00028374533237037885
0.00031183867551251983
0.00013481425004866474
4.33164299055353e-05
0.00015965845436413756
0.00018889545105160206
9.343790368859282e-05
6.954615038479923e-05
0.0003180116670788383
0.0005929394835299684
0.0009540350012365149
0.00030475874135933246
0.00030327638367525704
0.00036244849896507864
7.002888982218985e-05
0.00014379504534575805
0.00028960692518564476
0.00017818166125582865
0.00019634953328526004
9.57532928455342e-05
0.00033233589325767595
0.0001866604930224088
0.0004026885216719993
0.00010618563379083393
0.00032524854505054185
0.00019125987969346523
0.0006360233341576766
7.219404984255885e-05
0.00019223344292992366
0.0007297178697239039
0.00015462039628743053
0.0007302823758519961
0.0010404660843036707
0.0004529164849233289
0.000377027140856067
7.844833789472901e-05
0.00045006302884912215
6.318639447583505e-05
0.00017616239832938022
7.176290422167342e-05
0.0002649757924451044
0.00017145373345469944
0.0002813721836728036
7.467934223977831e-05
0.00014379504534575805
4.1780782923785193e-05
0.0003180116670788383
0.000465874842352414
3.994097780298335e-05
5.6798420282558105e-05
0.0002601547741892551
0.0001033782696149949
0.00045006302884912215
0.0005599814790672263
0.0005770160789173293
5.386102012229529e-05
6.296869950641056e-05
0.0001883667881128331
0.0001415364015385403
0.0004671715034627213
7.40072058124213e-05
0.00033704987460301915
3.242829628396992e-05
0.00030934012302443793
0.00017171979977344726
0.00014187266618518942
0.0005674906647407577
0.0004304584056820457
0.0004561072950230527
0.00042778667072393867
0.0005529420892915361
0.00018243938573497557
0.00017818166125582865
8.353972229918783e-05
7.565211550964467e-05
0.0002813721836728036
0.00022035386577940583
0.0007846692726298024
0.0003180116670788383
0.00021515163299725884
5.9113809439499505e-05
7.536217120234824e-05
0.0002599394598344782
0.00010915050061890657
0.00022608651360704472
4.974000414603343e-05
0.00035702429918244824
0.00029955897050443583
0.00023358601337497366
4.29944522100729e-05
0.0003180116670788383
0.0011844869105522545
0.0004325744825311326
0.0004817597693874562
0.0003180116670788383
5.350506186799676e-05
0.00020809321686073414
0.00012858828577804872
5.9911466704475016e-05
0.0002232999764284435
0.0002104663655583094
0.00020186725259011812
0.0002599394598344782
0.00029157996804988253
0.00012171372930866602
0.00012301897095810284
7.674204280430465e-05
0.0001015862471197775
0.0002599394598344782
9.704724485262709e-05
0.0001805958168175529
2.7498225877530774e-05
9.728488885190977e-05
7.662705819661972e-05
0.0001853762190848735
0.00013162666791505806
0.00016824914013406297
0.000232937421176207
0.00021515163299725884
0.00017145373345469944
0.0001400177530210296
0.00020809321686073414
0.0008761969937551022
7.899172704164803e-05
5.794437943272434e-05
4.3514039875417405e-05
7.674204280430465e-05
0.001123606299227932
0.000446599952856887
0.0003304555383681669
8.761704618788762e-05
0.00011901952671680859
0.00035087110712232473
9.497017332199356e-05
0.0004992649508407264
0.00015931185380329196
0.00017851214959122412
0.00017499206974787654
0.00029939088314352887
0.0003180116670788383
0.00030850936602929205
0.00034973042786369383
0.00021830100123781314
0.00011866435983063878
0.0001566037690693954
0.0002104663655583094
0.0011663198721995301
0.0001149984905857953
0.00013481425004866474
0.0002562921256304709
0.00045137755020872015
0.0008074690103604725
0.00031931690872827513
0.0004004327172537611
8.50742459026313e-05
7.096885397067693e-05
0.0001962979377701723
0.0003180116670788383
0.00014707489896733638
0.0002631533303417435
8.080386670069674e-05
8.585989988672363e-05
6.765810678958895e-05
0.00026321931345605655
0.0001568405326596398
0.00040373450518023623
0.00022858281004874291
0.0003923346363149012
0.0001962979377701723
8.754360557221507e-05
0.00015002100961637407
0.00014379504534575805
3.171876078485553e-05
0.00029157996804988253
0.0004059486407375337
0.0001866604930224088
8.825089346645912e-05
0.00015002100961637407
6.538910605248355e-05
0.00015965845436413756
0.0002447327002667689
0.0002599394598344782
0.0001866604930224088
0.0006712578761535564
0.0003180116670788383
0.00045000672987499646
0.0002444956895912787
0.0002599394598344782
0.0002104663655583094
5.530931896597929e-05
0.00018455499784121484
0.0003950110876925098
0.0005599814790672263
0.00019777393305106468
0.0002232999764284435
0.0002780643286273102
3.9403021161819024e-05
0.00010844778758264172
0.00015002100961637407
0.00015002100961637407
0.00015002100961637407
0.00017851214959122412
0.00030454138770743487
0.00030004201923274814
2.964556953622111e-05
0.00032666940486200685
0.00018614164330158788
6.673878620896018e-05
0.0003402969836105252
0.0003180116670788383
0.0003646223418544046
0.0003737516147543713
2.98719493298097e-05
8.572283810139798e-05
7.619427001624764e-05
0.0002764514610516244
6.161358111063504e-05
0.00024057821124559548
0.0003180116670788383
0.0003247395948799675
0.00018366865132044132
8.131213626263546e-05
0.00019801443701707736
0.00016236979743998375
7.302174196866642e-05
3.055696454505143e-05
4.6538444462002054e-05
0.0001456797171167115
5.5459839567863045e-05
0.00015002100961637407
0.00016522776918408345
6.407303140761773e-05
0.00012143147624461992
9.985299016814528e-05
0.00012792092270787707
9.495311235933598e-05
0.000700088765105148
0.00015227069385371743
4.684726778311368e-05
0.0003180116670788383
8.97909680292156e-05
8.704439696072224e-05
8.015352328145212e-05
0.000641228186251617
0.0004286222477588933
0.00037679394643742945
0.00040373450518023623
0.00014578998402494127
0.0002599394598344782
0.00011798091288139582
9.817476664263002e-05
0.00018839697321871473
0.0002972617515156013
8.637948755206816e-05
0.00017851214959122412
5.9509763358404295e-05
0.0004894654005335378
0.00012062136345276808
0.0002190652259059992
9.432195106958926e-05
0.0003180116670788383
9.948000829206687e-05
0.00014401035970053493
0.0002447327002667689
0.00011122369186754098
0.0001866604930224088
0.00010618563379083393
0.0004894654005335378
0.00011338152621033937
0.0001923799089935518
0.0016910060322301579
0.00013649247357417997
0.00011225626360994829
0.00011338152621033937
0.00021515163299725884
0.0003203651570380886
0.0002571685143041939
0.0003180116670788383
0.0024224070310814175
0.000594043311051232
0.0001915065856910684
1.9970488901491675e-05
0.00027290104730726535
3.9283014283984595e-05
0.00010071251481365244
0.00035702429918244824
0.0002780643286273102
0.0001866604930224088
8.704439696072224e-05
0.0001243572601866159
0.0003206140931258085
0.00018687580737718564
0.0003069681712172186
0.0003244308618983494
0.000232937421176207
0.00014786317527357569
4.264030756929235e-05
0.0001795819360584312
0.0002764514610516244
0.00017486521393184691
0.0004894654005335378
5.141822767154868e-05
5.141822767154868e-05
0.00021237126758166786
5.5731890423629495e-05
0.00012171372930866602
0.00021515163299725884
0.00011122369186754098
0.00010534374443355992
7.619427001624764e-05
0.0002447327002667689
0.000232937421176207
9.900721850853868e-05
0.00014187266618518942
4.4848604172919005e-05
0.00018839697321871473
0.000232937421176207
0.0003180116670788383
0.00011757357925665429
7.073139288846549e-05
0.00014187266618518942
0.0013007738709462755
0.00011679300668748683
0.0003180116670788383
0.0004244487798131517
0.00014578998402494127
0.00027120538143950797
0.00015227069385371743
0.0003180116670788383
0.00036200201411332
0.00014379504534575805
0.00010915050061890657
0.0010999243999515688
0.00016598941099475972
0.0001400177530210296
0.00030046186081898025
0.00020578109811935993
7.255083872185713e-05
0.0003428913524055919
0.00040775456133571345
0.0002813721836728036
0.0005143612003640983
0.00011866435983063878
0.0007982922718206878
0.001630561948233449
7.34533169753549e-05
0.0003180116670788383
0.0002487145203732318
0.00020809321686073414
0.0007150413722674844
3.5484426985338465e-05
0.0001008098271093751
3.148434975320528e-05
0.00012301897095810284
0.0002422324184791222
0.0008897895349403278
0.00027150151058499
4.037858927361343e-05
1.3100520739998724e-05
0.0001711679326472233
0.000155850979020911
1.6425691395791482e-05
0.00044277559293160184
0.0016066093463210172
0.001969605285709625
0.00393921057141925
0.0022509774693824287
0.00011919612964217975
0.00012374201644888848
0.0003491436262935986
6.859369937311998e-05
6.364152206430594e-05
0.0001382257305258122
0.0002460379419162057
0.0001033782696149949
0.00034175528110591677
0.00015707942575289875
2.786860890205747e-05
0.00016236979743998375
6.321350676211057e-05
0.00011017693288970292
0.0002599394598344782
0.00011069389823290046
6.20372467671085e-05
0.00010915050061890657
0.0003159669081665921
0.00010715556193972332
9.654818904307045e-05
0.00015676477234220573
0.00018334178727030857
0.00022568877510436007
1.8735010896156806e-05
9.497017332199356e-05
6.321350676211057e-05
0.00013649247357417997
0.0003429074669093989
0.00016236979743998375
0.00015707942575289875
0.00014786317527357569
0.0001633041180782885
0.00033269957692572675
0.00017145373345469944
0.00021008666946656954
6.812383315923998e-05
0.0003180116670788383
0.00035359938244754316
0.000267272491883743
5.494350711839831e-05
0.00014401035970053493
2.1885901393053767e-05
0.00019125987969346523
0.00035037902006246043
5.9798138897225345e-05
0.0002232999764284435
9.152011856181803e-05
8.909083062791433e-05
0.0003180116670788383
0.0003180116670788383
0.0002029621247860281
0.000764053504332346
0.0004671295056864923
0.0005125842512609418
5.210472564534282e-05
5.0323732298616846e-05
0.00010715556193972332
8.020511879653989e-05
0.000249524682694295
0.00015186232237083551
3.4615902298076654e-05
0.00017616239832938022
0.00010942950696526884
0.00011147443560822988
0.00014916841692301253
0.000232937421176207
0.00034973042786369383
0.00048189375403338185
0.00012196820439395319
0.00011866435983063878
5.436618831566268e-05
0.000123646302625142
0.0002067565392299898
3.109321659508163e-05
0.00011435468755249279
8.771777678058118e-05
0.00019125987969346523
0.0001962979377701723
0.0003180116670788383
0.00017145373345469944
0.0003336710756026229
0.000249524682694295
0.0001382257305258122
0.0001795819360584312
0.001164687105881035
9.57532928455342e-05
0.00016030704656290424
4.0102559398269944e-05
8.492184092312417e-05
5.755900320332265e-05
0.00014379504534575805
3.3389406416155146e-05
7.022916295570662e-05
0.00011679300668748683
0.00030924079257486106
7.458420846150627e-05
0.00010715556193972332
0.00021830100123781314
0.00034130644671500043
0.00011135536009120586
8.015352328145212e-05
0.00015462039628743053
0.00040285005925460974
0.0005627443673456072
0.0002601547741892551
0.00016148827898608147
0.0003925958755403446
0.0018790655821800558
7.511546520474506e-05
0.0002833591477788475
7.06498289652231e-05
0.0025440933366307063
0.002226081669551868
0.0001981440146057542
0.0003646223418544046
0.00028031371106577844
0.00039784716674698265
8.380045894082934e-05
0.0003180116670788383
8.702807975083481e-05
0.0002599394598344782
2.0537860370211683e-05
0.0003180116670788383
0.00012224784479563934
0.0003180116670788383
0.00012642701352422113
0.00010384770689422996
0.00012705673090683995
2.820209558094463e-05
0.0003180116670788383
0.0002599394598344782
0.0003180116670788383
0.0003180116670788383
0.0003180116670788383
0.0001727589751041363
0.0003429684968655999
4.8836318631288276e-05
9.817476664263002e-05
9.122145900461052e-05
0.00030004201923274814
3.0787289968335864e-05
0.00011805904923373437
9.735522152834468e-05
0.0002764514610516244
0.0003180116670788383
4.3221188151235516e-05
0.0003180116670788383
0.00026400128373087027
0.00010701012373599352
0.0004597046403709183
0.0001015862471197775
0.00021830100123781314
0.00017145373345469944
0.0002043714994777199
0.0001727589751041363
6.861083985710875e-05
0.00015227069385371743
0.00011798091288139582
0.00012792092270787707
0.00024342745861733204
0.0003733209860448176
0.00024046056984435634
4.3514039875417405e-05
0.0003180116670788383
9.735522152834468e-05
0.0003180116670788383
2.786860890205747e-05
0.00012301897095810284
7.511546520474506e-05
0.00019125987969346523
6.765810678958895e-05
0.0002813721836728036
0.0003180116670788383
0.00031855690137250176
0.0013388191578542566
8.194554577666953e-05
0.0002696285000973295
0.00011338152621033937
0.00011919612964217975
0.000249524682694295
0.00010609708933269822
0.0001247354702050079
7.641937203262629e-05
0.0002738537981361666
0.00020809321686073414
5.604862613640202e-05
0.0019080700024730298
0.00010915050061890657
0.00010814362063278315
0.0006729965605362519
5.2201256356465126e-05
0.00011919612964217975
0.00016522776918408345
0.0003180116670788383
0.00019125987969346523
9.122145900461052e-05
0.0001271399869343647
0.0006360233341576766
0.000348180029022234
0.0002813721836728036
0.00021237126758166786
0.00015570983522883078
0.00017145373345469944
0.00015707942575289875
0.00013624766631847995
0.0001243572601866159
0.00017145373345469944
3.444307343252115e-05
0.0003733209860448176
8.761704618788762e-05
5.7943438359704076e-05
0.0002232999764284435
0.00012705673090683995
0.0002599394598344782
0.00020186725259011812
0.00017486521393184691
0.0003301268287435624
0.00013007738709462755
8.13414294753611e-05
3.171876078485553e-05
0.0001382257305258122
0.00021431112387944665
6.538910605248355e-05
5.567768004560293e-05
7.405823794268414e-05
1.661204088302674e-05
0.00021431112387944665
0.00011679300668748683
6.278892937094437e-05
0.0004161864337214683
0.0001400177530210296
0.0009136241631223045
0.0002016196542187502
0.00019634953328526004
0.0004381304518119984
0.00037307178055984765
0.0003180116670788383
0.00017851214959122412
0.00021515163299725884
8.074413949304073e-05
0.00017383313829817302
5.9113809439499505e-05
0.0004310220595567021
7.200517985026746e-05
0.00012858828577804872
0.00010071251481365244
3.7325863404856575e-05
0.0002696285000973295
0.0001962979377701723
0.0003180116670788383
0.0003648589348619519
0.0006056017577703544
4.684726778311368e-05
0.0010321294769294748
0.00022458319783135879
9.735522152834468e-05
0.00018242946743097596
0.0001243572601866159
0.000232937421176207
0.0002447327002667689
0.0002813721836728036
8.585989988672363e-05
0.00014935868447955663
0.00017145373345469944
4.8434762496596594e-05
0.0006360233341576766
0.0003180116670788383
0.00033269957692572675
9.277679424075626e-06
8.187002252835718e-05
2.4895799830560603e-05
0.0002764514610516244
0.0005841739357493313
9.800082145860204e-05
0.000370752438169747
0.0002552227377078939
0.0002447327002667689
0.0002813721836728036
0.00015735404166563883
8.691656914908651e-05
7.251101721287185e-05
0.0003180116670788383
0.0003180116670788383
1.3265965635656567e-05
6.296869950641056e-05
2.853931820187122e-05
0.00015390392719484143
0.00033687479674703816
0.0006184815851497221
0.00012901618461618435
0.00012814606281523545
0.00012196820439395319
9.050050352833e-05
0.00018994034664398713
0.00016522776918408345
0.00045681208156115227
0.0002447327002667689
0.00034973042786369383
0.00015002100961637407
0.0005085599477374588
0.00018242946743097596
0.00012858828577804872
0.0002599394598344782
0.00033687479674703816
0.0003141588515057975
0.00018243938573497557
8.909083062791433e-05
0.0004719236515255833
0.00011588875886544868
0.00010618563379083393
0.0001382257305258122
4.065606813131773e-05
0.0003180116670788383
0.0003180116670788383
2.5938429313376015e-05
0.00016389109155333907
2.208131603709204e-05
0.00014103215706737725
0.00018242946743097596
0.000348177587842889
0.00012858828577804872
0.00019223344292992366
0.00015222159358952106
0.0003304555383681669
0.00023596182576279164
0.00017352965207939315
2.7196834104669904e-05
0.0001052331827791547
9.497017332199356e-05
0.0003180116670788383
8.356156584757039e-05
0.0003180116670788383
0.00015227069385371743
5.494350711839831e-05
7.174306761367428e-05
0.00015965845436413756
7.674204280430465e-05
0.0002599394598344782
4.1215434208380674e-05
3.165002499119424e-05
8.380045894082934e-05
4.455491156702228e-05
0.0003180116670788383
5.074053119650703e-05
0.00012143147624461992
0.0002813721836728036
3.2179425318660545e-05
6.775319025530785e-05
3.7432870103728065e-05
0.0004247425351633357
0.0001866604930224088
0.00011919612964217975
6.673878620896018e-05
0.00010916041892290614
8.97909680292156e-05
0.00011666137983191771
0.00012728304412861188
6.111392909010286e-05
0.000478363361608628
0.00010071251481365244
1.3100520739998724e-05
0.00013014723905954484
7.763657092146924e-05
0.00010174029542729915
6.494676371374277e-05
0.0002447327002667689
1.4338079375818185e-05
7.910957322042587e-05
0.0003180116670788383
0.0002599394598344782
5.382217816625506e-05
0.0002542799738687294
0.00013649247357417997
0.0002232999764284435
0.0001962979377701723
0.0001962979377701723
0.0003180116670788383
0.00011338152621033937
0.00021120102698469622
0.0002813721836728036
5.007141338842307e-05
0.0002813721836728036
0.00016760091788165868
0.0003180116670788383
0.00019125987969346523
0.000465874842352414
4.5362636399449086e-05
0.00011798091288139582
0.00017818166125582865
0.00016522776918408345
0.00020859518039124733
4.8434762496596594e-05
0.00013007738709462755
0.00011679300668748683
8.909083062791433e-05
0.00013481425004866474
5.3151484623180886e-05
5.141822767154868e-05
0.00010429759019562366
0.00011703789631082988
3.4615902298076654e-05
0.00029833683384602506
0.00040373450518023623
0.0003180116670788383
6.673878620896018e-05
0.0002813721836728036
0.0002813721836728036
0.00029452429992789003
0.0002599394598344782
7.785491761441539e-05
0.0001243572601866159
0.0003180116670788383
0.0006360233341576766
4.5003141191996235e-05
4.505119544612476e-05
0.0002813721836728036
0.0002043714994777199
0.00038251975938693046
1.5227727279610857e-05
0.00010701012373599352
0.00018584961140352186
0.0001296921465668801
0.00013007738709462755
0.00016236979743998375
2.230909761823252e-05
0.0001243572601866159
0.00015130423101928934
9.753365496269952e-05
5.494350711839831e-05
6.194987046784063e-05
3.125097365221675e-05
0.00011563121044768272
0.00035702429918244824
0.00016852493730150957
9.800082145860204e-05
6.873663178445586e-05
0.0003180116670788383
0.0002599394598344782
0.00032524854505054185
0.00015707942575289875
0.0003180116670788383
0.0005627443673456072
6.494676371374277e-05
0.0002447327002667689
3.486465382071373e-05
0.00015462039628743053
7.458420846150627e-05
9.654818904307045e-05
0.0003180116670788383
0.00014707489896733638
5.040491355468755e-05
0.00011017693288970292
0.0002447327002667689
0.00020809321686073414
0.00014811647588536828
0.0001962979377701723
0.0001343928959021723
0.00011209725227280404
0.00017486521393184691
0.00012573031403394905
0.000232937421176207
0.00015002100961637407
0.00023358601337497366
0.00037086385406898386
2.9420155117818797e-05
3.125097365221675e-05
0.00012557785874188875
3.598909662425336e-05
0.0006360233341576766
0.0007341981008003065
0.00015462039628743053
8.839984561188579e-05
0.00011679300668748683
0.00023645523775799802
0.00012043994234686405
0.00010715556193972332
4.875806381642864e-05
0.00012043994234686405
0.00017851214959122412
2.5938429313376015e-05
3.58849843850822e-05
0.0003180116670788383
9.343790368859282e-05
0.0003180116670788383
0.00011338152621033937
3.847598179871036e-05
0.00015002100961637407
0.00016483052135519492
4.380852309394381e-05
3.9283014283984595e-05
0.0002599394598344782
0.0009789308010670756
0.0002232999764284435
6.048351519926545e-05
0.00015002100961637407
0.0001923799089935518
0.00017145373345469944
3.251121832089983e-05
0.0002813721836728036
0.00013318767244910516
0.00020809321686073414
0.0008743260696592346
0.0001962979377701723
0.00011542794539613107
0.0008441165510184107
0.0003304555383681669
0.0002447327002667689
9.654818904307045e-05
4.149735274868993e-05
0.00010071251481365244
5.074053119650703e-05
0.00040373450518023623
0.0002447327002667689
9.268810954243674e-05
0.0003180116670788383
0.0001353162135791779
0.0002232999764284435
0.0001343928959021723
2.5102686987071608e-05
0.00021515163299725884
5.567768004560293e-05
0.00017499206974787654
0.0002511557174837775
2.3269222231001027e-05
5.3151484623180886e-05
0.0003180116670788383
3.444307343252115e-05
0.0001400177530210296
0.00011435468755249279
0.000232937421176207
0.00020809321686073414
0.00016522776918408345
0.00015462039628743053
0.0002232999764284435
2.4237160820787858e-05
0.0001400177530210296
0.0001400177530210296
0.0003180116670788383
0.0003648589348619519
0.0011058058442064975
0.00010915050061890657
8.637948755206816e-05
0.00010071251481365244
9.029790840877644e-05
0.0003180116670788383
8.50742459026313e-05
0.0002232999764284435
0.0003101348088449847
0.00020809321686073414
0.0005472884022929279
0.000506601093727114
0.0004625248417907309
0.0002599394598344782
0.0007731019814371528
0.0002813721836728036
0.00012301897095810284
0.00012307056647319065
0.000232937421176207
0.0002599394598344782
0.000738113825748617
0.00038251975938693046
6.321350676211057e-05
0.00010618563379083393
0.00015944414013645513
0.00016333470243100342
0.00046386118886229157
2.4689719253705088e-05
0.00012858828577804872
0.0003180116670788383
4.5003141191996235e-05
0.0006729965605362519
0.00016522776918408345
6.817303184153998e-05
0.0003180116670788383
0.0003180116670788383
9.245076590252719e-05
0.00017486521393184691
0.0002813721836728036
0.00013347757241792037
5.8840310235637594e-05
6.112392239781967e-05
0.00017486521393184691
8.492184092312417e-05
0.00022375262538451877
0.00013683218850691579
0.0003180116670788383
4.574055990473917e-05
6.859369937311998e-05
0.00021515163299725884
4.684726778311368e-05
0.0002813721836728036
0.00015462039628743053
3.412188373954847e-05
0.00015570983522883078
0.00023870830004818955
7.283985855835576e-05
0.0004871093923199512
0.00043736995207482377
0.0004827409452153523
0.0001243572601866159
0.00013167036256416995
0.00011338152621033937
0.00018242946743097596
3.768108560117412e-05
0.0002104663655583094
7.748725183985942e-05
0.0003504681847515505
0.0007432994365358375
0.00015227069385371743
4.377180278610753e-05
0.0001015862471197775
4.8434762496596594e-05
7.353744948366819e-05
0.00016030704656290424
0.00011209725227280404
0.00010814362063278315
0.00016598941099475972
0.00017486521393184691
0.0001866604930224088
0.00014578998402494127
0.0001962979377701723
4.4336232796541915e-05
0.00017145373345469944
0.00023596182576279164
0.00017144567620279596
0.0002813721836728036
0.0001400177530210296
0.0002232999764284435
0.0003864777576867622
0.00015707942575289875
0.0002599394598344782
0.0002599394598344782
0.00016824914013406297
2.55189064683444e-05
0.00013624766631847995
0.0001400177530210296
0.0002813721836728036
0.00012171372930866602
0.00019373904998638638
0.0012770062720168318
0.00021515163299725884
0.00043189743776034077
9.419848660935736e-05
0.00017851214959122412
0.0002802431306820101
0.0003648589348619519
0.0003648589348619519
0.0002813721836728036
0.0002599394598344782
0.0003247395948799675
0.0001534840856086093
0.00016483052135519492
0.00018242946743097596
0.00031289277058687095
5.1129773881154984e-05
0.0002389701610757549
0.0001271399869343647
4.338241301984829e-05
0.001211162092395611
0.0006930505295597708
0.00012043994234686405
8.572283810139798e-05
4.149735274868993e-05
3.561801005461069e-05
3.125097365221675e-05
4.8113426546473853e-05
6.906777969000463e-05
0.0002813721836728036
0.00012301897095810284
0.00017851214959122412
0.0003180116670788383
0.00011790468665998853
0.00020186725259011812
0.00015965845436413756
2.0728811063387752e-05
6.364152206430594e-05
8.363657785961524e-06
6.954615038479923e-05
0.0004894654005335378
0.0003180116670788383
8.637948755206816e-05
8.839984561188579e-05
0.00040373450518023623
0.0006056017577703544
0.0013989217114547753
0.00016389109155333907
0.00020494932937623934
0.0003180116670788383
3.982796345082299e-05
0.00014379504534575805
9.268810954243674e-05
0.0001243572601866159
7.785491761441539e-05
0.0004974290407464636
6.153528323659532e-05
0.0001795819360584312
0.00018196583020515419
0.00013481425004866474
0.0002599394598344782
0.0003305307986691087
0.00030454138770743487
5.2800256746174054e-05
0.0005529029221032488
0.0008441165510184107
0.0008441165510184107
0.00010071251481365244
0.001018264353028895
0.0001400177530210296
0.00011449440102045009
6.719644795108615e-05
4.8434762496596594e-05
0.00037307178055984765
0.0001962979377701723
0.00016522776918408345
0.00015002100961637407
4.7746677064618916e-05
0.00012171372930866602
9.497017332199356e-05
0.0003180116670788383
6.628505294225581e-05
0.0007636982647716713
1.9745114235602418e-05
5.748991988527019e-05
0.00035503899649131325
9.183432566022066e-05
7.483750907329887e-05
8.131213626263546e-05
6.407303140761773e-05
0.00017145373345469944
0.0001243572601866159
3.847598179871036e-05
6.153528323659532e-05
1.1956682577829777e-05
9.735522152834468e-05
0.00037292104230753136
0.00012858828577804872
6.673878620896018e-05
0.00014379504534575805
0.00010148106239301405
3.3389406416155146e-05
4.953600365143855e-05
0.0013820718008330905
4.149735274868993e-05
7.613863639805428e-06
9.497017332199356e-05
0.00012989352742748554
0.00012858828577804872
0.00017851214959122412
5.107829337454648e-05
2.6787597792121437e-05
0.0003648589348619519
9.343790368859282e-05
9.57532928455342e-05
0.00017145373345469944
3.587153380683714e-05
0.00011798091288139582
5.074053119650703e-05
0.0003180116670788383
0.00015002100961637407
1.0995572445644549e-05
0.00013649247357417997
0.0002599394598344782
5.755900320332265e-05
7.84202663298199e-05
4.410465608700603e-05
3.412188373954847e-05
0.00019970598033629055
0.00022375262538451877
0.00022719368113023242
0.0002514606280678981
4.525601896008603e-05
7.150413722674844e-05
5.567768004560293e-05
2.1111387888202635e-05
0.00016483052135519492
0.000226956346528934
7.785491761441539e-05
0.00011449440102045009
3.125097365221675e-05
0.00015002100961637407
0.0005627443673456072
6.719644795108615e-05
3.408651592076999e-05
2.964556953622111e-05
3.148434975320528e-05
7.478211735157435e-06
5.990870563703574e-05
0.00015965845436413756
8.97909680292156e-05
0.00012573031403394905
0.0005143531431121949
0.0009436997503406531
4.5003141191996235e-05
9.497017332199356e-05
3.148434975320528e-05
0.00014707489896733638
7.458420846150627e-05
0.00015707942575289875
0.00012389974093568126
4.589577256175658e-05
0.0002813721836728036
6.906777969000463e-05
9.419848660935736e-05
0.00011435468755249279
5.2451347221879615e-05
2.7002038658271225e-05
0.00024342745861733204
0.000232937421176207
0.00010814362063278315
0.00016236979743998375
0.00010701012373599352
5.494350711839831e-05
0.00011563121044768272
0.00017851214959122412
0.00020186725259011812
0.0002813721836728036
0.00022898880204090018
4.9410659772137995e-05
0.00015707942575289875
0.00015965845436413756
8.704439696072224e-05
3.2906666978764516e-05
8.761704618788762e-05
2.55189064683444e-05
4.410465608700603e-05
5.166461014878172e-05
0.0003180116670788383
0.0002447327002667689
3.03276383675257e-05
0.00010915050061890657
4.377180278610753e-05
4.7746677064618916e-05
7.051607853368863e-05
0.00014434027963942155
0.00017851214959122412
0.00015707942575289875
7.956943334939652e-05
7.785491761441539e-05
5.97438986596194e-05
3.242829628396992e-05
0.0003180116670788383
6.031068172638404e-05
0.0003180116670788383
4.7794032215150974e-05
3.7418754536649436e-05
0.00014811647588536828
0.000232937421176207
5.7943438359704076e-05
0.00013481425004866474
0.000232937421176207
3.7157718939450165e-05
0.0002813721836728036
0.00020186725259011812
0.0002813721836728036
6.583518128208497e-05
0.00043189743776034077
4.591716283011033e-05
0.00015707942575289875
0.0002599394598344782
8.020511879653989e-05
0.0002447327002667689
7.729555153735243e-05
0.00030924079257486106
0.00021515163299725884
9.121969286748778e-05
0.00011449440102045009
0.0002599394598344782
5.872079944312674e-05
2.614944596490967e-05
0.00015227069385371743
0.00016236979743998375
5.755900320332265e-05
9.050050352833e-05
0.00013649247357417997
0.00021237126758166786
0.00014578998402494127
0.00017486521393184691
0.00010814362063278315
0.0001962979377701723
0.0005888938133105169
0.0003180116670788383
8.97909680292156e-05
0.00016824914013406297
0.0002232999764284435
6.775319025530785e-05
0.0002447327002667689
0.0001400177530210296
5.8840310235637594e-05
0.00018243938573497557
7.674204280430465e-05
0.00017145373345469944
0.0003180116670788383
0.00016148827898608147
5.494350711839831e-05
0.00013007738709462755
0.00018242946743097596
0.0004894654005335378
1.7400418785488376e-05
0.00010560051349234811
0.00016522776918408345
0.00016522776918408345
0.00017145373345469944
0.00013481425004866474
9.57532928455342e-05
8.97909680292156e-05
0.0002232999764284435
0.0001930963780861409
0.000232937421176207
0.00020809321686073414
0.00015707942575289875
0.00019125987969346523
0.0002813721836728036
0.00012858828577804872
9.000628238399247e-05
3.3147485623127695e-05
0.0001052331827791547
0.00027298494714835995
0.00045681208156115227
0.0002599394598344782
0.00020809321686073414
0.00014811647588536828
0.0001866604930224088
0.00020186725259011812
0.00021515163299725884
0.0003180116670788383
0.0001962979377701723
0.00010247466468811967
2.0415568754157923e-05
0.00017486521393184691
0.0001866604930224088
0.000232937421176207
0.0002460379419162057
0.002142145795094689
0.0003235776806588451
9.654818904307045e-05
0.0004894654005335378
8.317489423143169e-05
0.00010715556193972332
5.567768004560293e-05
0.00011822761887899901
5.458020946145307e-05
0.0002447327002667689
2.5938429313376015e-05
3.480083757097675e-05
8.50742459026313e-05
0.00010247466468811967
0.0001271399869343647
1.9038196639568218e-05
3.919119308555143e-05
0.00013649247357417997
0.00011060252342815157
0.0002813721836728036
0.00021515163299725884
5.990870563703574e-05
0.0009121473371548798
4.74355914475347e-05
0.0004146771915774365
0.0002599394598344782
0.00016236979743998375
0.00014786317527357569
5.604862613640202e-05
3.9554786610212935e-05
0.00047897536309241266
0.0002232999764284435
0.0002599394598344782
5.426257625698697e-06
0.00016374062838435917
0.0003180116670788383
0.0003180116670788383
0.0002599394598344782
0.0003180116670788383
0.0001243572601866159
9.57532928455342e-05
8.572283810139798e-05
2.2474326033464788e-05
0.00042561799855556824
0.0003304555383681669
3.3147485623127695e-05
0.0006360233341576766
7.200517985026746e-05
8.015352328145212e-05
7.641937203262629e-05
0.0002447327002667689
0.0002447327002667689
0.0003180116670788383
0.0003304555383681669
5.007141338842307e-05
0.0003305307986691087
1.5120878799816362e-05
9.654818904307045e-05
4.235224363561332e-05
0.00010429759019562366
0.0003180116670788383
6.494676371374277e-05
0.0002447327002667689
0.0002447327002667689
0.0003180116670788383
4.235224363561332e-05
0.0003180116670788383
0.0001727589751041363
0.00018242946743097596
0.0005627443673456072
4.7794032215150974e-05
0.0001866604930224088
8.443351562118568e-05
0.00016760091788165868
0.0002599394598344782
0.00012043994234686405
0.00015462039628743053
0.00011919612964217975
0.0002599394598344782
0.0004712382772586962
0.00018242946743097596
0.000594043311051232
0.00011901952671680859
0.0002447327002667689
6.628505294225581e-05
8.909083062791433e-05
0.00012171372930866602
0.0001866604930224088
9.497017332199356e-05
0.00017851214959122412
0.00025717657155609745
0.000232937421176207
8.839984561188579e-05
0.0003180116670788383
7.785491761441539e-05
3.561801005461069e-05
0.0003180116670788383
0.0003180116670788383
7.100779929826265e-05
0.0002813721836728036
6.031068172638404e-05
0.0004161864337214683
0.0011254887346912143
0.0002447327002667689
0.0003180116670788383
4.561072950230526e-05
0.0001962979377701723
6.954615038479923e-05
8.637948755206816e-05
4.7794032215150974e-05
0.00017851214959122412
0.0002599394598344782
0.0003180116670788383
0.00010915050061890657
0.00010618563379083393
0.0001400177530210296
3.561801005461069e-05
7.051607853368863e-05
0.0001866604930224088
0.00014348613522734857
0.00011822761887899901
8.702807975083481e-05
0.00020809321686073414
3.148434975320528e-05
2.98719493298097e-05
0.0002232999764284435
0.0006360233341576766
8.909083062791433e-05
0.0002813721836728036
0.0001400177530210296
0.00017267700960996795
0.000232937421176207
0.00016236979743998375
4.815250943255051e-05
8.771777678058118e-05
9.343790368859282e-05
8.380045894082934e-05
0.00016236979743998375
9.122145900461052e-05
0.00012573031403394905
0.00011122369186754098
8.074413949304073e-05
0.00013718739874623995
2.98719493298097e-05
3.8209686016313146e-05
0.00017145373345469944
0.0002813721836728036
0.00011338152621033937
7.458420846150627e-05
0.00017486521393184691
0.00016236979743998375
0.00019125987969346523
0.000232937421176207
0.0001052331827791547
0.00011122369186754098
0.0002813721836728036
8.443351562118568e-05
1.3431929982388364e-05
0.0002599394598344782
0.00016522776918408345
0.00013649247357417997
0.0003180116670788383
9.816670939072652e-05
9.497017332199356e-05
7.002888982218985e-05
0.00016824914013406297
3.7157718939450165e-05
9.268810954243674e-05
0.00017486521393184691
0.0002232999764284435
0.0002599394598344782
0.00033649828026812594
0.0002813721836728036
0.0006386338174565503
0.00016522776918408345
9.985299016814528e-05
6.726487898520106e-05
8.194554577666953e-05
0.00018242946743097596
0.00011679300668748683
0.0002813721836728036
0.00015798345408329605
0.00020186725259011812
7.150413722674844e-05
9.735522152834468e-05
0.00012858828577804872
0.0001243572601866159
0.00017145373345469944
0.00016236979743998375
0.0007982922718206878
0.000232937421176207
0.0003180116670788383
0.00021515163299725884
0.00019125987969346523
7.353744948366819e-05
9.343790368859282e-05
0.00010071251481365244
0.00012301897095810284
7.729555153735243e-05
0.00014187266618518942
0.0003180116670788383
0.0002813721836728036
0.0002447327002667689
4.875806381642864e-05
8.015352328145212e-05
9.497017332199356e-05
6.364152206430594e-05
0.00010715556193972332
0.0003180116670788383
0.0003180116670788383
0.00014187266618518942
0.00016522776918408345
0.00015462039628743053
0.0003180116670788383
8.839984561188579e-05
7.405823794268414e-05
0.00040373450518023623
0.0002447327002667689
4.974000414603343e-05
0.0003180116670788383
0.00016522776918408345
5.350506186799676e-05
0.00012307056647319065
0.00010618563379083393
9.419848660935736e-05
0.0003180116670788383
0.00014786317527357569
8.839984561188579e-05
0.0003180116670788383
0.0001243572601866159
5.872079944312674e-05
0.00019125987969346523
0.0001962979377701723
0.00014187266618518942
0.0002599394598344782
0.00015227069385371743
4.0102559398269944e-05
0.0003180116670788383
5.074053119650703e-05
0.00030242948132812525
0.00040373450518023623
0.00010618563379083393
8.194554577666953e-05
0.00013318767244910516
6.538910605248355e-05
0.0006360233341576766
0.0003180116670788383
0.0003180116670788383
0.0003180116670788383
6.673878620896018e-05
0.0001915065856910684
9.751612763285728e-05
8.187002252835718e-05
0.00013481425004866474
0.0001866604930224088
4.974000414603343e-05
0.0002599394598344782
0.0002872598785366026
0.00034998413949575307
0.00010429759019562366
0.0002875900906915161
0.0009540350012365149
5.2201256356465126e-05
0.000443589525820727
0.0003648589348619519
0.0006360233341576766
0.0004894654005335378
0.0010397578393379129
0.0006737495934940763
0.0003434395995468945
0.00010814362063278315
3.8209686016313146e-05
0.00016824914013406297
4.3514039875417405e-05
0.000982354505570159
0.0002232999764284435
0.0002599394598344782
0.0004625248417907309
0.0002849105199659807
0.0001243572601866159
0.00017543555356116237
0.0002232999764284435
0.00020186725259011812
0.00013007738709462755
0.0002875900906915161
0.00020809321686073414
9.050050352833e-05
6.364152206430594e-05
0.0003180116670788383
0.00015965845436413756
5.176036220585107e-05
0.0005047474204021889
8.839984561188579e-05
0.00033649828026812594
0.001413070768130827
0.0011503603627660644
0.0006360233341576766
0.0002067565392299898
0.0006360233341576766
0.0006360233341576766
0.00020494932937623934
0.00028601654890699375
8.820931217401206e-05
0.0004303032659945177
0.0003180116670788383
0.00014187266618518942
0.0016882331020368214
1.9970488901491675e-05
0.0003180116670788383
0.00018100100705666
0.00012858828577804872
0.00035702429918244824
0.00011061863793195858
0.00014379504534575805
0.0006360233341576766
7.956943334939652e-05
0.0003180116670788383
0.00012301897095810284
8.572283810139798e-05
0.0002813721836728036
2.614944596490967e-05
7.565211550964467e-05
0.00015965845436413756
2.6456079087948564e-05
0.00013160965672802828
0.0001015862471197775
0.00014379504534575805
0.0003180116670788383
0.00015002100961637407
0.0003180116670788383
0.00016522776918408345
0.0002232999764284435
8.50742459026313e-05
0.0003613198270405921
0.000232937421176207
0.00015462039628743053
0.0001015862471197775
0.0003180116670788383
0.00011229159891567939
0.0001247354702050079
0.0005198789196689564
0.00011798091288139582
0.00035702429918244824
0.0003429074669093989
0.0016882331020368214
0.0007461435611196953
0.001468396201600613
0.0009540350012365149
0.0006360233341576766
0.0006360233341576766
6.677881283231029e-05
0.000232937421176207
0.0003180116670788383
0.0002872598785366026
0.00013160965672802828
0.00022244738373508195
5.3151484623180886e-05
8.572283810139798e-05
8.317489423143169e-05
8.074413949304073e-05
0.00015227069385371743
0.00012573031403394905
0.0003180116670788383
0.0003180116670788383
0.0003180116670788383
0.0006021997117343202
0.0019080700024730298
0.0005888938133105169
3.874362591992971e-05
6.450809230809217e-05
0.0018242946743097597
0.0006021997117343202
0.0008572686672734973
0.00016236979743998375
0.0003180116670788383
0.0001962979377701723
8.572283810139798e-05
0.0009540350012365149
0.00015227069385371743
0.00047897536309241266
0.00016236979743998375
0.0005198789196689564
0.00030454138770743487
0.0009540350012365149
0.0008441165510184107
0.0002601547741892551
0.00044895484014607803
0.000443589525820727
0.0003304555383681669
0.0006360233341576766
0.0008412457006703149
0.0010208909508315756
0.000698812263528621
0.00012573031403394905
0.0012720466683153531
0.0004303032659945177
2.5938429313376015e-05
0.00011122369186754098
0.00019634953328526004
0.00014379504534575805
0.0002813721836728036
0.0003180116670788383
0.00016886703124237136
0.0009540350012365149
0.0005737796390803957
0.0005198789196689564
0.00040373450518023623
0.0002408798846937281
0.0005627443673456072
0.0005198789196689564
0.0007798183795034346
0.0001962979377701723
5.749924529289765e-05
0.00011679300668748683
0.00016236979743998375
0.00012573031403394905
6.153528323659532e-05
0.0003180116670788383
0.00021515163299725884
0.0003180116670788383
0.0001866604930224088
0.0006698999292853304
0.0004894654005335378
0.0005627443673456072
0.0004894654005335378
0.0003180116670788383
6.812383315923998e-05
0.00013649247357417997
0.00018242946743097596
0.0001962979377701723
0.00017145373345469944
0.001406860918364018
0.0012996972991723911
0.0009540350012365149
0.0003180116670788383
0.0003180116670788383
0.0007302823758519961
0.00042861419050698986
5.350506186799676e-05
0.00017851214959122412
0.00014578998402494127
0.0001962979377701723
5.567768004560293e-05
0.00015002100961637407
0.00015707942575289875
0.0003180116670788383
0.00017145373345469944
4.149735274868993e-05
0.0004847491811006576
0.0002447327002667689
0.00010247466468811967
0.0006360233341576766
0.0005198789196689564
0.00024342745861733204
0.0001866604930224088
4.2929949943361814e-05
4.037858927361343e-05
0.00012043994234686405
0.00012573031403394905
0.00011017693288970292
7.899172704164803e-05
7.910957322042587e-05
0.00011449440102045009
0.0006360233341576766
0.0006360233341576766
0.0005198789196689564
0.00013318767244910516
0.0003180116670788383
0.0003180116670788383
0.00011449440102045009
0.00014578998402494127
3.588145211083671e-05
5.604862613640202e-05
8.317489423143169e-05
8.637948755206816e-05
0.000267272491883743
0.0006360233341576766
0.0003814199608030941
0.000253300546863557
0.0002162872412655663
0.0003247395948799675
0.0011254887346912143
0.00016511329247229008
0.00015707942575289875
3.794472505547155e-05
0.00020186725259011812
0.00023358601337497366
0.0010287062862243898
9.419848660935736e-05
0.0001382257305258122
0.00017145373345469944
0.00010618563379083393
0.0003180116670788383
0.0003180116670788383
0.0002599394598344782
0.00017486521393184691
2.63613083768256e-05
0.0004303032659945177
0.000931749684704828
0.00010071251481365244
0.0002447327002667689
0.00022458319783135879
0.00018100100705666
0.00017818166125582865
0.0003648589348619519
8.909083062791433e-05
2.2870279952369585e-05
0.00014759186431053395
8.624886793934647e-05
7.619427001624764e-05
8.194554577666953e-05
0.00017851214959122412
7.458420846150627e-05
0.00010247466468811967
0.00019125987969346523
0.00017851214959122412
7.511546520474506e-05
0.0004894654005335378
3.267219112120062e-05
0.000232937421176207
0.00017145373345469944
0.00021515163299725884
0.00013481425004866474
0.0003925958755403446
0.000446599952856887
0.0010397578393379129
0.0006454548989917765
0.0009540350012365149
0.0003180116670788383
0.000465874842352414
0.0003180116670788383
7.200517985026746e-05
4.7794032215150974e-05
8.194554577666953e-05
0.0002232999764284435
4.8434762496596594e-05
0.0001962979377701723
0.0002813721836728036
2.2870279952369585e-05
5.2451347221879615e-05
4.530606237063483e-05
0.00011798091288139582
9.900721850853868e-05
0.0004303032659945177
0.00013649247357417997
0.00014578998402494127
0.0001866604930224088
7.251101721287185e-05
5.494350711839831e-05
0.0002232999764284435
0.0003180116670788383
0.0006360233341576766
0.0002232999764284435
0.0001332073723312788
0.00013481425004866474
0.00015462039628743053
8.909083062791433e-05
0.00013318767244910516
0.00017486521393184691
9.654818904307045e-05
0.0002813721836728036
0.0005627443673456072
0.0005627443673456072
0.0006360233341576766
8.637948755206816e-05
0.00011798091288139582
0.00021431112387944665
0.00015002100961637407
0.0008329494082990304
0.0003180116670788383
0.0003180116670788383
0.00017851214959122412
0.00010915050061890657
0.00018242946743097596
0.00013649247357417997
0.00011122369186754098
0.0001243572601866159
0.0001382257305258122
0.00021515163299725884
0.0004956833075522503
0.00045006302884912215
0.0003311833304194358
6.906777969000463e-05
0.00012898335663021868
0.0003180116670788383
0.00019125987969346523
0.0001648617368335227
0.0001243572601866159
0.0002813721836728036
0.00017486521393184691
0.00021515163299725884
7.022916295570662e-05
0.00017851214959122412
0.0002813721836728036
0.0001568405326596398
0.0002813721836728036
0.00040935011264178593
0.0002232999764284435
9.57532928455342e-05
8.317489423143169e-05
0.0002813721836728036
0.000232937421176207
3.770739045417312e-05
0.00015227069385371743
0.00029572635054715137
0.00020809321686073414
0.00013160965672802828
0.0001962979377701723
0.0001962979377701723
0.0001962979377701723
0.00021515163299725884
0.00017145373345469944
0.0003180116670788383
6.364152206430594e-05
0.0005327506897964206
0.00044916639566271757
9.268810954243674e-05
0.00021830100123781314
0.0002813721836728036
8.704439696072224e-05
0.00021515163299725884
0.00021515163299725884
0.0002447327002667689
3.101862338355425e-05
0.0002447327002667689
0.00021515163299725884
0.0011199629581344526
0.0003180116670788383
0.0003180116670788383
0.00013649247357417997
0.00021515163299725884
0.0004200532590630888
0.00017486521393184691
0.00014379504534575805
0.0001962979377701723
0.00016522776918408345
0.000232937421176207
0.0003247395948799675
0.00010247466468811967
4.5003141191996235e-05
9.1948802372014e-05
2.1885901393053767e-05
6.112392239781967e-05
6.812383315923998e-05
3.171876078485553e-05
0.0002601547741892551
0.0001382257305258122
0.00014187266618518942
0.00013318767244910516
0.0002190652259059992
3.101862338355425e-05
0.0002764514610516244
0.0002599394598344782
0.0001400177530210296
0.0002764514610516244
0.00023126242089536544
7.002888982218985e-05
0.0002813721836728036
0.00021515163299725884
0.0002232999764284435
2.1691206509924144e-05
9.900721850853868e-05
0.0002599394598344782
0.0003180116670788383
6.438144928714089e-05
0.00017486521393184691
0.00016824914013406297
0.00017851214959122412
0.0002599394598344782
0.00011563121044768272
0.000232937421176207
0.00014578998402494127
0.0002232999764284435
0.0002232999764284435
0.00015707942575289875
0.0005198789196689564
0.0003180116670788383
7.84202663298199e-05
8.074413949304073e-05
0.00012043994234686405
0.00031931690872827513
0.0003648589348619519
0.0003429074669093989
0.00018100100705666
0.0003180116670788383
0.0002599394598344782
0.00013318767244910516
0.0002599394598344782
0.00021830100123781314
0.0002813721836728036
0.00029572635054715137
0.00015462039628743053
0.00015965845436413756
8.165205903914424e-05
5.9113809439499505e-05
0.000249524682694295
6.390843193417056e-05
0.0003180116670788383
0.0001866604930224088
0.00017486521393184691
0.00014445752829765152
0.00012557785874188875
0.0002447327002667689
9.900721850853868e-05
0.00015965845436413756
0.0001962979377701723
4.8482320020418044e-05
0.00015002100961637407
5.934813111016591e-05
0.0001866604930224088
0.0003180116670788383
0.0002599394598344782
0.0002599394598344782
9.419848660935736e-05
0.00013649247357417997
9.497017332199356e-05
0.0007341981008003065
8.839984561188579e-05
6.859369937311998e-05
0.00010618563379083393
0.0003180116670788383
0.0001052331827791547
0.0002599394598344782
6.438144928714089e-05
0.0003304555383681669
0.00011449440102045009
6.628505294225581e-05
0.00011919612964217975
8.572283810139798e-05
0.00015965845436413756
0.00013007738709462755
3.4615902298076654e-05
0.0001866604930224088
0.00018242946743097596
0.0002232999764284435
9.57532928455342e-05
0.0001033782696149949
0.00015462039628743053
6.954615038479923e-05
0.0010757581649862942
0.000232937421176207
0.00014604348393733283
5.8391395752100514e-05
0.0002599394598344782
0.00012858828577804872
6.364152206430594e-05
7.956943334939652e-05
5.2800256746174054e-05
0.00015227069385371743
0.00011122369186754098
0.00016522776918408345
0.0001866604930224088
0.0002599394598344782
0.0003180116670788383
0.00012858828577804872
0.000232937421176207
0.000232937421176207
9.735522152834468e-05
5.8330689915958854e-05
0.00019125987969346523
0.00017486521393184691
2.3873338532309458e-05
7.302174196866642e-05
0.0002813721836728036
0.0002663753448982103
0.00014187266618518942
0.00012301897095810284
0.000232937421176207
0.00010071251481365244
0.0002599394598344782
8.13414294753611e-05
0.0003247395948799675
0.0003180116670788383
0.00015462039628743053
0.0002232999764284435
0.0002232999764284435
0.0002232999764284435
0.00014578998402494127
0.0001866604930224088
0.0002447327002667689
6.812383315923998e-05
0.0001052331827791547
0.00034973042786369383
0.00012814606281523545
0.0003180116670788383
1.2771176366103286e-05
0.0003180116670788383
0.00017851214959122412
0.00017486521393184691
0.0001400177530210296
0.0003180116670788383
0.00014578998402494127
0.00015462039628743053
0.00015462039628743053
5.2800256746174054e-05
0.0001866604930224088
0.0003180116670788383
0.00012043994234686405
0.00011338152621033937
0.0003180116670788383
0.00020186725259011812
9.654818904307045e-05
0.00018242946743097596
0.00012301897095810284
0.00019125987969346523
0.00020186725259011812
0.00011919612964217975
6.859369937311998e-05
0.00011338152621033937
0.0002813721836728036
6.538910605248355e-05
0.00013481425004866474
0.00017851214959122412
0.00017486521393184691
6.812383315923998e-05
4.8113426546473853e-05
0.00013718739874623995
0.0002447327002667689
7.674204280430465e-05
9.419848660935736e-05
2.786860890205747e-05
0.0002599394598344782
0.0002447327002667689
0.00013160965672802828
0.0003180116670788383