9.41895791306756e-05
5.7342296981736404e-05
0.00019750347066293248
0.0012570356578359906
0.002252765284400589
0.0034631595180458215
0.00041976816173918704
0.0008463148940202881
0.0004247738346154666
0.0004247738346154666
0.0003322124043873309
0.000146778037549914
0.00010533395071280639
0.0001737466773483108
0.00012184612374928954
0.00047375619413584253
0.0002606117687543895
0.0007480968030048962
0.014281685371503603
0.00042204261380210053
0.0018162673309288983
0.0001380186756567682
0.0001457942632230428
0.002773275638182976
0.0021575458405810382
0.00015850209402837396
0.004534535642467914
0.0008212633832654117
0.00018950184122541313
0.0006528234911843278
0.010578714189732786
0.007799724760858656
0.00025041480758051604
0.0001529322059476537
0.0005601478586566736
8.077995059869105e-05
7.637279409293454e-05
0.00010429530338317255
0.00041962756039207156
0.00121600482265135
0.0001979960887764034
0.0003514985794322492
9.822527799671887e-05
6.383933810432131e-05
3.270430023679162e-05
6.315757864389629e-05
0.0005788634624419631
2.894722354511913e-05
0.000307517130717038
0.00023143410053902004
9.099421447509601e-05
0.0038286238693862325
0.00015582667805219246
0.000428249941330132
0.005971241767120976
0.00022310899979906046
0.00037583382556588427
0.0012743215038464
0.00014873933319937364
0.0004007714566763548
9.323034608910608e-05
0.0008386828868666542
0.00046484097135936436
0.0015181615656589733
5.1393052586279346e-05
0.0003321930369564385
0.00014889667638100595
0.0004938579546844012
0.0014369092966228893
0.00027972623305114896
0.0007516676511317685
1.578939466097407e-05
0.00028024078606728197
0.00263083677896119
0.00019924690512753549
0.000146778037549914
0.0002132586345400348
0.00067420009852453
0.00017453525152633703
0.00011941836738923285
0.00012789937473888944
0.0006376938361879127
0.00048521821557496455
6.82261840945007e-05
0.0002873818593245779
0.00018463056446107508
0.0005158445268592858
0.0006924463307689237
4.1432126437860784e-05
0.0007787158501001288
0.0006619375832775718
8.432246398623781e-05
0.00031113865263919955
2.8688064446846165e-05
0.00019750347066293248
0.00023357057351065745
8.109909029635808e-05
6.64386073912877e-05
2.8198855940411776e-05
4.411074687045132e-05
8.386828868666541e-05
9.247415161144456e-05
0.00016946924962339324
0.0004247738346154666
0.00018950184122541313
7.354691861572536e-05
0.00013025402448895386
9.962345256376774e-05
9.289402886709647e-05
0.0008495476692309332
0.0008495476692309332
0.00011363518197626705
0.00016794021461598524
0.0002554692198929459
0.0002621986435896172
0.00018702420075122404
8.170735245816874e-05
0.0002132586345400348
0.0003472057554869245
0.00010628230603131877
0.00013405783586953644
1.4727714125530542e-05
5.35657011894303e-05
5.746007898599018e-05
0.00047688370054999095
0.0001311337803179724
0.00011782274570341132
0.00027795380746671946
2.5024686965180348e-05
0.00013569055541149273
0.00018231542235172532
9.617859821976871e-05
0.0004534739271417891
6.290628900968024e-05
0.00023800041113280574
5.788051761758621e-05
0.0002618028772895056
3.751695889202847e-05
0.0001770762461302467
0.0003956836175822421
0.00015553713549166243
2.4449009725374632e-05
7.91216998340316e-05
0.0008852448994830666
7.107300201264126e-05
0.00017587444298930582
2.996634089549024e-05
0.00014444935573385567
2.7755362340808912e-05
0.00013003909934594047
0.0002523110105413693
6.46951729266847e-05
0.0008558348659486054
0.00010785138190128801
0.00026075996978862473
4.0835117758788036e-05
0.00010551065345052513
0.00027795380746671946
0.00029826574643734214
0.0004986514747755196
4.6903170447413875e-05
2.7432785043352164e-05
0.0001031583125025973
0.00012113321109098373
0.0016990953384618665
3.243116446731972e-05
2.3242048567968215e-05
0.0001380841917016417
0.0004247738346154666
0.0032412345860408777
7.739608024115243e-05
0.00011900020556640287
0.00022473336617484331
0.00018007378936755477
4.998089534597817e-05
0.00023075723288174015
0.0002033250874543172
0.00011343161193698393
5.430503263971817e-05
8.558348659486053e-05
4.648409713593643e-05
0.0005965314928746843
0.00018593638854374572
2.8991794929436184e-05
7.006019651682049e-05
0.0002102710271275683
0.0002967627131866816
0.00022473336617484331
7.621068306668762e-05
0.0001311337803179724
0.0004247738346154666
0.0021238691730773333
0.0001199353915343904
0.0002395712256193903
0.0002132586345400348
7.033039985247253e-05
0.00015686883050714656
2.4937631110470597e-05
0.00010945612162268198
1.9942727604246567e-05
0.00011010437569697791
0.00038946854454525033
2.4449009725374632e-05
0.0007447848590420198
0.00014484360981029403
8.163096104768088e-05
0.00019645055599343774
0.00362763464033954
2.5990083750936254e-05
8.04753538520371e-05
7.449664527369468e-05
0.00010820130854317494
0.00031517840358756235
0.0004414958611389038
8.79080396350282e-05
0.00016257519102584944
9.892090439556053e-05
5.851582275074659e-05
0.0005109384397858918
0.00016257519102584944
0.00011109818419857627
5.922069397762776e-05
0.00010324504168930054
0.00011450151810129827
4.2997722918480695e-05
1.3326187877370238e-05
0.0001311337803179724
5.657064440094277e-05
0.00036553129406565415
0.00018007378936755477
0.0001328772147825754
0.00011501556304730684
0.0002493257373877598
4.623707580572228e-05
7.444919224168563e-05
5.991526412531202e-05
0.0001890526865616399
0.00010033306163586171
0.00038056004422703577
6.695129491888738e-05
6.777502915143907e-05
8.558348659486053e-05
0.00010945612162268198
0.0001542894003593467
6.817211365433834e-05
0.0002418962023098825
0.0001596019741139434
0.00031113865263919955
0.00032689381651630187
0.00015600249438211538
0.00023844185027499548
0.0002168802236655676
5.0683443514185375e-05
4.0204173602476954e-05
7.387764016005298e-05
4.8898019450749264e-05
0.00032689381651630187
7.146766189358825e-05
7.586665924914605e-05
0.00012597908742800352
0.0004247738346154666
0.00019206959722984035
0.00012184376468855138
0.00026603009775046126
0.0001807442709748863
0.00012089853740076958
0.0004931626276103402
0.00011193376209687104
0.00017668927474116846
4.723858917018634e-05
0.00014183403791667883
0.00012853191757627351
0.0002493257373877598
0.0004247738346154666
0.0013101208632593192
0.0005942538464534004
0.0003322124043873309
0.00023844185027499548
0.0003471511508085301
0.00626864442520072
0.0009334159579175988
0.00012088313070862611
0.00020064382981594078
0.0006397759036201045
0.00021802928979603085
0.0006976004865185764
0.000214124970665066
0.00032689381651630187
9.099421447509601e-05
0.0006619222675415282
0.0005891137285170566
0.00013376255321062718
0.00010968500182335613
0.0002229941173102997
0.0005450605988566622
0.00037746777726344337
0.00037141546480279314
0.0001916569804955122
0.0006452189309843592
0.0005066124255153638
2.7687841277319747e-05
0.0005596688104843553
0.0006161921248790747
0.0003170763986117316
0.00028256873739202686
0.00032689381651630187
0.0005325311478042953
7.948824837467885e-05
0.0010205598425612997
7.987343670616214e-05
9.162182312624836e-05
0.0004247738346154666
0.00016610620219366544
0.00032689381651630187
0.0004247738346154666
0.00015311206973339073
0.00027375446108847054
0.004247738346154667
0.0002516451848422956
0.0021779705684743973
0.00011363518197626705
0.004314202821734119
0.000364518778194845
0.00012260759790843506
4.7265491631306976e-05
0.0003095893489964319
0.00038946854454525033
0.00024961333659745687
0.00024961333659745687
0.00024206445029239845
0.0006537876330326037
9.962345256376774e-05
0.0001199353915343904
0.000107062485332533
0.0002873818593245779
0.0003493655635358184
0.0004931626276103402
0.00010734201111692555
0.00025849381551127553
1.315782888414506e-05
0.00015741306065219515
0.00010563380407608476
6.257472802894845e-05
0.00018463056446107508
0.00012249018839193736
9.98417958827027e-05
0.00036989660644577824
0.0005276233289679174
0.0007202951574702191
0.0011900995665623032
0.0011275014766976529
8.459656782123533e-05
0.00037583382556588427
0.0005392753527167648
0.0004247738346154666
7.481289333141179e-05
0.00027942574321983054
0.00012380515493426436
2.8528385525244753e-05
4.279257828786713e-05
9.181274048790265e-05
7.739733724910797e-05
0.00029887035769130324
0.00030320536106058824
0.0007516676511317685
0.00011161466834720179
0.00026449140213498736
0.00011797762481596368
0.00017828836530411863
0.0006973641679463743
0.00012249018839193736
7.637279409293454e-05
0.00562032283764481
0.0001243163502979878
9.617859821976871e-05
0.00010566806268558264
0.002212391537679193
0.00024961333659745687
0.00032689381651630187
5.9709183694616424e-05
0.0005755839122801208
0.0002003857283381774
9.712201916936742e-05
4.6569337634690945e-05
6.46951729266847e-05
0.00020066612327172343
0.00014056183217583075
0.00013555005830287814
0.0001529322059476537
0.00018702420075122404
0.0006222773052783991
0.0004247738346154666
0.00015274119662548244
1.01699729579973e-05
0.00037583382556588427
0.00019750347066293248
8.163096104768088e-05
0.00015376516674313085
5.851582275074659e-05
0.00027152516319859087
0.00023357057351065745
0.00031113865263919955
0.0005965314928746843
0.0004247738346154666
0.00033942386640565663
0.00027795380746671946
0.00016696992328181612
0.00019370850834692083
5.851582275074659e-05
0.00016203666189406024
0.00023846474512403658
5.695541651590082e-05
4.995965221345604e-05
6.341527972234631e-05
0.00042597229490884815
0.00027089068037187795
0.00022386752419374209
5.7731309031141436e-05
0.001361856704276908
0.00018463056446107508
0.0002768784127731975
0.00011782274570341132
0.00044946673234968663
0.00012789937473888944
8.812188900674584e-05
0.00011277934715390366
0.0005100426713838442
8.386828868666541e-05
0.00032689381651630187
0.00014444935573385567
8.002481067208044e-05
0.00025518678288898456
3.33889001065257e-05
0.00021871126691690702
0.00020652921084336355
9.962345256376774e-05
0.0001499898840336891
8.386828868666541e-05
0.00016257519102584944
0.00022901379841713714
0.00027795380746671946
8.848321861197278e-05
0.0004413953346176002
9.585498635754654e-05
0.0003005574768602187
0.0002033250874543172
3.499719668341067e-05
2.3698589831859924e-05
0.0003309901712006363
4.723858917018634e-05
0.00015922797740040338
0.00032836836486804593
4.112313028448178e-05
0.00020829475484007357
8.306165874912384e-05
0.0007059654243163362
0.00016774622612570646
0.00013224570106749368
0.00012616261627654098
9.247415161144456e-05
0.00017839529384823974
9.115441287729805e-05
0.00032355414570386405
0.00023846474512403658
5.041372759292424e-05
6.257472802894845e-05
7.739608024115243e-05
0.0002168802236655676
3.7224596120842814e-05
0.0002806210175440747
0.0008935077571765528
0.0006512701224447694
0.00016946924962339324
0.0003054823932509649
0.00013569055541149273
6.0591679508677234e-05
0.00042646143312251344
4.085367622908437e-05
0.0001940855187800541
0.00031200498876423076
0.00015758920179378117
0.0002873818593245779
0.005522059850001067
0.0003923498058120315
0.0001311337803179724
0.00016431862549045242
6.299375304728867e-05
0.0003076781387225987
0.0004618504722491315
0.00025232523255308196
0.00015758920179378117
0.00097469712528883
0.0008071409738666575
0.0001268533480756786
0.0006506406709967028
0.00011343161193698393
0.00038369812421666833
4.437799638918801e-05
0.0003990451466256919
0.00027432785043352166
0.0002436742813222075
0.00023556767854966793
0.0003308171380960011
4.224037493447625e-05
0.00037583382556588427
0.0004247738346154666
0.002427674340396801
9.04991401621865e-05
9.729349340195917e-05
0.00019473427227262516
0.0028738185932457787
7.247948732359047e-05
0.00032979129790750353
6.1019837747983804e-05
0.001737466773483108
0.00020649008337860107
8.926918064574581e-05
0.0001596019741139434
0.00011537861644087008
2.7687841277319747e-05
4.4598823462059936e-05
0.0003491266099844373
0.00010631751617222015
0.00011109818419857627
0.00018276918562393433
0.00014578928776650077
9.037213548744315e-05
0.0002811236643516615
6.688127660531359e-05
7.436966659968682e-05
0.00026824084056027356
0.00018969275858706742
0.00016111609854136603
0.00017579335712526097
0.000207878525675855
2.5925136835099627e-05
5.467762193895159e-05
8.675054636191034e-05
0.00021891224324536396
4.552996501463928e-05
5.695541651590082e-05
0.00019206959722984035
0.00018488504254553174
0.00028024078606728197
2.6652375754740475e-05
0.0002456352984192707
0.000307517130717038
0.0002168802236655676
6.257472802894845e-05
7.791333902609623e-05
5.033129561034735e-05
6.011149537204373e-05
3.7224596120842814e-05
0.00023844185027499548
0.00020981378019603578
9.753643830508261e-05
0.00013112301810343178
8.201958684836701e-05
0.00010566806268558264
0.00027795380746671946
0.0002361544892041143
8.73413908839546e-05
0.00010935524387790318
0.00021570276380257603
0.00017043028413584585
0.00014716528704630124
0.00011277934715390366
0.0003358804292319705
8.975548957342281e-05
0.0001258225924211478
9.550934668427331e-05
7.895936568930708e-05
8.616460517042518e-05
0.00012480666829872843
0.0004986514747755196
9.685425417346041e-05
2.3242048567968215e-05
7.2903755638969e-05
0.0002873818593245779
0.00010864919274419878
6.431816249355144e-05
0.0002696376763583824
0.00037583382556588427
0.0009290796046166474
0.0005038206438479557
0.0002873818593245779
6.003871327944942e-05
0.00019206959722984035
0.0006222773052783991
0.00020339067154968984
0.00012380515493426436
0.00028625917636051595
0.00035700061669920863
0.0001717576582592177
0.00022473336617484331
6.695129491888738e-05
5.9709183694616424e-05
0.00523030106426083
0.0002711001166057563
0.0012312713830655816
0.00026926646872026843
0.00037583382556588427
0.0002372366056627728
0.00027654894220989913
0.00012281764920963535
0.00044041750278791164
0.0003860361063408456
0.000120670483302394
5.657064440094277e-05
0.0004247738346154666
4.505530568801178e-05
0.0002621986435896172
0.0002579222634296429
0.002973416842308267
0.00017232921034085035
0.0001993158221738631
0.00038946854454525033
0.0004247738346154666
0.00023357057351065745
0.0001258225924211478
0.00013931214453702552
0.000433348067201567
2.6674936890693477e-05
2.8950541345527886e-05
7.387764016005298e-05
0.0001544506625001075
0.0009806814495489057
0.00048772557307754836
0.00037583382556588427
4.395649990779534e-05
8.596526041883109e-06
5.695541651590082e-05
0.0007091701895833942
0.0002638116644839587
0.0002933881167044956
4.331505158008403e-05
6.0175682293181764e-05
9.41895791306756e-05
0.00018969275858706742
0.00028748547074326834
0.0002764528026398657
0.0001630755845678471
8.109909029635808e-05
8.055804927068302e-05
0.0011077833867664505
0.00018523219622545032
0.0002206976673088001
3.054823932509648e-05
6.011149537204373e-05
7.621068306668762e-05
0.0002436742813222075
0.0002621986435896172
9.962345256376774e-05
0.0002873818593245779
0.00016431862549045242
0.00020981378019603578
0.00018241080206461742
0.00014183403791667883
0.0002696376763583824
0.00016431862549045242
0.0006294413405881073
4.050916547351506e-05
0.00016549508560031816
0.00021582936497713124
0.00011693354956613865
4.1432126437860784e-05
0.00015850209402837396
8.853812306512334e-05
0.00010324504168930054
0.00014183403791667883
0.000164596710260113
9.162182312624836e-05
0.0004751773681864919
6.044926870038479e-05
0.00022473336617484331
9.647724374032717e-05
5.49382916417321e-05
0.00016794021461598524
0.00026449140213498736
6.959720791775916e-05
7.3389018774957e-05
0.0001311337803179724
0.00023844185027499548
9.353883251164229e-05
9.353883251164229e-05
0.0007637279409293455
0.00012380515493426436
9.617859821976871e-05
0.0001380841917016417
0.00020198021611054115
0.0004247738346154666
0.001018938838549251
5.5052187848488955e-05
0.011495274372983115
0.0005715101650046179
0.00012380515493426436
0.00010551065345052513
9.162182312624836e-05
0.00021582936497713124
0.0001457942632230428
0.0007486514588468199
0.0002621986435896172
0.00014056183217583075
0.00011626674775309607
7.146766189358825e-05
1.01699729579973e-05
0.00022219636839715254
0.0002873818593245779
6.732673870351371e-05
0.0002579222634296429
0.00018950184122541313
0.0002620241726518638
0.0002436742813222075
0.0001199353915343904
0.00016839755224944334
0.0002003857283381774
0.00015758920179378117
0.00018463056446107508
0.00028853579465930616
0.00011626674775309607
0.0004247738346154666
0.00043444026111774534
0.00024991707605373395
0.00031113865263919955
0.00034828801762098587
0.00016794021461598524
0.00038203738673709325
0.0002132586345400348
0.00037141546480279314
0.0003358804292319705
0.0007580073649016525
0.00034405378189041844
0.00012184376468855138
0.0006537876330326037
0.00013687723054423527
6.523153859123141e-05
0.00013379647038617981
8.078890601156964e-05
0.000146778037549914
5.542875145232262e-05
0.000548307556871803
0.0025486430076928
6.051611257309961e-05
0.00037583382556588427
2.75474017001048e-05
0.00015525164878465737
0.00016081669440990782
0.00035974730260470784
3.5337854948233686e-05
0.0007015369348710777
0.00016794021461598524
0.00021573759679532296
0.00027152516319859087
0.0009261609811272517
0.000307517130717038
0.0003217475422929068
0.0004247738346154666
0.00048427127086730215
0.00010250571023901266
0.0001297246578692789
0.0004247738346154666
0.0002168802236655676
0.00019473427227262516
7.799442489014108e-05
0.0004165284600895566
0.0003472057554869245
9.550934668427331e-05
0.00023357057351065745
0.00016257519102584944
0.00023844185027499548
0.0005842028168178755
0.0002621986435896172
0.0004247738346154666
0.00010494204043479676
8.224626056896357e-05
0.0001544506625001075
0.00031842477682983216
0.00033322276807164523
0.0001485634616133501
7.554057636420377e-05
0.0002621986435896172
0.0013900559625009674
0.0002516451848422956
8.219377126839003e-05
0.0007516676511317685
0.00011779284982744562
5.7946659953027716e-05
0.00012789937473888944
0.0002516451848422956
0.00029826574643734214
0.0004247738346154666
0.02222877952310853
0.00014373678044790196
0.0004587966178429611
0.00011807724460205716
0.0004109688563419502
1.974023132587592e-05
0.0011930629857493686
0.00029826574643734214
0.0008495476692309332
0.00011900020556640287
0.00010399219689807132
6.911320065996643e-05
4.5906370243951326e-05
0.00014312958818025798
0.00013224570106749368
0.00010104987498410674
0.0001499898840336891
0.00030289143857719015
7.791333902609623e-05
0.0001499898840336891
0.00029826574643734214
0.0004216854965274923
0.0001755474682522398
8.855137112001857e-05
8.541130106807376e-05
0.0003217475422929068
0.00015612969155045576
0.0004543371578657852
0.0001447635398778171
0.00032689381651630187
0.00040133224654344686
0.0002873818593245779
8.274754280015908e-05
5.93091514156932e-05
0.00019279787636441027
0.0006222773052783991
0.00019206959722984035
0.00026007819869188094
0.00019101869336854663
0.0003402948358109518
7.194312165904375e-05
0.0001311337803179724
0.00017951097914684563
0.00018463056446107508
0.00019206959722984035
0.00012103222514619923
0.0009334159579175988
0.00012767867620864262
0.0002915885264460856
0.0001737466773483108
0.0003366336935175686
7.98009870569717e-05
0.0007516676511317685
3.108111361565671e-05
0.00013569055541149273
0.00019101869336854663
0.00019648511985693323
0.0001293903458533694
7.176507022292492e-05
0.00015921238841491608
0.00010177404039237368
7.843441525357328e-05
0.0001717576582592177
2.1820413124027332e-05
0.00014873933319937364
3.380753375057672e-05
7.859404794277327e-05
8.077995059869105e-05
0.0004396861074732646
0.00013282705668002785
0.00012380515493426436
2.3003112609461367e-05
0.00010250571023901266
6.257472802894845e-05
0.0002493257373877598
0.0007028091608791538
0.00017790114076440383
0.00022473336617484331
4.317246423754995e-05
8.109909029635808e-05
0.00016403286581685478
0.00044343001161858096
0.00011450151810129827
0.00031113865263919955
0.0005094694192746255
0.00016610620219366544
4.956944506467588e-05
7.948824837467885e-05
6.959720791775916e-05
0.00027795380746671946
0.00010309704890498685
0.00020652921084336355
9.41895791306756e-05
0.002426739087225442
0.00017579335712526097
4.791424512387805e-05
2.7269437958732152e-05
0.0002567504597845816
4.085367622908437e-05
0.000339646279516417
0.0002554692198929459
0.0001311337803179724
0.0002493257373877598
0.00010059031521010258
6.599869625880113e-05
4.9285268947136514e-05
0.00011193376209687104
2.135282526701844e-05
0.0005243972871792344
0.0003472057554869245
0.008351440900245581
0.031130826436272588
0.0003472057554869245
0.002973416842308267
0.00018969275858706742
0.0005032903696845912
0.00017116697318972105
7.739608024115243e-05
0.0002493257373877598
0.0001608737711464534
0.00022901379841713714
9.550934668427331e-05
0.0008879734365297502
0.00013337541330214297
0.00018494830322288912
0.00015600249438211538
3.9297023971386636e-05
0.00020981378019603578
0.00016794021461598524
0.00031113865263919955
0.00010566806268558264
0.00032118745599759907
0.00029826574643734214
3.215908124677572e-05
6.829494752195893e-05
0.0007682783889193614
0.00020949468644636653
0.00021582936497713124
1.5112317175096197e-05
0.00011109818419857627
7.444919224168563e-05
5.657064440094277e-05
0.00022171500580929048
0.0003472057554869245
0.0004247738346154666
0.00031200498876423076
0.00010324504168930054
0.00019206959722984035
0.0002621986435896172
0.00037583382556588427
0.0004247738346154666
0.0007292616894069013
0.00013452349564444291
0.0002873818593245779
0.00017790114076440383
0.0001529322059476537
0.00011537861644087008
0.00011789107191415993
0.00021256461206263754
0.00017790114076440383
7.852255951655598e-05
0.0002205447587306674
6.512701224447693e-05
0.0001883791582613512
7.146766189358825e-05
0.00019750347066293248
0.00015376516674313085
0.00011703164550149318
0.00023844185027499548
9.225506062966638e-05
0.00019206959722984035
5.851582275074659e-05
9.962345256376774e-05
0.0002622675606359448
0.006596909354251566
0.00022473336617484331
7.799442489014108e-05
0.0002003857283381774
0.00037583382556588427
0.00047688370054999095
8.002481067208044e-05
0.00013224570106749368
8.002112266523908e-05
0.00015921238841491608
0.0002621986435896172
0.0006987311270716368
0.00022901379841713714
0.0002436742813222075
0.0001608737711464534
0.0005109384397858918
0.00020879162375327746
0.00032689381651630187
8.975548957342281e-05
0.00029826574643734214
1.7058687209218762e-05
0.0033900074556711896
9.484637929353371e-05
0.00018451012125933277
0.0005777974229354227
0.0001125508766760854
0.0001499898840336891
0.00018702420075122404
0.00016887080850512125
0.00016291509791915452
2.113775039242821e-05
9.811290071037488e-05
0.00020198021611054115
0.0007516676511317685
0.0004247738346154666
0.00012789937473888944
0.00018950184122541313
0.0002476103098685287
0.0004247738346154666
9.685425417346041e-05
0.00035497691242404014
0.00037583382556588427
0.00020197226502892412
0.00022473336617484331
0.0002621986435896172
0.0003472057554869245
0.00015600249438211538
0.00017828836530411863
0.00015921238841491608
0.0009754511461550967
0.00020741170665742435
0.0004247738346154666
0.0002554692198929459
0.00015921238841491608
0.0002696376763583824
5.812247628295064e-05
0.0004580275968342743
0.00011450151810129827
0.00011537861644087008
0.00013003909934594047
0.0002554692198929459
5.430503263971817e-05
0.00017453525152633703
7.637279409293454e-05
6.377608498827978e-05
0.0002696376763583824
0.00015758920179378117
0.0001039392628379275
3.810534153334381e-05
0.00027795380746671946
0.00025165647805173676
8.109909029635808e-05
9.353883251164229e-05
0.00016180319759649222
0.00023800041113280574
0.00027795380746671946
0.0001102723793653337
0.00022901379841713714
6.299375304728867e-05
0.0002003857283381774
0.0003472057554869245
4.623707580572228e-05
5.8466774783069325e-05
0.00015921238841491608
2.3242048567968215e-05
0.00018772418408684536
5.50948034002096e-05
8.536362815333202e-05
0.00012184376468855138
8.410841085102731e-05
0.00022473336617484331
0.00016431862549045242
8.040834720495391e-05
0.00011716619314408307
0.00010935524387790318
8.853812306512334e-05
0.00037583382556588427
0.00036014757873510954
5.657064440094277e-05
5.1037356577796904e-05
3.0283302772745932e-05
2.9756393548581938e-05
0.00020652921084336355
0.00010324504168930054
0.0001544506625001075
0.0002398707830687808
4.331505158008403e-05
0.0003472057554869245
0.00016257519102584944
0.0004543371578657852
0.00019750347066293248
0.00010551065345052513
0.0002206976673088001
3.543917205740672e-05
0.00023357057351065745
7.261788379149481e-05
0.0002436742813222075
0.00029826574643734214
0.0002587806917067388
0.0004247738346154666
0.00017579335712526097
0.00037583382556588427
0.00015144571928859507
0.00018702420075122404
4.5577206438649027e-05
0.00010324504168930054
0.00010250571023901266
0.00013977851423578377
0.0001717576582592177
0.0002436742813222075
3.455660032998321e-05
0.00013569055541149273
0.00027795380746671946
0.00013687723054423527
0.000107062485332533
7.586665924914605e-05
0.0002464263447356826
0.00019206959722984035
0.00037583382556588427
0.00022473336617484331
0.00029826574643734214
8.914418265205932e-05
0.00011716619314408307
0.00021102130690105027
7.486514588468199e-05
0.00032689381651630187
0.00023844185027499548
0.0009342822940426298
0.0002579222634296429
0.00011450151810129827
0.00010324504168930054
0.00017579335712526097
0.0001102723793653337
0.0004247738346154666
0.00014444935573385567
7.242180490514701e-05
0.00013452349564444291
0.0004671411470213149
7.536412681911161e-05
7.3389018774957e-05
0.0001268533480756786
0.00032689381651630187
0.0004414958611389038
6.257472802894845e-05
0.00016438754253678007
0.00028889871146771135
0.00010278610517255869
0.00016111609854136603
0.0001380841917016417
7.099538248480802e-05
7.435416759701382e-05
8.691998992954158e-05
0.00013452349564444291
0.00027795380746671946
0.00015600249438211538
0.00039014575322033045
8.055804927068302e-05
0.0001299451547402521
0.00015144571928859507
0.00029826574643734214
4.3633812881584256e-05
0.0002168802236655676
0.0004247738346154666
0.0004247738346154666
0.00017001422379461472
0.0008495476692309332
8.914418265205932e-05
3.325376221880766e-05
0.0002132586345400348
0.00016887080850512125
0.00015758920179378117
0.00012088313070862611
0.0001311337803179724
0.0002436742813222075
0.0002554692198929459
0.00012480666829872843
3.188804249413989e-05
0.00016438754253678007
0.00022901379841713714
0.0002621986435896172
0.0003472057554869245
0.00027795380746671946
4.623707580572228e-05
0.00013452349564444291
0.00012088313070862611
9.04991401621865e-05
0.00011161466834720179
8.500711189730736e-05
9.099421447509601e-05
5.2848235539058485e-05
0.0001259160786748034
5.319891850300141e-05
0.0006537876330326037
0.00012184612374928954
0.0002033250874543172
5.742845380555339e-05
0.0002003857283381774
0.0002206976673088001
4.791424512387805e-05
0.00022901379841713714
0.0005032097321199925
0.0004247738346154666
0.0007196123492063423
2.518321573496068e-05
0.00011900020556640287
0.00011807724460205716
1.239236126616897e-05
3.812047445075173e-05
0.00027795380746671946
7.006019651682049e-05
0.0004247738346154666
0.0003472057554869245
0.00012480666829872843
0.00015741306065219515
6.650752443761532e-05
0.00030099918490758516
0.00013003909934594047
1.7278300164991607e-05
0.00012380515493426436
0.0002554692198929459
0.00013569055541149273
0.00011109818419857627
6.383933810432131e-05
6.64386073912877e-05
0.0001199353915343904
0.0005074133923027144
0.0001737466773483108
5.175054959488579e-05
0.0002493257373877598
3.959811401554099e-05
0.0001311337803179724
0.00014716528704630124
0.00011900020556640287
0.00017232921034085035
0.00027795380746671946
0.0002436742813222075
6.011149537204373e-05
0.0001485634616133501
0.00012480666829872843
8.853812306512334e-05
0.0003472057554869245
0.00019473427227262516
0.0002622675606359448
0.00016431862549045242
0.00013025402448895386
5.175054959488579e-05
0.00031113865263919955
0.0003472057554869245
0.0002554692198929459
0.00011716619314408307
5.812247628295064e-05
7.189123976815991e-05
0.0004587966178429611
0.0002456352984192707
6.599869625880113e-05
2.5676962560758455e-05
1.1779284982744561e-05
3.693343897275618e-05
0.0008461819149603828
0.00018702420075122404
0.00022901379841713714
0.0002873818593245779
4.791424512387805e-05
6.46951729266847e-05
0.00034613584932261025
6.174406540848344e-05
9.289402886709647e-05
0.00018702420075122404
0.0003472057554869245
0.00037583382556588427
0.0009806814495489057
0.00015921238841491608
7.562107462465596e-05
0.00011716619314408307
1.8835020101856694e-05
8.443540425256063e-05
0.00012480666829872843
0.00047688370054999095
5.542875145232262e-05
0.0005427622216459709
0.00028889871146771135
0.000588661148185205
9.976128665642297e-05
0.0006011571850145323
0.00029826574643734214
1.8610519091226627e-05
0.0002132586345400348
0.00011900020556640287
4.6569337634690945e-05
0.00022901379841713714
0.00023357057351065745
5.283403134279132e-05
3.8698668624553986e-05
7.637279409293454e-05
5.135392512151691e-05
0.00016794021461598524
0.0004413953346176002
0.00010399219689807132
0.0002003857283381774
0.00018702420075122404
0.0002003857283381774
0.00022901379841713714
8.793722149465291e-05
0.00018231542235172532
0.0005965314928746843
3.464642094597583e-05
0.00023844185027499548
0.00027868208660128944
5.247102021739838e-05
6.86802403754583e-05
5.812247628295064e-05
0.00017326020632033612
0.00019151801431296393
0.00023433238628816613
0.0002168802236655676
1.7498598341705336e-05
8.616460517042518e-05
3.408605682716917e-05
7.099538248480802e-05
0.0002168802236655676
6.092306187464477e-05
0.0002696376763583824
0.0004247738346154666
0.0003217475422929068
0.0003472057554869245
5.7342296981736404e-05
0.0016990953384618665
0.00019750347066293248
0.0001698231397582085
0.0005965314928746843
5.35657011894303e-05
0.0008135626861987594
0.00013376255321062718
3.664347754527817e-05
0.0001199353915343904
7.27094041148441e-05
0.0003472057554869245
0.0003472057554869245
9.892090439556053e-05
0.0001485634616133501
0.0001258225924211478
5.1393052586279346e-05
0.00015758920179378117
0.0004247738346154666
0.0002436742813222075
6.913723555247478e-05
0.0009475092061270657
9.753643830508261e-05
9.099421447509601e-05
0.0001258225924211478
9.685425417346041e-05
0.0011930629857493686
0.00011363518197626705
9.617859821976871e-05
0.00017951097914684563
5.1037356577796904e-05
0.00031113865263919955
4.6903170447413875e-05
0.00010551065345052513
0.00031113865263919955
5.7731309031141436e-05
0.00016610620219366544
1.7773942373894947e-05
0.0002206976673088001
0.0004580275968342743
9.685425417346041e-05
0.00023357057351065745
8.274754280015908e-05
0.00022901379841713714
0.00032689381651630187
7.444919224168563e-05
0.00037583382556588427
0.00019370850834692083
3.194150676620044e-05
0.00015600249438211538
7.3389018774957e-05
0.0002132586345400348
0.00017790114076440383
9.41895791306756e-05
5.033129561034735e-05
0.00015922797740040338
2.478472253233794e-05
5.393439919883074e-05
0.0006222773052783991
0.0001199353915343904
0.00015921238841491608
4.9285268947136514e-05
1.8163647293445612e-05
0.0003472057554869245
6.257472802894845e-05
0.0002493257373877598
0.00020339067154968984
0.0001529322059476537
0.00020652921084336355
0.00048262131343936027
0.0011930629857493686
6.377608498827978e-05
3.840138183437222e-05
1.0970043936581273e-05
0.0021238691730773333
0.0001807442709748863
0.000487348562644415
0.0005965314928746843
0.00016794021461598524
0.00013003909934594047
0.00019750347066293248
0.0002696376763583824
0.0001311337803179724
0.0001454188082296882
0.00012480666829872843
0.00027795380746671946
0.001343521716927882
0.00031113865263919955
0.0004247738346154666
0.00012348813081696687
0.0022550029533953057
0.0021238691730773333
0.0008015429133527096
0.0013075752660652075
0.0011275014766976529
0.0010416172664607737
0.0001309014386447528
0.00015144571928859507
0.00013555005830287814
0.00011450151810129827
3.464642094597583e-05
3.903242288761394e-05
0.00027795380746671946
0.00018702420075122404
4.3633812881584256e-05
4.2997722918480695e-05
9.962345256376774e-05
0.0006620930019264003
0.0006117288237906148
0.0001309014386447528
0.000694411510973849
0.00019924690512753549
0.00028625917636051595
0.00012184376468855138
5.851582275074659e-05
0.00013931214453702552
5.247102021739838e-05
8.914418265205932e-05
4.998089534597817e-05
3.549539520297825e-05
6.092306187464477e-05
0.0012743215038464
4.268181407666601e-05
4.39540198175141e-05
0.0005074133923027144
0.0007031734285010439
0.001388823021947698
0.0001737466773483108
5.7342296981736404e-05
0.0001544506625001075
9.289402886709647e-05
0.0002003857283381774
0.00017579335712526097
0.00019235719643953742
0.0007516676511317685
0.0003217475422929068
0.0019112134508314188
0.0002132586345400348
6.556150905171589e-05
0.00024493292785912195
0.00010177404039237368
0.007226798994134707
8.274754280015908e-05
0.00037583382556588427
4.723858917018634e-05
0.00012951739271264986
0.00032689381651630187
0.0001429353237871765
9.822527799671887e-05
7.444919224168563e-05
0.00011699163733521163
0.00017790114076440383
0.0002957116136828191
0.0002003857283381774
0.00012088313070862611
0.0002554692198929459
0.00013687723054423527
0.0001979960887764034
0.0002554692198929459
9.962345256376774e-05
0.00032689381651630187
0.0001252274424613621
5.175054959488579e-05
0.00015144571928859507
0.0003251503820516989
0.0006222773052783991
0.0002622675606359448
0.0004247738346154666
0.0004247738346154666
0.0001102723793653337
0.0002873818593245779
0.00010864919274419878
0.0001544506625001075
9.892090439556053e-05
0.0007865959307688516
0.0001737466773483108
0.00012789937473888944
0.0004247738346154666
0.00037583382556588427
0.00012380515493426436
0.00014444935573385567
0.0021238691730773333
0.00044996965210106736
0.0031113865263919962
0.011893667369233068
0.006306405484787752
0.00025232523255308196
0.00016257519102584944
0.0002696376763583824
0.0001717576582592177
0.00011537861644087008
0.0001485634616133501
0.0004247738346154666
0.0002873818593245779
0.00032689381651630187
7.436966659968682e-05
0.00018321930553863062
0.00023357057351065745
0.00012896113171482145
0.00022473336617484331
0.00037583382556588427
0.00014716528704630124
0.0012115657543087606
0.0004247738346154666
0.0008495476692309332
0.0004247738346154666
0.0008495476692309332
0.0008495476692309332
0.00011900020556640287
9.162182312624836e-05
0.00016257519102584944
0.0001499898840336891
0.0002132586345400348
0.0003472057554869245
0.0002436742813222075
0.0004247738346154666
0.0004247738346154666
0.0004247738346154666
0.00012480666829872843
2.8456071191570075e-05
0.00015144571928859507
0.00016661138403582261
0.00019473427227262516
0.0004247738346154666
0.00012022299074408747
0.0001485634616133501
5.35657011894303e-05
5.891137285170566e-05
0.0004247738346154666
0.0002003857283381774
0.00023844185027499548
0.0001199353915343904
0.00019473427227262516
2.252765284400589e-05
0.00014444935573385567
0.00012896113171482145
0.00011468459396347281
0.00016257519102584944
0.00029826574643734214
2.5676962560758455e-05
0.00026449140213498736
0.0011275014766976529
0.00014716528704630124
0.0003472057554869245
0.0001457942632230428
9.484637929353371e-05
0.0008495476692309332
0.0008495476692309332
0.00021891224324536396
0.0001328772147825754
0.000487348562644415
0.0004671411470213149
0.0006506406709967028
0.0005990844061640238
0.0005109384397858918
0.0008495476692309332
0.0006397759036201045
0.0001920069091718611
0.000107062485332533
0.0002493257373877598
2.8714226902776695e-05
0.0001737466773483108
0.000487348562644415
0.0001251494560578969
0.0004247738346154666
0.00011109818419857627
0.0003472057554869245
0.0002621986435896172
0.00012088313070862611
0.00017790114076440383
0.0004247738346154666
8.975548957342281e-05
2.7432785043352164e-05
3.751695889202847e-05
4.112313028448178e-05
4.6903170447413875e-05
0.0004247738346154666
0.00016257519102584944
0.0002873818593245779
0.00035158671425052193
0.0002621986435896172
0.00023844185027499548
0.0003472057554869245
0.00018007378936755477
0.00016610620219366544
0.0004247738346154666
0.0004247738346154666
0.0004247738346154666
0.0004247738346154666
0.00010177404039237368
0.00010864919274419878
0.00010945612162268198
0.00010628230603131877
0.0002436742813222075
0.00032689381651630187
0.00036926112892215015
0.0003626493921258783
0.00022901379841713714
0.0004247738346154666
0.0005559076149334389
0.0008495476692309332
0.00021871048775580636
9.753643830508261e-05
0.00027862428907405104
9.617859821976871e-05
4.4275685560009286e-05
0.0002696376763583824
0.00014312958818025798
0.00018950184122541313
5.283403134279132e-05
0.00029826574643734214
8.164430928637398e-05
0.00037583382556588427
0.0002696376763583824
0.00019473427227262516
0.00032689381651630187
0.0002132586345400348
0.00012088313070862611
0.00016610620219366544
9.753643830508261e-05
0.00023357057351065745
0.0004247738346154666
0.0002696376763583824
0.0003472057554869245
3.635470205742205e-05
8.164430928637398e-05
0.00037583382556588427
0.0004247738346154666
0.00019206959722984035
0.00014183403791667883
0.00013569055541149273
0.00013003909934594047