0.004467616395736458
0.0004669584541728904
0.0032019972847957584
0.0021238396834706856
0.005229268210570644
3.6046174949708475e-05
0.002402626960709809
0.005387069967560007
0.0007076009757278155
0.00014273954135210807
0.00012976375585863116
0.0004189738850308581
0.0002036313472722215
0.0001981227587574673
0.00041485679094099116
0.00014721955402125297
0.0003651282765395344
0.0010119911055438272
0.00043220514467040056
0.0005919912313146278
0.0005135976593007738
0.0001140683775320073
0.00039565307855349903
0.0002795152733878405
0.00029217051815991007
0.0003621248960741729
5.963656390366444e-05
0.0006144114555713635
0.00014528027777179037
0.0008750113384861807
0.0005402571217252834
0.0002395032704049879
0.000828842637451227
0.0007741975422155908
0.0006409289525732474
0.00016313998614172313
0.000715817690803389
0.0002747447033065231
7.575135572761666e-05
9.870077754754653e-05
0.0002158511534303729
0.00022381151526107394
5.6585287123694504e-05
0.00021734629248967852
4.986298316605097e-05
0.0010105365912081645
7.668067338891633e-05
8.988331648848788e-05
0.0002819597605752147
0.00020949599351855792
0.0004753475349817762
9.800320516030859e-05
0.00014528027777179037
0.00039565307855349903
0.000163741532402093
0.00024706048001608684
0.0007488873823014167
0.002863440798842415
0.0003409110085490814
0.0005135976593007738
3.2525306952328035e-05
0.0005919912313146278
0.0002126792536607125
0.00026131109980358306
0.00014528027777179037
7.021545061752095e-05
0.0002490127719319354
0.00010586693451379915
7.083353206111587e-05
0.00020591593253389934
0.00039565307855349903
3.113056361152602e-05
0.0007741975422155908
0.0005045487070534022
0.0003150321496262619
0.00041278386303018395
7.945697434781828e-05
0.0003538115726565466
0.0002126792536607125
0.00019537845915422835
0.0002756135597271909
0.0005019929719905426
0.0003465176390788138
0.00024135607971508875
0.00010274036768955435
0.0009729311876051622
0.00029056055554358074
7.021545061752095e-05
0.00017976663297697575
0.011025945509461255
0.0003827134437786406
0.006292954540731954
0.0017749446965950612
0.001313276761096668
0.001383791373212224
0.00047248823675105243
0.0001644944810104646
0.0005547578965375926
0.00020591593253389934
2.210332223906587e-05
0.0011793571291316366
0.00013361292206194483
0.00015319752821656854
5.31251490458369e-05
0.002571639262755171
0.0004136711288974733
0.0001347382121610886
8.344671025706334e-05
0.0010994004522858485
0.002106177537635864
0.0022023898129132622
0.0002490445088922082
0.007647014863362132
0.0003543661775632893
0.0029187935628154863
0.0008695621610175436
0.01858074101317418
0.00803531548202372
0.0015179866583157407
0.0001732588195394069
0.00012199145634842208
0.0005919912313146278
0.0005059955527719136
0.00020521897411913444
0.00039565307855349903
0.0008750113384861807
0.0002254737455127652
0.0006409289525732474
0.0004911774350440379
0.00021992837946656135
8.662940976970345e-05
0.00020735954407183292
0.0009516764450151374
0.00041043794823826887
0.0003755600009663304
0.00010003307768097439
0.00014147761505339717
2.2597702697224184e-05
0.0004244328451601915
0.00047175615340382137
0.00015239921611633983
0.0001109349131798501
0.00012549824299763564
0.000291176350685312
0.0010994004522858485
0.00020380180849474978
4.689464414016179e-05
0.00023447322070080896
8.281844334522297e-05
0.00025780117354726184
0.0002161749801454906
0.00013870242919407588
0.00031369508182597645
0.0003286476021265121
8.598727378654144e-05
0.00012135427140349682
0.001123481124730953
0.0004886946957239503
0.0003409110085490814
8.945484585549666e-05
0.0003390604034862542
0.001317904080096203
8.13132673808201e-05
3.559237251000113e-05
0.0003827134437786406
0.00010865764136618182
0.00025988822930911033
0.005140586935879618
0.0008187076620104649
0.00023915155128228222
0.0004189738850308581
0.00024682016957688744
0.00016909240543623846
0.0003341195608927653
0.0007741975422155908
6.850096832146211e-05
0.00031674800423208235
0.00016049730353299326
0.0003213567792847929
0.0003031526057005355
0.00026346585868014364
0.0002395032704049879
0.0004393013600320677
0.00015732386351829884
0.00017629739653214572
0.00011895534284864439
0.0001861617566588288
0.0003119700667595942
3.559237251000113e-05
0.002033923888805065
0.0003173590020989121
0.0007866193175914942
0.0008696620421257542
0.0027807401172876747
0.0008255677260603679
0.0002725973248494435
0.00012382645948876122
1.427684797070854e-05
0.00017023851425721162
0.00029192688746063246
0.0006733837459450009
0.00039565307855349903
0.00031816008876026834
0.0008750113384861807
0.00011107164396666627
0.00015524606298203468
0.0007913061571069981
0.000232319412037395
0.0003755600009663304
0.0006144114555713635
0.0002701285608626417
0.0003664668174286162
8.230540872880574e-05
0.0011093489947075492
9.12055398123299e-05
0.0001080874900727453
0.0002776196813843328
0.0003348961821835231
0.00012976375585863116
0.00015421818899419924
0.00017276418074738077
0.00018744320604029323
9.800320516030859e-05
0.000163741532402093
0.0004467616395736458
4.5432887474907244e-05
0.0002678735767169725
0.0008750113384861807
0.0003604617494970848
0.0015990503879344065
0.0008564372481126483
0.00011778920211649728
0.0007076231453130932
0.00015943436752152148
5.876694553442079e-05
0.00021767054707937672
0.0003063950564331371
4.519540539444837e-05
0.0003279689889953613
0.0002701285608626417
5.876761798174957e-05
0.0004393013600320677
0.006972357614094192
0.001298501246126655
0.00013595377785930533
0.00041278386303018395
0.00039247480872672103
8.47114448693394e-05
0.0002683163109951625
0.0001569899234906884
0.0006485249404364717
0.00025951016971522095
0.00026565302115802637
0.0007828497508336526
0.0046311239864449474
0.0010710917667783604
0.00018306684451076325
0.0007152252518419533
0.0007354021410973985
0.00038525983215699234
0.0006733837459450009
0.0003386295291841039
0.000606305211401071
0.00024657863599502656
0.0006006567401774523
0.00045462536892713646
0.00013791608005561833
0.00045327284976122385
7.589238288876542e-05
0.0003031526057005355
0.0005474398848811931
0.0006559379779907226
0.00024657863599502656
0.00015421818899419924
0.00018363223961581274
0.0002376737674908881
0.0008219229415164348
0.00010072729994693862
0.0001080874900727453
0.00044459692698403685
0.0017904921220885915
0.0013855559640136778
0.0008568734134226882
0.00019150949864912592
0.0007565173030691082
0.00015334668845296044
0.00014432025076187638
0.0014464735126852334
0.004475312233263454
0.00014859259853741217
0.0002550319852647891
0.00013961292843620284
0.000232319412037395
0.000377472092464537
0.00010367977203591646
0.0005725699496744111
0.0005714753917233712
0.0002271551927247715
0.0018106244803708647
0.00018363223961581274
1.181917511135638e-05
0.00018363223961581274
0.0002451340470324662
0.00017845337057541654
0.00013063207822242202
0.00013137531773707602
0.0005262529040728433
0.00010734353160189532
4.852939178088533e-05
0.0015213162786337211
0.001118061093551362
0.0007734035206417855
7.209234989941695e-05
0.00012718946628519144
6.0219211602588655e-05
4.446648150120056e-05
5.494894066130462e-05
0.00020091983657554027
9.593034018452244e-05
2.8949959588041348e-05
9.940171174240378e-05
0.00032426247021823584
2.8117916858580826e-05
0.00022885630643182942
0.0003621248960741729
0.0005441763676984418
0.00034216987598567855
0.00024765291897752245
0.002373513057543136
1.891539047302351e-05
0.0018392089956941633
0.0010893975752513752
0.002570016586149005
0.0005438151114372213
0.0006769751275229558
0.00019323603578167635
0.00013150561576680522
0.0004595925846497056
0.00018114596430462494
0.0003084363779883985
7.118474502000226e-05
0.00014977747646028334
0.0005019559626299057
0.00034321052351116713
0.00012585547226300636
0.00020331909391403682
0.0004980255438638709
0.00018065763480776595
0.00043637196685929837
0.00022373091478024545
0.0011512061516286555
0.0025188601924249388
0.00029639795132269125
0.0004595925846497056
0.00040183967315108053
9.32116897417296e-05
0.0025099162645655713
3.794619144438271e-05
0.00013777184608147484
0.00017276418074738077
0.0001511774462440591
2.8517734711452404e-05
0.00022836051586285096
0.00011778920211649728
0.00013961292843620284
0.00021734629248967852
0.0010260948705956721
0.0003150321496262619
9.946495007579642e-05
0.0002271551927247715
0.00011653249621908874
0.0001392172732519895
4.1133749931313074e-05
0.002628920006764313
0.00043834768615132175
0.0002843110763445349
0.0009839069669860838
0.00029718519707482434
0.0008786027200641354
9.187118657573029e-05
9.524589862056187e-05
0.00031049212596406936
0.0002493198984843508
0.0001887360462322685
0.00016438575733001773
0.00023586699190927184
0.0002451340470324662
8.534796038823901e-05
0.00018912932576727704
0.00023586699190927184
0.0008750113384861807
7.027996317743108e-05
0.0005262529040728433
0.0003213567792847929
0.0011128270713996946
0.0012569216550925742
0.000135053195638682
0.00042231254097800864
0.00016483922488743657
0.0006363201775205367
3.6219213788727274e-05
6.13836389924308e-05
0.00047175615340382137
0.0002795152733878405
5.2893167016485355e-05
0.00016484682198391384
0.00045462536892713646
0.00034216987598567855
0.00019706297660561402
0.00017276418074738077
0.0003803290696584303
0.00022885630643182942
0.0005262529040728433
0.0004811428659290201
0.0008255677260603679
0.0009823548700880758
0.00014977747646028334
0.00017160526175558357
0.00010586693451379915
7.788768084666088e-05
1.7708383015278968e-05
0.00041278386303018395
0.00017276418074738077
0.00034216987598567855
0.0004811428659290201
0.0004393013600320677
0.0005554391651977262
0.003895503738379965
0.001126680002898991
0.00013249196835158573
0.00015421818899419924
0.00014918503749884773
0.00011972918674361332
0.00016066433606807027
1.4930386019002175e-05
1.8511940661111046e-05
0.0006733837459450009
0.00029483928228290915
0.00032462531153166374
0.0004393013600320677
5.490246593014356e-05
0.00041278386303018395
0.00034552836149476154
0.00042231254097800864
0.0006144114555713635
0.0003974759050547571
0.0003803290696584303
0.0006006567401774523
0.00036229192860924987
0.001383791373212224
0.0007185098112149637
0.0014434285977870602
0.0007913061571069981
9.457695236511756e-05
0.00039565307855349903
0.001080230312605315
0.0004911774350440379
0.0005623296181208797
0.00047175615340382137
0.00014054228344449895
0.00019268498284632008
0.00018744320604029323
0.0002490127719319354
0.0007741975422155908
0.0006144114555713635
0.0003060327703897242
0.00011340455708508225
7.391609962177012e-05
0.0008644102893408011
0.0004393013600320677
9.73089624868775e-05
0.000405159586916046
0.000802284332718632
0.00024706048001608684
0.00021577391432210324
0.000454310385449543
0.00041278386303018395
0.00014432025076187638
0.0009009851102661784
0.00011617626449395368
0.00027474620469574064
0.0002701285608626417
0.00010660335919562708
0.00010440517784854462
4.207819197674112e-05
9.870077754754653e-05
0.0001323844315156829
3.06480177901374e-05
4.207819197674112e-05
0.0009640703378543787
7.370626371737097e-05
0.0006776915589547152
4.4948881823808483e-05
0.0001732588195394069
0.000270106391277364
0.00012549824299763564
0.00034982656820252525
0.00028954984250285833
0.000259187798386631
0.00015732386351829884
7.136977067605403e-05
0.00012382645948876122
0.00015732386351829884
0.0002395032704049879
0.0004911774350440379
0.0003384875637614779
0.000345947843303056
0.0003285125796928966
0.0002490127719319354
0.00041278386303018395
0.0005262529040728433
0.0006733837459450009
0.0005701214446748941
0.0003808532808766128
0.00035810104357442076
0.0006426550600670161
4.1133749931313074e-05
0.00011034247421841455
2.8517734711452404e-05
9.187118657573029e-05
0.00017393240842515084
0.000261823180115579
0.0003031526057005355
0.0006334688114670129
0.0008750113384861807
0.0003538115726565466
0.0001887360462322685
0.003780806094118603
0.006193580337724726
0.0015483950844311816
0.0008750113384861807
0.00029217051815991007
0.0019089605325616097
0.0007807272775468963
0.00030897112414307495
0.0008750113384861807
0.0045472890855080324
0.0006334688114670129
0.0006814655781743144
0.001065132673710625
0.0005397557555196297
0.00030897112414307495
6.0219211602588655e-05
0.000163741532402093
0.00013150561576680522
0.0004626545669825977
0.000261823180115579
0.0003063950564331371
0.00030897112414307495
0.0011451398993488223
0.0018870246136152855
0.0007152252518419533
0.00027474620469574064
0.0005554391651977262
0.00019873795252737855
0.00022992023610302688
1.9725663119846318e-05
0.00014432025076187638
4.271975532079551e-05
0.0005734660762252332
0.0003386295291841039
0.0005401151563026575
0.0002490127719319354
0.0008750113384861807
0.00023408238591293327
0.00014241900063070073
8.226749986262615e-05
9.253989379477761e-05
0.0009436802311613425
0.0004467616395736458
0.0004393013600320677
0.0008255677260603679
0.0001511774462440591
7.253332539316783e-05
3.7416140154716665e-05
0.0001140683775320073
0.00037094235713323154
0.0023225926266467723
0.0005725699496744111
0.0006733837459450009
0.0005780549485389602
0.00032967844977487313
0.000230577552129221
0.00010578633403297071
0.00010660335919562708
0.0015483950844311816
0.00029217051815991007
9.524589862056187e-05
0.00015943177815248784
0.0010039119252598114
0.0003060327703897242
0.00031816008876026834
0.00012299771899048414
0.0005919912313146278
0.0001913567218893203
0.00019004048155829806
0.0004467616395736458
0.00023586699190927184
0.0005739511058588372
0.0007741975422155908
0.003794966645789352
0.0004075435250750789
6.183826613896406e-05
0.00019674413645511224
0.0006733837459450009
0.0013211523236258795
0.00429135151105172
0.0001913567218893203
0.00011418025793142548
0.00016594526492430382
0.00041043794823826887
0.00043469258497935703
2.2941314863390236e-05
0.0002795152733878405
0.005855454581601723
0.0003279689889953613
9.872806783075498e-05
0.008080604951340012
0.0002302408233818054
0.0005019559626299057
4.787737466228148e-05
0.0005554391651977262
0.0002376737674908881
0.00019740155509509306
0.00019880342348480755
0.0003664668174286162
4.1605204360110925e-05
0.00010950419323096552
0.0005554391651977262
0.0001861617566588288
0.00018744320604029323
6.34755468127688e-05
0.0011451398993488223
7.548360026155594e-05
9.12055398123299e-05
0.00022054298301420314
0.00017870147711725068
0.0034354196980464664
0.00035684885338027015
4.689464414016179e-05
0.0006955463252859357
0.0007606581393168606
0.0017500226769723614
0.00044433613534817324
0.00017393240842515084
0.00027474620469574064
4.519540539444837e-05
0.00028295523010679434
0.002311558992941954
0.0003348961821835231
0.000230577552129221
0.0006144114555713635
0.0003962455175149346
3.6219213788727274e-05
0.0007839332994107491
0.00012382645948876122
0.00010295796626694967
0.0002126792536607125
0.00021115627048900432
0.0005919912313146278
0.00018238378934145135
0.000152183980115367
0.00020521897411913444
0.0007741975422155908
9.388660308242805e-05
0.0001848914991179249
0.00032462531153166374
0.00018363223961581274
0.0026250340154585416
0.00017749446965950613
0.0009009851102661784
0.0003213567792847929
8.219287866500886e-05
0.0005419729044232979
0.00018954071756302327
0.0003119700667595942
0.0006144114555713635
6.0508789828141736e-05
0.0010994004522858485
0.00020964906981027815
4.207819197674112e-05
0.00011302013449541807
8.344671025706334e-05
0.0003647675786829027
0.00010660335919562708
0.00039565307855349903
0.0007741975422155908
0.0003755600009663304
0.00017276418074738077
0.0001068087854472189
9.736438011526095e-05
0.00022216806767408662
0.00016594526492430382
0.0002509916264565571
0.00016313998614172313
0.00032132867213614054
0.0005554391651977262
0.0005919912313146278
0.0005843410363198201
0.0010039119252598114
0.0007152252518419533
0.0006144114555713635
0.0007741975422155908
0.00010513421979572298
0.0002678735767169725
6.79339361649166e-05
0.0007741975422155908
0.0005019559626299057
0.0002451340470324662
0.00022992023610302688
0.00041331553824442454
0.00030032837008872615
7.668067338891633e-05
0.00027241905802617337
0.00022381151526107394
0.00017276418074738077
0.0003150321496262619
0.0004189738850308581
0.001482362880096521
0.00019537845915422835
0.00017393240842515084
0.0001511774462440591
0.0004467616395736458
0.0003313913483998108
0.00017976663297697575
0.00022474440911904244
0.00022885630643182942
0.0004467616395736458
0.0003803290696584303
0.0004811428659290201
0.00015732386351829884
7.118474502000226e-05
0.00014623722430912207
0.00012135427140349682
0.00030032837008872615
1.7308262917173307e-05
3.569211992677135e-06
0.0002509916264565571
0.00014147761505339717
0.00017511009553929593
0.00039565307855349903
4.738517939075582e-05
0.0010538634347205746
0.0008267229231375559
0.0007409948783067282
0.00010375215002394049
0.00014819897566134563
0.0005019559626299057
0.00014241900063070073
0.0005820764580369581
0.00025988822930911033
0.0002701285608626417
0.00013961292843620284
0.0003119700667595942
0.00041278386303018395
0.0001864233794834592
4.936403391537749e-05
0.0006409289525732474
0.000259187798386631
0.0004790065408099758
0.00027474620469574064
0.00019004048155829806
0.0002678735767169725
0.00012634139645418166
0.0001015250131593559
0.00014721955402125297
3.6046174949708475e-05
0.0005019832529131142
0.0003803290696584303
0.00019674413645511224
0.0001913567218893203
0.0002869755529294186
0.00014528027777179037
0.00027190755571861067
0.0007152252518419533
0.00019402548601231938
0.0001109349131798501
0.0001681829023511341
0.0002376737674908881
0.0002550319852647891
1.4930386019002175e-05
0.00042231254097800864
0.00017870147711725068
7.788768084666088e-05
2.981828195183222e-05
5.9683507262403466e-05
0.00034982656820252525
7.195038447679097e-05
0.00014241900063070073
0.00017276418074738077
0.000259187798386631
0.0003341195608927653
0.0002819597605752147
1.220445630071755e-05
0.0008750113384861807
3.513998158871554e-05
0.0017500226769723614
0.0003664668174286162
0.0005725699496744111
0.0007741975422155908
0.0004811428659290201
0.0007152252518419533
5.2383731945978724e-05
0.0006144114555713635
0.00031816008876026834
0.0006733837459450009
0.00011186545739012273
0.0001626520624095539
0.00028726424797368886
0.00031816008876026834
0.0015213162786337211
0.00016049730353299326
0.0008255677260603679
0.00014721955402125297
0.00019951457381813632
0.0001848914991179249
0.015315807880881131
0.0004902680940649324
0.00036229192860924987
6.79339361649166e-05
0.00014528027777179037
0.0001015250131593559
0.0002023388094299457
0.00029217051815991007
8.132763756561473e-05
0.0002254737455127652
0.007477457782261794
0.0008750113384861807
0.0002869755529294186
0.00043220514467040056
0.004515801582326874
0.0002755436921629497
0.0001323844315156829
0.0001501778301859673
0.00043469258497935703
0.0002526827929083633
0.0007152252518419533
0.000401142166359316
5.6510067247709035e-05
0.00020668073078438897
9.940171174240378e-05
0.0002869755529294186
0.0005262529040728433
0.0005725699496744111
0.0007152252518419533
0.0003755600009663304
0.0004393013600320677
0.000297557932725702
0.000518375596773262
0.0008508782156045072
0.00024135607971508875
0.0035000453539447227
0.0002570950491311047
0.00021577391432210324
0.00014241900063070073
0.00024765291897752245
0.0017500226769723614
0.0017500226769723614
0.0008750113384861807
0.00016049730353299326
0.0003755600009663304
0.005250068030917083
0.0035000453539447227
0.0007741975422155908
0.0008750113384861807
0.00016157069264056574
2.2869823678274025e-05
4.602532643634285e-05
0.00021026843959144595
0.00027474620469574064
0.00019004048155829806
0.00015837400211604117
0.00030897112414307495
0.00040684656666031404
0.00041278386303018395
0.0008750113384861807
0.0008750113384861807
4.689464414016179e-05
0.00012890058677363092
0.00030032837008872615
0.0007741975422155908
0.0006409289525732474
0.0003060327703897242
0.000152183980115367
0.0008935232791472916
0.0006300642992525238
0.0008935232791472916
5.3917421699747244e-05
0.0003031526057005355
8.281844334522297e-05
8.156999307086156e-05
0.0004467616395736458
5.4432266711444864e-05
0.00045462536892713646
0.00026346585868014364
0.00012890058677363092
0.0001080874900727453
0.0001511774462440591
0.00026565302115802637
8.47114448693394e-05
0.0006409289525732474
0.00016157069264056574
4.787737466228148e-05
8.922668528770827e-05
0.00010883527353968836
0.0005843410363198201
0.000501179341339148
0.0003538115726565466
0.0003279689889953613
5.2383731945978724e-05
0.00039565307855349903
0.00015837400211604117
0.00014918503749884773
0.0008644102893408011
0.0004254391078022536
0.0006144114555713635
0.0004393013600320677
0.00023586699190927184
0.00013961292843620284
0.0004911774350440379
0.00037094235713323154
0.00011732510615850837
0.0008750113384861807
4.1133749931313074e-05
0.0001511774462440591
6.12965762616636e-05
0.00022216806767408662
0.00037094235713323154
0.0005725699496744111
0.0003031526057005355