0.006876649370331377
0.002813740673404002
0.0014258382090064458
0.012248151875179709
0.008004695391767326
0.0001294451137625087
0.00412399795853818
6.829857001381962e-05
0.0005883282464811184
0.0005562957811034758
0.004020376772796392
0.0005075120676503981
0.00020011738479418313
0.00015649565565578914
0.00037148308915184875
0.0018417931538116197
0.00023217038420273386
0.00015577796579123787
0.00015586379930865955
0.00015933114054794773
0.0008747580945571785
0.00016750542931138308
0.00010616755658015221
2.4776136615067045e-05
0.00013949314012213858
0.000676302954797386
8.9369234101975e-05
0.00023238844598693243
0.00015960949593138546
0.0002578756412197519
0.00022602498875059747
0.00026973279286648456
0.002656734955126764
0.0003156393870862083
7.683589126554709e-05
0.0009425226842139537
0.00033039768442223375
0.0002172051938892336
1.5458114070605643e-05
0.0008277246296933748
6.552380813253756e-05
0.0019502731250128629
0.00015000224329166548
0.0002708417716525451
0.0009985002494449554
0.00035774546702329517
0.0028310174775065334
0.00041439640600250796
0.001647189955432595
0.00033556179836747
6.322776414485531e-05
0.0040114878885620575
8.845639729240626e-05
0.00023172364779997336
0.0008694572553549474
0.0002648270260571124
8.986455028537314e-05
0.00021396433916677613
0.00014167639644704767
0.00024880933806635785
0.0002182104487629136
0.00027392519596914575
0.00042035770106407165
0.00024807120221097517
0.00010288435443215967
0.00012388068307533524
0.0003033717982122308
0.00012362128468966128
0.00010949430892788091
0.00010676699407264464
0.00016627442607599336
5.570307997751106e-05
0.00022759755787362917
0.00025305151448955476
0.0001885961934148982
7.385411782833497e-05
0.0006890252786708163
0.00010565837559479758
7.68829251349e-05
9.010613541738432e-05
0.00046616187149406077
0.0005046977458817818
0.0002665411037425561
0.00026790032235447434
0.00037148308915184875
0.001382627963550373
0.0007500112164583275
6.183518943738763e-05
0.00024190830779748042
0.00020781839907821272
0.00014626104273230244
9.63481009927186e-05
3.239065856933039e-05
0.0006424664230594073
8.557437096178534e-05
0.00015369538836728852
0.0001182463756704821
6.030491625649157e-05
0.0001114344629898297
0.0003579934998988474
0.00041439640600250796
0.0019338816205715945
0.002990310436186367
0.00012049233285650271
0.0007586463064070566
7.931743608690895e-05
4.972042027523629e-05
0.0004423410651960213
0.0006407404261854946
0.00010237674728576258
0.0004253121985020399
0.0004253121985020399
0.0011163204099493883
0.00014091716935251314
7.234371390166948e-05
0.00027392519596914575
5.533481782242534e-05
0.00030243157798965395
0.00018459486591831383
5.965019731082894e-05
3.1366950060989804e-05
6.476536396324463e-05
8.079955916663178e-05
0.00028857329030639446
0.0003445126393354081
0.00019763192305022393
0.0002022155341076095
0.00020719820300125398
0.00019763192305022393
0.0005369902498482711
0.0007257249233924413
0.00013930397625955276
0.0003445126393354081
8.097664642332598e-05
9.216376639451723e-05
0.00013620784020344477
5.619993017898136e-05
0.00017274232502533787
7.662567562917093e-05
0.00014770823565666993
3.211603366423953e-05
0.0004166549289811872
2.7403020397891816e-05
0.00018943731509283413
0.00028515425624406126
0.0006096397312910744
0.00046733389737371365
0.0010335379180062244
0.000928707722879622
0.0005657885802446945
0.0006890252786708163
7.966557027397387e-05
0.0003445126393354081
0.0003048198656455372
0.00016018510654637364
0.00010635599719618252
0.0006546313462887409
0.00024412526191542146
0.0002456599734557353
0.00032177346015275067
0.00017887273351164758
2.809996508949068e-05
0.0001072578200509169
0.0002708417716525451
0.00026435964579492354
8.050839103547536e-05
0.0006407404261854946
0.00017016937789897363
0.00026764107376574747
0.0001514428741696452
0.00018105005933640247
0.00028160108148735135
2.9405612778060834e-05
0.000660634080942584
0.0019502731250128629
0.00012388424484853383
0.00028160108148735135
7.423517048810292e-05
0.00019763192305022393
0.0002432219044882213
0.00017296332556114902
0.0004913928847900364
7.026130861526816e-05
7.500112164583274e-05
0.0009813190506672126
0.00015577796579123787
0.00032731567314437044
0.00011058192802949237
9.816117334772429e-05
0.00021396433916677613
0.00014912549327707235
0.00028954519954072156
4.660297281682827e-05
0.00010616755658015221
0.0006918533022445961
0.00010373273391599538
0.00027241568040688955
0.00014604877088605345
0.0005302541839113325
0.0001649599183415272
0.0001699105770479431
0.00017016937789897363
4.8267395106197404e-05
0.0009976893888575926
0.00016018510654637364
0.00030739077673457704
4.285101882773067e-05
0.0006082461607932633
0.0001261220225255499
9.717197570799118e-05
0.00028960437063718446
0.000621594609003762
0.00019922240513936366
0.002911951441458221
0.00016252276041773856
0.0002925204177479755
0.0004253121985020399
6.319158074228874e-05
0.00015369538836728852
4.745923335177245e-05
3.0917594718693816e-05
0.0001910570662920632
0.00021576359853152518
4.3444439348125764e-05
0.00028515425624406126
0.0003412738207059714
0.0005369902498482711
8.665617069841331e-05
0.00019763192305022393
0.00018799045641934255
0.000193708432967081
5.317363425331019e-05
0.00011400261467741758
0.00015846370740339307
0.0004591810724270685
0.000519208782187643
6.27730777187847e-05
0.00017621302293178772
3.425903826766395e-05
6.466290337290948e-05
0.0002717189367950603
4.3653772442762176e-05
0.00014468742780333896
0.00017296332556114902
0.00010122439566264222
0.00015577796579123787
9.269234182824469e-05
0.00011005176771309227
2.3138199801358676e-05
9.576649941287627e-05
8.64932907767625e-05
0.00024190830779748042
0.0004696416317449647
0.00022500336493749823
0.00013880551315209065
0.0001671092399325332
0.0002588843411654011
0.00014167639644704767
7.586463064070566e-05
0.00026246083027848724
0.0002300688732134735
6.564231055630044e-05
0.0002828412591902131
9.804221215569082e-05
0.00022133927128970137
7.821022066277207e-05
0.00011854863254570789
0.0002254343182657953
0.00011199312541624447
7.497546787299353e-05
0.00017016937789897363
8.515338480999171e-05
6.127450948803131e-05
0.00018293928384590229
0.00029148114226920457
0.00011058192802949237
9.910454646026818e-05
8.748694342616242e-05
0.00011310272210567445
2.73157527396183e-05
0.00013155076593167157
0.00010112827594969979
0.00047302848199925985
7.586463064070566e-05
9.750680591599183e-05
7.994559316820589e-05
0.0002318552680946526
0.0004788324970643813
0.00014164283230992737
0.0002578756412197519
4.532562622745721e-05
3.617185695083474e-05
6.972208819043118e-05
3.821433646037015e-05
0.00019839357608323333
0.00019764266787955682
0.00025825828089138945
0.00021838845584102996
0.00014046886149151542
2.8821864146872126e-05
1.801366509179508e-05
8.022975777124113e-05
5.8349438465819886e-05
8.511319761529995e-05
0.00019763192305022393
0.00011904426542319633
0.00020719820300125398
5.352821475314949e-05
6.404122515056054e-05
0.00013773498584556177
0.00018223896277268445
0.00014659256471077605
0.00021842129207031268
0.0002428773799244087
0.003907484259970791
0.0003013666516674633
0.0002182104487629136
0.0003445126393354081
5.757705060483102e-05
0.0009144595969366116
0.0010447667289123024
0.0016315665502292128
0.00018226990181190153
0.00010616755658015221
0.0003714656317727245
0.00010494198540929261
9.146964192295114e-05
0.00028160108148735135
6.666322350631158e-05
0.00023890022047128262
0.00018574154457592438
2.8821864146872126e-05
0.0002523488729408909
0.0004744300904858167
0.00013542088582627255
0.0015793914936035303
0.00027599598300015357
0.0003921688486227633
0.00026512709195566626
0.00028160108148735135
8.373684749879846e-05
0.0003445126393354081
0.0003541909911176192
0.00026512709195566626
0.00010122439566264222
0.00014786684637202829
0.0002523488729408909
0.0004686223560753936
0.00013185654008438817
0.00019922240513936366
6.194212242426692e-05
0.000123882058001219
0.00014974454140296317
0.00018226990181190153
3.858617755916158e-05
0.0004573560030917456
0.00011250168246874912
0.0003445126393354081
0.0002523488729408909
0.00021228562921340357
0.00015577796579123787
0.0007429661783036975
0.0002523488729408909
0.00028160108148735135
0.00031273727255208
0.00013327055187127806
0.0003514667670565452
0.0007376081262190355
0.00026512709195566626
0.00011400261467741758
0.00034033875579794726
0.0011547194283906906
7.534166291686582e-05
0.0003445126393354081
6.031748671606983e-05
0.00010817407268215737
0.00039526384610044787
0.00017738504881144052
7.855360198061116e-05
0.0003445126393354081
9.750680591599183e-05
0.00024807120221097517
0.00023308093574703038
0.00026512709195566626
0.0003445126393354081
0.0003445126393354081
0.00017296332556114902
9.727354869831689e-05
0.0003518012277866314
0.00014091716935251314
0.00023308093574703038
8.811988193164118e-05
3.2405584185682216e-05
0.0006890252786708163
0.0002494116391139901
0.001731439741838367
0.00013578754450230187
0.0002918206460949507
0.00026512709195566626
5.8349438465819886e-05
9.415961657817704e-05
4.6577323227578964e-05
0.00011794186305654167
0.00015577796579123787
0.00024190830779748042
0.00024190830779748042
0.000404431068215219
0.0002254343182657953
0.0003048198656455372
0.0002785992238295434
0.00013788996447266287
0.00016534940452415126
1.9208972816386772e-05
0.0008872010782321698
0.00039997934103786956
0.00014259555690797953
0.00039526384610044787
0.00012282998672786765
5.0254096880409636e-05
0.00015369538836728852
0.0007570466188226727
0.00197120757041146
8.688887869625153e-05
0.00011607651041661599
0.0003579934998988474
0.00019338816205715943
0.0002523488729408909
0.00012807992045224892
0.00010459387146332631
0.0002022155341076095
3.916170107150951e-05
0.0003766323493380765
7.534166291686582e-05
0.0003547713614994449
0.003805193162345279
0.0007953812758669988
0.0005302541839113325
9.727354869831689e-05
0.00020719820300125398
8.747281778412745e-05
0.00048137854662744684
0.00014604877088605345
0.0007049590554531294
0.00012266488133340158
0.0001482348708824921
0.00010373273391599538
0.00026512709195566626
8.753752225908813e-05
9.805470774685306e-05
0.00028160108148735135
0.00010041211867097313
9.98225219688789e-05
0.00011608519210136693
0.00020719820300125398
0.0003445126393354081
0.0003445126393354081
0.00014786684637202829
8.192179792681043e-05
8.506465848741582e-05
0.0001171555890188484
0.00010777000898307242
0.00048636774349158446
0.00018021227083476864
0.00010932855103129222
0.0004600594118473263
0.0002931851294215521
0.00031929637916891924
2.0225655189939958e-05
0.00027546997169112353
0.00023308093574703038
0.0001930301330271477
0.00010373273391599538
5.7200278141688556e-05
1.2256838468356633e-05
0.0001347203652021672
0.00023308093574703038
0.00014861968197509327
0.0006096397312910744
7.083819822352383e-05
0.0001110142200787963
0.00016451751590173847
0.0003048198656455372
0.00010848806234158331
0.00011199312541624447
0.0007214332257659863
5.8349438465819886e-05
0.00013185654008438817
8.556216168761048e-05
4.314696040505824e-05
0.00016018510654637364
9.651506651357384e-05
0.00046616187149406077
0.00023308093574703038
9.42980967074491e-05
6.666322350631158e-05
8.079955916663178e-05
0.00024942234721439814
0.00011503443660673675
0.00014786684637202829
6.577538296583579e-05
0.0001460831192175211
0.0003048198656455372
0.00024190830779748042
8.4106285164925e-05
0.00017296332556114902
0.001114431810076422
0.0013780505573416325
0.00013597288784663786
0.0002609532084182054
0.0001759006138933157
0.00017114874192357068
4.3444439348125764e-05
1.9107168230185074e-05
0.00015765645377140405
0.0003048198656455372
0.0003048198656455372
4.741945301828315e-05
0.00024190830779748042
0.0002523488729408909
0.0003445126393354081
0.0002432984643173053
0.00035807503189153446
0.0003412738207059714
0.0001091052243814568
0.000510508133696921
0.0002523488729408909
0.0003445126393354081
0.00021868952363929462
0.0001649977042095912
9.944084055047258e-05
3.090532117241532e-05
0.00021265609925101995
0.0003445126393354081
0.00021265609925101995
3.5270674567041534e-05
8.557437096178534e-05
0.00019763192305022393
0.00014604877088605345
0.00012980219554691074
0.00010817348154974657
0.0001482348708824921
7.035573563257349e-05
3.69653740511775e-05
0.00026512709195566626
2.7258688328417453e-05
0.00016750542931138308
0.0001008105259965513
9.286640794318112e-05
0.00023308093574703038
7.957442672330114e-05
4.1650579301483454e-05
0.0002254343182657953
0.0005007749819720222
0.00011331012491731962
0.00024929094425101467
0.00013930397625955276
0.00019338816205715943
0.00040819344197388186
0.0010904457605386652
0.0003398211540958862
0.00021868952363929462
0.00016159911833326355
0.0001885961934148982
0.0008944000659287517
0.0002549746776877629
0.00018943731509283413
0.0005912318783524106
0.0003048198656455372
5.111287605910148e-05
0.00014786684637202829
0.00011005176771309227
9.357777818140716e-05
0.00015369538836728852
9.717893280018274e-05
0.0003048198656455372
0.00016165501347460863
0.00016252276041773856
0.0003579934998988474
0.00020719820300125398
0.00025825828089138945
0.00028160108148735135
0.0002523488729408909
0.00014460070345274705
0.0003048198656455372
4.9743593065952855e-05
0.00028160108148735135
0.0003048198656455372
0.00021265609925101995
0.0002523488729408909
0.00021634814536431474
0.00015023249459160666
0.00013722402127331712
0.00039981165561383424
0.0003203702130927473
0.00019470329332036613
0.00010041211867097313
0.00041844876261108526
0.0003299198366830544
0.00043737904727858925
5.460532301757817e-05
0.0001072578200509169
0.0001397675333341997
4.7780044094256526e-05
3.6927058914167484e-05
0.0001110142200787963
0.0003518012277866314
0.00012220908085076006
8.930010745149145e-05
0.0002694407304043344
0.00015369538836728852
0.00011516155001689191
8.022975777124113e-05
3.821433646037015e-05
7.534166291686582e-05
0.00016018510654637364
0.0001650875850352032
8.394452282651436e-05
0.00021265609925101995
0.0003514667670565452
3.211603366423953e-05
0.00010218211365872168
0.00011935834396384481
0.0001789967499494237
0.0003048198656455372
0.00010817407268215737
0.00011825712049981496
0.00028160108148735135
6.0381985954457844e-05
5.247099270464631e-05
0.00024190830779748042
0.0003482555763041008
6.551654484870103e-05
0.00010459387146332631
5.172556682000382e-05
0.0002040640204555692
0.00019763192305022393
0.0010896627216275582
0.00021265609925101995
8.75075428302064e-05
4.2556598807649974e-05
0.0001649599183415272
4.9743593065952855e-05
4.745923335177245e-05
0.00018226990181190153
0.00028160108148735135
0.0002254343182657953
0.00010373273391599538
0.00018226990181190153
0.00026512709195566626
0.00011904426542319633
4.285101882773067e-05
0.00028160108148735135
0.0002510923108751388
0.00015636863627604
0.0002523488729408909
0.00022602498875059747
0.00024190830779748042
0.0001930301330271477
0.0001072578200509169
4.4955465477747424e-05
0.0009676332311899217
0.0003432016688501313
0.0003036731869879267
9.882324725499473e-05
7.430984098754663e-05
8.811988193164118e-05
0.00012638316148457749
0.0001789967499494237
0.00011214745144601064
0.00014859838500857464
6.577538296583579e-05
7.132144638892538e-05
0.0003061450814804114
0.001968205712753652
0.00025305151448955476
0.00016018510654637364
4.7780044094256526e-05
0.00011503443660673675
8.747281778412745e-05
0.00011005176771309227
9.078383051923178e-05
5.661089283069914e-05
6.153162197277128e-05
2.224934873439599e-05
8.137508730514048e-05
7.910688713272194e-05
0.00015492563065795493
0.0006592827004219409
0.00012164923215865265
4.139382651767257e-05
0.00011608519210136693
0.00012591678423977154
0.00048381661559496083
0.00017296332556114902
0.00044387170629029327
0.00034592665112229804
0.0006096397312910744
0.00027241568040688955
0.00012282998672786765
7.994559316820589e-05
4.373153070733986e-05
0.00012164923215865265
0.00024190830779748042
8.808814761785507e-05
0.0003076581098638564
0.0003117779340179977
0.0004686223560753936
1.8121258536249966e-05
0.00012418147955301772
9.357777818140716e-05
0.0003164044699671202
0.0002748445439810797
9.809490640876104e-05
8.557437096178534e-05
0.00010288435443215967
5.2821235801131016e-05
0.00012403560110548758
9.502759151229627e-05
8.808814761785507e-05
0.00010288435443215967
0.00026512709195566626
4.3653772442762176e-05
8.991093095549485e-05
5.7200278141688556e-05
0.00016045951554248227
0.00024807120221097517
0.00023308093574703038
0.00022492640361898057
7.112917952742474e-05
1.4260360281268412e-05
5.8307359680109646e-05
0.00012266488133340158
0.0002022155341076095
0.0006096397312910744
0.00032731567314437044
0.0001565472105816549
0.00015577796579123787
6.476536396324463e-05
0.00016018510654637364
0.00021868952363929462
0.00021868952363929462
0.0001374479634010406
0.00027546997169112353
0.00024190830779748042
0.00010817407268215737
6.319158074228874e-05
8.434282741561665e-05
5.796381702366315e-05
4.197226141325718e-05
0.0002254343182657953
0.00028160108148735135
0.0004992501247224777
0.00028160108148735135
0.0029403765345395335
0.0010050325758682985
0.00011503443660673675
0.0002523488729408909
8.747281778412745e-05
6.361419939672063e-05
6.974657006106929e-05
0.00026512709195566626
0.00026512709195566626
0.0001571072039612223
8.877434125805865e-05
4.699761410483564e-05
0.00011124674367197994
0.00011005176771309227
0.0001072578200509169
0.0006451463647616207
0.00029761066355799085
0.00012504694084580867
9.63481009927186e-05
0.0005273407832785337
0.0001509549648861446
0.00018943731509283413
7.692511590645118e-05
0.0001305966534316427
0.00018226990181190153
0.00017296332556114902
6.821609113194475e-05
0.00010122439566264222
5.075120676503981e-05
0.0002850827745368888
0.00034706225345792926
6.736712328136349e-05
9.357777818140716e-05
0.00028160108148735135
0.00024190830779748042
4.955227323013409e-05
6.361419939672063e-05
0.0004253121985020399
7.329628235538802e-05
0.00020719820300125398
0.00026512709195566626
0.00011005176771309227
0.00034200784403225275
5.460532301757817e-05
0.00024190830779748042
0.0006096397312910744
0.0002257871444631522
0.0002609532084182054
6.194212242426692e-05
5.8349438465819886e-05
0.0003048198656455372
0.0002523488729408909
0.0005928957691506718
0.0011857915383013437
0.0002022155341076095
8.313721303799668e-05
8.838971084017719e-05
0.0003048198656455372
0.0002523488729408909
0.00015793914936035303
0.0002022155341076095
0.00043380211035824116
0.0006096397312910744
0.00012652575724477738
0.0003048198656455372
0.0005109105682936084
0.00031587829872070606
0.0003445126393354081
0.00010546815665570673
0.00024190830779748042
0.00014142062959510656
0.00021265609925101995
0.00010635599719618252
0.0004179119287786583
0.0002681898647020983
0.00031155593158247575
0.00028160108148735135
0.00012282998672786765
0.0002665411037425561
0.001060508367822665
7.230035172637353e-05
0.0003445126393354081
7.181955218344332e-05
4.858598785399559e-05
0.0002022155341076095
8.458866180246497e-05
0.00031155593158247575
0.00010345113364000764
0.0003255003492205619
0.0002254343182657953
9.882133393977841e-05
0.00037148308915184875
0.0001404998254474534
6.988376666709985e-05
4.314696040505824e-05
0.0003445126393354081
6.0719344981102176e-05
0.00028160108148735135
0.0003048198656455372
0.00028160108148735135
5.748585108784512e-05
8.775662563938147e-05
0.0002665411037425561
0.0002402273311119038
7.152269999192442e-05
0.00022994340435138048
0.00043814631265816036
0.00041250616905208015
0.0007668759337290728
0.00015952090275993058
0.00017296332556114902
0.0001224635282038159
0.00011364458564740581
0.0001786002149029829
0.00021634814536431474
0.00018831923315635408
0.00010204836049347047
0.00011058433075168874
9.428041973007104e-05
0.00021868952363929462
0.00016750542931138308
0.0009113495090595078
0.00012471117360719907
0.00032177346015275067
0.00016316746541596546
0.0011264043259494054
0.00021396433916677613
0.0002022155341076095
0.0002022155341076095
4.9701535301641213e-05
2.7194577569327574e-05
0.00010424575751736001
0.00014786684637202829
9.882133393977841e-05
0.00025486586557191466
4.20406741751833e-05
9.364590766101028e-05
3.239065856933039e-05
0.00012748733884388144
2.809996508949068e-05
0.00015577796579123787
0.00011935834396384481
4.2263684778910786e-05
0.00014604877088605345
0.00012781265562151212
2.788883527617247e-05
0.00017296332556114902
0.0003550973650322346
5.5969994327846865e-05
0.0003389897576923918
0.0001898369334070898
0.00026246083027848724
0.0003048198656455372
0.00021868952363929462
0.0001182463756704821
2.7848705721148436e-05
0.00046616187149406077
0.00018943731509283413
0.00019865274779291394
9.357777818140716e-05
0.00031587829872070606
0.0001304766042091027
9.357777818140716e-05
0.00021265609925101995
0.00024190830779748042
0.00015369538836728852
1.457717690244662e-05
9.078383051923178e-05
0.00010546815665570673
6.472255688125435e-05
4.053698408137021e-05
8.373684749879846e-05
0.00010218211365872168
0.0003448008778473849
0.00041439640600250796
0.0002523488729408909
0.00024190830779748042
0.0002586006583855387
0.00020746546783199075
0.00017296332556114902
0.0006066466023228285
0.0028310174775065334
9.415961657817704e-05
0.0003048198656455372
0.00028160108148735135
0.00024190830779748042
0.0003445126393354081
0.00021868952363929462
0.0003048198656455372
0.0002254343182657953
0.00024190830779748042
0.0002127829940382499
0.0003445126393354081
0.0003048198656455372
0.00011199312541624447
0.00018226990181190153
0.00011983685775962179
7.07783710534348e-05
0.00021868952363929462
0.00012652575724477738
0.00016750542931138308
0.00013327055187127806
7.540181473711629e-05
4.699761410483564e-05
5.29060118505623e-05
0.00024190830779748042
0.00022249348734395988
0.00013327055187127806
0.0001775486825161173
0.00021545865655033
2.8384461603330566e-05
0.00019763192305022393
0.00013620784020344477
6.756504636104595e-05
7.180880735411046e-05
0.00023308093574703038
0.0003048198656455372
0.00027241568040688955
0.00025305151448955476
0.0001110142200787963
0.0003203702130927473
0.00037580143395496884
7.147122089668957e-05
5.4244031170791654e-05
0.00031587829872070606
0.00011199312541624447
0.00023308093574703038
0.00013696259798457288
0.00013604268030371281
0.0003445126393354081
0.0003048198656455372
0.0003048198656455372
0.0004011487888562057
9.216376639451723e-05
0.0003048198656455372
0.00020719820300125398
0.0003033717982122308
0.001515498520742673
0.00020719820300125398
4.7780044094256526e-05
7.855360198061116e-05
0.0006191947810468438
0.00041439640600250796
0.00026512709195566626
6.7112359673494e-05
9.882133393977841e-05
0.0002641061790056551
0.00021868952363929462
0.0002523488729408909
5.247099270464631e-05
0.00011066963564485069
0.0004041610956065016
0.00011412238980302325
0.00014604877088605345
0.00020968395066587066
0.0002523488729408909
0.00010715634783779955
6.031748671606983e-05
0.0001574129781139389
4.139382651767257e-05
0.00031155593158247575
0.0002523488729408909
0.00015577796579123787
4.714020986503552e-05
0.00018574154457592438
0.00011227853880227248
0.0002220284401575926
7.423517048810292e-05
8.137508730514048e-05
0.0006418380621699291
7.534166291686582e-05
0.00012781265562151212
0.0008448032444620541
0.0001072578200509169
5.831309962575858e-05
0.0002022155341076095
0.00021265609925101995
0.00012912914044569472
0.0001388249013831717
0.0001171555890188484
4.465005372574572e-05
0.0003048198656455372
8.747281778412745e-05
9.286640794318112e-05
6.621758259763797e-05
0.00023308093574703038
0.0002254343182657953
0.00010921064603515634
0.00025716467930653495
0.00019763192305022393
0.00031866228109589547
0.00021868952363929462
4.615856906628363e-05
8.869252440572026e-05
0.0005046977458817818
4.285101882773067e-05
0.0007290796072476061
0.0008486828703670419
0.0003445126393354081
0.00019922240513936366
8.434282741561665e-05
0.0003048198656455372
0.0001649599183415272
0.0002254343182657953
0.00014559230389401997
8.022975777124113e-05
0.0003524795277265647
5.6657132923970946e-05
6.802134015185641e-05
0.0001516858991061154
0.0001347203652021672
0.00019998967051893478
0.00010616755658015221
0.00018226990181190153
0.00015577796579123787
0.0001759006138933157
0.00016018510654637364
0.0010335379180062244
0.00016018510654637364
0.0001736659671098129
4.223397071792273e-05
0.0002523488729408909
0.00011169702664974076
5.075120676503981e-05
0.0001347203652021672
2.2456211985336728e-05
5.317363425331019e-05
4.952414481385738e-05
5.2122878758680006e-05
0.00020244879132528444
0.0003048198656455372
0.00017296332556114902
0.00021868952363929462
0.0002523488729408909
0.00024190830779748042
0.00017296332556114902
0.0004729855026819284
4.367769656580069e-05
0.00018574154457592438
0.00019763192305022393
2.6747195858180507e-05
0.00024190830779748042
0.00012652575724477738
0.001896404828160617
5.796381702366315e-05
0.00018715555636281432
7.766459661901517e-06
7.994559316820589e-05
0.0001885961934148982
0.00012912914044569472
0.00014091716935251314
0.0001516858991061154
0.00017240043892369244
0.00026512709195566626
0.0004508686365315906
0.00028160108148735135
0.00021265609925101995
0.00021265609925101995
0.00026512709195566626
7.534166291686582e-05
0.00037148308915184875
0.00012781265562151212
0.0003445126393354081
0.0003445126393354081
6.941380512886886e-05
0.0003445126393354081
0.00026512709195566626
5.796381702366315e-05
0.00027241568040688955
0.0001878425947429768
6.666322350631158e-05
3.4108045565972375e-05
0.00019005518302459253
4.404407380892754e-05
0.00017887273351164758
5.870081085718026e-05
4.2556598807649974e-05
0.0001388249013831717
4.1833252914258707e-05
3.886082829074023e-05
0.00026512709195566626
0.0005302541839113325
0.002411588475347857
7.250456725925569e-05
0.00017389145107098947
8.943636675582379e-05
0.0002786079525191055
0.000268449438693976
7.432840984520115e-05
0.00015636863627604
0.0001182463756704821
0.00013067314374049874
0.0006603503401408128
0.000510508133696921
0.00018293928384590229
0.0003518012277866314
7.0789747429268e-05
0.00018943731509283413
0.00010546815665570673
0.0002694407304043344
0.00018574154457592438
0.00022325026862872861
0.00012722839879344126
0.00013185654008438817
3.513065430763408e-05
0.00017846423119554513
9.651506651357384e-05
5.075120676503981e-05
0.00034200784403225275
5.699141569744954e-05
6.194212242426692e-05
0.0001759006138933157
8.557437096178534e-05
0.0002523488729408909
0.0001858263672728008
0.00015577796579123787
0.00012781265562151212
9.128434103831768e-05
0.00018943731509283413
7.692511590645118e-05
0.00014428664515319723
0.00011935834396384481
6.319158074228874e-05
0.00012362128468966128
0.00012458169813461155
0.00012282998672786765
5.607372572300532e-05
0.00023308093574703038
0.00011250168246874912
0.0003398211540958862
0.00023308093574703038
0.00010122439566264222
0.00023308093574703038
7.497546787299353e-05
0.00027241568040688955
0.0005302541839113325
8.022975777124113e-05
0.0002523488729408909
0.00011983685775962179
6.821609113194475e-05
5.2122878758680006e-05
9.135521666896112e-05
4.4955465477747424e-05
0.0004508686365315906
0.0006096397312910744
0.00020409672098694093
4.0821176067938625e-05
0.00010993781759243188
0.0001091052243814568
0.00013213222142678262
3.285494156481951e-05
8.747281778412745e-05
0.00016252276041773856
0.00018943731509283413
0.00020719820300125398
0.0003445126393354081
0.0003048198656455372
3.590977609172166e-05
4.502194983077943e-05
0.00021265609925101995
0.00014604877088605345
9.301489154395059e-05
9.651506651357384e-05
0.0006992428072410912
0.00013486639643324228
8.429989526847205e-05
0.00013773498584556177
9.385226479532649e-05
0.00010015499639440443
6.821609113194475e-05
0.00016273209351237497
6.821609113194475e-05
0.00010635599719618252
0.00012403560110548758
0.00028160108148735135
0.0003518012277866314
0.0004060096541203185
3.202061257528027e-05
0.0001749456355682549
8.557437096178534e-05
0.00019501361183198366
0.00015429880758392097
0.00019005518302459253
7.329628235538802e-05
0.0001110142200787963
0.00034200784403225275
0.00011503443660673675
0.00019288142610803923
0.0003445126393354081
0.00028160108148735135
0.00011440055628337711
6.577538296583579e-05
0.00024190830779748042
0.00010564247160226203
9.882133393977841e-05
0.00023732066139816582
0.0011264043259494054
0.0002254343182657953
8.877434125805865e-05
0.00019764649450998946
0.00012766979642294993
0.00014760163851168658
0.00010204836049347047
0.000134224719346988
0.00012526714465165627
0.00012526714465165627
0.00013243516519527594
0.00012912914044569472
0.00011250168246874912
8.373684749879846e-05
0.00033907392058754316
3.513065430763408e-05
0.00015124994450150666
0.00010817407268215737
0.00025486586557191466
0.000518889976683447
0.0002920975417721069
0.00016490672638864784
9.708383532188152e-05
0.00012495173790445037
0.00020409672098694093
4.6507445771975295e-05
0.0001182463756704821
8.33646272305391e-05
0.00011364458564740581
6.0719344981102176e-05
0.0003048198656455372
0.00014604877088605345
0.00035473912701144636
0.0008993036691131063
0.0004477599546227749
5.1432935861306986e-05
0.0001376447918157433
0.00028954519954072156
0.00010041211867097313
0.00011066963564485069
0.0001808592847541737
0.00015333110166675196
0.00016252276041773856
0.00017016937789897363
0.00010122439566264222
7.230035172637353e-05
3.886082829074023e-05
0.00020133707902048203
0.00030345852256282265
0.0003299198366830544
0.00011009893416487524
0.0007570466188226727
0.00011199312541624447
0.00016627442607599336
8.313721303799668e-05
8.452736955782157e-05
8.653878523979725e-05
2.102657129123125e-05
0.00037957727173433217
0.00016750542931138308
0.00024190830779748042
0.0002254343182657953
0.0002022155341076095
0.0001560112230089128
0.0001516858991061154
0.00023308093574703038
0.00026512709195566626
0.0004277313843660919
0.000824799591707636
8.511319761529995e-05
0.00014604877088605345
9.078383051923178e-05
0.00011503443660673675
0.00011503443660673675
0.0001516858991061154
9.301489154395059e-05
3.9658718043454474e-05
4.8753402957995915e-05
0.00010993781759243188
5.8737674310595896e-05
0.0002941266364670725
0.001213293204645657
4.3444439348125764e-05
1.3835441063278559e-05
8.330115860296691e-05
0.00010156566436970441
0.00024098466571300541
6.570988312963902e-05
8.079955916663178e-05
0.00024190830779748042
0.00044923362420888955
8.944000659287516e-05
7.083819822352383e-05
0.00013185654008438817
0.0001091052243814568
0.00011400261467741758
9.48389060365663e-05
0.0007444919803732777
0.0005928957691506718
9.488601809716333e-05
0.00040819344197388186
0.00010204836049347047
0.00034033875579794726
0.00010635599719618252
9.782273410950783e-05
0.0022122019126866576
9.49184667035449e-05
0.00021868952363929462
0.0005571984476590868
0.00014264289277785076
0.00013930397625955276
5.574454534235004e-05
0.00010122439566264222
0.00023308093574703038
0.00013788996447266287
0.00014257712812203063
0.0006096397312910744
0.00013253742747104322
5.3940899632881295e-05
0.00019764266787955682
0.00014460070345274705
0.00017887273351164758
0.0002665411037425561
1.4192230801665283e-05
0.0002254343182657953
0.00016058464425944846
0.0002220284401575926
0.00019454709739663377
7.132144638892538e-05
0.00028160108148735135
0.0001650875850352032
4.741945301828315e-05
0.00014786684637202829
0.0002918206460949507
0.0003233556657338004
8.943636675582379e-05
0.00010122439566264222
8.394452282651436e-05
0.0001347203652021672
0.00012458169813461155
9.63481009927186e-05
7.430984098754663e-05
0.00016750542931138308
0.0003445126393354081
0.00037148308915184875
0.00020918774292665263
0.00034033875579794726
0.00015821377426544387
0.0003250455208354771
0.0004948797550245816
0.0004948797550245816
0.0002364927513409642
8.982484794134691e-05
0.00037957727173433217
4.025419551773768e-05
8.811988193164118e-05
7.447436175164584e-06
0.00014361761470822092
0.0003048198656455372
0.00012403560110548758
0.00017030676961998342
4.9743593065952855e-05
0.00012766979642294993
0.0001649599183415272
0.00028160108148735135
6.277205822301274e-05
9.146964192295114e-05
2.1634696309949312e-05
0.00013620784020344477
0.00014760163851168658
7.446468443316051e-05
0.00010993781759243188
5.388500449153621e-05
0.00019763192305022393
0.00013773498584556177
0.00015821377426544387
0.00037887463018566826
0.00024190830779748042
0.0001072578200509169
6.577538296583579e-05
0.00023308093574703038
3.4108045565972375e-05
0.00014428664515319723
0.00012049233285650271
0.00016750542931138308
0.00016252276041773856
4.682295383050514e-05
0.00010459387146332631
0.00012526714465165627
5.570307997751106e-05
0.00019338816205715943
1.779449901210744e-05
0.00010345113364000764
6.577538296583579e-05
3.0190992977228922e-05
3.3352897465697185e-05
0.0003983278513698693
4.434626220286013e-05
0.00021868952363929462
9.216376639451723e-05
0.00034592665112229804
0.00012504694084580867
0.0002254343182657953
0.0003048198656455372
0.00019763192305022393
4.139382651767257e-05
0.0002182104487629136
0.00037148308915184875
7.692511590645118e-05
0.0002523488729408909
0.0001516858991061154
0.00012403560110548758
0.0001222480865148617
7.430984098754663e-05
0.00015793914936035303
5.5290964014746184e-05
3.643514278365057e-05
2.6608780522378978e-05
0.0002254343182657953
0.00011935834396384481
7.534166291686582e-05
0.0001072578200509169
0.0001091052243814568
0.0002022155341076095
0.00019338816205715943
0.00018943731509283413
0.00018943731509283413
0.0003445126393354081
3.310337825713905e-05
0.0001304766042091027
0.0004016484746838925
0.00018021227083476864
8.25437925176016e-05
0.000404431068215219
7.774314624014619e-05
7.329628235538802e-05
0.0001110142200787963
7.6392418411496e-05
4.3653772442762176e-05
0.0001885961934148982
3.858617755916158e-05
4.6507445771975295e-05
0.00039526384610044787
0.00015385023181290237
0.00031587829872070606
0.0003048198656455372
6.031748671606983e-05
0.00012912914044569472
0.00015793914936035303
4.404407380892754e-05
7.966557027397387e-05
5.9522132711598164e-05
6.067696556981987e-05
0.0001388249013831717
0.00024239867749989536
9.216376639451723e-05
8.557437096178534e-05
0.0004508686365315906
0.0002220284401575926
0.00021265609925101995
9.576649941287627e-05
4.404407380892754e-05
0.00012403560110548758
0.00013930397625955276
0.00025825828089138945
0.00023566080594183348
0.0002254343182657953
4.714020986503552e-05
0.00016159911833326355
9.357777818140716e-05
0.00013620784020344477
3.6699644721625075e-05
0.0002523488729408909
8.943636675582379e-05
6.756504636104595e-05
8.629392081011648e-05
5.8349438465819886e-05
4.699761410483564e-05
0.00021265609925101995
0.00010459387146332631
0.00034592665112229804
8.89724950605372e-06
0.00019454709739663377
0.00013620784020344477
3.6927058914167484e-05
0.00020719820300125398
0.00011199312541624447
0.00019338816205715943
8.313721303799668e-05
0.0003518012277866314
2.6970449816440647e-05
3.114542453365289e-05
6.941245069158585e-05
0.00015369538836728852
8.313721303799668e-05
0.00036453980362380307
0.00012912914044569472
0.00017016937789897363
3.234908161754236e-05
3.804079660100775e-05
0.0008506243970040798
0.0005046977458817818
7.534166291686582e-05
0.00046616187149406077
0.00044923362420888955
0.00010288435443215967
0.0002523488729408909
0.00019338816205715943
9.42980967074491e-05
0.00012912914044569472
0.00014460070345274705
0.00011747534862119179
7.80056115044564e-05
2.224934873439599e-05
0.0003250455208354771
7.80056115044564e-05
0.0004341649177745323
7.230035172637353e-05
0.00019454709739663377
0.0006066466023228285
0.0001110142200787963
0.00010817407268215737
9.286640794318112e-05
0.00013243516519527594
0.00019340673091481394
0.00016048317514908306
0.00011904426542319633
0.0005999690115568043
9.961120256968183e-05
0.001647189955432595
0.0001686856548312333
0.00014428664515319723
8.373684749879846e-05
0.00017738568074972244
5.7200278141688556e-05
9.357777818140716e-05
7.279615194700999e-05
0.0011542931612255778
0.00012306324394554256
9.286640794318112e-05
0.0001759006138933157
2.1228562921340357e-05
0.0003445126393354081
0.000404431068215219
0.00010122439566264222
0.00012282998672786765
8.620021946184622e-05
4.5881597271914425e-05
0.00018943731509283413
5.574454534235004e-05
5.260656451436804e-05
0.00011364458564740581
7.044097302861631e-05
0.0001848268702558875
9.651506651357384e-05
0.00029948908280592635
0.00026512709195566626
0.00021868952363929462
0.00011503443660673675
0.0002920975417721069
0.0002466407128605651
0.0003048198656455372
6.52151560730052e-05
0.00024126994686427932
0.00011400261467741758
0.0001686856548312333
0.0003445126393354081
0.0002523488729408909
8.943636675582379e-05
8.495528852397155e-05
8.683298355490645e-05
0.00015533060469924065
4.9411623627497365e-05
7.746281532897747e-05
0.00014760163851168658
0.00012652575724477738
0.00020719820300125398
0.00021868952363929462
4.139382651767257e-05
0.00023401683451336922
0.0005302541839113325
0.0003445126393354081
0.0004253121985020399
0.0002068349467089943
0.00017240043892369244
0.0003048198656455372
0.00026512709195566626
7.430984098754663e-05
0.00016018510654637364
0.00015577796579123787
9.727354869831689e-05
0.00014604877088605345
0.0003445126393354081
0.00021868952363929462
0.000780056115044564
0.00021265609925101995
0.0004729855026819284
5.2821235801131016e-05
7.855360198061116e-05
0.0001759006138933157
0.00021868952363929462
5.177686823308022e-05
9.651506651357384e-05
0.0002254343182657953
0.0003445126393354081
0.00024190830779748042
8.313721303799668e-05
0.0003299198366830544
0.0017225631966770406
7.692511590645118e-05
0.00017296332556114902
0.00010459387146332631
9.42980967074491e-05
0.0005771465806127889
0.0003445126393354081
0.0001516858991061154
0.00020244879132528444
0.00021265609925101995
0.0001128935722315761
0.0001171555890188484
0.00015846370740339307
0.00013620784020344477
8.434282741561665e-05
0.00013773498584556177
0.00015793914936035303
4.197226141325718e-05
4.168231361526955e-05
0.00012912914044569472
9.216376639451723e-05
0.00010564247160226203
9.49184667035449e-05
0.0003048198656455372
0.00012076258655321303
2.0825289650741727e-05
7.3930748102355e-05
0.0002523488729408909
8.808814761785507e-05
6.446891030493798e-05
8.991093095549485e-05
9.49184667035449e-05
0.00015821377426544387
7.430984098754663e-05
0.00014142062959510656
6.446891030493798e-05
0.00028289429012234727
4.6507445771975295e-05
0.00012807992045224892
0.00020988397081858523
0.0002523488729408909
9.576649941287627e-05
0.00010204836049347047
0.00012912914044569472
0.00012164923215865265
3.590977609172166e-05
4.9411623627497365e-05
4.745923335177245e-05
0.00017016937789897363
6.533657187024937e-05
0.0001171555890188484
4.714020986503552e-05
0.00028160108148735135
0.00026512709195566626
0.00013327055187127806
0.00016750542931138308
2.878852530241551e-05
0.0002254343182657953
8.498569938595643e-05
4.8102662230739566e-05
7.083819822352383e-05
6.031748671606983e-05
0.00010122439566264222
0.0005912318783524106
0.00015369538836728852
0.000404431068215219
0.00012526714465165627
9.23873330668001e-05
2.995485009512438e-05
0.00013185654008438817
0.0003445126393354081
0.00019608442431138165
0.00010546815665570673
6.756504636104595e-05
7.329628235538802e-05
6.319158074228874e-05
4.285101882773067e-05
0.0003445126393354081
0.00023308093574703038
0.00014257712812203063
0.00010373273391599538
0.00010817407268215737
0.00011503443660673675
0.00018574154457592438
7.910688713272194e-05
5.796381702366315e-05
0.00023308093574703038
8.373684749879846e-05
9.146964192295114e-05
8.683298355490645e-05
0.00018574154457592438
0.00010459387146332631
0.00013327055187127806
0.00010204836049347047
0.00013773498584556177
0.0002022155341076095
0.0002254343182657953
0.00028160108148735135
0.0001304766042091027
8.022975777124113e-05
6.577538296583579e-05
0.0002254343182657953
0.0003445126393354081
0.00013185654008438817
0.00011298905604525895
0.00011214745144601064
0.00012781265562151212
4.2556598807649974e-05
0.00020719820300125398
0.00026512709195566626
0.0003048198656455372
9.010613541738432e-05
4.285101882773067e-05
7.534166291686582e-05
0.00014604877088605345
9.961120256968183e-05
0.00027235149155769537
0.0002941266364670725
0.00018574154457592438
5.1432935861306986e-05
6.621758259763797e-05
2.6970449816440647e-05
0.0002523488729408909
0.00012049233285650271
0.00024190830779748042
0.00011935834396384481
0.0002254343182657953
0.0005801644861714784
0.0001008105259965513
0.00015369538836728852
0.0005302541839113325
0.0001759006138933157
1.6010306287640135e-05
0.00018432753278903446
7.112917952742474e-05
0.00017114874192357068
0.00020918774292665263
2.901989760813155e-05
0.0001376447918157433
0.00019763192305022393
0.0006890252786708163
0.00010817407268215737
0.00015793914936035303
8.434282741561665e-05
0.00013243516519527594
0.0002254343182657953
0.00019153299882575253
0.00017016937789897363
8.557437096178534e-05
7.692511590645118e-05
0.00011298905604525895
0.00025825828089138945
0.00011904426542319633
2.2456211985336728e-05
0.0011264043259494054
6.031748671606983e-05
0.00018226990181190153
0.00011608519210136693
0.00010546815665570673
0.00024190830779748042
0.00033501085862276615
9.727354869831689e-05
0.00010424575751736001
0.0001759006138933157
0.00016750542931138308
0.00012781265562151212
0.00023308093574703038
0.0001171555890188484
0.0003445126393354081
9.357777818140716e-05
0.0002022155341076095
0.0002300688732134735
0.00015577796579123787
0.00015080362947423258
5.607372572300532e-05
8.137508730514048e-05
0.00020719820300125398
0.00014974454140296317
0.0003203702130927473
0.0024385589251642976
6.112404325743085e-05
0.00026512709195566626
6.974657006106929e-05
0.00014964685599501
0.00011400261467741758
0.0001789967499494237
0.00016018510654637364
0.00014604877088605345
0.0006379682977530599
0.00023308093574703038
4.285101882773067e-05
6.802134015185641e-05
0.00020719820300125398
0.0001303333180443773
0.0001171555890188484
7.329628235538802e-05
0.00011005176771309227
0.00015793914936035303
0.00025305151448955476
7.910688713272194e-05
0.00020409672098694093
7.026130861526816e-05
0.00016750542931138308
0.00011935834396384481
0.00020544389697685933
0.0002068349467089943
5.8349438465819886e-05
5.460532301757817e-05
0.00016252276041773856
5.9522132711598164e-05
0.0003048198656455372
0.00028160108148735135
2.0225655189939958e-05
0.00016747369499759692
0.00019454709739663377
5.6822292823702907e-05
0.00016750542931138308
0.0001171555890188484
9.010613541738432e-05
0.000404431068215219
0.00010459387146332631
0.00018293928384590229
0.00012722839879344126
7.430984098754663e-05
8.079955916663178e-05
5.4244031170791654e-05
9.727354869831689e-05
7.132144638892538e-05
0.00010041211867097313
3.187183471097036e-05
0.00023308093574703038
0.00014428664515319723
0.00013930397625955276
0.00015577796579123787
6.87239817005203e-05
0.0002254343182657953
0.0001649599183415272
8.373684749879846e-05
6.7112359673494e-05
0.00016252276041773856
0.00021868952363929462
0.00018574154457592438
0.0001759006138933157
0.00033501085862276615
0.00019338816205715943
0.0001347203652021672
0.0001171555890188484
0.00014974454140296317
0.00017296332556114902
0.00016252276041773856
0.0001759006138933157
0.0008294738975506552
0.00029573369274405657
7.180880735411046e-05
0.0002254343182657953
6.361419939672063e-05
8.570203765546134e-05
0.0001091052243814568
0.00010288435443215967
9.42980967074491e-05
9.216376639451723e-05
0.00019338816205715943
9.651506651357384e-05
0.00013486639643324228
6.27730777187847e-05
0.00017617629523571015
9.010613541738432e-05
0.0003048198656455372
9.010613541738432e-05
0.0002022155341076095
3.470690256443443e-05
6.87239817005203e-05
0.00016165501347460863
0.0006096397312910744
9.576649941287627e-05
0.00021868952363929462
0.00010288435443215967
0.0003445126393354081
0.0001649599183415272
2.85580840748944e-05
4.285101882773067e-05
0.00012781265562151212
6.988376666709985e-05
0.00012912914044569472
0.00028160108148735135
0.0001110142200787963
0.0003445126393354081
0.0003445126393354081
0.00023308093574703038
3.463639984636878e-05
5.9522132711598164e-05
0.0001091052243814568
5.7200278141688556e-05
6.577538296583579e-05
0.0002254343182657953
6.923413459535143e-05
0.00029573369274405657
0.00018943731509283413
0.00011935834396384481
0.00011516155001689191
8.195645846878171e-05
2.1634696309949312e-05
7.772165658148047e-05
0.00020719820300125398
6.756504636104595e-05
7.855360198061116e-05
0.0002364927513409642
5.570307997751106e-05
0.0003048198656455372
0.0003445126393354081
9.804221215569082e-05
0.00016252276041773856
0.0002022155341076095
0.00012912914044569472
7.279615194700999e-05
0.00024190830779748042
0.0002523488729408909
0.00026512709195566626
0.0002523488729408909
0.00010546815665570673
0.0009492826455926633
0.001732517174326615
0.00016252276041773856
0.00017389145107098947
0.00013185654008438817
2.4561259936070705e-05
8.25437925176016e-05
0.0002523488729408909
0.00021265609925101995
5.6551361052837226e-05
0.00019763192305022393
2.0027164288394988e-05
3.36035086655171e-05
0.00018574154457592438
0.00013620784020344477
3.913680264541372e-05
0.00021265609925101995
0.0003445126393354081
0.0003299198366830544
0.0006096397312910744
0.00010373273391599538
0.0004955695762433323
0.0003048198656455372
0.0003445126393354081
0.00023308093574703038
0.00015793914936035303
0.00020244879132528444
0.0002523488729408909
0.000404431068215219
7.994559316820589e-05
0.0002022155341076095
0.00020244879132528444
0.0012617443647044545
0.0004788324970643813
0.0007828596252546163
0.0011603289723429568
0.0004890618938895792
0.0009113495090595078
0.0012095415389874022
8.620021946184622e-05
0.00011503443660673675
0.0003445126393354081
0.0003048198656455372
0.00014604877088605345
9.804221215569082e-05
0.000140060035614541
0.0001304766042091027
0.0005302541839113325
0.001855889643689664
0.00021868952363929462
7.380081925584329e-05
0.0003048198656455372
0.00015933114054794773
0.0002022155341076095
7.279615194700999e-05
0.0002254343182657953
3.617185695083474e-05
0.005895400025428651
0.00012403560110548758
0.0003445126393354081
0.00026512709195566626
0.00026512709195566626
0.0002523488729408909
0.00031595790371144374
0.0003048198656455372
0.0010335379180062244
0.00021271199439236503
9.146964192295114e-05
0.00034791539968959893
0.00023215302083323197
0.0003048198656455372
0.0003445126393354081
0.0007905706715182273
0.002756101114683265
0.0003404527904611998
0.002411588475347857
0.0007382770965899472
0.000913336229463719
5.607372572300532e-05
0.00011400261467741758
0.0003445126393354081
0.0006096397312910744
0.00028160108148735135
0.000557215905038211
0.00017016937789897363
0.00010635599719618252
0.00016252276041773856
0.00014604877088605345
3.617185695083474e-05
0.00019763192305022393
0.00034200784403225275
0.0006890252786708163
0.00014786684637202829
0.0003048198656455372
0.00016018510654637364
0.00016018510654637364
0.0003048198656455372
0.00028160108148735135
0.00010373273391599538
0.0003048198656455372
0.00018943731509283413
0.00018226990181190153
0.0003445126393354081
7.4823427997505e-05
8.869252440572026e-05
0.0002254343182657953
0.0006096397312910744
0.00018574154457592438
0.00016252276041773856
8.683298355490645e-05
0.0001182463756704821
0.0003048198656455372
0.00019338816205715943
0.0003445126393354081
0.0003048198656455372
0.0003445126393354081
0.0003445126393354081
0.0003445126393354081
0.00026512709195566626
0.0002254343182657953
0.0009144595969366116
0.0003048198656455372
0.0003445126393354081
0.00021265609925101995
0.0002022155341076095
0.00012526714465165627
0.0002022155341076095
0.0002432984643173053
0.00019732614889750736
0.00023732066139816582
0.00037887463018566826
0.0003518012277866314
0.0002523488729408909
0.00023308093574703038
0.00023308093574703038
0.0003048198656455372
0.0003048198656455372
0.00018021227083476864
3.750056082291637e-05
0.00016018510654637364
3.7770041639106536e-05
0.00014091716935251314
0.00011364458564740581
5.1432935861306986e-05
9.556008818851305e-05
3.6699644721625075e-05
0.00021265609925101995
0.00010459387146332631
0.0003203702130927473
0.00026512709195566626
0.00025305151448955476
0.00016018510654637364
0.00021265609925101995
0.00021868952363929462
6.988376666709985e-05
4.285101882773067e-05
0.00015577796579123787
0.00010288435443215967
7.966557027397387e-05
8.313721303799668e-05
8.313721303799668e-05
0.00010041211867097313
0.00015933114054794773
5.4244031170791654e-05
0.00016252276041773856
9.010613541738432e-05
4.526251483410062e-05
0.00028160108148735135
0.0003445126393354081
0.00015369538836728852
0.00012282998672786765
0.00010122439566264222
6.194212242426692e-05
0.00021265609925101995
0.00035660723194462686
0.0002145156401018338
0.00027546997169112353
0.00018226990181190153
0.00013773498584556177
5.644678611578805e-05
0.00018574154457592438
0.00028160108148735135
0.0017225631966770406
0.00028160108148735135
0.0009144595969366116
0.0003048198656455372
0.0008448032444620541
0.00011199312541624447
0.00028160108148735135
0.00028160108148735135
0.00012912914044569472
0.0005046977458817818
0.0007257249233924413
9.078383051923178e-05
0.00021265609925101995
0.00037148308915184875
0.00043285993545959174
0.00019763192305022393
0.00021868952363929462
0.00019338816205715943
0.00026512709195566626
0.00034033875579794726
0.0005989781656118527
5.1432935861306986e-05
0.00014428664515319723
8.079955916663178e-05
0.0009476348961621183
0.0001516858991061154
0.0009881596152511198
7.910688713272194e-05
0.0003445126393354081
0.00023217038420273386
9.502759151229627e-05
0.00018943731509283413
4.053698408137021e-05
0.0003048198656455372
0.00028160108148735135
0.0003445126393354081
0.0003445126393354081
0.0003445126393354081
0.0003445126393354081
7.80056115044564e-05
9.576649941287627e-05
3.926446933908971e-05
0.00021868952363929462
2.0101638752163856e-05
0.00015793914936035303
0.00011199312541624447
0.00013185654008438817
9.948718613190571e-05
9.576649941287627e-05
0.00028160108148735135
9.651506651357384e-05
0.0003445126393354081
0.00028160108148735135
0.0002254343182657953
0.00023308093574703038
0.00028160108148735135
0.00021868952363929462
0.0003048198656455372
9.010613541738432e-05
0.00023871668792768962
0.00028160108148735135
0.00023308093574703038
0.00014974454140296317
0.00018432753278903446
0.00026512709195566626
0.00014257712812203063
0.0003518012277866314
0.00016750542931138308
0.00036453980362380307
6.941245069158585e-05
8.313721303799668e-05
0.0001091052243814568
2.287067021221952e-05
0.00012049233285650271
0.00012912914044569472
0.00013620784020344477
0.0003048198656455372
0.0002523488729408909
0.0001516858991061154
0.00021868952363929462
0.0001516858991061154
0.00017296332556114902
6.941245069158585e-05
4.139382651767257e-05
0.00028160108148735135
7.129777845398976e-05
0.00020576870886431935
5.8349438465819886e-05
0.00021868952363929462
0.00010373273391599538
9.357777818140716e-05
0.0003445126393354081
0.0003048198656455372
0.0003445126393354081
0.00014257712812203063
0.00018226990181190153
0.00028160108148735135
0.0002523488729408909
0.00028160108148735135
0.0002456599734557353
8.683298355490645e-05
0.00014786684637202829
0.00018943731509283413
6.802134015185641e-05
0.0003445126393354081
0.0003048198656455372
0.00016252276041773856
0.00043737904727858925
0.0003048198656455372
0.00028160108148735135
7.279615194700999e-05
3.090532117241532e-05
7.966557027397387e-05
0.00011400261467741758
0.0002254343182657953
0.00012526714465165627
6.848129899228644e-05
0.00021265609925101995
0.00016252276041773856
0.0001649599183415272
7.230035172637353e-05
0.00011608519210136693
0.00011400261467741758
0.0003445126393354081
0.00010546815665570673
4.025419551773768e-05
0.00014091716935251314
0.00017114874192357068
0.00018156766103846357
0.0003445126393354081
0.0003048198656455372
0.00010204836049347047
0.0003048198656455372
0.0002523488729408909
0.00024190830779748042
0.00012282998672786765
0.0004508686365315906
0.00012781265562151212
2.630328225718402e-05
0.00010817407268215737
0.00014428664515319723
0.00016252276041773856
0.00010635599719618252
4.0821176067938625e-05
0.00014974454140296317
0.00011503443660673675
0.0001789967499494237
7.132144638892538e-05
0.0001699105770479431
0.00020719820300125398
0.00011503443660673675
0.00019338816205715943
3.8871573120073095e-05
5.6822292823702907e-05
0.0001516858991061154
1.4013558058394432e-05
0.0001789967499494237
0.0003445126393354081
0.00023308093574703038
0.00026512709195566626
3.858617755916158e-05
0.00013327055187127806
0.0002523488729408909
0.0002523488729408909
0.00038677632411431885
4.8753402957995915e-05
0.0003445126393354081
0.0001649599183415272
0.00017016937789897363
0.00021265609925101995
0.0003445126393354081
0.00019338816205715943
7.966557027397387e-05
0.00019338816205715943
0.0001649599183415272
0.00024190830779748042
7.4823427997505e-05
4.557121945104452e-05
5.109105682936084e-05
0.0001571072039612223
0.0003250455208354771
3.276190406626878e-05
0.00023308093574703038
0.0003445126393354081
6.802134015185641e-05
6.988376666709985e-05
0.00018943731509283413
4.8102662230739566e-05
7.534166291686582e-05
0.00012164923215865265
3.436199085026015e-05
0.00023308093574703038
8.313721303799668e-05
3.750056082291637e-05
7.746281532897747e-05
5.388500449153621e-05
0.00017016937789897363
0.00026512709195566626
0.00018943731509283413
0.00021868952363929462
3.53891855267174e-05
4.2556598807649974e-05
0.0003445126393354081
0.00027241568040688955
9.651506651357384e-05
0.00021868952363929462
4.6507445771975295e-05
0.000824799591707636
0.0006379682977530599
0.00015793914936035303
4.374347171308121e-05
0.00024190830779748042
0.00011400261467741758
0.0002254343182657953
0.00028160108148735135
7.380081925584329e-05
0.0002665411037425561
0.00028160108148735135
2.3921425706849705e-05
0.00039526384610044787
0.000621594609003762
7.586463064070566e-05
7.746281532897747e-05
0.00023308093574703038
0.0004805553196391209
0.000404431068215219
0.0003445126393354081
8.747281778412745e-05
0.0003048198656455372
0.00031155593158247575
0.00011503443660673675
0.0001789967499494237
0.00017296332556114902
0.00018943731509283413
0.00014604877088605345
0.00028160108148735135
0.00010635599719618252
3.3352897465697185e-05
0.00015577796579123787
2.6747195858180507e-05
0.0002523488729408909
0.0003048198656455372
0.00026512709195566626
8.811988193164118e-05
3.0666220333350395e-05
0.00015369538836728852
0.0003445126393354081
0.00010122439566264222
0.00048381661559496083
0.00014974454140296317
0.00028160108148735135
0.00018226990181190153
0.0003048198656455372
8.022975777124113e-05
0.0002523488729408909
0.0002300688732134735
0.0001789967499494237
7.80056115044564e-05
0.00028160108148735135
0.00026512709195566626
0.00011298905604525895
0.0001347203652021672
0.0002523488729408909
0.00028160108148735135
0.00013327055187127806
0.00010041211867097313
0.00012781265562151212
0.00021265609925101995
9.576649941287627e-05
8.495528852397155e-05
0.00011608519210136693
0.0002523488729408909
0.00026512709195566626
0.00014604877088605345
7.180880735411046e-05
0.00023308093574703038
0.00018943731509283413
0.00017016937789897363
0.00014786684637202829
0.00012164923215865265
4.9411623627497365e-05
6.235558680359954e-05
0.00012164923215865265
8.557437096178534e-05
0.0003048198656455372
0.00014786684637202829
0.00017016937789897363
8.373684749879846e-05
6.988376666709985e-05
0.0003445126393354081
6.194212242426692e-05
0.00018226990181190153
9.286640794318112e-05
0.00028160108148735135
0.00048381661559496083
0.00021265609925101995
0.00014091716935251314
4.285101882773067e-05
0.0001347203652021672
0.0002254343182657953
8.022975777124113e-05
0.0002523488729408909
0.00016252276041773856