0.009732353332427722
0.001385913815185692
0.017203935845181942
0.0017587100000454755
0.00619969602253343
0.010082095037030794
0.005120048545198313
0.005120048545198313
7.628005209612327e-05
9.569604352108166e-05
0.0001191516453390055
0.0003799577019803178
0.00887657517562909
0.0001613224177149737
0.0001267681481626838
0.00017199360123696032
0.0027626130959344302
0.00072838828099205
0.0008851483824857629
0.0008001662499276764
0.0016922859963333804
0.0003828829083673472
0.00016660838986895334
0.0001716154231947801
0.00013322159971157238
0.0009783071294451554
0.00042686482483689486
0.00018498855747507465
0.0007715906902001466
3.80633142033064e-05
0.00018172356738564387
0.00015178942095590115
0.0003662122208133552
9.152390768215769e-05
0.00018577429467048434
0.00047225720633572895
0.00018498855747507465
0.00010788993962975233
8.315640437394878e-05
0.00035007221338695605
0.00045830225185377157
0.00010403646782231496
0.0008110195149054033
5.91363393330142e-05
2.3138843155359697e-05
3.704448687559736e-05
3.7230585365026485e-05
0.00011375037127850067
0.00010739324608668175
8.185855235908519e-05
0.0001909811822668568
0.00011064354781072036
0.00024928582946065134
0.00048221516562622815
4.3994448623389074e-05
0.0001126403665221683
5.3381328910730326e-05
0.0003736693023751123
0.00018574005000152605
0.0007830601393661073
0.0001383357161138047
0.0004225986435361664
0.0008650112458438061
5.7228479585670766e-05
5.071627861946968e-05
0.000169480856994406
6.69182133415838e-05
0.00013249492707393103
0.0009259088282401759
0.0002862487524241191
0.0003866085964111056
6.362397073224342e-05
0.00010826199643286965
0.00023357185856696816
7.168695579918684e-05
0.00019390751618053055
0.001725210060813859
5.792557454667594e-05
0.005302822383335176
9.687004261992843e-05
0.00013883305893215816
0.0001950519347452071
0.0009736692011492514
0.000794762140811668
0.00025872692234326494
0.0008650980739935753
9.709555361131771e-05
0.00013669879850987846
0.0003406464881274324
3.153543539066465e-05
0.00025295783440152216
0.0001738221146535227
5.474723250706694e-05
0.00017132193598190634
1.3853631936179588e-05
6.282139641398383e-05
0.00010322525235353886
0.00011466035945857291
0.00045390303371937454
0.00016067737117229518
0.00013489062457111415
0.00010826199643286965
2.099716087065692e-05
0.0003260123905028563
0.0003684647943477275
0.00018522243437798678
0.0001738221146535227
0.004719424137856453
0.0008695276000073267
0.0004576195384107884
0.0003684647943477275
0.0008285474005237391
0.00016835707601411829
1.9131660132572707e-05
0.00012192861792603794
0.0002835599866579852
0.00011944850728814605
0.00010826199643286965
0.000369504383864663
0.0003684647943477275
0.0007761807670297948
0.0008506799599739556
0.0002395588388539834
0.0018423239717386371
0.00010653664649393133
0.0003260123905028563
0.00014375913677579
0.0003260123905028563
0.029477183547818194
0.002579253560434092
0.0017283425658432814
0.0011053943830431825
0.01362529466539881
0.0003684647943477275
0.00017915120235474958
0.0002216036061996207
0.002437639668195828
0.00030117932618813607
0.0003684647943477275
0.00589543670956364
0.00589543670956364
0.0012936346117163246
8.55037905214601e-05
0.0073692958869545485
0.000736929588695455
0.00026689158528877513
0.012331147530485259
0.00147385917739091
0.0007484347483568723
0.0003684647943477275
8.298266085804026e-05
0.0012047173047525443
0.009941986776030644
0.0019705456621297735
0.00015067672809167287
0.002545286656165928
0.0006273233253214828
0.0008219051088545453
0.0005174538446865299
0.0012345451043202346
8.021555585418073e-05
0.00019714285836582113
0.0001035814264796689
0.00025872692234326494
0.00011758121684120765
0.00012217431088647535
0.0008713688372631144
4.9600699128453094e-05
0.0002274409613199458
0.00022728961866896267
0.0001329430501224764
0.0002685450794321414
0.000584826513330191
0.00029518453463166894
0.0003866085964111056
0.0001581472518524133
8.314821902203763e-05
0.0007138889808366721
0.00011569421577679847
0.00013107296521479257
0.00014354406528162248
0.0005355912372409839
0.00010943819668833784
0.0004692867398534719
0.00013975816134930794
0.00031150069401261434
0.0003260123905028563
0.0001581472518524133
0.0001118657341951582
0.00023389385802854472
0.00013397631152702882
0.00016283901513442192
0.0001466296291776882
0.003254504721122451
0.0015139216294887566
0.0003355972025854746
0.00024110758281311407
0.0001410238330277817
0.0003146746675042802
4.010777792709037e-05
0.0035691001119809817
0.00036289848164550913
0.0002642347719580736
0.0003640007226021199
5.6264022743896104e-05
0.0004227444660592014
0.00019852776932960547
0.0001956580917624204
0.0003260123905028563
0.000634116699088802
0.00019494217111006368
0.0002113722330296007
4.808098296195692e-05
6.987908067465397e-05
0.00032217973826004524
0.0003086819266884182
3.195806731150099e-05
0.0009290272711818498
0.00025725699763906514
0.00043254903699678764
5.137025647389485e-05
0.00017331413616158845
0.00015899214786800324
0.0001231601612711997
4.2385333425974135e-05
0.00025804417952597587
0.0003079203198872191
0.00010226314812353656
2.514857292496996e-05
0.00024928582946065134
0.0001622318232718628
0.0036282468938609097
0.00010220387939947583
0.0006382835147523615
0.0001452281395438524
0.00027657980442757376
0.00015642891328449064
0.00010703793292445112
7.576320622298757e-05
0.00015050137094122426
0.0003684647943477275
0.00011001759570502108
2.630223842579942e-05
0.00012370577116074577
3.0653383977800794e-05
0.0002826373620929966
9.42463946650073e-05
0.0002229013301778341
0.0005370901588642828
0.00014948483610302787
0.0004426762102026637
4.111409562988871e-05
9.494635511227147e-05
0.0006778762214221923
0.0006905340580596169
0.0011053943830431825
0.00147385917739091
0.000736929588695455
0.000736929588695455
0.0003079203198872191
0.0025898398046510446
0.0031584225077073242
0.0007204338243500466
0.002934111514525707
0.0002351624336824153
0.0002733975970197569
0.00021208672067887248
0.00019494217111006368
0.00011569484800754218
6.848157281035927e-05
8.314821902203763e-05
0.00087406593719046
9.222381074253647e-05
0.0010403316052926264
0.0005431148423068719
0.00025692907617440113
0.00018206134274839514
0.0006291514344849182
0.0005291154757854344
0.00014591759558445046
0.00015587314786134874
0.00016128821406467074
0.00023551174291505295
0.0003529233480912432
0.00010957051649657484
0.00023198104674636166
0.0001473109762590242
6.803696068604277e-05
0.00030117932618813607
0.0001470421095327352
0.0016300619525142816
0.00021389390230088865
5.769112717751683e-05
0.00018144924082275456
0.00042303386829400876
0.00016761452117165231
0.004790042326520457
0.0003684647943477275
0.00012303217701671015
0.0004550014851140027
0.002210788766086365
0.0003684647943477275
0.0001276567029504723
0.0002835599866579852
0.00032217973826004524
0.00011094472627540672
5.284695439161473e-05
9.558260773224912e-05
0.0003684647943477275
0.003912148686034276
0.0003684647943477275
9.152390768215769e-05
0.0006006539811817303
0.00018200036130105996
0.0006078236910156765
0.0001054175194588596
0.0004227444660592014
2.766088695268009e-05
8.660652749605193e-05
0.00019484201326938708
0.00043657298884923436
0.0001276567029504723
0.00031433229434287084
6.158406397744382e-05
1.7321305499210387e-05
0.001413186810464983
0.00032525432183236504
0.00017174446432773418
4.7106227015499436e-05
0.00019419110722263542
4.111409562988871e-05
7.569921958387387e-05
0.00015730790513724448
0.003748866602960923
2.2544775793542362e-05
0.0003379247978772514
2.5112788015278813e-05
5.658428908118241e-05
0.0026338208406059354
4.5515335687098785e-05
0.00041614587128925985
0.0005397867303296339
0.003316183149129547
8.725582130268523e-05
0.00014031586329902644
0.00021828649442461718
0.0003360600859799493
0.0001601554931603544
0.000382502048365126
0.00019419110722263542
0.00023746491188198878
0.000634116699088802
8.891730696378042e-05
0.00019747201720846582
0.00012679069654867418
4.496354152370471e-05
0.00013607392137208554
0.00010826199643286965
0.0003684647943477275
5.801533385972133e-05
0.0003225552244074698
0.00012201446608166933
0.0002288401562883698
0.00010739324608668175
0.00011569484800754218
9.681875969590161e-05
0.0002113722330296007
1.954133304801583e-05
0.0001581472518524133
4.0871178637067726e-05
0.00021307329298786266
0.0001622318232718628
8.653669076627523e-05
8.368798847084367e-05
0.0010795734606592678
3.4240786405179634e-05
0.0009097638452797832
0.00026989336516481695
0.00023672782872106833
6.30708707813293e-05
0.0006023586523762721
8.992708304740943e-05
0.00033568134929017675
0.00015152641244597513
0.0013040495620114253
0.00021627451849839382
7.576320622298757e-05
0.0003684647943477275
0.00590995189821977
0.00026989336516481695
0.0006961840063166559
0.00010070604035099348
7.737339250179966e-05
0.0003699771149501493
0.00022014673050419625
0.00014898905033880247
0.0001601554931603544
0.00013097777434744603
0.00010815919402094531
0.00017587199743214244
0.00012084459188368975
0.0005005735927088964
0.0011053943830431825
9.709555361131771e-05
0.00013669879850987846
0.00029135531239682003
0.0002254386255273701
0.0003684647943477275
0.00020016749957066477
0.0002124640303569961
0.0004124720266683944
0.0002034278673121159
0.0003684647943477275
5.293090142262704e-05
0.0003684647943477275
0.0005671199733159704
0.00021949141196851864
0.0002703398383018011
0.00012988168448362122
6.8951095156205e-05
0.0004985716589213027
3.871738025159369e-05
4.1862264860014204e-05
0.00017283425658432816
2.8845563588758415e-05
0.0006158406397744382
0.0002835599866579852
0.00011136581350389598
0.00012316812795488765
0.00013669879850987846
0.0003762534273530606
6.974922347449889e-05
0.00013374079810670044
7.907076485802572e-05
8.00255080994328e-05
0.00018200036130105996
0.00017740516334275919
0.00033842709463520704
5.0091757685242156e-05
8.406116075853591e-05
0.0001883576070709478
0.00016660838986895334
0.00026273942161730314
3.228692791711606e-05
4.949318836998463e-05
8.439603411584415e-05
0.00017911726172074112
5.464314976644658e-05
4.1698832021557695e-05
0.0002422783175653667
0.0001264631094417919
0.00019130881553410455
0.0026080991240228506
0.000206853285468615
4.67847256341853e-05
0.0003684647943477275
6.0772848508667734e-05
0.0003260123905028563
0.0002930044533690204
3.0053608128430034e-05
0.00011770308931548327
5.0188660006187854e-05
0.0003684647943477275
0.0001261417415626586
0.0016075286995172334
0.00014164268690466407
0.00043208564146082035
0.0002082399910508612
6.8951095156205e-05
0.00042686482483689486
0.0006172725521601173
0.00017132193598190634
8.079198865914089e-05
6.803696068604277e-05
7.405159803949268e-05
0.0006078236910156765
0.0003332167797379067
0.00027909591491237767
7.514620850912337e-05
0.000324704211209053
0.00016454663066831925
8.859503683722252e-05
0.00015330581909921373
0.0003684647943477275
0.00147385917739091
0.0018423239717386371
0.00015248976726519255
0.0004277878046017773
0.00010220387939947583
8.137114692484637e-05
3.4658574314513324e-05
4.583022518537716e-05
5.427967171147398e-05
0.0003684647943477275
0.0003476442293070454
0.0011053943830431825
0.000736929588695455
9.55086750686943e-05
0.0001238066156855231
0.010317014241736368
0.00042903855798695023
0.00012886953213703522
9.287002500076303e-05
0.000664810818598862
0.0005671199733159704
0.00023138969601508436
0.00021627451849839382
0.00011680348886343615
0.00012646742533985847
0.0006248111004934872
0.0003128578265689813
0.0003641226854967903
0.0002398889498706938
1.7321305499210387e-05
0.0006520247810057126
0.0004139453811331047
4.268812399133878e-05
5.1101939699737915e-05
0.0012936346117163246
8.170358217921108e-05
6.117711316127007e-05
0.00037626012008656223
0.00035830240470949916
0.0002274409613199458
0.00013532242884563416
0.00041714466059074697
0.00040521579401045103
0.00030117932618813607
0.00025872692234326494
0.0004034165931063568
0.00030117932618813607
0.00018498855747507465
0.00023389385802854472
0.0003684647943477275
0.00040521579401045103
7.949607393400162e-05
4.974086429765346e-05
0.0002835599866579852
6.240616856928192e-05
0.00147385917739091
0.0003684647943477275
0.00010322525235353886
0.000736929588695455
0.0002827391839950219
0.000736929588695455
0.0003684647943477275
0.0002103752568990102
0.0018423239717386371
0.0001601554931603544
0.00012481233713856384
0.00041943428965661217
0.00024928582946065134
0.00011298723799627068
0.00037246795807224656
0.0003684647943477275
0.00030142880055548157
0.00147385917739091
0.0004921287080668406
0.00026989336516481695
0.00035531177269480975
4.520205688383295e-05
6.81754320823577e-05
0.00019865517896824295
0.0002274409613199458
0.0003684647943477275
0.0003903205937207256
0.00024928582946065134
4.901461372719808e-05
5.299738262266775e-05
0.0004804664794810631
0.0003684647943477275
0.00038988434222012735
0.0002835599866579852
6.010721625686007e-05
0.00015431813804002933
0.0003260123905028563
0.0001716154231947801
9.674640069579017e-05
0.0002589699541006809
0.00011827010889517279
0.00015360259342083593
0.00147385917739091
0.0003107639449208171
0.0008096800954944507
0.00014922259289296038
8.891730696378042e-05
0.0003684647943477275
0.0006834939925493921
0.00026989336516481695
0.00040289886585919506
0.0006023586523762721
0.00043254903699678764
0.0001914414541836736
0.0001914414541836736
7.474241805151394e-05
5.5376642036339085e-05
0.00017342123101007573
0.0004985716589213027
0.0003332167797379067
0.0011053943830431825
0.00035313051612099317
0.0011053943830431825
0.0001948225267254318
0.0003684647943477275
4.427172194472272e-05
8.460677365880176e-05
0.000669881557635144
0.0001717492514544715
0.00018710868708921808
0.00028683569791294785
0.0001835313394838102
9.932292170936197e-05
1.2556394007639406e-05
0.00011094472627540672
0.00030117932618813607
0.00013374079810670044
9.494635511227147e-05
0.00010498580435328458
0.00012074246958176184
9.932292170936197e-05
0.0005397867303296339
0.00024681994600247884
9.10736525735407e-05
0.0004199516101392027
0.00011094472627540672
0.00014898905033880247
0.000736929588695455
3.145003064572181e-05
4.0395994329570445e-05
0.00015227647401206134
0.0003973103579364859
8.460677365880176e-05
0.00021423649489639356
0.002968827016812986
0.000736929588695455
0.0001197794194269917
0.00030914003578992155
0.00023052538376184498
0.0001261417415626586
0.00023389385802854472
0.00026989336516481695
0.00025464157635580906
0.00010569186244525168
8.460677365880176e-05
0.00018041348275843656
0.0001473109762590242
0.00013136971080865157
9.10736525735407e-05
0.0001410238330277817
2.0787054755509408e-05
0.0003684647943477275
0.0002835599866579852
9.086178369282194e-05
0.0004550014851140027
0.0007051191651389084
0.0002165239928657393
0.0004230714990833451
0.0005671199733159704
0.0002835599866579852
0.0002835599866579852
0.00013010686457357523
0.00012303217701671015
0.00026989336516481695
0.0002113722330296007
0.00024110758281311407
3.784960979193693e-05
0.0002653182904481788
0.00020260789700522552
0.0003684647943477275
0.00010485857241415304
0.00012084459188368975
0.00018200036130105996
0.00024928582946065134
0.00011298723799627068
0.0005671199733159704
0.00023389385802854472
0.0003684647943477275
0.002108255283316952
4.333688066069216e-05
0.0003640007226021199
0.00048221516562622815
0.00038988434222012735
7.459568288579179e-05
2.5584556841171654e-05
7.539766719173744e-05
0.00016067737117229518
0.0002082399910508612
0.00015071440027774078
0.0001473109762590242
0.00011280080384669016
0.0002447084526450803
0.00012303217701671015
0.00023389385802854472
0.0001381068116119234
0.0001914414541836736
0.00294771835478182
0.003316183149129547
0.00025872692234326494
0.00011271931276368504
9.814300767457313e-05
3.871738025159369e-05
0.0006520247810057126
0.0001562027751233718
0.0003124055502467436
0.0006145478478752675
5.8790608420603827e-05
6.662160475623284e-05
0.00033287683883324404
6.713736023399566e-05
0.0004576195384107884
4.01661896901168e-05
0.000317075587335755
0.00021627451849839382
0.0001884927893300146
0.0002416891837673795
6.713736023399566e-05
0.0001668578642362988
9.606989800975533e-05
9.565440776705228e-05
5.658428908118241e-05
9.196015193340238e-05
0.00023198104674636166
0.0004249280607139922
9.362354658199469e-05
0.0001562027751233718
0.00147385917739091
0.0011053943830431825
0.00014355665936081752
0.0006172725521601173
7.423833395078088e-05
0.00024928582946065134
9.103067137419757e-05
0.0004432072123992414
0.0004550014851140027
4.64649031189093e-05
0.0003260123905028563
0.0001562027751233718
0.00010242464131254458
0.00014898905033880247
0.0003684647943477275
4.454632540155839e-05
0.002579253560434092
8.057977317183901e-05
0.00023338147559130403
0.00021678746788979236
9.311249617546314e-05
3.3225683303263914e-05
0.00014164268690466407
0.00011449950096964766
0.000260348965330551
2.149920015462004e-05
8.37155581054344e-05
7.328177865518642e-05
7.839218803881862e-05
4.0395994329570445e-05
0.00010485857241415304
3.840639428566029e-05
2.907170174987726e-05
0.00011569484800754218
0.0005959655369047289
6.489551641256719e-05
3.2543620666318874e-05
0.00017520523329515422
0.00011280080384669016
0.00015248976726519255
0.00013698735059705294
0.00017911726172074112
0.0001473109762590242
9.086178369282194e-05
5.284695439161473e-05
7.05745352301694e-05
9.219326814252459e-05
0.0001410238330277817
0.00016569679634888314
5.464314976644658e-05
0.0002242272541545418
0.00019419110722263542
4.0322053516167685e-05
4.7106227015499436e-05
5.5376642036339085e-05
0.00014987847174568238
6.758495957545028e-05
0.00014483598901515317
0.00018498855747507465
3.305400589079084e-05
0.00016145007103321405
0.0018423239717386371
0.0003684647943477275
0.00021389390230088865
0.00048589331245200946
0.0007896056269268311
0.0003260123905028563
0.00030117932618813607
0.0001581472518524133
0.00020717596328054472
0.0003225552244074698
0.00011003736342032141
0.00014550101359799155
7.02783463059064e-05
0.00020016749957066477
0.00013698464486107121
0.00046295441412008795
0.00016660838986895334
8.34289321181494e-05
0.0002946219525180484
0.00010163436102513821
0.00021627451849839382
0.00026989336516481695
0.00011680348886343615
0.0003121094034669449
0.0001909811822668568
0.0006823228839598374
0.0003378396583694592
0.00027657980442757376
0.00013669879850987846
0.0003684647943477275
0.0003456685131686563
0.0021840043356127193
0.00024928582946065134
7.02783463059064e-05
0.0005959375302561718
0.0002502867963544482
0.00021828649442461718
0.00012235422632254014
0.0005581918298247553
0.0001410238330277817
0.0002242272541545418
6.240616856928192e-05
7.811975575699338e-05
0.00018172356738564387
0.00021627451849839382
0.00019274148385430625
5.427967171147398e-05
0.0002355070700060397
0.00010569186244525168
0.0001326591452240894
0.00019494217111006368
4.583022518537716e-05
0.00013467111714489177
0.0009644303312524563
0.0003528574307437999
0.0007738324000200092
0.0001253008020193127
0.0003528574307437999
3.897662869417401e-05
2.6268875385017664e-05
0.00017642871537189994
0.00030117932618813607
0.0004474629367806328
0.00010242464131254458
0.0002274409613199458
0.00032217973826004524
0.00011569484800754218
5.0758824670687117e-05
0.00026795262305405763
0.00010008374978533238
0.0001562027751233718
0.00011003736342032141
0.0001716154231947801
0.00010403646782231496
3.5404882344118256e-05
0.000736929588695455
0.0018423239717386371
0.000736929588695455
7.474241805151394e-05
9.494635511227147e-05
0.0016300619525142816
0.0009035379785644082
0.0012936346117163246
0.00016569679634888314
0.00018041348275843656
0.00014326301260304144
0.00017783461392756084
3.784960979193693e-05
9.78290458812102e-05
0.00025872692234326494
7.732701558212057e-05
0.0003684647943477275
3.4598143419467115e-05
3.5671749313192425e-05
6.323945860038054e-05
0.00016921354731760352
0.0001991045574464424
0.0001914414541836736
0.00027909591491237767
0.00018813006004328111
7.78572861889894e-05
8.460677365880176e-05
0.0001562027751233718
4.808098296195692e-05
0.00016227820019154189
0.0001253008020193127
0.00030117932618813607
0.0001589524281623336
0.0008506799599739556
0.0011053943830431825
0.000978037171508569
0.000285072307260407
0.00025872692234326494
0.0005174538446865299
0.00011873245594099439
0.00024928582946065134
0.00018498855747507465
0.00023338147559130403
0.00019494217111006368
4.64649031189093e-05
0.0003684647943477275
0.0003684647943477275
0.00011569484800754218
3.949440344169317e-05
0.0002786100750022891
0.00019213548177158304
0.00013074735412899608
0.0001473109762590242
0.000736929588695455
0.0003828829083673472
0.000747857488381954
0.00010322525235353886
0.0008239216252083828
1.5562930014850204e-05
0.00025976336896724243
0.0011053943830431825
0.0005997223746767344
0.0011354777758889275
0.00011298723799627068
0.00018041348275843656
0.004053112737825003
8.227331533415963e-05
0.0001473109762590242
0.00011758121684120765
0.0018070759571288163
0.0036846479434772743
0.0006520247810057126
0.00147385917739091
0.0015058966309406802
0.0018423239717386371
0.00018574005000152605
0.000747857488381954
0.00019865517896824295
0.0003684647943477275
0.0002835599866579852
0.0003684647943477275
8.00255080994328e-05
0.0006520247810057126
6.117711316127007e-05
0.0001425361536302035
1.0217794659266931e-05
0.0003684647943477275
0.00029135531239682003
0.00029797810067760494
0.0001410238330277817
0.00027657980442757376
7.78572861889894e-05
8.765446072870407e-05
6.366039408895226e-05
8.170358217921108e-05
0.00022915112592688578
0.0002216036061996207
0.00018200036130105996
9.637074192715312e-05
0.0002853739945055394
0.00010226314812353656
0.0003426438719638127
0.00019714285836582113
0.00014567765619841002
0.0004227444660592014
8.227331533415963e-05
0.0001078193525818425
7.241799450757659e-05
0.00022560160769338031
0.0002820476660555634
0.00023389385802854472
0.00025872692234326494
0.0002216036061996207
0.0002113722330296007
2.8845563588758415e-05
5.997223746767345e-05
0.00021627451849839382
2.490779998293322e-05
0.0014119580758722486
0.00021627451849839382
0.00020683342561578019
0.0003684647943477275
0.0002216036061996207
5.997223746767345e-05
9.152390768215769e-05
0.00011669073779565202
0.0002017082965531784
0.00013954795745618883
6.158406397744382e-05
5.500879785251054e-05
0.00011758121684120765
0.0003684647943477275
0.0003684647943477275
0.00015256010419224654
8.828262903024829e-05
7.177832968040876e-05
0.0003903205937207256
8.227331533415963e-05
0.00030117932618813607
0.00010569390878322946
5.574670885711877e-05
0.0001909811822668568
0.0004186438723685665
0.00024928582946065134
0.00018498855747507465
0.00010862699176136487
0.00012481233713856384
4.396472444729295e-05
4.489037238163059e-05
0.00014408676487000935
0.00010220387939947583
0.0001246878529503486
0.0001276567029504723
8.891730696378042e-05
0.0002835599866579852
0.00030117932618813607
0.00012646742533985847
0.0001562027751233718
0.0003260123905028563
0.00030117932618813607
0.0002835599866579852
0.00025872692234326494
0.0008273337024631207
0.0005012032080772508
0.0005242928620707651
0.0003684647943477275
0.0009932758948412146
0.00015071440027774078
0.00024928582946065134
0.0006042229594184487
0.00024110758281311407
0.0006520247810057126
0.0003828829083673472
0.00030117932618813607
0.0002216036061996207
0.0002113722330296007
0.0001473109762590242
0.0005092535475929703
9.637074192715312e-05
2.186538135834699e-05
0.00024110758281311407
0.0002274409613199458
5.214297109483022e-05
0.0004143204348357702
5.299738262266775e-05
0.00024110758281311407
0.0001191516453390055
0.00017283425658432816
0.0001601554931603544
0.00011003736342032141
6.186648546248078e-05
0.00016660838986895334
6.811342033370975e-05
0.00012303217701671015
0.00018200036130105996
0.00017530892145740815
0.0001276567029504723
0.0002835599866579852
0.00012415598602408221
0.0001689198291847296
8.113910009577094e-05
9.616196592391384e-05
4.907150383728657e-05
0.00017132193598190634
7.525068547061213e-05
2.9085273767561748e-05
6.81754320823577e-05
0.00013532242884563416
0.0003699771149501493
7.129796743362955e-05
0.0002274409613199458
4.907150383728657e-05
0.00027893953240708323
0.00018200036130105996
0.00012235422632254014
0.00023389385802854472
4.847687904513264e-05
3.988291503674292e-05
4.6277686310719394e-05
7.350199932544718e-05
0.00016340716435842215
0.00010083524231178379
0.0001622318232718628
0.0003378396583694592
3.868669625089983e-05
0.00014069680000363804
0.00014035417690255587
0.00011669073779565202
0.0001601554931603544
7.525068547061213e-05
4.010777792709037e-05
9.637074192715312e-05
8.34289321181494e-05
0.00015678437607763725
0.0001601554931603544
0.000736929588695455
0.00016340716435842215
0.00019374008523985687
4.458026603556682e-05
9.518491654303155e-05
0.0001253008020193127
4.368973628141113e-05
7.423833395078088e-05
0.0002835599866579852
5.162362902759202e-05
0.0003684647943477275
0.0004227444660592014
0.0002835599866579852
3.868669625089983e-05
0.00015786360548196746
7.839218803881862e-05
0.00010739324608668175
0.00012646742533985847
0.0002216036061996207
0.00017915120235474958
0.00010070604035099348
0.00037626012008656223
5.7394980397718114e-05
0.0001600510161988656
7.423833395078088e-05
0.00014408676487000935
0.00013397631152702882
0.00012415598602408221
7.241799450757659e-05
2.9810085451726327e-05
0.0008311271915869607
0.00014567765619841002
0.000736929588695455
0.00012472232853305643
0.0005460010839031798
0.0006023586523762721
7.007933449120927e-05
0.000978037171508569
0.00024309139403467093
4.775433753434715e-05
3.0298102954124647e-05
0.00013532242884563416
0.00011836391436053416
0.00021627451849839382
0.00026989336516481695
0.00030117932618813607
0.0001562027751233718
0.00011094472627540672
0.00017915120235474958
8.021555585418073e-05
2.8845563588758415e-05
0.0003121094034669449
0.0001581472518524133
0.0004992831257135837
2.0161026758083842e-05
7.423833395078088e-05
9.355434354460904e-05
9.086178369282194e-05
0.0001562027751233718
3.59783357461276e-05
0.0006520247810057126
0.000736929588695455
0.0004985716589213027
0.00024110758281311407
0.00019865517896824295
0.00442157753217273
0.000747857488381954
0.0003476442293070454
0.00021307329298786266
0.00025872692234326494
3.812736932696788e-05
0.00020260789700522552
0.0001738221146535227
0.00023338147559130403
0.00014898905033880247
0.00019864584341872395
0.0003684647943477275
0.0001253008020193127
0.0003684647943477275
0.0005671199733159704
0.0005397867303296339
0.0008690919021685753
0.00030117932618813607
4.454632540155839e-05
7.177832968040876e-05
0.000978037171508569
0.00049982516960686
0.0003828829083673472
0.00017040859821120232
7.324244416267105e-05
0.0001326591452240894
6.236116426652822e-05
0.00025872692234326494
0.0001473109762590242
0.00018813006004328111
7.893180274098373e-05
0.00017656525806049658
0.00030863627608005865
0.0001622318232718628
0.0003247859892986089
0.00017915120235474958
0.0002165239928657393
0.0006632957261204469
0.0005397867303296339
0.0003640007226021199
0.000736929588695455
0.00013749067555613148
0.0004548819226398916
0.0003684647943477275
0.0004921287080668406
0.0009097638452797832
0.0003684647943477275
0.00011375037127850067
0.0003684647943477275
0.0003684647943477275
0.00024110758281311407
0.00024110758281311407
9.637074192715312e-05
0.0001253008020193127
0.0003684647943477275
0.00024110758281311407
0.00012415598602408221
3.305400589079084e-05
0.00020016749957066477
0.00011449950096964766
5.214297109483022e-05
8.227331533415963e-05
0.00015431813804002933
5.8790608420603827e-05
4.583022518537716e-05
0.00014898905033880247
0.00023389385802854472
0.00013532242884563416
0.0003684647943477275
0.0001740653397608759
0.0003260123905028563
8.955863086037056e-05
0.0003684647943477275
0.0003684647943477275
0.00021627451849839382
0.00024928582946065134
0.00024928582946065134
0.00015431813804002933
0.00147385917739091
0.0003684647943477275
0.0001425361536302035
0.00018498855747507465
0.0003684647943477275
9.086178369282194e-05
4.396472444729295e-05
0.00020140880957410606
0.00020683342561578019
0.00014567765619841002
9.287002500076303e-05
0.000736929588695455
0.000736929588695455
7.007156622938212e-05
6.662160475623284e-05
5.214297109483022e-05
0.00017132193598190634
0.0003684647943477275
0.0003684647943477275
0.0003684647943477275
0.00019494217111006368
0.0002835599866579852
8.088277951624782e-05
0.00014408676487000935
0.0005374536070642487
0.00010403646782231496
0.00023389385802854472
0.0002835599866579852
0.00021627451849839382
0.0001716154231947801
0.00026989336516481695
0.0002820476660555634
0.0003528574307437999
0.005545474404701623
0.00018304781536431538
0.00017915120235474958
0.00015465403116424114
0.00026989336516481695
0.0003684647943477275
0.0006023586523762721
6.240616856928192e-05
0.0001562027751233718
0.0003684647943477275
9.709555361131771e-05
0.00012192861792603794
0.00018498855747507465
0.0003684647943477275
0.0003684647943477275
0.00019865517896824295
0.00023138969601508436
0.0002274409613199458
0.00014567765619841002
9.55086750686943e-05
0.00019865517896824295
0.0002835599866579852
0.00016835707601411829
0.00012032333378127109
0.0005174538446865299
0.0004548819226398916
0.00015152641244597513
0.00016660838986895334
0.0002274409613199458
3.5404882344118256e-05
5.7631345940461245e-05
0.0003260123905028563
0.00015071440027774078
0.00024831197204816443
0.00011003736342032141
0.0002274409613199458
5.464314976644658e-05
0.0011053943830431825
4.7106227015499436e-05
0.0001425361536302035
0.00012154569701733547
0.0003244636465437256
0.0002835599866579852
0.00017915120235474958
0.00027909591491237767
0.00035007221338695605
0.00014567765619841002
0.00030117932618813607
0.00013136971080865157
3.543801473488901e-05
0.0001581472518524133
0.0003684647943477275
0.0006520247810057126
9.287002500076303e-05
0.0003684647943477275
0.00024928582946065134
0.00013669879850987846
0.00025872692234326494
0.00011375037127850067
7.177832968040876e-05
0.0003684647943477275
0.0012167548025746587
0.00017642871537189994
0.00025872692234326494
0.00030117932618813607
6.610801178158168e-05
0.00026989336516481695
0.00013532242884563416
7.576320622298757e-05
2.2273162700779195e-05
0.00030117932618813607
6.199373689288696e-05
0.00018574005000152605
0.0006636452838137129
0.0003260123905028563
7.007156622938212e-05
0.0002835599866579852
0.0001687920682316883
0.0001914414541836736
0.00024928582946065134
0.00030142880055548157
7.275050679899577e-05
0.00023389385802854472
7.732701558212057e-05
1.672955333539595e-05
6.366039408895226e-05
2.2877712390312998e-05
4.0685573462423186e-05
0.00015248976726519255
7.795325738834803e-06
0.00012303217701671015
6.869778573109368e-05
0.00015071440027774078
0.0001643810217709091
0.0001473109762590242
9.460630617199395e-05
0.00046860832537011537
0.00012192861792603794
2.2370849675767734e-05
0.00030863627608005865
6.004368625609708e-05
0.0001914414541836736
0.00021627451849839382
0.00015152641244597513
0.00015071440027774078
0.0002216036061996207
0.0001914414541836736
2.2572127408613113e-05
6.323945860038054e-05
0.0002946219525180484
0.0004983897783270517
0.0001253008020193127
0.0003807396661721262
0.00014408676487000935
0.00014408676487000935
0.0003684647943477275
0.0003684647943477275
0.0003260123905028563
0.0003684647943477275
0.00015071440027774078
9.421245403099887e-05
6.758495957545028e-05
9.932292170936197e-05
0.00048221516562622815
4.212364545979263e-05
9.814300767457313e-05
6.0772848508667734e-05
0.0001253008020193127
7.981505889764314e-05
0.00015786360548196746
0.00011280080384669016
9.494635511227147e-05
0.00015050137094122426
6.158406397744382e-05
0.00046080778026250774
7.324244416267105e-05
0.00017637182526181148
5.7631345940461245e-05
0.0001008541482765892
0.0002138349826912172
0.00018163578755655933
9.637074192715312e-05
0.00026989336516481695
0.0002835599866579852
0.00013954795745618883
0.00020484928262508916
0.00014591759558445046
0.00032231909268735606
7.129796743362955e-05
8.731851623163068e-05
0.00019274148385430625
0.00016660838986895334
0.0003684647943477275
0.00012303217701671015
3.6479398896112614e-05
5.7213575909869126e-05
4.427172194472272e-05
0.0001381068116119234
0.00016660838986895334
0.00025872692234326494
0.0001197794194269917
5.673787921492182e-05
6.199373689288696e-05
7.893180274098373e-05
5.169695276587178e-05
4.5515335687098785e-05
0.00011669073779565202
7.423833395078088e-05
0.0004426762102026637
0.00010163436102513821
0.00018813006004328111
0.00011375037127850067
0.00010084623672980434
0.00013949844694899778
7.373836486819034e-05
6.803696068604277e-05
4.458026603556682e-05
0.00017132193598190634
0.00022750074255700135
0.0005671199733159704
0.00021627451849839382
0.00010640400784436229
0.0002629633821861122
0.00012732078817790453
0.0005914285750974633
8.227331533415963e-05
9.287002500076303e-05
0.00020260789700522552
0.0003049030830754146
0.0001740653397608759
0.0002939530421030191
0.00023389385802854472
0.00013136971080865157
0.00014922259289296038
4.335530775251893e-05
0.0003378396583694592
2.672937283640215e-05
3.434889286554684e-05
0.00014898905033880247
0.00023389385802854472
0.002506096720472758
0.0005007830797497546
0.00024928582946065134
0.0001381068116119234
0.00011669073779565202
4.0685573462423186e-05
0.00013532242884563416
0.00012415598602408221
0.0003260123905028563
0.00015125286346767566
0.0001581472518524133
3.356868011699783e-05
0.00016803004298997465
9.421245403099887e-05
4.67847256341853e-05
0.00019865517896824295
0.00015431813804002933
4.5515335687098785e-05
0.00013882666070057415
1.9953764724410786e-05
0.000596430093739208
0.00024928582946065134
5.6119025338039436e-05
7.78572861889894e-05
0.00019419110722263542
0.00013669879850987846
0.00015139843916774773
0.0001231601612711997
0.00023389385802854472
0.0001914414541836736
0.0003854829677086125
0.0001445249785931949
0.00013882666070057415
9.857142918291057e-05
0.0009035379785644082
7.793657393067437e-05
0.00013397631152702882
0.00016660838986895334
7.129796743362955e-05
8.34289321181494e-05
0.0002274409613199458
8.057977317183901e-05
8.671061550503786e-05
0.0001253008020193127
0.00015700471333735983
0.00010322525235353886
2.696092650541594e-05
0.00017915120235474958
0.00019494217111006368
8.891730696378042e-05
0.0008730060815879492
0.0010529534814079761
0.0004521432008332223
8.955863086037056e-05
0.0005959655369047289
0.00026021372914715045
0.00011280080384669016
0.00020683342561578019
6.257192204663838e-05
0.00046676295118260806
0.000418577790527172
0.00012192861792603794
5.5376642036339085e-05
5.3748000386550093e-05
0.00014567765619841002
0.00020260789700522552
4.427172194472272e-05
0.00037119166975390435
0.0003378396583694592
0.0015523615340595897
0.0003124055502467436
0.00010739324608668175
2.9085273767561748e-05
5.574670885711877e-05
5.1446987781403034e-05
0.00034081719642240464
0.00017915120235474958
0.0003684647943477275
0.00030117932618813607
0.00035007221338695605
0.00011471489314146859
0.0003828829083673472
0.0003260123905028563
8.703266988043795e-05
0.0002113722330296007
0.0003903205937207256
6.758495957545028e-05
1.4913899783845157e-05
9.385788306995756e-05
0.00010242464131254458
0.0002835599866579852
9.01608243852901e-05
0.00012084459188368975
9.78290458812102e-05
0.00042823979212889044
9.020674137921828e-05
0.00015071440027774078
0.0003684647943477275
0.0002460643540334203
0.0003684647943477275
4.097652827327827e-05
0.00018924804895968466
2.401693522144788e-05
0.0001622318232718628
5.7213575909869126e-05
0.00010403646782231496
0.0001425361536302035
9.229348405357826e-05
0.0002733975970197569
0.0003260123905028563
3.990752944882157e-05
2.6498691311333875e-05
7.474241805151394e-05
0.00017132193598190634
0.0001281684852981204
4.18577790527172e-05
6.240616856928192e-05
0.00010322525235353886
6.713626985803535e-05
5.500879785251054e-05
3.0053608128430034e-05
0.0001622318232718628
0.0002416891837673795
3.953538242901286e-05
0.00020016749957066477
0.00019130881553410455
0.00017642871537189994
0.00043974977489788676
0.00010163436102513821
0.00011873245594099439
0.00011669073779565202
0.00010485857241415304
0.0001601554931603544
7.129796743362955e-05
0.00016502639355753162
5.579199231389578e-05
5.957582266950275e-05
0.0003684647943477275
0.00030117932618813607
9.229348405357826e-05
0.00021627451849839382
0.00013844475289449527
0.0006023586523762721
9.086178369282194e-05
0.00035830240470949916
0.00021627451849839382
6.037123479088092e-05
6.610801178158168e-05
3.408771604117885e-05
0.00014567765619841002
0.00013669879850987846
6.037123479088092e-05
7.1879568387895e-05
0.00015642891328449064
0.00010403646782231496
0.0001118657341951582
0.00017642871537189994
0.00012084459188368975
9.086178369282194e-05
8.401502149498732e-05
0.00010569186244525168
0.0001643810217709091
9.565440776705228e-05
0.0003260123905028563
3.0298102954124647e-05
9.17629446633926e-05
0.0002274409613199458
8.520429910560116e-05
2.1631838804189064e-05
0.00014898905033880247
0.0001562027751233718
0.0003941091324259547
9.020674137921828e-05
0.0004548819226398916
0.0001276567029504723
0.00023389385802854472
0.00018813006004328111
0.0003260123905028563
0.00013136971080865157
0.00010928629953289316
0.00035933825828097507
3.8772714574403833e-05
1.7719007367444505e-05
0.00011603066771944266
0.00011669073779565202
7.839218803881862e-05
9.881053927212129e-05
0.00013739557146218737
0.00011770308931548327
5.579199231389578e-05
0.00026989336516481695
5.427967171147398e-05
7.134349862638485e-05
2.789599615694789e-05
5.6119025338039436e-05
0.00017783461392756084
0.00022271500185234262
5.3202003922181146e-05
6.922237644724764e-05
0.00011280080384669016
6.758495957545028e-05
0.00015248976726519255
0.00010083524231178379
0.00010739324608668175
8.703266988043795e-05
0.00018498855747507465
0.00036909653105013043
0.0001589524281623336
0.0003260123905028563
0.00011438210798090364
5.678354017454187e-05
0.00017642871537189994
0.00018813006004328111
0.0002835599866579852
0.0003684647943477275
0.0003145757172424591
0.0002835599866579852
5.6119025338039436e-05
0.00033283417882622017
0.00015431813804002933
0.0001740653397608759
0.00022007472684064283
0.0005361824040255247
0.00019494217111006368
2.3796229135757887e-05
5.574670885711877e-05
0.00026273942161730314
5.801533385972133e-05
1.852224343779868e-05
0.00022188945255081344
0.00026989336516481695
0.00012303217701671015
7.324244416267105e-05
0.00013844022608036738
9.55086750686943e-05
0.00013669879850987846
0.00012192861792603794
0.00014567765619841002
3.675099966272359e-05
6.669084336743745e-05
6.987908067465397e-05
8.641712829216408e-05
8.520429910560116e-05
0.0003684647943477275
0.00035509174308160247
0.0001410238330277817
0.00010322525235353886
7.628005209612327e-05
0.0001425361536302035
2.6268875385017664e-05
3.784960979193693e-05
0.0003903205937207256
5.179399082013618e-05
0.0003684647943477275
0.0001562027751233718
0.0003684647943477275
0.0001326591452240894
8.978074476326118e-05
8.021555585418073e-05
0.0001622318232718628
0.0001473109762590242
9.103067137419757e-05
4.3822310416852035e-05
8.284839817444157e-05
5.284695439161473e-05
0.00011606008875269948
0.00012192861792603794
0.00013669879850987846
5.2493951267400334e-05
0.0001197794194269917
0.00016660838986895334
0.00024110758281311407
0.00015050137094122426
5.649361899813534e-05
0.00023389385802854472
0.00026989336516481695
0.00030117932618813607
0.00014355665936081752
0.00030142880055548157
9.857142918291057e-05
0.00021627451849839382
0.0001410238330277817
0.00020260789700522552
0.0009255587840603374
0.00016660838986895334
0.00013516991915090055
0.0002041108820581283
0.00014567765619841002
6.0772848508667734e-05
6.803696068604277e-05
0.0004432072123992414
0.00010242464131254458
0.00020260789700522552
0.00017132193598190634
8.113910009577094e-05
6.537367706449804e-05
0.0001914414541836736
2.5132555730579152e-05
2.766088695268009e-05
4.64649031189093e-05
0.0001562027751233718
8.955863086037056e-05
0.0001914414541836736
9.857142918291057e-05
0.00012303217701671015
5.500879785251054e-05
0.00015248976726519255
9.219326814252459e-05
0.00010242464131254458
7.893180274098373e-05
6.624863298062902e-05
0.00019494217111006368
0.00026795262305405763
0.0001326591452240894
7.680129671041797e-05
0.0003260123905028563
0.0003684647943477275
0.00024385723585207587
4.335530775251893e-05
0.0003260123905028563
0.00018498855747507465
0.0001581472518524133
0.00010008374978533238
0.00015248976726519255
6.117711316127007e-05
4.5515335687098785e-05
0.00013249726596125804
0.00030117932618813607
3.4874611737249444e-05
8.057977317183901e-05
0.00013954795745618883
0.00021627451849839382
5.0758824670687117e-05
3.20374535497706e-05
5.427967171147398e-05
7.94762140811668e-05
0.0001643810217709091
0.0001581472518524133
0.0002835599866579852
0.0002216036061996207
0.00012303217701671015
0.00016660838986895334
0.0002274409613199458
0.00024110758281311407
0.00024173931951551703
7.120433262341109e-06
8.00255080994328e-05
0.0003260123905028563
0.00020260789700522552
0.00013010686457357523
0.00015431813804002933
0.0002113722330296007
9.932292170936197e-05
7.94762140811668e-05
0.0003684647943477275
0.0001909811822668568
0.0001425361536302035
0.00017132193598190634
7.94762140811668e-05
8.401502149498732e-05
0.0003684647943477275
8.520429910560116e-05
4.275189526073005e-05
0.0002979687651280859
3.0357884191180234e-05
2.9810085451726327e-05
6.40842426490602e-05
0.00011094472627540672
8.703266988043795e-05
0.0003528574307437999
0.00015248976726519255
4.458026603556682e-05
0.00026989336516481695
8.057977317183901e-05
0.00010826199643286965
0.00012886953213703522
5.3202003922181146e-05
0.0002274409613199458
0.00011669073779565202
0.00013532242884563416
0.00011873245594099439
0.00011471489314146859
0.00019494217111006368
0.00023389385802854472
9.681875969590161e-05
0.00011569484800754218
0.00014898905033880247
0.0002274409613199458
8.955863086037056e-05
9.086178369282194e-05
7.732701558212057e-05
3.7297841442895896e-05
0.0001601554931603544
0.00023389385802854472
1.5562930014850204e-05
0.00013669879850987846
0.0002216036061996207
0.00010653664649393133
7.082134345233204e-05
9.709555361131771e-05
0.0003260123905028563
0.0003162945037048266
0.00020260789700522552
3.7573104254561683e-05
0.00030117932618813607
0.0001008541482765892
0.00013532242884563416
0.0001473109762590242
0.000978037171508569
0.0003551363193588648
0.0003179048563246672
0.0003684647943477275
0.0003260123905028563
0.0002835599866579852
0.00020971714482830608
0.00022188945255081344
0.00010322525235353886
0.0003684647943477275
0.002259687490495795
0.002402009994847977
0.00147385917739091
0.0003684647943477275
0.0003684647943477275
0.0003684647943477275
0.00021627451849839382
0.00030117932618813607
0.0003426438719638127
0.00015474678500359933
5.574670885711877e-05
0.0011053943830431825
0.0005743243625510208
0.0003736169997439983
0.0012047173047525443
0.0013040495620114253
0.0011977941942699168
0.00147385917739091
0.000747857488381954
0.00028911222578145934
3.7573104254561683e-05
2.1207990244081143e-05
0.0003684647943477275
0.0003684647943477275
0.0003684647943477275
0.0002835599866579852
0.0001914414541836736
0.0003684647943477275
0.0002835599866579852
0.00017911726172074112
0.000736929588695455
0.00013954795745618883
0.00011280080384669016
0.00012646742533985847
0.00012192861792603794
0.0003260123905028563
0.00023389385802854472
0.0003684647943477275
0.0001581472518524133
0.00012303217701671015
0.0001473109762590242
4.584254643925381e-05
0.000736929588695455
0.0003684647943477275
0.0003260123905028563
0.00020260789700522552
0.0003684647943477275
0.0001276567029504723
0.0003260123905028563
0.00147385917739091
0.0011053943830431825
0.0011053943830431825
0.0011053943830431825
0.0011053943830431825
0.000736929588695455
2.789599615694789e-05
0.0003260123905028563
0.00030117932618813607
0.0003684647943477275
0.0003684647943477275
0.00030117932618813607
0.0002113722330296007
0.0002274409613199458
0.0003684647943477275
0.00030117932618813607
0.002579253560434092
0.00030142880055548157
0.00019494217111006368
0.0003684647943477275
0.0003684647943477275
7.78572861889894e-05
0.0003684647943477275
0.00014408676487000935
0.0003684647943477275
0.0003684647943477275
0.00011471489314146859
0.0003684647943477275
0.0003684647943477275
0.0001410238330277817
0.00020683342561578019
0.0003684647943477275
0.0003684647943477275
0.0001884927893300146
0.00018710868708921808
0.00018813006004328111
0.0014796056312072047
6.282139641398383e-05
0.00013532242884563416
0.00022899900193929532
0.00012192861792603794
0.0003684647943477275
0.00015071440027774078
0.00011669073779565202
0.0003684647943477275
7.082134345233204e-05
0.0003260123905028563
0.0003684647943477275
0.000736929588695455
7.324244416267105e-05
0.0002835599866579852
0.0003684647943477275
0.0012976471109903628
4.396472444729295e-05
9.565440776705228e-05
8.34289321181494e-05
0.0003684647943477275
0.0001689198291847296
0.0003684647943477275
0.0003684647943477275
0.00014567765619841002
3.382764825125214e-05
0.00021627451849839382
0.0001425361536302035
0.0003684647943477275
0.0003684647943477275
0.0003684647943477275
0.0003260123905028563
0.00018813006004328111
0.00012646742533985847
0.0003684647943477275
0.0003684647943477275
0.0003684647943477275
0.000736929588695455
5.673787921492182e-05
0.0003684647943477275
0.000736929588695455
0.0002835599866579852
0.0003684647943477275
0.0003260123905028563
0.00012646742533985847
0.0003684647943477275
0.000736929588695455
0.0003684647943477275
0.0003684647943477275
0.0003684647943477275
0.0003684647943477275
0.0001601554931603544
0.00017642871537189994
0.0003684647943477275
0.00030117932618813607
0.00024110758281311407
0.00015071440027774078
4.7429424981877214e-05
3.5671749313192425e-05
0.0003684647943477275
0.0003684647943477275
0.00018200036130105996
0.00013532242884563416
0.0003684647943477275
0.000736929588695455
0.000736929588695455
0.00030117932618813607
0.00024928582946065134
0.00030117932618813607
7.129796743362955e-05
0.00020260789700522552
0.000736929588695455
0.0003684647943477275
0.0003684647943477275
0.0003684647943477275
0.0011053943830431825
0.0003260123905028563
8.401502149498732e-05
9.219326814252459e-05
0.0003684647943477275
0.0002934871376436306
0.00024928582946065134
9.709555361131771e-05
4.305285838478671e-05
0.0003260123905028563
0.00013516991915090055
6.580959258799851e-05
8.703266988043795e-05
8.460677365880176e-05
0.0001410238330277817
0.00012192861792603794
7.628005209612327e-05
3.229001420664281e-05
0.00025872692234326494
0.0001622318232718628
0.0003684647943477275
0.0003684647943477275
0.0003684647943477275
0.0003684647943477275
0.0001689198291847296
0.00030117932618813607
0.00026989336516481695
0.0006520247810057126
0.000736929588695455
8.828262903024829e-05