0.0004255465987653918
0.00013397418550964454
0.0022829919669394307
0.0016285878294466307
0.0013324265896491564
0.0012268300489771383
0.0033002539213271708
0.0015998201659471948
0.0002221278766881794
0.0017021863950615673
0.0001691308143839159
0.0011003919049832112
0.0009064993124373176
0.00021028988179068518
0.00011570435430160879
0.0005776667222151905
0.000140245048714902
1.5878000842775258e-05
0.0001346537505820483
0.00013801827654709542
0.0006741489910361345
0.000920594728983701
0.00019048414460490372
6.161804476694847e-05
0.0003328461952312155
0.0003036968393206574
0.0007532640378241954
1.6702614755977668e-05
0.00031680414705904925
0.0003328461952312155
0.00030253727938543836
0.0005865784268887341
6.543617157851832e-05
3.1065471113048205e-05
0.00021079776708279622
0.00016362322199115338
0.0008938122311092649
9.846517928360669e-05
0.0031589003446779603
9.281423499557363e-05
3.689962974072215e-05
1.5170629534133287e-05
9.265111955575494e-05
0.0001369730213059044
0.00025485658143092996
0.000432508501360658
9.65734280805373e-05
0.00047514969377728206
0.00020144429165273723
0.00020313518928465196
0.0002601210348554064
9.861786416503147e-05
0.00032374256960943527
0.00012605951133929153
0.0007723169786350177
0.0001484625065172317
0.0006983855659474856
0.0023441090833207024
0.00022875622750404562
0.0001572630400659098
0.0001267523242817736
0.00011836164595809614
8.132784459188932e-05
0.0007076416569239925
0.00023318388910177298
0.0010828170543722808
0.0027193048774304196
0.00041478828648538666
0.0009551445172059022
6.203240416999503e-05
9.483462863465783e-05
0.00010512502092880113
0.000155327355565241
0.0010418262592536453
0.00010743188700118856
0.00023371137507908015
0.0002783662080338448
9.148290775408241e-05
0.00014739952554021737
0.00023748345928802122
0.0006637654539674558
0.0002674576646953063
0.00019100050831391085
0.0007710169006324684
9.250418574167866e-05
0.00040755336908442747
4.2776422008508107e-05
0.00035382082846199624
9.818677594876071e-05
0.0001856351867050923
8.249358610415201e-05
0.00010512502092880113
0.0001383708437726684
7.228345502185705e-05
3.9100628979179526e-05
0.0001588431291084906
3.0031467068490012e-05
3.731071517646185e-05
7.776345910704194e-05
0.0001131211605703431
5.996886436753998e-05
0.00013072255976760906
5.379608124309045e-05
7.580483057086712e-05
0.0002510712897228276
7.228813071743985e-05
0.0001346537505820483
8.257581599286518e-05
0.00021025004185760225
0.0004140548296412863
0.00104127147701195
0.008654001076011603
0.003971078227712265
0.0027228355144689456
0.006009975870551439
0.007270869617622799
8.315736114362034e-05
0.00010901197604376933
0.0003826773482959368
0.000432508501360658
2.411535339173602e-05
0.0001964679775688636
3.744306376471831e-05
4.632792569647539e-05
4.878468998151769e-05
0.00010143748662799792
0.00021686439215231959
0.00011210925590334567
0.0002626187456308117
0.000793120681177896
0.00016211147179939558
0.0001175650659991892
0.00014429625657299267
0.0001211670691009674
0.00017488517728065687
0.00022882551487195187
0.00023782363808376992
0.0003535279923853787
0.0001230842802497532
0.00010399394242886027
0.00018114052588012711
0.0002797233296139341
0.0002538656862559362
9.818677594876071e-05
7.055458872328997e-05
0.005752485113933038
3.518583821051593e-05
0.0002444346592520538
0.0013851297357616382
0.002458952288594272
0.001127319365894425
0.00011658646545954075
0.00166480838934722
0.0002531600300224873
0.0030414230401659033
0.00421789249710632
0.0004367803991468164
0.000432508501360658
0.00014079229792526813
0.002955011446067594
0.00010685292016461428
0.002016880096407569
0.002278036124436942
5.196669099652852e-05
0.0002538656862559362
5.638401314245779e-05
5.342646008230714e-05
0.00016138824372927138
5.5483162308550223e-05
9.393492433919516e-05
5.809571242038751e-05
0.0003571883446687563
0.0009985385856936466
0.0013352158297233044
0.005617487053979411
0.000336840956204023
0.00046715080224334613
0.0004966065220989903
0.002196379867280795
0.000878521900446711
0.0007653546965918736
0.0006790201682018553
0.0007000969698236591
0.000331193004996018
0.00016553550736633007
0.00011570435430160879
0.000865017002721316
0.00026697299399432796
7.640020332556434e-05
0.0002617446863140733
0.00011929966131919466
0.0004272685191146552
0.00020709419313063107
0.0006336082941180985
9.590466830537753e-05
0.0005202420697108128
0.00011364704933018344
0.00011677287493284576
0.00046636777820354596
0.0006636647405634886
0.000432508501360658
0.0001346537505820483
0.0008510931975307836
0.0002926147685326069
0.00015126863969271918
0.00011570435430160879
5.232886384012652e-05
0.00019721818394373276
6.244916566995307e-05
0.00021802395208753866
0.0002136342595573276
7.472535250534025e-05
0.0026335329167934624
0.0004039612517461449
0.000865017002721316
0.0008236424502302982
0.00016515163198573037
0.00046636777820354596
0.0002830150421664942
0.0002171418409296067
7.320199280129459e-05
0.0007653546965918736
9.415800472802442e-05
0.0003328461952312155
6.675531239481948e-05
0.00020144429165273723
0.00017099822216568868
0.00010512502092880113
0.0002634928049475501
0.0002830150421664942
0.000432508501360658
0.006985027304375121
0.0001708007013572621
0.001730034005442632
0.00021963047511167774
0.0013006051742770323
0.00015420338012649365
0.00026697299399432796
0.0035718572153619244
0.00020709419313063107
0.0001211670691009674
0.00017488517728065687
0.0006790201682018553
0.0002926147685326069
0.00019048414460490372
0.00023782363808376992
0.0001131211605703431
5.842088542047699e-06
0.0013755942663752918
9.201771319040934e-05
8.093564240235882e-05
0.0006307501255728068
3.751277194270047e-05
0.0006353725164339624
0.0004914093194778191
0.00012707926116627689
0.0002830150421664942
0.00032760621298521267
0.00011058773572815973
6.120605992938934e-05
0.0002821902418335015
0.001957063277265763
0.00019556697443482007
9.957679776247599e-05
0.0008299430538780832
0.00027454748341009937
0.00012573671455970258
0.00099140085147237
0.0009326451087703055
9.415800472802442e-05
0.0011991317364814626
0.0004255465987653918
0.0002968980344595055
0.00012545874111845532
0.00022566861345364305
0.0003535279923853787
5.5673241606768955e-05
0.0004217956612266834
0.001399103334610638
0.000401895084948959
0.0008685673637184268
0.00023460377387507717
0.0009030087738672046
0.0001250540242159356
0.0002693075011640966
0.00010901197604376933
4.880020038778917e-05
0.00021028988179068518
4.222770163840394e-05
0.00013580403364037104
0.0003529250597876578
0.00018786984867839033
0.0002136342595573276
0.00023318388910177298
0.0017371347274368536
0.0005228512094470987
0.0008003860383951072
0.00022471633034537814
0.0004813761861778918
8.06383046878307e-05
0.00036629790735334515
0.00016138824372927138
0.00024278361546788564
0.0027652279466291725
0.00016731068786488544
9.076740067750651e-05
0.00039722090717275943
1.2910306041568114e-05
0.00016295643950136915
0.0002381255631125042
0.00021370584032922855
0.0006418349149038557
1.411377852691134e-05
0.00017488517728065687
0.00012742829071546498
0.00019585981051143764
0.00015591904735560394
0.0001950053477965637
0.0019045813068108309
0.00010583188308493495
0.0003250089129942728
0.0005490761877791943
0.00020432003380969554
0.000749225029483363
4.442833687048912e-05
0.00029378971576715646
0.0013806500983104405
0.00040467821201179414
3.483328823250758e-05
0.00020294514520632876
0.00027230220203251955
7.843353586056545e-05
0.00023020927531750815
0.0007270024146058045
0.0004855672309357713
3.5634457341443306e-05
0.00011694832622345933
8.979112013553299e-05
0.0008490451264994828
0.00013264964561720562
0.00015385064722967372
0.00014095686778288935
8.45760197136867e-05
0.0002969250130344634
8.414702922894121e-05
1.626156332717256e-05
2.9519703792577714e-05
0.00021028988179068518
0.0004080690663824298
0.00025622736831070354
0.000932691723676326
0.0002040345331912149
0.00011062757566124263
0.0005158372834538988
0.000728350846403657
7.037167642103187e-05
0.00012200050096947293
2.685413980462001e-05
0.00022082937523040992
0.0013679857773255095
0.0005187462999434236
0.0005209131296268226
0.0001346537505820483
5.232886384012652e-05
0.00039447145666012586
2.796948640148184e-05
0.000432508501360658
0.00025485658143092996
0.00032500567559539317
0.00022082937523040992
7.622835827457025e-05
0.00012916320874250934
0.00011589753964784234
0.000454343141123662
0.0004735353520472067
8.539543845583164e-05
0.0001418488662551306
0.00048561385441415295
0.00014340970675318597
0.0004896484794351147
0.0008290178744624937
0.00047652938732547183
0.0006353963058313844
0.00035542669496391296
9.015030540863661e-05
0.0006699509998473033
0.00020702741482064315
0.0003114338681622307
7.383286452865862e-05
0.0002968980344595055
9.458552748907637e-05
8.22599835916512e-05
8.147821975068458e-05
0.00018799248501904863
0.0004495350176900178
0.00018562846999114726
0.0006221485956347347
0.00010399394242886027
7.673642510583604e-05
4.378066440516053e-05
0.00020294514520632876
0.0008289679917259645
0.00015882923605338778
0.000779793098384529
0.00030216643747910587
0.0002693075011640966
0.00021543134055283862
0.0008906941033785165
0.00017901749769742042
0.0002922181997075138
0.00017907692415613643
0.00015761331614608942
0.001058857810163941
7.18104468509462e-05
0.00010143748662799792
5.302142591039993e-05
0.0001937676349006333
9.076740067750651e-05
9.175142701107778e-05
0.0009268487834031053
0.0006741489910361345
0.0006951872908627615
5.616459564707748e-05
0.000749225029483363
0.0006203120316166856
0.0005026731279566234
0.0002136342595573276
0.00013656260638025513
2.523602521046361e-05
0.00028345798768557296
0.00014573582137009878
0.0034181481529172416
0.00013328501061146737
7.039614896263407e-05
6.809911147149213e-05
0.0001833527360370517
0.00021686439215231959
0.0005339459879886559
0.0004729276374453819
0.00021963047511167774
0.00042057976358137036
0.0002926147685326069
0.0003497593963786223
0.00026697299399432796
0.0001924224010894915
0.0008172801352387822
6.286835727985129e-05
0.00017691041423099812
0.0007334109441482068
0.0006050745587708767
0.0005209131296268226
0.0005852295370652139
0.00033377656197409745
0.0001402268250474481
0.002092432764245805
8.539543845583164e-05
5.330157960451755e-05
0.0007070559847707574
0.0001007369972132632
0.00045765102974390374
0.0003145260801318196
0.00018296581550816482
7.93320556777881e-05
0.002310666888860762
0.000213309355459626
0.0007045427798156747
0.0002671323004115357
0.00014844901722975274
0.00014573582137009878
0.0002926147685326069
0.00015420338012649365
0.0003176862582169812
0.00011276549422631147
0.00012916320874250934
0.000432508501360658
0.00028375658246722915
5.1247773431426345e-05
0.0002591167698206292
0.00206439539982163
2.7137686354479173e-05
0.00010739087705373271
0.000147481053458553
0.0002604565648134113
0.0005698597671394255
6.203240416999503e-05
0.0002667953461317024
0.0005867009233044602
9.724846738205018e-05
0.00044835211503204157
0.00039447145666012586
0.00011916266371125387
3.385927684288791e-05
0.00032936600618443766
0.0007311187106321784
0.000626260248725044
0.0002708742147431033
0.0010201507495906917
0.0017601027699133808
0.0001856351867050923
0.0001405985537422278
5.87825329995946e-05
4.218656012568808e-05
0.000298901410021361
0.0002000628988975329
0.0005883184817870857
0.00023318388910177298
7.048001642807224e-05
0.0001369730213059044
0.00036970826860169086
0.00016250283779769658
6.828130319012756e-05
0.00011144919783166973
0.00023318388910177298
0.0003084067602529873
0.0004863344153981868
0.00014573582137009878
0.00016045872872596392
0.0002040345331912149
0.00010821759053114414
5.076465713198173e-05
0.00024155642467004064
7.986262013321126e-05
0.00027605313957122806
0.00047344658383238454
0.00018917105497815275
0.00013440092060516
0.00023782363808376992
0.0003535279923853787
5.089099276164736e-05
0.0005829323272977038
7.580483057086712e-05
0.0009343016044866923
4.31387748068818e-05
0.0002830150421664942
5.232886384012652e-05
0.0004863344153981868
0.0006000831169917078
9.265111955575494e-05
0.00044068614391595373
5.76007339364673e-05
0.00018114052588012711
0.00013580403364037104
9.931247012325165e-05
9.483462863465783e-05
9.169792883178945e-05
0.0004272685191146552
0.0005187462999434236
2.0099679338762255e-05
0.00013907704757741083
0.00046419032713299844
0.00010457804781408724
0.00031088170292343516
6.900913827354771e-05
0.00013848746341601562
0.00025622736831070354
0.00022082937523040992
0.00019042970680694903
0.000432508501360658
3.0031467068490012e-05
0.0001707082681554555
6.203240416999503e-05
0.00016731068786488544
0.00026697299399432796
0.0007563570680357493
4.31387748068818e-05
8.820754254894782e-05
0.00011838383801180167
0.00013130937281540585
0.00012695859043246536
0.0001580786114342704
0.000147481053458553
0.0002926147685326069
0.0001588431291084906
0.0015928536339433123
3.164706668596332e-05
2.2339592866714588e-05
0.00016553550736633007
1.5387495935112845e-05
0.0002370149379002154
0.00016395381884217483
0.00017546713670030963
5.491648559377717e-05
0.0009393500435559514
0.00023665260841180684
0.0004386678417507741
3.499144445260575e-05
6.414080036316383e-05
0.00014806672561178813
0.0019042970680694905
0.00016515163198573037
0.00017127986596413475
0.00021028988179068518
0.0003036968393206574
0.00010512502092880113
0.0001739775369918752
0.001048915041276708
7.776345910704194e-05
0.0010018491653691018
0.0011320601686659769
0.00018917105497815275
0.00041448399586298224
0.00012811368415535177
0.00021370584032922855
0.00021077148191236053
0.0003574879911337616
0.00025446779255198105
8.773356835015482e-05
0.00018114052588012711
2.8451378025909244e-05
0.00020725446861562342
0.00024939288847234883
4.797509149403198e-05
3.0297957663085675e-05
7.228813071743985e-05
0.0003114338681622307
0.0006290521602636392
0.0005640893472639214
0.00015149112457981087
5.918082297904807e-05
8.002515955901314e-05
5.379608124309045e-05
0.00042936392801532945
0.0001381613319543274
0.00021025004185760225
0.00037598497003809726
0.0003222956610035657
0.0001563237651407286
9.931247012325165e-05
0.0001514477137078873
0.0004360479041750773
0.00024278361546788564
0.0001588431291084906
0.00017488517728065687
9.329015627372185e-05
0.00015054809930169016
0.00019556697443482007
1.4738849513022846e-05
0.0005434215776403814
6.244916566995307e-05
8.609058279346195e-05
0.00023318388910177298
5.196669099652852e-05
0.00012742829071546498
0.0004168633737086096
0.0001931468561610746
0.0002197593815550959
2.0341330116223634e-05
4.223181241115557e-05
0.00025691979894620215
7.27690098174907e-05
0.0005834908042923011
0.0005490761877791943
0.0005055257100782439
2.4400100193894583e-05
0.0006484458871975823
0.0005021425794456552
0.00014984500589667257
2.8712326252188848e-05
0.00023318388910177298
0.00012211928378216111
0.00013022828240670566
0.0001246760572929031
0.000432508501360658
2.0341330116223634e-05
9.016379469611558e-05
0.0002172852664322537
0.00026320070505046446
0.00047669378030044485
4.541091923773062e-05
0.00029272026660186125
0.000298901410021361
0.00018114052588012711
3.1065471113048205e-05
2.2614738628732644e-05
0.00020109979275744044
0.00012987475542556166
9.792990525571882e-05
0.00020874445412354475
0.0001369730213059044
0.00022082937523040992
0.0001137072458563007
0.00022082937523040992
0.0001381613319543274
0.0001778635640878016
0.0001211670691009674
0.00015481900068982997
0.0005202420697108128
0.00018030061081727322
0.0004966065220989903
0.003460068010885264
0.00016211147179939558
0.0001332539490112939
0.00013022828240670566
2.8260757119403346e-05
0.0007425407468203692
0.0001524567165491405
0.00011658646545954075
9.906510145927014e-05
6.0995883443916995e-05
0.0001856351867050923
9.82663503601449e-05
0.00035798872361446127
1.4954415363915844e-05
0.00015590007298958556
5.76007339364673e-05
0.00014844901722975274
2.4894199440618997e-05
0.00026861538623420466
0.000384844802178983
0.00022082937523040992
0.0002787392302855789
0.00023915800536198226
7.002447499900414e-05
0.00033462137572977087
0.00027160806728074207
0.0001230842802497532
0.00031680414705904925
0.00012211928378216111
0.0001381613319543274
5.4321316608063426e-05
0.00010072214582636862
6.884626389663878e-05
0.0002171418409296067
0.00045816310711366753
0.00013022828240670566
0.0007312866814247471
0.00017899436180723063
0.0003036968393206574
0.0002798704688211656
0.00029147164274019756
0.0005867009233044602
9.331346801291268e-05
7.27690098174907e-05
0.0003114338681622307
0.0007018685468012385
0.0004995933253596245
0.0005339459879886559
0.0009110905179619724
0.000865017002721316
0.00020109979275744044
0.00012707926116627689
0.0001856351867050923
8.773356835015482e-05
0.0002926147685326069
0.0007519699400761945
0.0001651085024321169
0.0002136342595573276
0.00013000356519770912
0.00022082937523040992
7.93320556777881e-05
9.65734280805373e-05
0.00019556697443482007
0.00019556697443482007
0.00023676767602360334
0.0004039612517461449
0.0003089924324062224
0.00047652938732547183
0.00024155642467004064
0.0001929524624031644
3.849902582488485e-05
0.00011747953480016419
5.682352466509172e-05
0.00023782363808376992
0.000213309355459626
0.0001742837364823662
0.00032091745745192784
9.13898388290223e-05
0.00039722090717275943
0.0005788573872094933
8.482259751732701e-05
0.0001691308143839159
0.00018403542638081868
0.00015160792193669387
7.107051998477442e-05
4.3958587572449884e-05
0.0002056580548412413
0.00042936392801532945
0.0005993800235866903
0.0004846682764038696
6.720046030258e-05
7.472535250534025e-05
5.483391007366867e-05
7.776345910704194e-05
0.0003692528407492597
0.00022456063746934866
0.0003826773482959368
0.0001729154333144745
1.8699339828653602e-05
0.0002040345331912149
5.416761259923219e-05
0.00023318388910177298
1.6388144398075822e-05
5.5293867864079864e-05
7.877753437387967e-05
5.5293867864079864e-05
0.000198280170294474
9.65734280805373e-05
0.0008286868660826118
7.055458872328997e-05
0.0003084067602529873
0.00022082937523040992
8.71418682411831e-05
0.0001856351867050923
4.541091923773062e-05
8.147821975068458e-05
0.00035736578112012253
0.00022882551487195187
0.0001352456920441734
0.00010989646893112472
6.631290387614263e-05
4.775722586029511e-05
0.00019180933661075506
0.0003978774232568558
0.00020709419313063107
9.724846738205018e-05
0.0003295530165480855
0.00019048414460490372
5.799251233062506e-05
8.953846207806821e-05
0.0002379961670333643
0.00016515163198573037
5.196669099652852e-05
0.00020109979275744044
0.0001931468561610746
0.00012916320874250934
0.0003535279923853787
0.00020144429165273723
0.0002926147685326069
0.0001691308143839159
0.00034158175382332655
0.0001588431291084906
6.543617157851832e-05
0.0002538656862559362
0.00014110917744657994
0.00010143748662799792
0.00013130937281540585
0.0002262423211406862
7.622835827457025e-05
2.7416955036834334e-05
7.986262013321126e-05
9.590466830537753e-05
3.9403329036522355e-05
0.0001739775369918752
0.00013130937281540585
8.753059374875518e-05
9.458552748907637e-05
0.00025211902267858305
0.00013022828240670566
9.524207230245186e-05
0.00020709419313063107
0.0005241489804708996
0.00017099822216568868
0.00036970826860169086
0.0004884771351286445
7.671194083530576e-05
0.0002670431659446609
0.00016211147179939558
0.00027454748341009937
0.00011144919783166973
0.00031680414705904925
0.00024811132335919524
0.0001465062543700639
0.0001514477137078873
0.00018114052588012711
0.00013907704757741083
0.000793120681177896
5.5293867864079864e-05
2.039812526620489e-05
0.00023859932263838932
7.986262013321126e-05
5.5293867864079864e-05
5.345168601216497e-05
0.0005829323272977038
0.0001568670717211309
0.000177005415678401
0.0001691308143839159
0.0007213638121641321
0.000466345861838163
0.00022345844833856536
0.000432508501360658
0.0002097924972104506
0.00010393338199305704
0.0003153750627864034
0.0002897202842416119
0.000432508501360658
0.000432508501360658
0.00016045872872596392
0.0001032126671265533
0.00011838383801180167
0.00016045872872596392
0.00013022828240670566
0.0025157324120941432
0.003282459211508217
0.00012022730202735533
0.0016322872237124109
0.0003328461952312155
0.00030534595656988423
0.0004884771351286445
0.0016980902529989655
6.371414535773249e-05
0.0001514477137078873
0.0003173282227111524
0.0002510712897228276
0.0009726688307963736
0.00038085941361389806
0.00042154296382472105
0.00018799248501904863
0.0003826773482959368
0.0003000415584958539
0.00031680414705904925
0.00042057976358137036
0.00011058773572815973
5.838643746642288e-05
0.0010654545421062151
0.00010001385283195129
0.0004080690663824298
0.0001729154333144745
0.0005852295370652139
0.0003114338681622307
6.900913827354771e-05
0.00018917105497815275
0.00013801827654709542
0.0002171418409296067
0.0006951872908627615
8.313096282411628e-05
0.0001827796776580446
0.0003328461952312155
0.000432508501360658
0.00022082937523040992
0.00029415924089354285
0.0001137072458563007
9.265111955575494e-05
0.00018114052588012711
0.0003826773482959368
0.00043287036212457655
0.0003315645193807132
7.086449692139324e-05
0.0030614187863674943
0.000198280170294474
6.720046030258e-05
0.00015272103570455582
0.00015552691821408388
4.001257977950657e-05
5.6054627951672834e-05
0.0002604565648134113
0.000865017002721316
0.0003535279923853787
0.000444658910219504
0.00013351062478963896
0.0001381613319543274
0.00022882551487195187
0.0002040345331912149
0.0008218381278354264
0.0001211670691009674
0.00026697299399432796
6.993083240348352e-05
1.4523928105096878e-05
0.00012406240632333712
7.369424756511423e-05
0.0001230842802497532
4.410377127447391e-05
0.00013240696905758646
0.0003667054720741034
0.00020002770566390258
0.0002818047730175855
0.00019585981051143764
0.00031680414705904925
0.00031680414705904925
0.0002830150421664942
0.0002140077481087384
0.00024482423971755737
0.00013022828240670566
0.0003036968393206574
0.00015420338012649365
0.0001250540242159356
0.0002151843249723618
0.000503610729131843
0.00024049376095498776
7.82825310906305e-05
0.00015571693408111535
0.0003874896262275281
2.398754574701599e-05
6.203240416999503e-05
0.0002423341382019348
6.543617157851832e-05
0.0004962226467183905
0.00025485658143092996
0.0001369730213059044
0.00022471633034537814
0.0004021995855148809
7.039614896263407e-05
0.00013580403364037104
0.00010901197604376933
4.031915234391535e-05
0.0003043124598839938
0.0001381613319543274
0.00039113394886964014
2.523602521046361e-05
0.0003043124598839938
0.00014788035199519439
6.900913827354771e-05
0.00022082937523040992
0.00016380310649260634
7.472535250534025e-05
0.00016731068786488544
0.00020144429165273723
5.5293867864079864e-05
0.0001833527360370517
5.089099276164736e-05
0.00017691041423099812
0.00011639759432458093
0.00033107101473266014
0.0001568670717211309
8.539543845583164e-05
0.00024045460405471066
0.0005852295370652139
0.00039113394886964014
0.00013240696905758646
0.0008833175009216397
0.0004272685191146552
9.393492433919516e-05
4.8786711100310204e-05
0.00015420338012649365
0.0003535279923853787
0.00012489833133990614
0.00011397195342788509
5.822190986920393e-05
0.00013352158297233046
0.0004495350176900178
0.00023782363808376992
7.472535250534025e-05
9.13898388290223e-05
0.00022882551487195187
0.0001856351867050923
4.2502565722001776e-05
9.412579843548798e-05
2.1741636851089294e-05
8.951379934873335e-06
0.00013986166480696704
4.281996649103369e-05
0.00015552691821408388
0.0001674877499618258
0.00012811368415535177
0.00027795335866726483
0.00016045872872596392
0.0001833527360370517
0.00044165875046081984
0.0003826773482959368
0.0002830150421664942
0.00010143748662799792
0.0001691308143839159
0.0003036968393206574
6.855268494708042e-05
0.00010001385283195129
0.00011800361045226734
0.0003826773482959368
0.00031680414705904925
0.00026320070505046446
0.00027454748341009937
0.00037115626629307926
4.508189734805779e-05
0.00010743188700118856
6.764838173544291e-05
0.0001856351867050923
0.0003535279923853787
5.838643746642288e-05
0.000198280170294474
4.775722586029511e-05
0.00023318388910177298
0.0001929524624031644
0.00024811132335919524
0.00017194576115129958
1.1786891702227206e-05
0.0003535279923853787
0.00012916320874250934
9.724846738205018e-05
0.00010842518253278559
8.147821975068458e-05
0.0001929524624031644
8.953846207806821e-05
7.986262013321126e-05
0.0002040345331912149
0.00016626192564823256
6.900913827354771e-05
0.00015347285021167207
7.423125325861585e-05
0.00016874624050275232
0.0001418488662551306
0.00013000356519770912
4.062703785693039e-05
0.00014312130933844314
0.0001976196037106626
0.00022882551487195187
0.00016731068786488544
0.00011483293566357581
8.655499839105075e-05
5.018269976723005e-05
0.0003874896262275281
9.740606656917125e-05
0.00010143748662799792
9.089467474788653e-05
0.00013022828240670566
0.00031680414705904925
0.00024812481264667425
0.000432508501360658
9.281423499557363e-05
0.00013000356519770912
6.73709329581558e-05
6.720046030258e-05
0.00016380310649260634
0.0005788573872094933
0.0002626187456308117
0.00010981523755583887
0.0001250540242159356
0.00013822054572196885
9.931247012325165e-05
0.0003328461952312155
3.5634457341443306e-05
0.00011397195342788509
3.731071517646185e-05
0.0002830150421664942
0.0002830150421664942
0.0002830150421664942
0.00019042970680694903
0.0003036968393206574
0.00022082937523040992
8.655499839105075e-05
0.00023318388910177298
0.0003036968393206574
6.203240416999503e-05
0.0001346537505820483
8.929708616718908e-05
0.00010107194795779591
6.809911147149213e-05
0.0001211670691009674
0.0005077313725118723
0.00014707962044677143
0.0003826773482959368
0.0001929524624031644
0.0006995407091226275
0.00031680414705904925
6.457000257774412e-05
0.00027454748341009937
3.385927684288791e-05
0.00017899436180723063
0.0005490949668201987
0.0006514255227888202
5.379608124309045e-05
6.038910616751016e-05
0.00015126863969271918
9.792990525571882e-05
0.0003692528407492597
0.00019042970680694903
0.0003535279923853787
0.00014079229792526813
0.0001211670691009674
0.00022882551487195187
0.00023782363808376992
0.0002538656862559362
0.00014707962044677143
0.00018114052588012711
8.482259751732701e-05
0.0002040345331912149
0.00024278361546788564
0.00013130937281540585
0.00017691041423099812
9.861786416503147e-05
0.00031680414705904925
8.235224190145643e-05
0.00031311668118531714
0.0001494507050106805
0.00019556697443482007
0.000106654677729813
0.00019042970680694903
0.00014312130933844314
2.4130115221945108e-05
0.00016211147179939558
4.218656012568808e-05
0.00018114052588012711
6.900913827354771e-05
0.00012707926116627689
0.0003036968393206574
4.607351524065628e-05
0.0003826773482959368
0.00023036757620328142
0.00016211147179939558
0.00010157783052866375
0.0006121035995736448
0.0002136342595573276
3.9100628979179526e-05
0.00019048414460490372
5.838643746642288e-05
9.931247012325165e-05
0.00010743188700118856
0.00032422294359879116
3.672384532632948e-05
0.0001856351867050923
0.000432508501360658
6.604340097284675e-05
0.00010437222706177238
1.5605018513797057e-05
8.953846207806821e-05
0.00024280692720707648
2.7160658304031713e-05
0.000432508501360658
8.425428501304064e-05
0.00027454748341009937
0.0002601210348554064
7.325312718503195e-05
0.00012914000515548823
0.0001465062543700639
0.00039113394886964014
0.0002040345331912149
3.0297957663085675e-05
0.00015272103570455582
4.681505554139117e-05
0.00014984500589667257
0.00010143748662799792
0.00012658001501124366
0.00025622736831070354
0.000728350846403657
0.00010821759053114414
0.00015571693408111535
9.329015627372185e-05
0.0002926147685326069
0.000198280170294474
0.0001389370165089468
5.643804836670029e-05
1.2618012605231805e-05
0.00011598502466125011
0.00011397195342788509
0.0001346537505820483
0.0004962226467183905
0.000432508501360658
0.0002926147685326069
8.71418682411831e-05
0.0002136342595573276
0.00016553550736633007
0.0001230842802497532
0.0007425407468203692
0.0016642309761560777
0.0010288988263983457
0.00018030061081727322
6.9413453250759e-05
0.0003328461952312155
0.0002830150421664942
0.00023782363808376992
0.0002171418409296067
0.00020109979275744044
0.00014984500589667257
0.00026697299399432796
0.00019042970680694903
0.0001365678699839652
0.00026697299399432796
0.00027454748341009937
0.0005724852373537726
0.00033462137572977087
0.0002926147685326069
0.00012707926116627689
0.00014844901722975274
8.953846207806821e-05
9.329015627372185e-05
0.0005698597671394255
8.655499839105075e-05
6.120605992938934e-05
0.00017899436180723063
0.00024278361546788564
0.00011677287493284576
0.0002888333611075953
0.00011483293566357581
0.00011747953480016419
0.00014573582137009878
0.00014573582137009878
0.0001369730213059044
9.65734280805373e-05
0.0002968980344595055
5.269287047809013e-05
0.00016045872872596392
9.232497561067709e-05
0.00014312130933844314
0.0007519699400761945
2.366526084118068e-05
9.13898388290223e-05
4.508189734805779e-05
5.958133185562693e-05
0.0001230842802497532
5.379608124309045e-05
0.00012211928378216111
0.00019717380266025914
0.0005202420697108128
0.0002550153943320107
8.71418682411831e-05
3.164706668596332e-05
0.00011228031873467433
0.00031680414705904925
0.0002460747696063423
0.00015571693408111535
0.0011480320448878105
0.0008685673637184268
6.203240416999503e-05
0.000665692390462431
0.0007653546965918736
0.00024278361546788564
0.0010054989637872022
0.0005339459879886559
0.0076987460051524985
0.001985373464159226
0.0003535279923853787
0.0008236424502302982
0.000865017002721316
0.0005660300843329884
0.0004813761861778918
0.00046636777820354596
0.00044943266069075627
7.325312718503195e-05
0.00027160806728074207
0.00037598497003809726
4.684394824062138e-05
0.00018114052588012711
0.0005660300843329884
0.0005339459879886559
0.00016045872872596392
0.00026697299399432796
0.0001211670691009674
0.0002926147685326069
0.0003328461952312155
9.792990525571882e-05
0.00019556697443482007
6.203240416999503e-05
0.00012605951133929153
0.0001405985537422278
0.00017899436180723063
0.000665692390462431
0.0003826773482959368
0.0003036968393206574
0.002244379865103364
0.0008490451264994828
0.000432508501360658
0.00024811132335919524
6.0796422596521374e-05
0.0004021995855148809
0.00015126863969271918
0.000865017002721316
0.0002830150421664942
0.00288961979301094
0.00024811132335919524
9.931247012325165e-05
0.0001986249402465033
2.9237081555864833e-05
0.0005077313725118723
0.00021802395208753866
0.00027454748341009937
0.0002888333611075953
0.00024811132335919524
0.00044943266069075627
0.0002538656862559362
0.0022321111612031196
0.0006409027786719828
0.00024278361546788564
0.0002926147685326069
0.0003535279923853787
0.00031680414705904925
0.00024278361546788564
0.0002565632014526553
0.00018114052588012711
2.2749813729336163e-05
0.0002926147685326069
0.00017691041423099812
0.00035798872361446127
0.0003036968393206574
0.0003328461952312155
0.0001058857810163941
0.000432508501360658
8.093564240235882e-05
0.0002601210348554064
0.0003826773482959368
0.00013580403364037104
0.00029415924089354285
0.00015126863969271918
0.0001691308143839159
0.0001572630400659098
0.00012916320874250934
0.0003826773482959368
0.0002040345331912149
0.0010605839771561363
0.0003826773482959368
2.2217738971344502e-05
0.00024811132335919524
4.34590032090006e-05
8.62775496137636e-05
0.00029969001179334513
0.00024278361546788564
0.00011836164595809614
0.000432508501360658
0.0002830150421664942
0.00022882551487195187
0.00036228105176025423
0.0002926147685326069
8.369042990760918e-05
7.93320556777881e-05
4.281996649103369e-05
0.00010981523755583887
0.00019042970680694903
0.0001131211605703431
0.00018530223911150987
0.0003667054720741034
3.608448060339492e-05
3.3299809759395016e-05
0.0007653546965918736
0.0003812377834988307
0.0002538656862559362
0.0003535279923853787
0.00031680414705904925
0.00022882551487195187
0.00012916320874250934
4.062703785693039e-05
0.00016211147179939558
0.00036228105176025423
1.790275986974667e-05
1.7592919105257966e-05
9.076740067750651e-05
0.00013330643382806703
0.000865017002721316
0.00011929966131919466
2.6650789802258774e-05
9.724846738205018e-05
0.00021028988179068518
0.00044534705168925825
4.378066440516053e-05
0.00019556697443482007
0.0002171418409296067
0.000198280170294474
0.0003328461952312155
5.918082297904807e-05
4.4754374424355106e-05
0.0006621420294653203
0.0007134709142513098
0.00017099822216568868
0.0003036968393206574
0.000432508501360658
0.0003535279923853787
0.000432508501360658
5.232886384012652e-05
0.00012199176688783399
0.0003826773482959368
0.00017488517728065687
0.00011658646545954075
0.0003036968393206574
5.5293867864079864e-05
4.019935867752451e-05
0.00020109979275744044
0.001518484196603287
0.0021625425068032902
0.000506238721508257
0.0006336082941180985
0.000432508501360658
0.000432508501360658
0.0008990700353800356
0.0003036968393206574
0.0002601210348554064
0.000432508501360658
0.00020709419313063107
2.8619294596885106e-05
0.000198280170294474
3.1104489337637555e-05
6.587320123688753e-05
7.880665807304471e-05
0.00029969001179334513
0.0007070559847707574
6.203240416999503e-05
0.00011397195342788509
9.65734280805373e-05
0.0002538656862559362
0.0002040345331912149
5.454107399705112e-05
0.00016380310649260634
0.00013240696905758646
0.000432508501360658
0.000432508501360658
0.0002830150421664942
0.0005339459879886559
0.00012605951133929153
0.0003826773482959368
0.0002501080484318712
0.00046636777820354596
0.0001729154333144745
0.0008283767725225243
0.00012605951133929153
0.0001572630400659098
1.714638874170379e-05
7.228813071743985e-05
3.643219722894714e-05
0.0003535279923853787
0.00047564727616753984
0.0002830150421664942
0.00016701972482030688
8.71418682411831e-05
8.425428501304064e-05
0.00019556697443482007
0.0001691308143839159
0.0005490949668201987
0.00016553550736633007
0.00017899436180723063
0.0001856351867050923
0.0002830150421664942
8.20249232021141e-05
0.00031680414705904925
0.0001211670691009674
0.00015571693408111535
0.0003145260801318196
0.0001436208937018924
0.000432508501360658
0.00030544207140911165
0.0003328461952312155
0.0003826773482959368
0.0001572630400659098
0.00021028988179068518
0.00020109979275744044
0.00022471633034537814
0.00015272103570455582
0.0002830150421664942
2.9765695389063024e-05
0.0001856351867050923
0.00021028988179068518
0.000432508501360658
0.00020287497325599584
0.001730034005442632
1.1169796433357294e-05
0.0003826773482959368
8.187249522557052e-05
0.0001856351867050923
7.776345910704194e-05
0.0002926147685326069
0.0002171418409296067
6.120605992938934e-05
9.896263411706077e-05
7.228813071743985e-05
0.00016553550736633007
0.0002461685604995064
0.0001729154333144745
3.849902582488485e-05
0.0001588431291084906
0.0001588431291084906
0.0003036968393206574
0.0003535279923853787
5.958133185562693e-05
3.701668140294703e-05
0.0004962226467183905
0.0003826773482959368
0.00011658646545954075
0.000432508501360658
0.00014312130933844314
0.00017488517728065687
0.00023140870860321758
0.0001588431291084906
0.00017488517728065687
0.000432508501360658
0.00014441668055379764
0.0003535279923853787
0.0002040345331912149
0.00020709419313063107
0.00026697299399432796
0.00021028988179068518
0.0002601210348554064
0.00014984500589667257
7.18104468509462e-05
0.000147481053458553
0.00017488517728065687
0.00017099822216568868
0.0001250540242159356
0.00028375658246722915
0.00010072214582636862
6.548932585628786e-05
9.458552748907637e-05
0.00018799248501904863
0.00021028988179068518
0.0003535279923853787
0.00010512502092880113
5.9984084491117614e-05
6.764838173544291e-05
0.0001856351867050923
7.941461802669389e-05
0.00015272103570455582
0.00020709419313063107
7.880537817634972e-05
8.953846207806821e-05
0.00011287609673340058
9.393492433919516e-05
0.0002830150421664942
9.931247012325165e-05
0.00014984500589667257
0.000800918981982984
0.000728350846403657
0.000699551667305319
2.4400100193894583e-05
6.371414535773249e-05
0.0005077313725118723
0.00015972524026642253
0.000396560340588948
0.00024423856756432223
0.00025622736831070354
3.0298224915962174e-05
0.0006514255227888202
0.0002739460426118088
0.0002926147685326069
0.0003535279923853787
0.0011052906556346192
0.00012811368415535177
0.00013936961514278946
4.281996649103369e-05
3.5634457341443306e-05
8.773356835015482e-05
0.0002830150421664942
5.9984084491117614e-05
6.900913827354771e-05
0.0001833527360370517
0.00013580403364037104
0.00015571693408111535
8.425428501304064e-05
0.0003036968393206574
0.0004272685191146552
0.00031680414705904925
4.522947725746528e-06
2.366526084118068e-05
0.00026697299399432796
9.524207230245186e-05
7.622835827457025e-05
0.0001833527360370517
9.458552748907637e-05
0.00014707962044677143
7.72481081015556e-05
0.0003036968393206574
5.643804836670029e-05
7.93320556777881e-05
0.000345830866628949
0.00019556697443482007
5.3810544082229555e-05
0.0002601210348554064
0.0006336082941180985
0.00010001385283195129
0.0007653546965918736
0.00011228031873467433
6.764838173544291e-05
0.00016380310649260634
0.00011062757566124263
0.000432508501360658
0.000432508501360658
0.00011228031873467433
8.950874884871021e-05
0.00013022828240670566
0.0003036968393206574
7.133591603624613e-05
0.0006624881256912298
0.000432508501360658
0.00034199644433137737
2.7416955036834334e-05
0.00011483293566357581
0.00013022828240670566
0.00023782363808376992
6.543617157851832e-05
0.00010143748662799792
0.00010362723430781171
0.00019042970680694903
0.00011210925590334567
7.18104468509462e-05
0.0002538656862559362
5.9984084491117614e-05
5.342646008230714e-05
0.0002136342595573276
0.00014079229792526813
0.0001230842802497532
0.00023318388910177298
0.0001381613319543274
5.342646008230714e-05
0.0003328461952312155
0.0002830150421664942
0.0003826773482959368
0.000432508501360658
0.000432508501360658
0.00010981523755583887
0.00018799248501904863
9.265111955575494e-05
0.0003176862582169812
6.0796422596521374e-05
0.00013352158297233046
0.0003535279923853787
0.00012916320874250934
2.05649958979128e-05
0.0001418488662551306
0.00011062757566124263
0.00011747953480016419
0.00014312130933844314
3.701668140294703e-05
3.1104489337637555e-05
0.0003328461952312155
8.313096282411628e-05
7.72481081015556e-05
8.369042990760918e-05
0.00022125515132248526
7.133591603624613e-05
0.00012707926116627689
0.0001131211605703431
0.00014984500589667257
0.00023782363808376992
0.0001929524624031644
8.039712934198443e-05
2.514252838324575e-05
0.00016045872872596392
0.00022471633034537814
9.931247012325165e-05
0.00010437222706177238
0.00017899436180723063
7.423125325861585e-05
0.00014312130933844314
0.000198280170294474
0.0002601210348554064
0.00012828160072632765
0.00041810884542836847
0.0001455380196349814
0.0003036968393206574
0.00013580403364037104
0.000432508501360658
0.00011570435430160879
4.2502565722001776e-05
0.00014312130933844314
0.0002171418409296067
0.00027454748341009937
0.0002140077481087384
0.0003036968393206574
0.0003826773482959368
7.572385685394365e-05
0.00011838383801180167
0.0001729154333144745
4.541091923773062e-05
0.000432508501360658
0.00014984500589667257
0.0002538656862559362
0.0001833527360370517
0.00041418838626126214
0.00020432003380969554
0.0002926147685326069
0.0001369730213059044
0.00017899436180723063
4.348327370217859e-05
6.809911147149213e-05
0.0002926147685326069
0.0003826773482959368
0.0003535279923853787
0.0003328461952312155
6.0796422596521374e-05
0.00013130937281540585
0.00019556697443482007
0.00047564727616753984
0.000432508501360658
0.0001729154333144745
0.00011483293566357581
4.442833687048912e-05
5.5673241606768955e-05
0.0002601210348554064
0.0008778443055978208
0.0014141119695415148
0.00024811132335919524
0.000432508501360658
0.0002926147685326069
0.0007653546965918736
8.369042990760918e-05
0.00023782363808376992
0.00015571693408111535
9.329015627372185e-05
0.00026697299399432796
8.425428501304064e-05
0.000198280170294474
0.00019556697443482007
0.00024811132335919524
1.1169796433357294e-05
8.773356835015482e-05
4.541091923773062e-05
0.00020709419313063107
0.000432508501360658
0.00014707962044677143
0.00016211147179939558
0.0003328461952312155
0.0001346537505820483
0.00017691041423099812
0.0003328461952312155
0.0001381613319543274