0.00272221723761314
0.0008164260661000834
0.0012702648324485664
0.008072818733265603
0.0034540723506573663
0.01990492037732933
0.0008471951537776524
0.0008471951537776524
0.0004164169981336954
0.0005783054131739123
0.00019995489865740507
0.010955113516545684
0.001211011417487658
0.011630203641444346
0.0010209226356800538
3.4069687809390066e-05
0.0006126080854523385
0.0006185541961116522
0.0002003571670256306
0.0008411031651510946
0.004721158996847836
0.00022636552833984715
0.000611923388818708
0.0008584467505477349
0.003462999314759803
7.880103228547427e-05
0.0002769048297260165
0.00033570643231863685
0.00012136473384081826
0.0006075004239769902
0.00021789845526514685
0.007170815967394852
0.00034076773094826205
0.008035915058433209
4.051163716629648e-05
0.00030986442300232227
0.00012823375414625624
0.00010122896965233113
0.0010373409622598136
0.0006323496807896308
0.0005377794812074802
0.0004756413415911507
0.000386197949192338
0.0008590080563165474
0.0037262762465904635
0.001043420432643765
0.00027185785147167075
1.012781995588206e-05
0.0002688897406037401
0.0005198860739991593
0.00020226070216549725
0.00012912795020684502
0.0026489280850142856
0.0004054333612028405
0.0003078119150493729
0.0009178850832280619
0.0003482554466661837
6.19864574601696e-05
0.0001327943707398567
0.0005787892557756899
0.0007825081083246917
0.0017398111460719288
0.004645432000197448
0.00021171080540809437
0.0002713571540928357
0.0008471951537776524
0.00011251266125985698
8.598545069468925e-05
0.002313221652695649
0.0001856249097334374
0.00023420482651703893
0.0003317731328826384
6.518462823800475e-05
0.0001145088169864252
0.00045228829114353085
5.9840897719683316e-05
0.00043351722051356744
0.00028117777244301224
0.0005229836620454838
0.0001532316162980525
0.0005986076244063857
0.0003058044967005808
0.0002338382815299797
0.0002856495267786224
0.003070058248414016
8.317938029600199e-05
0.0005783054131739123
0.00022990799980411705
0.0004887879737637218
0.00015195702191315587
0.00023105314323386387
0.0005116763747356693
0.0004380409766807592
0.000476323021450151
0.0001713003023422931
0.004141213942556674
0.008048353960887699
0.0020133941541668784
0.00026048253569914274
0.0005229836620454838
0.00012055765466118509
0.0004345681370957065
0.00011810046459438633
3.1245734291730986e-05
0.0008710185000370213
9.492818110330179e-05
0.00020384927504943733
0.00018090476939522384
0.001364723375752978
0.0007360828294474381
0.00019133373025651055
0.00021238852212137932
0.00033174867295548884
3.2244544010508473e-05
0.00016588335471431597
0.00012823375414625624
0.00028939462788784496
0.0007856501429612183
0.0011691914076498984
0.00019486279258449908
0.0005152896764389134
0.00010397721479983186
0.0004450473362974265
0.0005783054131739123
6.328545406886786e-05
0.00022022571639074734
7.143630928667938e-05
0.00012136473384081826
0.0005905401751956203
0.000324625015724103
8.173929291321235e-05
0.00012473790040937446
0.00015092618423339374
0.0004235975768888262
3.0209058852356733e-05
0.0001436467528495308
0.0002769048297260165
0.0006323496807896308
0.00021441011633432174
0.002571241779840447
0.00021675861025678372
0.00018752110209976165
0.00011891033539778768
0.0004060718473519459
0.00014901828333358053
0.0010233527494713387
0.00010185349864575341
0.0001436467528495308
0.00022485126657108604
0.0004060718473519459
0.00041272097013760994
3.328593599397507e-05
3.839113831108297e-05
9.045238469761192e-05
0.00031799304950510274
0.0001622767118471876
0.0005783054131739123
0.0001162826279038782
1.0615206185392357e-05
6.924206444917772e-05
0.000544749115020904
0.0009506326540270319
0.0006804614592145013
0.0004007143340512612
8.406103283036337e-05
0.00043158316970718383
0.00010537036068245432
0.00012847697980926804
3.03243763532905e-05
0.00011948072643454876
0.000267774795602327
0.00013003054259738052
0.00034780681088125503
0.00034780681088125503
9.709943524002904e-05
0.0003117892594209408
0.00016922245001280324
0.00019589293551340332
0.00010397721479983186
0.00013514290341147523
0.0008267415393326193
0.00016692327019362198
0.00032151090373937744
0.000158058108040924
0.0012568200553342993
0.00025179659431695246
0.00022531214509242077
0.0012410603838927208
0.002541585461332957
0.0011185523078704879
8.57566806960657e-05
3.399789044713008e-05
0.00019486279258449908
0.00047270088579018875
0.00012823375414625624
7.538914902845812e-05
0.00010295313360693127
0.0005116763747356693
0.0003471970420188165
0.0004060718473519459
0.00030478289980427354
0.00010947139080515085
7.538914902845812e-05
0.00011225778519301298
3.9414515231594076e-05
5.309248644303429e-05
8.102327433259296e-05
0.00045264032420725265
0.00017853118254445514
8.866672251345234e-05
0.00019331234956354766
0.0004989516016374978
0.003115331354081986
0.00039698119215800633
0.0017349162395217366
0.0011566108263478246
0.0010709056153517498
0.0008066692218112202
2.8753933844838803e-05
0.000324625015724103
0.0001318615576407603
0.00019136693884761732
0.0007266068504925948
0.00014683352148623787
5.251406051407379e-05
4.8852030427314205e-05
0.00013467518435969297
0.0001989979701696876
0.0003532254849729679
0.0005116763747356693
0.00013955569359897453
0.00010821872858624384
5.268603601364134e-05
8.183838159217376e-05
0.00017853118254445514
0.00020226070216549725
4.678692251841332e-05
6.757145170573761e-05
0.0002546228107173039
3.979959403393752e-05
0.00042512338766128964
0.0003569685384505833
0.00021454873400476938
0.00019665958103562336
0.0019562702708117293
0.0003694699452572341
8.463033636560621e-05
9.166152495912192e-05
7.143630928667938e-05
0.00011041179823215995
0.0003495511461122093
0.00018635056331951997
6.205077397169769e-05
0.00019136693884761732
0.0005783054131739123
4.640622743335935e-05
0.0002178884132420919
8.830637124324198e-05
0.0007825081083246917
7.806827550567966e-05
0.0017349162395217366
3.944554065638264e-05
0.00021579158485359192
0.00022864104915956736
0.00013855956672277349
4.480527241295578e-05
0.0002861489168492449
0.000383149867818028
3.750422041995233e-05
8.435747471027594e-05
6.259622632260825e-05
0.00015239144990213677
0.00015092618423339374
0.0001888474457377143
6.385599854405551e-05
0.0008556452963689247
0.00047270088579018875
0.00011463184416626005
0.0003671430826383443
0.00015443068725639402
0.00030907229935134696
0.001801691351324597
0.00012364386288400171
0.0008301279810727216
0.000243871971384851
0.0003694699452572341
0.00023933265597111118
0.0001713003023422931
5.028277625529511e-05
8.074603593579656e-05
1.1968854844304963e-05
0.00021543938719748932
0.0001683881742770998
6.573756992614611e-05
0.00011418190431865406
0.00014091085903414897
5.7680685836293265e-05
0.0004567276172746162
0.00015708142313585477
0.00028805239669758696
0.0002688897406037401
0.0002482120767785442
0.00022614414557176543
6.948445779327773e-05
0.0006009346399364451
0.00028805239669758696
0.0005884272298125435
1.8871477662919746e-05
0.00047270088579018875
0.00029702477095465337
0.00027783977501343797
0.0002213368747233289
0.0006781583186362721
0.000265119634517246
7.292665516073171e-05
0.00023933265597111118
0.00016328521322001667
0.00012668581554906483
0.00012320943141602684
0.0005783054131739123
0.00016991717943901696
0.00012388344693145542
0.00014091085903414897
0.0005267197351778663
0.0003569685384505833
4.341375594985713e-05
0.0002546228107173039
0.00017038386547413103
0.00021675861025678372
4.811047936843413e-05
2.769167935575095e-05
0.00016991717943901696
9.129866148108912e-05
0.00031193164439949556
7.393321287448129e-05
0.00015125385812426797
0.0007433006815887325
0.00012388344693145542
6.263485863691761e-05
5.568868289646796e-05
0.0005783054131739123
0.0003569685384505833
0.0004450473362974265
0.00025725060822117415
0.0002856495267786224
0.00047270088579018875
0.000408405390301559
0.00016855367596296155
0.00012476907044400298
0.0005116763747356693
8.435747471027594e-05
0.00028117777244301224
0.0003165811267947295
0.00019136693884761732
0.0001026039716831243
9.39522879553764e-05
0.00010749868489484903
0.00010782115949959834
0.000265580625061781
0.002891527065869561
0.0001770408366704028
8.756551958783422e-05
8.830637124324198e-05
0.0003394428089137031
0.00015012957181854088
0.00034076773094826205
5.72544084932126e-05
0.00029803656666716106
0.00033174867295548884
0.0004450473362974265
0.00030478289980427354
0.0004503887154556226
0.0004844045669950633
0.0005783054131739123
0.0005783054131739123
0.0005116763747356693
0.0009353677782628225
0.00015125385812426797
0.00010749868489484903
0.00015708142313585477
0.00047270088579018875
0.00010690399813774585
8.463033636560621e-05
0.0003394428089137031
0.0001173082085885979
0.00033624413132145347
0.00016367676318434753
0.00033174867295548884
0.000580679000024681
0.0006956136217625101
0.0005783054131739123
0.000324625015724103
4.3825046617430735e-05
0.00032151090373937744
0.0005783054131739123
0.00023933265597111118
0.00014901828333358053
0.00012657090813773572
0.00013955569359897453
0.0002268319219133123
0.00297320272635493
0.0005663178425144194
3.631640921085781e-05
0.00047270088579018875
0.0007341927168129307
0.0006788856178274062
0.003405764680732653
0.001298500062896412
8.317938029600199e-05
0.00018635056331951997
6.996871767556536e-05
0.0002279355328697338
0.0011566108263478246
2.987018160863719e-05
0.00040769855009887467
0.0005027280221337197
0.0011566108263478246
0.0005783054131739123
0.00017640509101759182
9.99149744322179e-05
0.0001438610565690613
0.0005116763747356693
0.0004060718473519459
0.00013003054259738052
0.00012303652177584392
0.000265580625061781
6.900262528901157e-05
0.0001111540828730603
0.00039125405416234584
9.166152495912192e-05
0.0004235975768888262
0.00011891033539778768
6.525055567566056e-05
6.525055567566056e-05
0.0002190204883403796
0.00015239144990213677
0.00036709635840646534
0.0003569685384505833
7.913044524489362e-05
2.7185785147167078e-05
0.00021675861025678372
0.0014181026573705663
0.0010709056153517498
0.0003165811267947295
0.00025120003449892784
0.0007454022532780799
0.00042473838188581455
0.0001755732450592888
0.0001797069414289003
2.7497374993203018e-05
0.0006359860990102055
7.692842539609596e-05
8.816528138285848e-05
0.00011810593419037418
0.00019331234956354766
0.00013592892573583538
0.0001436467528495308
0.002570845741007602
0.0002614918310227419
0.0001945983126637722
0.00017853118254445514
0.0001173082085885979
7.089473969117442e-05
0.0001879937722790611
9.091417642994226e-05
0.0003768000517483917
0.00034780681088125503
6.523251920251747e-05
0.00011190214410621229
0.00010607457909462548
0.00010782115949959834
0.0004203051641518168
0.0006688369723669474
0.0013351420088922794
0.0002365462178772598
4.153751903362642e-05
0.00014485460279413975
4.644886455241461e-05
0.0004060718473519459
0.0010233527494713387
0.001890803543160755
0.00024220228349753164
0.00037841829785918366
9.288606869527973e-05
3.665910256253126e-05
0.00033174867295548884
0.0005035931886339049
0.0031805808479095097
0.0005016277292752105
6.434927822580106e-05
5.067917015035506e-05
0.00016173173924939748
0.0005116763747356693
0.0009454017715803775
0.0002852150987896416
0.00011755370851047798
0.0004060718473519459
0.000160501988345285
0.0001279524368341242
0.00016720924309173685
0.00040402555307907887
0.000440393989234216
0.0016720924309173684
7.193052828453065e-05
0.00014575948368313648
0.0001398308957160029
0.00023899789225753138
0.00034780681088125503
7.966596408584381e-05
9.99149744322179e-05
0.00023120454463318736
5.825966114401742e-05
0.00016491597641005778
0.0002609300768100699
3.0027136343530998e-05
0.005783054131739122
0.0005783054131739123
0.0010735854423863187
7.444047201117559e-05
0.0003117892594209408
8.80787978468432e-05
0.0008121436947038918
0.00015588730363901853
0.0003569685384505833
0.00019136693884761732
0.00018473497262861706
0.00039125405416234584
0.00018966556021408676
0.00039125405416234584
0.0002769048297260165
7.126933209183058e-05
3.495772392900073e-05
0.00010750080822086126
0.0005223831699992756
0.0001888474457377143
0.0002693900841811965
0.00010127819955882059
0.0001295429706103061
9.794646775670166e-05
0.000329151012389889
0.0008023687715243264
0.0035588229727377078
5.398734374334684e-05
0.0002609300768100699
3.9470679639433816e-05
0.0014212895946286075
0.00010397721479983186
8.866672251345234e-05
0.00030046731996822255
0.00014157946062860486
0.00012219699344093044
0.00012734779964123765
0.000324625015724103
0.00014683352148623787
0.0001755732450592888
0.0002614918310227419
5.374090668418079e-05
0.0002482120767785442
0.000245160220982698
4.838092467682121e-05
9.859816776705607e-05
0.00036422021460759976
0.0006246254972005431
0.0023621607007824814
0.0001727036175328683
0.00010456259391908966
9.787583351349082e-05
8.406103283036337e-05
0.00013003054259738052
0.00013094169049353638
2.4469524043416374e-05
0.00026935036871938593
8.183838159217376e-05
0.00012771199708811102
0.0001426075493948208
9.475263964190717e-05
0.0003117892594209408
0.0021824222509462597
0.00013024126784957137
0.0001479196955665265
0.00016796040795474598
0.00011418190431865406
0.0001032881410007741
0.00011972152488127713
0.0005783054131739123
0.00019575166702698164
0.0014278741538023333
0.00017412772333309185
0.0002346164171771958
0.00011190214410621229
0.0004060718473519459
0.00033174867295548884
0.00417368173057506
0.00023879756420362513
0.0002237104615740976
0.00025171046850322394
0.00047053167263590346
8.34299344240033e-05
9.045238469761192e-05
0.0005116763747356693
8.378198391013474e-05
0.0002082084990668477
6.657187198795015e-05
0.00012646993615792617
0.0001398308957160029
9.859816776705607e-05
6.523251920251747e-05
0.0006784324367152962
0.00033174867295548884
0.00010678399473765589
0.0004299947395793961
0.0004676765630599594
0.00016367676318434753
0.0011566108263478246
0.0010233527494713387
0.004048137892217386
6.967329682862191e-05
9.054621133593887e-05
0.000265119634517246
0.0001145088169864252
0.0003394428089137031
0.000193098974596169
0.0004964241535570884
0.00018410813643187024
0.0002749737499320302
0.0005783054131739123
7.393321287448129e-05
0.0002138079962754917
0.0004405716991660131
0.0005741008165428519
0.00020226070216549725
0.00011573234733960549
0.00027281377047546024
0.0004512598667008087
0.0011461301967711389
0.0005597497414045229
0.00022179963862344385
0.00021236994577213716
0.00047270088579018875
0.00036709635840646534
0.00019136693884761732
0.0001907659445661633
0.0011566108263478246
0.00012136473384081826
0.0016822063303021891
6.699900115595025e-05
6.0278827330592545e-05
0.00014118239634590334
5.9206019459150723e-05
0.00043287491434497536
0.00029053127368686247
0.002338353511013989
0.00010192463752471867
0.00023120454463318736
0.0002042026951507795
8.23892448953377e-05
9.867669909858454e-06
0.00015708142313585477
5.7680685836293265e-05
9.99149744322179e-05
8.856737242943535e-05
7.057026846936479e-05
4.033035249440306e-05
0.0005783054131739123
5.81413139519391e-05
0.0002546228107173039
9.601746556586234e-05
0.0005783054131739123
0.00024607304355168784
3.395116621525114e-05
9.166152495912192e-05
7.889108131276528e-05
0.00026006108519476104
0.00017267259210807976
0.00024061344914398506
0.000324625015724103
8.74944472124456e-05
0.0005783054131739123
8.57624114638939e-05
7.045542951707448e-05
0.00011041179823215995
0.00019955204106330768
0.00023300155195782552
0.00019850863255214623
0.0007568365957183673
0.0001239729149203392
0.0005116763747356693
0.00047270088579018875
0.001535029124207008
2.2672408201635538e-05
0.00021356798947531178
0.00039178587102680663
0.00015829056339736476
0.00016328521322001667
0.0004450473362974265
6.346390646238286e-05
0.00015019491912527446
0.000324625015724103
0.00016991717943901696
0.0006634973459109777
0.00018259732296217824
0.00018454369380721633
4.793813847366072e-05
0.00010467126390405023
0.0002546228107173039
0.0010233527494713387
0.0017349162395217366
0.0011566108263478246
0.0017349162395217366
0.0011566108263478246
0.000890094672594853
0.0017349162395217366
7.859789328254782e-05
0.0002688897406037401
0.0001313915499171393
0.00019719633553411215
0.00010056555251059021
0.000120539618188042
0.00039125405416234584
0.0003394428089137031
7.806827550567966e-05
0.00014056225131272413
0.00047270088579018875
0.00021891379896958553
0.00047270088579018875
0.0002338382815299797
0.00014575948368313648
0.0003190302142670452
0.00013955569359897453
0.0004964241535570884
0.0004235975768888262
0.00036629217428462525
0.0002712633274545088
0.0016943903075553048
0.0011566108263478246
0.00036709635840646534
0.00015203751045106517
0.00025136401106685985
0.00028117777244301224
0.0005783054131739123
0.0004205515825755473
0.0004624090892663747
0.00015354266585738412
0.00016991717943901696
0.0002003571670256306
0.00023944304976255426
0.00036709635840646534
0.0010233527494713387
7.78482863036434e-05
0.00010502812102814758
0.00016720924309173685
0.00010215441086536835
0.00016991717943901696
3.804222546580738e-05
0.0001879937722790611
0.00019955204106330768
0.0002884034291814663
0.00025136401106685985
5.432225225624535e-05
6.0278827330592545e-05
0.00018090476939522384
0.0035817346231496855
0.0005783054131739123
0.0005783054131739123
0.00033174867295548884
5.1878254929525854e-05
0.0005783054131739123
0.00018083648199177763
9.794646775670166e-05
0.0006634973459109777
0.0002546228107173039
0.0001595151071335226
7.877109077111068e-05
4.70468456462432e-05
4.8852030427314205e-05
5.268603601364134e-05
0.00026745625717477546
0.0001327903125308905
0.00014901828333358053
0.00020226070216549725
7.479578014668074e-05
0.0002607408822574239
8.020448304799503e-05
5.72544084932126e-05
6.263485863691761e-05
0.00012046486889823916
9.492818110330179e-05
0.00021074414405456536
0.00015933192817168762
0.00020556958784810527
0.00024220228349753164
0.00015239144990213677
3.87413222442115e-05
0.00012646993615792617
0.0001620120107213245
0.00013467518435969297
6.591007867810014e-05
0.00038204339892371295
9.72991563318861e-05
0.00015125385812426797
2.3407362409749005e-05
9.502811226826523e-05
0.0002952700875978102
0.0001479196955665265
0.0016943903075553048
0.0005632803627310519
8.102327433259296e-05
0.00022332141603352673
0.0002082084990668477
0.00017853118254445514
0.0002482120767785442
8.074603593579656e-05
1.1703681204874503e-05
0.00022990799980411705
0.00034261597974684214
0.00018004499939489903
0.00034780681088125503
0.000193098974596169
0.00047270088579018875
0.0005093911985649506
2.3823346259369083e-05
0.0002338382815299797
0.00024272946768163651
5.147689575213134e-05
0.00025136401106685985
9.601746556586234e-05
0.0001313915499171393
0.00042473838188581455
0.00013757365671253664
0.00033174867295548884
0.0006788856178274062
0.000245160220982698
5.940495419093068e-05
0.0009427262905178508
0.0008121436947038918
0.00028117777244301224
0.00043782759793917106
3.979959403393752e-05
0.00012560001724946392
0.00025120003449892784
4.05691779617969e-05
6.431265205529354e-05
0.00010894922763257343
0.000324625015724103
7.913044524489362e-05
0.00023584565652799616
0.0001415073939167977
0.00016367676318434753
0.00014575948368313648
0.00047270088579018875
0.0005905401751956203
0.000324024021442649
0.0007139370769011666
0.0005783054131739123
0.0002642363935405296
0.0001645755061949445
0.0003117892594209408
5.3500662781761676e-05
0.00013469504209059826
0.00014469731394392248
0.00016328521322001667
0.00013094169049353638
0.0003569685384505833
9.227184690360817e-05
4.348654451502853e-05
0.0001111359100053752
0.0001318615576407603
0.0003398343588780339
0.00013467518435969297
0.00011810593419037418
0.00013372812858738773
0.00021454873400476938
0.0005116763747356693
0.00018825282686289174
0.0006185541961116522
0.0004060718473519459
7.913044524489362e-05
0.0001645755061949445
9.412641343144587e-05
3.3617975644795836e-05
0.0002082084990668477
0.00037841829785918366
0.00014056225131272413
0.000324625015724103
0.0002687520205521531
0.00024272946768163651
2.4190462338410605e-05
0.00010125007066283171
8.57624114638939e-05
0.0005456275409509205
3.839113831108297e-05
0.00014469731394392248
7.147003877810725e-05
0.00018004499939489903
0.0005783054131739123
0.0001086445045124907
0.0002178884132420919
0.00013993743535113071
2.7809978141334436e-05
0.00013094169049353638
0.0001595151071335226
8.145266765851304e-05
0.0010233527494713387
0.00032156326027646767
0.0007728825876251196
0.0002213368747233289
0.00025799597728586016
1.8142846753807953e-05
6.071876120299484e-05
0.00024272946768163651
0.00026006108519476104
0.00020384927504943733
0.000100580204653494
7.469635272317804e-05
9.925431627607312e-05
0.00032151090373937744
0.0002952700875978102
0.00034780681088125503
0.0002614918310227419
9.601746556586234e-05
0.0002042026951507795
0.0001086445045124907
0.0004235975768888262
2.235103685845985e-05
6.948445779327773e-05
0.00020129727044743473
0.0001426075493948208
0.00018109242267187774
0.0001595151071335226
0.00030025914363708176
0.00023933265597111118
9.350424049345816e-05
0.0002546228107173039
0.0001438610565690613
0.0001438997329795258
0.00012136473384081826
0.00028117777244301224
0.0002688897406037401
0.00021430892786003812
0.00010607457909462548
3.734817636158902e-05
8.350053338029803e-05
0.000305961694409354
6.431265205529354e-05
7.094461827429381e-05
0.00021454873400476938
0.000553809659452033
0.00036709635840646534
0.0001595151071335226
0.00047270088579018875
0.0005783054131739123
9.72991563318861e-05
0.00025136401106685985
0.00012303652177584392
0.0004450473362974265
0.0005783054131739123
0.000305961694409354
0.0002614918310227419
0.0005187825492952584
0.0004730924357545196
0.00010771969359874466
0.00023120454463318736
0.0003933191620712467
0.0002957945033011682
0.00016855367596296155
0.0001761575956936864
0.0002856495267786224
0.00021283385482288143
0.00011573234733960549
3.979959403393752e-05
0.00020226070216549725
9.72991563318861e-05
7.469635272317804e-05
0.00011891033539778768
0.0002769048297260165
9.787583351349082e-05
3.7695420915625004e-05
4.811047936843413e-05
0.0004068949911817632
0.00036008999878979806
8.390348950107466e-05
0.0004536638438266246
0.0009573306238844447
0.000777026664486359
0.00018332304991824385
0.00036629217428462525
9.125605892358549e-05
7.806827550567966e-05
3.7695420915625004e-05
0.0004730924357545196
0.0003569685384505833
0.00043351722051356744
0.0001318615576407603
0.00020618473203721743
0.00013609229184290028
0.00015826089048978723
0.00017733344502690468
0.00027281377047546024
0.00019665958103562336
0.00025120003449892784
0.0007825081083246917
9.105505365189994e-05
0.00047270088579018875
6.071876120299484e-05
0.00017853118254445514
8.69136274191413e-05
0.00021675861025678372
0.0005783054131739123
9.201035368092977e-05
5.268603601364134e-05
0.0002338382815299797
8.905008886963493e-05
8.866672251345234e-05
0.00010947139080515085
0.00031799304950510274
0.00016855367596296155
8.905008886963493e-05
0.00021238852212137932
0.00033174867295548884
0.00035466689005380936
0.00012473790040937446
0.000305961694409354
0.0004060718473519459
0.0011080339437815534
0.0003569685384505833
0.00031799304950510274
0.00047270088579018875
0.00012388344693145542
0.0001327903125308905
0.00012499782353720437
6.071876120299484e-05
0.00013855956672277349
0.0002213368747233289
0.00017853118254445514
5.9414502490434764e-05
0.0002852150987896416
0.0002190204883403796
0.000530239269034492
0.0014181026573705663
0.00030250771624853594
0.0004380409766807592
0.00020795442959966373
0.0004844045669950633
0.0002997449232966537
3.399789044713008e-05
0.00012646993615792617
3.670428606512456e-05
0.00010678399473765589
0.00026188338098707275
0.00013955569359897453
0.00023120454463318736
0.00012734779964123765
0.0011566108263478246
0.0011566108263478246
0.0005092456214346078
8.350053338029803e-05
0.0004164169981336954
3.495772392900073e-05
9.510573176082242e-05
0.00013581931700390828
0.0006009346399364451
0.00025136401106685985
0.0002856495267786224
8.074603593579656e-05
0.00036709635840646534
0.000305961694409354
0.00011794195762244219
0.00020618473203721743
8.57624114638939e-05
0.00016328521322001667
0.0001479196955665265
0.0001295429706103061
5.1878254929525854e-05
0.0005116763747356693
0.00015239144990213677
0.00029803656666716106
6.61130522256285e-05
0.00012303652177584392
0.00016149207187159313
0.00015708142313585477
0.0002952700875978102
0.00017412772333309185
0.0004235975768888262
0.0011352548935775507
0.0005783054131739123
0.0001717632254796378
8.80787978468432e-05
5.309248644303429e-05
0.00015354266585738412
0.0002856495267786224
0.0002003571670256306
0.0003117892594209408
0.00033174867295548884
0.000305961694409354
0.0002365462178772598
0.0003666460998364877
0.0008435333173290367
0.00039125405416234584
0.00014683352148623787
0.00012560001724946392
0.00017691293643366327
0.0004235975768888262
0.00039125405416234584
0.0001327903125308905
0.00022332141603352673
0.00039125405416234584
0.0003117892594209408
0.000305961694409354
5.6462493492164284e-05
0.00016328521322001667
0.0001770408366704028
0.000305961694409354
0.00047270088579018875
0.00016075545186968872
0.0007825081083246917
0.00010537036068245432
0.00021027579128777364
0.0002213368747233289
0.00034780681088125503
0.00023933265597111118
8.633629605403988e-05
0.0002213368747233289
0.0002688897406037401
0.00016075545186968872
0.0004060718473519459
4.640622743335935e-05
0.0010233527494713387
5.9414502490434764e-05
0.00010607457909462548
0.00033174867295548884
0.0002536060166365507
0.0001595151071335226
0.0004450473362974265
0.00015588730363901853
0.0003569685384505833
0.0002712633274545088
0.00013855956672277349
0.0004205515825755473
0.00012219699344093044
3.0670117893643256e-05
0.00034780681088125503
0.00022864104915956736
0.00012136473384081826
0.00021238852212137932
0.0004235975768888262
0.0005783054131739123
8.866672251345234e-05
0.0001365977561138082
0.00013372812858738773
0.00020618473203721743
9.350424049345816e-05
0.00037841829785918366
0.0003759875445581222
0.000305961694409354
0.00024220228349753164
0.00012823375414625624
0.0002482120767785442
5.147689575213134e-05
0.0005783054131739123
0.00044760857642484915
0.0003394428089137031
0.000245160220982698
0.0004007143340512612
0.0004060718473519459
0.0002903395000123405
0.000245160220982698
0.00013704639189873687
0.00010397721479983186
0.0002482120767785442
0.0002365462178772598
0.0002903395000123405
0.0001365977561138082
4.114912038247752e-05
0.00036709635840646534
9.227184690360817e-05
0.00016991717943901696
5.1878254929525854e-05
5.432225225624535e-05
0.0005994898465933074
0.000193098974596169
0.0015136731914367346
0.00014469731394392248
0.00016720924309173685
0.00015470783628508604
0.00024220228349753164
0.00018966556021408676
0.00011536137167258653
0.00018158303834030136
5.72544084932126e-05
0.00018004499939489903
0.0005783054131739123
5.4371570294334155e-05
6.071876120299484e-05
0.0002903395000123405
0.0005145744687833634
0.0002546228107173039
0.00019665958103562336
0.0002338382815299797
0.0005712990535572448
0.00015829056339736476
0.0005783054131739123
0.0009539791485153081
0.0006531408528800667
0.0002338382815299797
0.00027281377047546024
0.0005783054131739123
0.0002546228107173039
0.0004060718473519459
0.00012734779964123765
0.00043351722051356744
0.00016991717943901696
7.143630928667938e-05
0.00010125007066283171
6.385599854405551e-05
4.341375594985713e-05
7.859789328254782e-05
0.00015354266585738412
4.5852737666504026e-05
0.00010700132556352335
0.00016720924309173685
0.00018473497262861706
0.00036709635840646534
9.433826261119847e-05
0.0004060718473519459
8.57624114638939e-05
0.00011810593419037418
0.000305961694409354
0.00021238852212137932
0.0002952700875978102
0.0001223214355339557
0.00047270088579018875
0.0003394428089137031
8.866672251345234e-05
0.0012899798864293007
7.193052828453065e-05
0.00012055765466118509
0.00011418190431865406
0.0003569685384505833
8.317938029600199e-05
0.00011573234733960549
0.00014056225131272413
0.0004235975768888262
0.00014056225131272413
0.00035673100619336304
0.0002003571670256306
0.000245160220982698
2.503248652087908e-05
0.00017412772333309185
0.00027281377047546024
0.00030708533171476825
0.0007568365957183673
0.0002769048297260165
0.0003394428089137031
9.925431627607312e-05
0.00014056225131272413
3.944554065638264e-05
0.00015588730363901853
0.0001749888944248912
0.00036709635840646534
5.940495419093068e-05
0.0005783054131739123
0.0005783054131739123
0.0006068236692040913
0.00011621772394226324
0.0003394428089137031
0.0034698324790434732
0.00022332141603352673
0.00017412772333309185
0.00031799304950510274
0.0001755732450592888
0.0005783054131739123
0.0004450473362974265
0.0005783054131739123
0.00011030184897193057
0.00017853118254445514
6.340150415913768e-05
0.00018635056331951997
8.462481968602513e-05
0.00011418190431865406
0.000324625015724103
0.00023303409740813952
9.105505365189994e-05
0.00015239144990213677
0.0011566108263478246
0.0002365462178772598
0.00013467518435969297
0.0004060718473519459
0.000490320441965396
0.0006095657996085471
0.0005783054131739123
0.0013577712356548123
0.0002903395000123405
8.23892448953377e-05
0.00021675861025678372
0.00016720924309173685
0.0002856495267786224
0.00015125385812426797
0.0001879937722790611
0.00037841829785918366
8.80787978468432e-05
0.00022864104915956736
0.00038972558516899816
0.00020700787586703468
5.391057974979917e-05
0.00016328521322001667
9.601746556586234e-05
0.00010125007066283171
0.00047270088579018875
0.00029151896736627297
0.0002213368747233289
0.0004748716901920942
0.00039125405416234584
0.00012303652177584392
0.0005783054131739123
0.00017853118254445514
0.00039125405416234584
0.00037841829785918366
0.00031799304950510274
0.0002903395000123405
0.0004450473362974265
7.701771441128797e-05
0.00014575948368313648
0.0001318615576407603
0.00015588730363901853
0.00013955569359897453
0.00030046731996822255
0.0004235975768888262
0.00023933265597111118
1.4116997497553718e-05
0.00014056225131272413
0.00014157946062860486
0.0001907659445661633
0.00015012957181854088
0.000649250031448206
0.0005456275409509205
0.00012771199708811102
0.00030046731996822255
0.00016075545186968872
0.0010233527494713387
0.00011968179543936663
0.00024162480731907839
0.00015708142313585477
0.0005116763747356693
0.000193098974596169
5.640748333760109e-05
0.0001436467528495308
0.0008710185000370213
0.0005116763747356693
0.0011566108263478246
0.00013757365671253664
0.0005783054131739123
0.0009454017715803775
3.9092786560199085e-05
0.00036709635840646534
0.00021454873400476938
0.00021027579128777364
0.0005783054131739123
0.00047270088579018875
7.546309211669687e-05
0.00013955569359897453
1.631424478241674e-05
0.00020226070216549725
9.105505365189994e-05
0.00039125405416234584
8.34299344240033e-05
4.8852030427314205e-05
0.0002482120767785442
0.00035673100619336304
6.294914857923812e-05
7.75415597585892e-05
2.907065697596955e-05
8.519193273706551e-05
7.143630928667938e-05
8.985347071445015e-05
0.00017733344502690468
0.0005783054131739123
0.00011880990838186136
0.0005783054131739123
0.0005783054131739123
0.0011566108263478246
0.0005783054131739123
0.0011566108263478246
0.0005116763747356693
0.0005783054131739123
0.0005783054131739123
0.0011566108263478246
0.0011566108263478246
0.0011566108263478246
0.0011566108263478246
0.0005116763747356693
0.0005783054131739123
0.0005783054131739123
0.0005783054131739123
0.0005783054131739123
0.0005783054131739123
0.0017349162395217366
0.0005783054131739123
0.0005783054131739123
0.0005783054131739123
0.0005783054131739123
0.0005783054131739123
0.0005783054131739123
0.0005116763747356693
0.0003394428089137031
0.0001620120107213245
0.0005783054131739123
0.0005783054131739123
0.00021356798947531178
0.00021238852212137932
7.143630928667938e-05
0.0005783054131739123
0.0017349162395217366
0.0003665909803227913
6.294914857923812e-05
0.00010678399473765589
0.0010233527494713387
0.0011566108263478246
0.0011566108263478246
0.00011041179823215995
0.00036709635840646534
0.0002365462178772598
0.00030708533171476825
0.0005783054131739123
0.0005783054131739123
0.0005783054131739123
0.0005116763747356693
0.0005783054131739123
9.288606869527973e-05
5.7555689536886194e-05
0.00016855367596296155
0.0004426737494466578
0.0002213368747233289
0.0002903395000123405
0.00047270088579018875
9.794646775670166e-05
9.665617478177383e-05
0.00011651704870406976
0.00011794195762244219
0.00018825282686289174
4.678692251841332e-05
0.0002614918310227419
6.523251920251747e-05
0.00015829056339736476
0.00031799304950510274
0.0004235975768888262
0.000100580204653494
0.00037841829785918366
0.00034486199970617555
7.393321287448129e-05
0.00014685723305533772
0.00016991717943901696
0.00010537036068245432
0.00010607457909462548
0.0005116763747356693
7.966596408584381e-05
0.0001645755061949445
0.00012646993615792617
0.0005116763747356693
0.00012734779964123765
0.0001998299488644358
0.00022614414557176543
0.0004007143340512612
0.0001738272548382826
0.0001086445045124907
0.0002482120767785442
0.000265119634517246
0.00027281377047546024
0.00047270088579018875
7.913044524489362e-05
0.0003569685384505833
0.00019485338951754733
0.0005116763747356693
0.0004450473362974265
9.412641343144587e-05
0.0002614918310227419
0.0004450473362974265
0.0005783054131739123
0.00023120454463318736
0.0001356316637272544
0.0005783054131739123
0.0005783054131739123
0.0005783054131739123
0.0009248181785327495
0.00015470783628508604
0.00014901828333358053
0.0004844045669950633
0.00010967520165205207
0.0005783054131739123
0.0002482120767785442
8.80787978468432e-05
0.00018950527928381433
0.0016184318124323116
0.0002546955992824753
0.00058997874310687
0.0001318615576407603
9.99149744322179e-05
7.701771441128797e-05
0.00014469731394392248
0.0004060718473519459
0.00030046731996822255
0.0001436467528495308
0.0006235785188418816
0.00039125405416234584
0.000193098974596169
0.0004676765630599594
0.000305961694409354
0.0006009346399364451
0.00010192463752471867
4.1228994102514444e-05
0.00027281377047546024
0.00039125405416234584
0.0002213368747233289
0.000193098974596169
0.0001620120107213245
0.00031799304950510274
0.0001620120107213245
0.00014469731394392248
0.0002190204883403796
5.189885753576227e-05
0.0003569685384505833
0.0004450473362974265
0.0001713003023422931
0.0005116763747356693
0.0002521830984910901
0.00031799304950510274
0.0001770408366704028
5.5150924485965285e-05
0.0004060718473519459
7.342861652766886e-05
0.00015354266585738412
0.00030174061396048195
0.00023933265597111118
7.143630928667938e-05
0.00038972558516899816
0.0002852150987896416
0.0001415073939167977
0.00017412772333309185
0.00014990084438072404
0.002891527065869561
0.00023303409740813952
0.0011566108263478246
0.00014901828333358053
8.80787978468432e-05
0.0006359860990102055
0.002558381873678347
0.00016855367596296155
0.00036316607668060273
0.0006956136217625101
0.00015588730363901853
0.00011495399990205853
7.242730139706988e-05
0.0001327903125308905
5.8970978811221094e-05
0.00047270088579018875
0.0002856495267786224
0.00011418190431865406
0.00018314608714231262
0.0001998299488644358
0.0001727036175328683
0.0001727036175328683
0.00039125405416234584
0.0002614918310227419
4.195174475053733e-05
0.00021238852212137932
0.0002003571670256306
0.0005116763747356693
0.0002237104615740976
1.9707257615797038e-05
0.00019665958103562336
0.00033174867295548884
0.00025799597728586016
0.0004450473362974265
0.0004060718473519459
0.00028117777244301224
0.0003394428089137031
3.944554065638264e-05
0.0001356316637272544
0.0002237104615740976
0.00011265607254621039
0.00010397721479983186
0.0007825081083246917
0.0014282476338931122
0.0008184413114263806
0.0004572820983191347
0.0003426006046845862
0.0001313482793817513
0.00021027579128777364
0.00016855367596296155
8.519193273706551e-05
0.0005783054131739123
0.0005783054131739123
0.0005783054131739123
0.0005783054131739123
0.00014091085903414897
0.0001727036175328683
0.00033174867295548884
0.00030046731996822255
0.0002042026951507795
6.948445779327773e-05
0.0002903395000123405
9.350424049345816e-05
0.00022614414557176543
0.0003117892594209408
0.00018004499939489903
4.1589690148000995e-05
0.00011651704870406976
0.0002003571670256306
3.5111043614623506e-05
0.00011891033539778768
0.00047270088579018875
0.00035916457464383136
0.0003569685384505833
7.393321287448129e-05
0.0001620120107213245
0.00015012957181854088
0.000193098974596169
8.020448304799503e-05
7.045542951707448e-05
0.000193098974596169
8.23892448953377e-05
5.940495419093068e-05
8.183838159217376e-05
0.0017349162395217366
0.00012912795020684502
0.00034780681088125503
0.0001173082085885979
0.00037841829785918366
0.0002903395000123405
0.00010125007066283171
0.0001313915499171393
3.428551571176254e-05
0.00018966556021408676
0.0003394428089137031
7.393321287448129e-05
9.288606869527973e-05
0.00046606819481627903
0.00027281377047546024
5.940495419093068e-05
0.00031799304950510274
0.0002688897406037401
0.00033174867295548884
0.00047270088579018875
0.0005116763747356693
0.0017349162395217366
0.0011566108263478246
0.00039282507148060916
0.0005116763747356693
0.00047270088579018875
5.6830013175434434e-05
0.00019665958103562336
4.564933074054456e-05
0.00012560001724946392
0.0004450473362974265
0.00022864104915956736
0.0004060718473519459
0.0004235975768888262
0.00039125405416234584
3.597493324488145e-05
0.0005783054131739123
9.72991563318861e-05
0.00031799304950510274
0.00039125405416234584
7.806827550567966e-05
2.9388427127619495e-05
0.00037841829785918366
0.0005712990535572448
0.00015125385812426797
6.852319594936843e-05
0.00015125385812426797
0.00016075545186968872
0.00010397721479983186
1.9707257615797038e-05
0.00015012957181854088
0.00010467126390405023
6.757145170573761e-05
4.7169131305599235e-05
0.00020226070216549725
0.00047270088579018875
0.0002952700875978102
0.0005783054131739123
0.00031799304950510274
0.00012646993615792617
0.00016991717943901696
0.000265119634517246
0.0005116763747356693
0.000305961694409354
0.0005783054131739123
0.0005783054131739123
0.0004235975768888262