0.00010367933092927446
6.311962575781329e-05
0.012825674986902548
0.004215549525660636
0.0014840915975488536
0.0004947512295423984
0.009331154037732957
0.00019261610307771927
0.00010085286937178843
0.000382187294559784
0.0003334082388490151
0.0019109364727989198
7.993425254142531e-05
0.005013356365623663
0.0003239848534795272
2.748791500360303e-05
4.40064683072858e-05
0.0008711733437227078
0.00023444484484469623
0.003215310957629521
5.546867335502145e-05
7.919150703736185e-05
0.00020068399478981075
0.0001958249672229506
0.0009043699582961461
0.0003889290434502135
9.679703819141196e-05
0.00016172184954172715
0.00021727955265324087
0.0003825038698530636
0.0002798153242036933
0.0003570798170457399
6.373471002732357e-05
5.815714509475831e-05
0.0006604064256916405
0.0001204840021655542
0.00017525329297425713
6.315686628938825e-05
0.0004729228834167691
6.35478313977364e-05
7.313240409159103e-05
5.88046169091595e-05
0.00013098966793825056
0.00012119756888190965
0.00018486046172206966
2.198020352449908e-05
0.00018486046172206966
0.0001373811411427127
0.00010296302054028486
0.0004136996888074005
0.0009014261766142348
0.0003561527469979363
0.0002670847673550635
0.0003943498807146589
0.0001801012665184268
0.00014279462608338125
0.00027444570699214577
0.00023873125550588875
0.0006218070736662412
0.00022388260928814287
2.097965946876757e-05
0.0001793290564246098
8.317453735148239e-05
0.00013849942125670724
0.00022057491320832663
0.0003313253375745448
0.002831070965705872
6.378487927184565e-05
0.00011752078401702795
0.0003266620345045237
0.0002473756147711992
3.599931115900238e-05
9.614117668704451e-05
0.0004526635189331558
0.0006783349894540813
0.00017267361783275922
0.00012037296082551585
6.269376646193737e-05
5.705735020483002e-05
5.92466374742141e-05
0.000118090447010189
0.00012997371717023148
7.978191240647907e-05
0.00015378944026320533
7.36967457133279e-05
2.9031112841751876e-05
0.0006943685153158587
3.255432165999733e-05
8.132093139307191e-05
0.00032831650077596485
0.0001697129562230875
0.0017896604232909025
0.00046757048259121964
0.000234899837959421
5.815714509475831e-05
0.0002768205032016213
0.00042284183699382535
4.345050400843393e-05
0.00020859445693942666
0.00046757048259121964
0.0001635314696463344
0.00018693309460500007
0.00021142091849691267
3.6776717706916564e-05
0.0002619793358765011
0.000764374589119568
0.0010020919673197038
0.00010981239696200031
0.0006528738757568219
0.0003598288950235814
0.00021142091849691267
0.001003419973949054
0.00018882528141724817
0.00014159664191046347
0.00029680410652834833
0.00016264099154235763
0.0015150633480773374
0.0003334082388490151
0.0003424863730106866
2.5583722394698015e-05
0.00011235890490695376
0.0001880812993858121
0.00034305293367896774
0.0017803328949178492
0.0004858666254890585
0.0006769999538441306
0.002267893974356691
0.0001958249672229506
0.00046757048259121964
0.000278976964447348
0.0001064508549192514
0.0007381663431846111
0.0004230748224613007
0.00039859209195737235
0.0006938662707469921
0.0001468132010059917
9.812560262935161e-05
0.0001590028609733261
8.132093139307191e-05
0.00011235890490695376
0.0002165008100449738
0.00012997371717023148
0.00033626023637914907
0.00023873125550588875
0.0007406597496702491
0.00011871758233264542
3.755475484033808e-05
0.00028120815525438625
0.0007141596340914798
0.0006086117355181868
0.00024074677931386815
0.001010420039218135
0.001023846478782096
0.00032550503503275244
0.00023095285647562922
0.00030509682926084086
0.00016670411942450755
0.0001890625189607101
7.559988520927772e-05
0.0002255273204407137
0.00032831650077596485
2.8506514892731026e-05
0.00017435075111638698
7.264817120398815e-05
0.0002473756147711992
0.012229993425913088
0.0002458502048024025
0.0003088890616208546
0.00032780027306986994
0.00029680410652834833
0.0003384999769220653
0.0001455696684441936
0.0003180057219466522
7.596213976062824e-05
0.0008436244657631588
0.00030441169354564955
0.00013189066327068467
0.0007566072849303443
7.168866362129164e-05
0.00016670411942450755
8.792081409799632e-05
4.8736532190339495e-05
0.0009266671848625638
0.00037386618921000014
3.093936268070561e-05
0.0004120396495496412
5.584733868453534e-05
0.0003013356639504621
8.130908486808278e-05
0.008793066473977276
8.29571839771574e-05
0.0002473336244932067
8.388903213013522e-05
0.00010623246645054318
0.0001482200321278858
0.00016388447090928416
0.00014942561143636612
0.00011699041954163238
0.0001590028609733261
0.0001327644265365976
7.020162826823712e-05
0.0002455875908668613
0.0003155981287890665
0.0001521529338795467
3.803823346988668e-05
7.814828161489874e-05
0.001256854276057329
7.76318735552194e-05
0.0003916499344459012
8.435031929299214e-05
0.0006188946526224302
0.00016389825633850532
5.12612734056879e-05
0.00032671020051824786
0.00011364714592535569
0.00020450650378006814
0.0001482200321278858
0.00013963402720356102
0.00046757048259121964
0.0013109843428783007
0.00025591363752070824
9.567731890776848e-05
0.00014337732724258327
0.000137250688046264
8.240792990992823e-05
0.0001912519349265318
1.9558430358793684e-05
6.783750278558612e-05
0.000208804609532758
0.001155711244960371
0.00033369243791727304
0.0001900886381712024
0.00013849942125670724
0.0001949169631258317
0.00027142477831345766
0.00010995166001441212
0.00021740226343015348
0.00028861557922686747
0.000104402304766379
0.0002436826609516975
0.00046757048259121964
0.00014262673608043662
6.616782534599874e-05
4.216236941722341e-05
0.0001431407480452541
0.00013627872369374736
0.0005792165685783707
7.531420694795213e-05
0.00016853835736043064
0.00021142091849691267
0.00011157976415739236
0.0011676108533591801
0.00029039111457423593
9.653609476306178e-05
0.0001805594412382738
0.00018693309460500007
0.00020859445693942666
0.00304918213110483
0.0001811800939173148
0.0002391915478058578
0.0007850048210348129
0.0004905944089390032
7.399065579195346e-05
0.0003384999769220653
0.00037386618921000014
0.0006119162024795246
0.00015612404567385318
0.00019850347603799626
9.396919858590599e-05
0.00132344947924996
0.00034340873467432183
0.0003042072799564207
5.736001885527191e-05
0.00018969165583510568
0.0008867440248102564
0.0001222915051906662
0.0010606428284759657
0.0003537042882120877
0.00011202793887857741
0.00040933955831516823
0.00013894510583665413
0.00036568333918870295
8.955691290571423e-05
0.0006849727460213732
0.0002540063957508203
0.000255961619695524
7.414555074347357e-05
0.00044808479223483813
0.00016905410944072295
0.0003180057219466522
0.0005142063699585018
0.000382187294559784
0.0032517182591269085
0.0014469919332738338
0.000631196257578133
2.479414300854349e-05
1.9261610307771925e-05
0.00010233488957879206
8.195006826746748e-05
0.0002769988425134145
2.933764553819053e-05
0.00036145200649666265
0.0005364788808871006
0.000640279949478033
0.00014040325653647424
0.00019895454738126802
0.00024908091174674233
0.00033711773982648654
3.957109409106595e-05
0.00023228204344100933
0.00029680410652834833
0.0003231323224658271
0.00046757048259121964
8.35103473588936e-05
3.2754398124074356e-05
0.00010085286937178843
0.00012454045587337117
0.0001472766802693973
0.00017346656768674803
0.0004748703293305817
7.260226678183285e-05
0.00011283332564068841
0.00028485326318685583
7.91343979624108e-05
0.00046579124133131643
0.00021142091849691267
0.00015472366315560755
4.425480884553253e-05
0.00010981239696200031
0.00017327268004145533
5.311623322527159e-05
8.987010494282147e-05
0.00022057491320832663
0.0002571031849792509
0.00017171999694781526
7.660923870832795e-05
0.00041214342342813816
0.00014078544273781477
0.0001635314696463344
0.00028482250407850973
0.00023474478544304836
0.00032831650077596485
7.139731304169063e-05
0.00012700319787541014
0.00066172473962498
3.870815045566916e-05
0.00017001181550432376
0.00024293331274452925
0.00022982771612498388
0.0002401049810542624
0.00016834037200859304
5.59730705660714e-05
0.00024779412334331106
9.231815384962043e-05
0.0001793290564246098
0.0001289708758105324
8.516375897505495e-05
0.00022853782261503987
0.0012410990664222018
4.565095662090161e-05
8.14359447608072e-05
0.00012700319787541014
8.926995426143497e-05
0.00028120815525438625
7.504056390261902e-05
5.728666981190965e-05
0.0005249305014464915
1.6634907470296475e-05
0.0001593486996758148
0.00016813495220674316
0.0007477323784200003
0.0001455696684441936
3.852322061554385e-05
0.00026822485762578713
1.207529353148021e-05
8.643383385582245e-05
0.0002571031849792509
0.00027444570699214577
0.00015472366315560755
0.00018486046172206966
0.00018588481444434517
0.0003523335186212495
0.00019350482098738015
0.00015119977041855545
0.00011072495147769167
0.0001579910332645709
5.815714509475831e-05
0.00021081376271278476
1.3956900285811199e-05
0.00018242591962725963
0.00041173438039397963
0.00010667102557959524
0.0002725574473874947
0.0003598288950235814
0.00017447143528427495
4.259762181632634e-05
0.00012746942005464713
0.000385115857357155
8.955691290571423e-05
0.00029680410652834833
0.0006566330015519297
0.0001770820626918101
0.00015066783197523106
0.0002725574473874947
0.00014279462608338125
0.0004188268277439
0.0001635314696463344
0.0002682446339233644
0.00023095285647562922
7.264817120398815e-05
9.169887466037446e-05
0.00015755012471309357
0.00011784920316399617
0.00013775846532070935
0.00021740226343015348
0.00014408996941730036
0.0001455696684441936
0.00043303715966491496
0.00014195417343913148
0.0001195957739029289
0.0003598288950235814
0.00018841232141910777
5.705735020483002e-05
0.00017974020988564295
0.00022733736147056714
0.0008652241062592989
0.00025728970025922583
0.0001472766802693973
0.00017616675931062475
0.00016481585981985647
7.41100160639429e-05
0.00045542245504990924
0.00018087399165922922
0.00016813495220674316
0.00027444570699214577
3.0322846789073843e-05
0.0001373811411427127
0.00014920694499302137
0.00039790909476253604
0.00015603890288125175
0.0001912519349265318
0.00017567638567213406
0.00013478311777137216
0.00023095285647562922
0.0005364497152515743
0.00023262858037903324
0.00017525329297425713
0.00013784430897992813
0.00012882277227624993
6.0598784440954825e-05
5.08955356623117e-05
0.0003362699044134863
0.00019135463781553696
0.00016510160642291011
0.00011480322317643063
0.00011283332564068841
0.0005041746149118864
0.0020166036874476327
8.406747610337158e-05
0.00022057491320832663
0.00011699041954163238
0.0012331673151743734
0.0009351409651824393
7.67722586503274e-05
0.00041214342342813816
9.258246870878114e-05
0.0001697129562230875
0.0005249305014464915
0.00016670411942450755
0.0006911272213787037
0.00020068399478981075
0.00021932135172503058
0.0001890625189607101
8.576323341974193e-05
0.00018935887727343989
5.382457366527536e-05
4.425480884553253e-05
0.000382187294559784
0.00020802142537251577
0.0005671875568821304
0.00043864270345006116
3.421258587149328e-05
0.00020859445693942666
0.0001462095965710185
0.00028861557922686747
0.0008147943340796805
0.0003094473263112151
8.259370584998823e-05
0.00047700858291997836
0.0002555815799373633
0.0003899211515106945
0.00046757048259121964
9.047492610448588e-05
2.8263957893920054e-05
0.0001002516721708419
0.00023398083908326476
0.00023873125550588875
0.0013973737239939494
0.001610450873339021
0.0003621308151465246
0.00021173749379019234
0.00012603773046547705
0.0005312461880754304
0.00013201907539871785
0.002105901547616927
0.00015334806747445312
5.872495948985525e-05
0.00029680410652834833
8.691464895399569e-05
8.717537555819349e-05
6.58559685900433e-05
0.0003916499344459012
6.616782534599874e-05
0.00028842353006113355
0.0002473756147711992
0.0010734364723211719
7.660923870832795e-05
0.0011975607073906288
0.0003870096419747603
7.971841839147447e-05
0.0002555815799373633
8.780795812005772e-05
0.00010981239696200031
0.00066172473962498
9.961707429091074e-05
8.585248881518572e-05
0.000237610797714003
0.0004132753959621281
9.357171533291653e-05
4.838245810621496e-05
0.00021624326591188897
0.00010661247627432982
0.0004404396030179751
0.00027926805440712203
0.0001493615974116127
6.35478313977364e-05
0.00011088186112078966
0.00011364714592535569
9.143230763965307e-05
0.00016784469459310946
0.00027926805440712203
0.00012508410958053307
0.00010799793347700713
0.0001289708758105324
0.0003209665401162979
5.011718232015859e-05
0.0002520754609309541
0.0003781250379214202
0.00017568213005992589
0.00014054250847518983
0.00014195417343913148
0.0003366807440171861
6.623847920282052e-05
0.00020323239119543178
0.00020068399478981075
0.0001590028609733261
0.00046757048259121964
8.561140837832739e-05
0.0001025225468113758
0.0002246385296189536
8.633680891637961e-05
0.0005495245645708508
0.000382187294559784
3.9129391389344244e-05
0.0001289708758105324
4.0478444560247556e-05
0.00015423774830886287
0.0005946495410163723
0.00019350482098738015
0.00021932135172503058
0.00019625120525870322
0.00022388260928814287
0.0001958249672229506
0.0004149537500510428
0.00011699041954163238
0.0001373811411427127
8.388903213013522e-05
0.0003209665401162979
0.00013775846532070935
0.00013627872369374736
9.420616070955389e-05
9.484582791755284e-05
0.00012795681876035412
0.0003797558742048778
0.00044811175551430965
0.0001552637471104388
0.00017346656768674803
0.0001222915051906662
0.0008776885870033514
0.00010016202813820967
0.0002571031849792509
0.0001593486996758148
8.188527301480878e-06
0.00023095285647562922
0.00022381041748953208
6.039336463910493e-05
0.00013201907539871785
2.4018854890102386e-05
0.00011699041954163238
0.0001017562541783792
0.00020170573874357686
0.00020450650378006814
0.00021624326591188897
0.00011792506371373866
8.519524363265268e-05
5.806222568350375e-05
0.0001912519349265318
8.324001968794895e-05
0.00028861557922686747
0.0009351409651824393
0.0004136996888074005
0.0004387944245495462
0.0001590028609733261
5.186426766561332e-05
0.00035790980672870435
0.00012795681876035412
0.00010888734483484123
0.00019821651367212407
0.0004471999667744553
8.919690218541194e-05
0.00028453748375265855
0.00015008112780523803
0.00028861557922686747
0.00014054250847518983
0.00010888734483484123
0.00020068399478981075
0.0010815338014151282
0.0003239848534795272
0.0002193972122747731
0.00016925725494577626
8.585248881518572e-05
0.00027444570699214577
6.887923266035468e-05
0.0006335320562988948
6.934047512417191e-05
6.484678854882633e-05
6.70611584808411e-05
9.812560262935161e-05
2.691228683263768e-05
0.00021142091849691267
7.361967294189046e-05
0.0003424863730106866
0.00015159453294767968
0.000382187294559784
0.00021435406384196805
7.559988520927772e-05
0.0016199242673976362
0.00038100959362623044
3.813710365760511e-05
2.479735015094492e-05
6.887923266035468e-05
0.00016048327005814894
0.000127980809847762
0.0001468132010059917
0.00018094985220897176
7.966838753415446e-05
7.510008202671328e-05
0.00026246525072324574
0.00015020016405342657
9.567731890776848e-05
4.1620009843974477e-05
3.852322061554385e-05
0.0007023685675121372
9.745848156291585e-05
0.00020068399478981075
0.00028142094634167814
0.00015755012471309357
0.00024293331274452925
0.0004287081276839361
0.000382187294559784
0.0014323875330353327
0.0002571031849792509
0.0004322699082519011
2.728182324559962e-05
0.00018681068381005674
9.258246870878114e-05
0.00021142091849691267
0.0002674629888605781
0.000382187294559784
2.2677657572210784e-05
0.0002520873074559432
0.0002350415680340559
0.00010586874689509617
0.0001932341584143749
0.00014195417343913148
6.528464394379543e-05
0.0004442308634801191
7.074085764241754e-05
0.00023474478544304836
8.691464895399569e-05
0.0002862814960905082
6.441138613812496e-05
0.00020323239119543178
7.610292338641239e-05
0.00046757048259121964
0.0005874749016688518
0.00015612404567385318
0.00026822485762578713
0.00018379241197323748
0.00018284166959435148
0.0001431407480452541
2.0239222280123778e-05
0.00012623925151562657
7.85066657864086e-05
0.00010586874689509617
0.00013684142281369417
4.194451606506761e-05
7.531420694795213e-05
9.739804539768156e-05
0.00022057491320832663
0.0004136996888074005
0.0003598288950235814
0.00023873125550588875
0.0003266620345045237
5.016918339372408e-05
0.00017327268004145533
0.00018379241197323748
2.838791965835165e-05
0.00017346656768674803
0.0007873957521697373
0.0017895490336435219
0.00011699041954163238
0.00010225325189003407
7.414555074347357e-05
0.00010551253061654773
9.420616070955389e-05
0.00014195417343913148
0.0004947512295423984
0.00014195417343913148
0.00021506599086387493
0.00022733736147056714
0.00032831650077596485
0.00028120815525438625
0.00020253511621985673
5.5983473010269315e-05
0.00015472366315560755
0.00018693309460500007
0.00020323239119543178
0.00014408996941730036
7.027125423759492e-05
0.00010586874689509617
0.00018693309460500007
0.00046757048259121964
0.0003598288950235814
3.539916047761587e-05
7.205656467030717e-05
0.00010661247627432982
0.00018087399165922922
6.669638880777984e-05
7.675116718409405e-05
0.00028120815525438625
0.00015386142467149356
0.0001222915051906662
0.00014195417343913148
5.815714509475831e-05
0.00021142091849691267
0.00012700319787541014
0.0004136996888074005
0.00018486046172206966
5.0641426507085493e-05
9.14302546467181e-05
0.00021932135172503058
0.0004171889138788533
0.00040430292009672905
0.00020008748421188532
0.00022388260928814287
0.00013201907539871785
0.00026246525072324574
0.0001431407480452541
2.02769018706025e-05
8.078308061645678e-05
5.7757560013818436e-05
0.000248284096042828
9.294240722217259e-05
0.00013098966793825056
0.0002520754609309541
0.0001958249672229506
0.0001222915051906662
0.0002136399473901419
4.920138136132742e-05
0.0003959575351868093
7.168866362129164e-05
1.222070391970763e-05
0.000208804609532758
0.0001455696684441936
0.00013176159754494445
0.0001552637471104388
0.00013963402720356102
4.6982075587969333e-05
0.00012508410958053307
0.0002520873074559432
8.808337965531237e-05
0.0005142063699585018
0.00023743516466529085
4.629123435439057e-05
0.00010106302196511976
0.00025728970025922583
0.0001958249672229506
0.000382187294559784
4.629123435439057e-05
0.00019350482098738015
6.528464394379543e-05
5.977635214153659e-05
7.877126108091257e-05
0.0002472237897297847
0.0003059581012397623
0.00022388260928814287
0.00017499363484346802
0.0005624163105087725
0.0006822093709404109
0.00035790980672870435
6.842071140684709e-05
0.00020170573874357686
0.00024779412334331106
0.0003220901746678042
0.0014393155800943257
0.00018284166959435148
0.00021740226343015348
4.097503413373374e-05
5.2756265308273866e-05
0.0003409414377760671
0.0001635314696463344
0.0009854980991647034
6.1013287434365866e-05
8.240792990992823e-05
0.00018969165583510568
0.00011283332564068841
0.00038128698838641844
0.00016049785287591207
0.00024293331274452925
0.00015423774830886287
0.0002304902236155265
0.00010912729298239847
9.484582791755284e-05
7.510008202671328e-05
0.000144345719888305
0.00030669613494890624
0.001276701394454126
0.0002747622822854254
2.2484874953927876e-05
9.549080362779358e-05
9.231815384962043e-05
9.549080362779358e-05
0.000382187294559784
0.0003825038698530636
0.00046757048259121964
0.000924133527791025
0.0002661246016423619
8.083359271064389e-05
0.00011614102172050467
0.00010548336498102145
0.00022057491320832663
0.00016372506057790753
0.00036972092344413933
0.00011530080675837515
7.565616175311072e-05
0.00018339774932074892
0.0004013679895796215
0.000709395219848205
0.00010966067586251529
0.0005580289287403213
0.0001659143679543148
0.00024276499838087604
0.00011446957822477393
0.00020323239119543178
0.00024276499838087604
0.00010087807091374473
7.264817120398815e-05
7.22265538588841e-05
0.00012700319787541014
0.00018969165583510568
0.00010888734483484123
0.00026246525072324574
0.00016048327005814894
8.454076580645079e-05
0.00012700319787541014
0.0006326720890141298
9.231815384962043e-05
0.00012603773046547705
6.550879624814871e-05
0.0005936082130566967
6.550879624814871e-05
1.222070391970763e-05
0.00011283332564068841
0.0007832998688918024
0.0030189027769136033
0.00022566665128137683
0.00046757048259121964
0.000296153908986746
0.00028120815525438625
8.462862747288813e-05
0.0001799965557950119
0.0002306016135167503
6.269376646193737e-05
0.0003587873217087868
7.627420731521021e-05
0.00014078544273781477
0.00028861557922686747
2.2232129602593275e-05
0.00026246525072324574
0.00017567638567213406
2.1729091425458622e-05
0.00022388260928814287
0.00013201907539871785
0.00027444570699214577
0.00020450650378006814
0.00017895490336435218
0.0002520873074559432
0.00047700858291997836
0.00018693309460500007
0.00031224809134770636
0.00014198943826319334
4.446425920518655e-05
0.00013201907539871785
0.00028120815525438625
0.00011202793887857741
0.00015612404567385318
7.940184309819484e-05
0.0001222915051906662
0.00018087399165922922
8.240792990992823e-05
0.0001619924267397636
0.00023095285647562922
0.00012603773046547705
0.00019821651367212407
0.00036568333918870295
0.00010661247627432982
2.8263957893920054e-05
8.388903213013522e-05
0.00013201907539871785
0.00014078544273781477
3.870815045566916e-05
4.292624440759286e-05
0.00046757048259121964
0.0003598288950235814
0.00010085286937178843
0.0002936264020119834
0.00031224809134770636
0.00013627872369374736
0.00045598918923951226
0.00024642253781598206
9.357171533291653e-05
6.666878860241955e-05
0.00046757048259121964
0.00028157088547562954
0.00021628131214029996
0.00016670411942450755
0.0001562965632297975
0.000382187294559784
0.00013377158741638754
0.00015472366315560755
5.696450081570195e-05
0.00012700319787541014
0.000382187294559784
0.0003059581012397623
0.00014078544273781477
0.00017346656768674803
0.00029680410652834833
0.00016670411942450755
0.00024293331274452925
6.924419894390535e-05
0.00021624326591188897
0.000382187294559784
5.011718232015859e-05
0.00016834037200859304
0.0002520873074559432
0.0003059581012397623
0.00010888734483484123
0.0003598288950235814
2.908639019333829e-05
0.00022388260928814287
0.00010888734483484123
6.435739650870785e-05
7.460347249651068e-05
0.0003598288950235814
0.0012238324049590492
5.762255590388163e-05
0.00019821651367212407
0.00010736339155593471
0.00035790980672870435
9.420616070955389e-05
5.5402254706379126e-05
0.00029680410652834833
4.425480884553253e-05
0.00017584162819599263
0.00019350482098738015
0.0001452963424079763
0.00020586719019698982
0.00010033836678744817
0.0003163360445070649
0.00017895490336435218
0.0003059581012397623
0.0004136996888074005
6.616782534599874e-05
6.484678854882633e-05
0.00019350482098738015
6.842517174298655e-05
0.00045200349592569323
1.5701333157281718e-05
0.00028120815525438625
0.00032831650077596485
0.00011256084585392855
0.00011283332564068841
0.0009351409651824393
0.0010293359509849491
0.000382187294559784
0.00028861557922686747
0.00043480452686030696
0.00010367933092927446
0.0001451473743186449
0.0001195957739029289
0.00010225325189003407
7.76318735552194e-05
4.033536692573479e-05
0.0002520873074559432
0.00016048327005814894
0.00011530080675837515
0.00046757048259121964
0.00010966067586251529
0.0008955304371525715
0.0007196577900471628
0.00014078544273781477
0.00046757048259121964
0.0001958249672229506
8.462862747288813e-05
0.0003598288950235814
0.00021777468966968245
0.000382187294559784
0.0001619924267397636
0.00011364714592535569
8.749681742173401e-05
0.0001583830140747237
0.0002571031849792509
6.441138613812496e-05
0.0006479697069590544
7.216693668165792e-05
0.0002750966239811234
0.00031510024942618713
0.00016510160642291011
0.0006566330015519297
0.0004694895708860967
0.00012078672927820986
0.00018087399165922922
0.0002682394404435503
0.0007736183157780377
7.919150703736185e-05
0.00046757048259121964
0.0001493615974116127
0.0004136996888074005
0.00026822485762578713
0.000222461625278182
0.00024642253781598206
0.00014078544273781477
0.0001890625189607101
0.00046757048259121964
8.186253028895376e-05
9.549080362779358e-05
0.00011614102172050467
0.00010812163295594448
9.357171533291653e-05
8.576323341974193e-05
4.838245810621496e-05
0.00012779286544897903
0.00010016202813820967
0.00037428686133166613
0.00018693309460500007
0.0005624163105087725
0.000827399377614801
0.002214352311549454
0.0008947745168217609
0.0020684984440370027
0.0013738114114271271
0.00030669613494890624
0.0003618997044179435
0.0002059260410805697
7.313240409159103e-05
0.0003409414377760671
0.000751543740891543
0.00046757048259121964
0.00011614102172050467
0.0005624163105087725
7.260226678183285e-05
0.00028296343056967015
0.00046757048259121964
0.0003598288950235814
0.0003059581012397623
0.00012603773046547705
4.959470030188984e-05
6.661320838173509e-05
0.0004270930120405611
8.784106502996294e-05
0.00021435406384196805
0.0001092655042256702
7.814322687670696e-05
0.00015755012471309357
2.728182324559962e-05
0.00023095285647562922
0.0003163360445070649
6.311962575781329e-05
8.519524363265268e-05
0.0006043576624146573
0.0002059260410805697
0.0001493615974116127
0.00015472366315560755
0.00023873125550588875
4.5655400639905294e-05
0.0001583830140747237
0.00022057491320832663
0.00029680410652834833
8.519524363265268e-05
0.0008884617269602382
0.000686879987791261
0.00032831650077596485
7.460347249651068e-05
0.000148076954493373
0.0002520754609309541
0.000382187294559784
0.00046757048259121964
0.00023474478544304836
0.00024293331274452925
0.00023569840632799234
0.00015472366315560755
0.0002520873074559432
0.0002571031849792509
5.617945245347688e-05
3.326981494059295e-05
0.0008822996528333065
0.0005364497152515743
8.195006826746748e-05
0.00028861557922686747
0.00013322641676347019
0.00036972092344413933
0.00011699041954163238
0.00042284183699382535
0.00026822485762578713
0.0005041746149118864
0.000148076954493373
0.00019821651367212407
0.00029039111457423593
0.00022733736147056714
0.00020068399478981075
0.0001635314696463344
6.572498011910981e-05
0.00043248653182377793
0.0004136996888074005
0.000382187294559784
0.00016670411942450755
0.00046757048259121964
0.00019350482098738015
0.0004136996888074005
0.00016048327005814894
0.00022057491320832663
0.00046757048259121964
0.00013098966793825056
8.519385997912109e-05
0.00023839556394872664
0.00023228204344100933
8.784106502996294e-05
7.168866362129164e-05
0.00017382929790799137
9.614117668704451e-05
0.0005312461880754304
0.00023569840632799234
3.689109468653895e-05
0.00012321126890799103
7.751771997995674e-05
6.887923266035468e-05
0.00019359407638282392
0.0012653441780282595
0.0008560405363346634
0.0003668745155719986
0.0002571031849792509
0.0002306016135167503
0.00011784920316399617
4.001749684237706e-05
0.00020323239119543178
0.00010016202813820967
0.00016048327005814894
5.815714509475831e-05
9.879849970760983e-05
0.0001204840021655542
0.0001619924267397636
0.0003916499344459012
6.435739650870785e-05
0.0003313253375745448
3.813710365760511e-05
4.629123435439057e-05
0.00010225325189003407
2.6644750847141767e-05
0.00017525329297425713
0.00040646478239086357
0.00017895490336435218
5.815714509475831e-05
0.00015472366315560755
7.711887415443143e-05
0.00013849942125670724
8.240792990992823e-05
8.749681742173401e-05
0.000764374589119568
0.00011044177919151492
0.00022057491320832663
0.00024293331274452925
0.0003163360445070649
0.0003163360445070649
0.00013411972022177516
0.00017171999694781526
8.406747610337158e-05
0.0003163360445070649
0.0006849727460213732
0.00012138249919043802
0.00013502341081323782
0.00011871758233264542
0.00027444570699214577
7.460347249651068e-05
6.1013287434365866e-05
0.0003424863730106866
0.00020323239119543178
9.294240722217259e-05
4.5266351893315576e-05
0.00021740226343015348
0.00022057491320832663
0.00015199639641317073
9.535822557949065e-05
0.000420528268758028
0.00013963402720356102
0.00011699041954163238
0.00045133330256275366
0.00010966067586251529
0.00013201907539871785
5.936837678453971e-05
0.0002520873074559432
0.00010661247627432982
8.519385997912109e-05
0.00023873125550588875
3.3334394301209775e-05
0.0003059581012397623
6.751170540661891e-05
0.00026822485762578713
0.00019821651367212407
0.00012997371717023148
8.186253028895376e-05
0.00013502341081323782
0.0005041746149118864
6.887923266035468e-05
0.00029680410652834833
0.0006326720890141298
0.0012653441780282595
6.227022793668558e-05
0.00010087807091374473
5.46327521128351e-05
0.00015220584677282477
0.00021435406384196805
0.00020170573874357686
9.812560262935161e-05
0.00011551512002763687
7.814828161489874e-05
0.00014337732724258327
0.00017499363484346802
0.00018284166959435148
5.7757560013818436e-05
5.896253185686933e-05
0.0003163360445070649
0.000124142048021414
0.00019350482098738015
0.00046757048259121964
0.0003059581012397623
0.00011072495147769167
0.0004136996888074005
0.00046190571295125844
0.00036568333918870295
0.00028861557922686747
5.501655105102214e-05
1.9748879158071363e-05
4.909222675646576e-05
0.00026246525072324574
4.496974990785575e-05
0.0003163360445070649
0.000144345719888305
0.00032831650077596485
0.0001635314696463344
0.00032831650077596485
3.510081413411856e-05
0.0001635314696463344
8.35103473588936e-05
6.796487944301748e-05
0.00022388260928814287
0.0004136996888074005
0.000124142048021414
4.325626242805999e-05
0.00013627872369374736
2.1229288242894183e-05
0.00046757048259121964
0.0003163360445070649
8.576323341974193e-05
8.926995426143497e-05
0.0001472766802693973
7.313240409159103e-05
0.00102745911903206
5.08955356623117e-05
0.00016670411942450755
0.00018486046172206966
6.441138613812496e-05
0.00023873125550588875
0.00014819776787537242
0.00046757048259121964
0.00026822485762578713
0.0002571031849792509
0.0001373811411427127
3.998732802504794e-05
0.00022733736147056714
0.00028120815525438625
5.633213226050713e-05
4.146535742538315e-05
0.00017171999694781526
0.000382187294559784
0.00010085286937178843
5.08955356623117e-05
0.00010296302054028486
0.00022388260928814287
0.00012202657486873173
0.00012997371717023148
0.00024074677931386815
8.808337965531237e-05
0.0001025225468113758
0.00029680410652834833
0.0005624163105087725
0.001609349145754723
0.00028120815525438625
0.00021740226343015348
0.00018087399165922922
3.047743587988435e-05
0.0003059581012397623
7.814322687670696e-05
2.74501376092528e-05
0.00015612404567385318
2.9362479744927626e-05
9.679703819141196e-05
0.00013519172517689103
0.0001619924267397636
0.00022388260928814287
0.0012653441780282595
0.00021740226343015348
0.00013775846532070935
0.00012508410958053307
0.0002473756147711992
0.0001664800393758979
0.00024293331274452925
8.633680891637961e-05
0.00029888176070768296
0.00012508410958053307
0.000382187294559784
9.879849970760983e-05
0.00019625120525870322
0.00017152646683948387
9.879849970760983e-05
0.0003059581012397623
0.00018486046172206966
0.00017001181550432376
0.0002661246016423619
0.00023095285647562922
0.0002571031849792509
0.0004136996888074005
0.0004984932105769977
0.00023873125550588875
5.08955356623117e-05
0.00016510160642291011
0.00046757048259121964
0.00032831650077596485
8.078308061645678e-05
0.00046757048259121964
9.108449100998184e-05
8.003499368475412e-05
0.0001635314696463344
0.0004858666254890585
0.00014242663159342792
3.813710365760511e-05
4.980853714545537e-05
0.0005142063699585018
5.977635214153659e-05
0.00022388260928814287
0.0002619793358765011
0.00020859445693942666
5.4361493902357763e-05
0.00018486046172206966
0.00016510160642291011
0.00023600443180429208
0.00013098966793825056
0.0006566330015519297
0.00029680410652834833
0.00023474478544304836
0.00046757048259121964
0.00026246525072324574
3.362602363791491e-05
0.00012997371717023148
7.919150703736185e-05
0.00013098966793825056
0.00012321126890799103
0.00023873125550588875
0.00010296302054028486
0.00019821651367212407
0.00015378944026320533
0.0001770820626918101
9.818445351293152e-05
0.00013098966793825056
0.0002619793358765011
0.0003094473263112151
0.0003059581012397623
0.000144345719888305
0.00018087399165922922
0.00019350482098738015
8.024892643795604e-05
0.0003424863730106866
0.00011220560879663234
0.0001590028609733261
0.00014920694499302137
0.00028120815525438625
0.00046757048259121964
0.00021142091849691267
0.00011871758233264542
0.00013519172517689103
0.00025591363752070824
0.00026246525072324574
0.0003059581012397623
0.00046757048259121964
0.000382187294559784
0.00014078544273781477
0.00046757048259121964
4.325626242805999e-05
7.559988520927772e-05
7.610292338641239e-05
0.00024293331274452925
0.00024642253781598206
0.00030399279282634147
6.1013287434365866e-05
0.00026246525072324574
6.616782534599874e-05
0.00022388260928814287
0.0003163360445070649
0.0001526866069869351
5.936837678453971e-05
0.0001323356506919975
0.00011955270428307318
0.0003424863730106866
0.00023095285647562922
5.936837678453971e-05
0.00018693309460500007
0.00020859445693942666
0.00026246525072324574
0.0001590028609733261
0.0001373811411427127
0.00021740226343015348
0.00010966067586251529
5.7757560013818436e-05
0.0003163360445070649
0.0003046497197206933
4.1296852924994113e-05
0.00010966067586251529
0.0004136996888074005
0.00017171999694781526
0.00028157088547562954
0.0005050211160257792
0.0004136996888074005
0.0003059581012397623
0.0003059581012397623
0.00029680410652834833
0.0003163360445070649
0.0006566330015519297
0.0014027114477736591
0.0002473756147711992
0.00010736339155593471
0.00011614102172050467
0.00013963402720356102
0.000382187294559784
9.420616070955389e-05
0.0003013356639504621
9.605997961153357e-05
0.00026822485762578713
0.00010399590622255412
0.00020859445693942666
0.00020068399478981075
0.0011028745660416333
0.00014078544273781477
0.00026246525072324574
0.00013098966793825056
0.0003059581012397623
6.70611584808411e-05
0.0001552637471104388
0.00019350482098738015
0.0006360114438933044
0.00011044177919151492
0.00029680410652834833
0.0004442308634801191
8.576323341974193e-05
0.00013990766210184664
7.814828161489874e-05
0.0006868174693486437
0.0010303199816868917
8.462862747288813e-05
0.00013098966793825056
0.00019350482098738015
0.00022733736147056714
8.926995426143497e-05
0.00019350482098738015
0.00027444570699214577
0.00017895490336435218
0.00020323239119543178
3.752028195130951e-05
0.000210264134379014
0.000194540365646479
0.00012997371717023148
0.000382187294559784
0.0002473756147711992
9.357171533291653e-05
0.0001289708758105324
7.283246349323893e-05
0.00013849942125670724
0.0001590028609733261
6.796487944301748e-05
0.0001958249672229506
0.00028120815525438625
0.00035050658594851426
0.0001431407480452541
9.549080362779358e-05
0.0001619924267397636
0.00027038345035378206
0.00015612404567385318
0.000144345719888305
0.00046757048259121964
0.00013201907539871785
7.216693668165792e-05
0.00034693313537349606
0.0001958249672229506
8.633680891637961e-05
0.00012321126890799103
0.0001890625189607101
0.00012508410958053307
0.0001619924267397636
0.00021142091849691267
5.4250839172125395e-05
0.00023474478544304836
0.00010736339155593471
9.679703819141196e-05
0.00012700319787541014
4.66358873672822e-05
0.00019350482098738015
3.246601513256052e-05
0.0003059581012397623
0.00016670411942450755
0.0001912519349265318
0.00015472366315560755
0.00010085286937178843
1.207529353148021e-05
0.0001222915051906662
0.00012508410958053307
0.00013963402720356102
2.728182324559962e-05
0.00029680410652834833
0.0001590028609733261
8.926995426143497e-05
0.0002520873074559432
0.0003598288950235814
0.00019098160725558716
9.047492610448588e-05
0.00018486046172206966
0.00020586719019698982
0.00023873125550588875
0.0002473756147711992
0.00029680410652834833
5.501655105102214e-05
2.8537136126109128e-05
4.7679112789745326e-05
0.0003424863730106866
0.0006119162024795246
0.00022057491320832663
0.00016834037200859304
0.0002725574473874947
9.484582791755284e-05
0.00027444570699214577
4.594810299330937e-05
0.00032831650077596485
0.0003424863730106866
0.0003163360445070649
0.0001017910713246234
0.00018284166959435148
0.0003424863730106866
0.00012138249919043802
9.812560262935161e-05
8.406747610337158e-05
0.00018284166959435148
0.000210264134379014
0.00026246525072324574
8.240792990992823e-05
0.00024293331274452925
0.000105132067189507
0.00015612404567385318
1.0107615596357947e-05
9.879849970760983e-05
3.6604132320666763e-05
0.00017001181550432376
0.0004694895708860967
5.236892816905538e-05
5.696450081570195e-05
0.00014195417343913148
0.0001619924267397636
4.033536692573479e-05
0.00026246525072324574
0.00023474478544304836
0.000105132067189507
0.00023095285647562922
0.00018284166959435148
5.5983473010269315e-05
0.0003366807440171861
0.00020586719019698982
9.567731890776848e-05
0.000104402304766379
0.00012138249919043802
0.00010225325189003407
0.0001590028609733261
0.0003598288950235814
0.00022733736147056714
0.0001222915051906662
0.0009351409651824393
0.00019350482098738015
0.0002579417516210648
0.00019350482098738015
0.00012321126890799103
0.00015066783197523106
0.0006430621915259042
0.00013849942125670724
6.616782534599874e-05
0.00019350482098738015
0.0001455696684441936
0.00026822485762578713
0.0004136996888074005
0.0004774625110117775
0.0012368780738559963
0.00016518741169997645
0.0001810654075732623
8.186253028895376e-05
0.0004905944089390032
6.0598784440954825e-05
6.441138613812496e-05
0.00039643302734424814
0.0005364497152515743
0.0007161937665176663
4.8029989805766785e-05
0.00025016821916106613
0.0004013679895796215
5.382457366527536e-05
0.000764374589119568
0.0008046745728773614
0.00011530080675837515
0.00046757048259121964
0.00046757048259121964
0.0001958249672229506
5.896253185686933e-05
0.00029680410652834833
0.00023095285647562922
0.0002520873074559432
0.0002445830103813324
0.0013699454920427464
0.0010083492298237728
0.0013699454920427464
5.696450081570195e-05
0.0001017910713246234
0.0001204840021655542
0.00023474478544304836
0.00033020321284582023
0.00023873125550588875
0.00046757048259121964
0.00011784920316399617
0.00015334806747445312
0.00013306230082118096
0.00012997371717023148
0.00013201907539871785
0.00012508410958053307
8.987010494282147e-05
0.00023474478544304836
0.00028120815525438625
0.000144345719888305
0.00018284166959435148
0.00023873125550588875
0.0008955304371525715
0.0004013679895796215
0.00046190571295125844
0.0007196577900471628
0.00013519172517689103
0.00023474478544304836
0.00012508410958053307
0.00046757048259121964
0.00028861557922686747
0.00021142091849691267
0.0003424863730106866
9.614117668704451e-05
8.462862747288813e-05
0.0018702819303648786
0.0004726503741392807
0.00022830877015923718
0.0005050211160257792
0.0007161937665176663
0.0008233371209764374
0.00036145200649666265
0.0006119162024795246
0.00046757048259121964
0.000105132067189507
9.047492610448588e-05
0.0001204840021655542
0.00046757048259121964
5.199795311127706e-05
7.711887415443143e-05
0.00012321126890799103
8.35103473588936e-05
0.00026246525072324574
0.00046757048259121964
0.000827399377614801
0.000827399377614801
0.000827399377614801
0.0004171889138788533
0.00019821651367212407
0.0003163360445070649
0.00022733736147056714
0.00019350482098738015
0.000383942429543286
0.000382187294559784
0.0003163360445070649
0.00023873125550588875
0.0003916499344459012
0.0003541641253836202
0.00040619962629425766
0.00033020321284582023
0.00046757048259121964
8.078308061645678e-05
0.00020323239119543178
0.00046757048259121964
0.00029680410652834833
0.000382187294559784
0.00013849942125670724
0.0009351409651824393
0.00028157088547562954
0.0009351409651824393
0.0003916499344459012
0.0009351409651824393
0.0005364497152515743
0.00014242663159342792
0.0006342627554907381
0.000764374589119568
0.00039643302734424814
0.0004171889138788533
0.00018969165583510568
0.00046757048259121964
0.0002473756147711992
0.000148076954493373
0.00023095285647562922
0.00012997371717023148
0.00021435406384196805
0.00028861557922686747
0.0004136996888074005
0.00026822485762578713
0.00019350482098738015
0.00028120815525438625
0.0003598288950235814
0.00015612404567385318
0.000104402304766379
8.078308061645678e-05
0.0001635314696463344
5.7757560013818436e-05
0.00020941341387195
0.00017346656768674803
0.0001635314696463344
0.00022388260928814287
0.00020323239119543178
0.0002473756147711992
0.0003059581012397623
7.76318735552194e-05
0.0003059581012397623
0.0009351409651824393
0.000827399377614801
0.0003424863730106866
0.000127980809847762
0.0003059581012397623
0.00021142091849691267
0.00021435406384196805
0.00028120815525438625
0.0001635314696463344
0.00023873125550588875
0.00027444570699214577
0.00018693309460500007
0.0002571031849792509
0.0003424863730106866
0.00026822485762578713
0.0001912519349265318
0.0004136996888074005
0.00020323239119543178
0.00020586719019698982
0.00015472366315560755
0.00046757048259121964
0.0003424863730106866
0.0003163360445070649
0.0003598288950235814
0.00016670411942450755
4.8736532190339495e-05
7.919150703736185e-05
0.0001222915051906662
0.00018486046172206966
0.000382187294559784
0.00020859445693942666
0.0004136996888074005
0.00019350482098738015
0.00018284166959435148
0.00032831650077596485
0.0002520873074559432
0.00046757048259121964
8.926995426143497e-05
0.00028120815525438625
7.919150703736185e-05
0.00035790980672870435
0.0004694895708860967
0.0002571031849792509
0.00023474478544304836
0.00013681943972044473
0.00046757048259121964
0.00028861557922686747
0.00015612404567385318
0.00010016202813820967
0.0004136996888074005
0.00026822485762578713
5.696450081570195e-05
3.047675154890603e-05
0.0001493615974116127
0.00013144996023821962
7.460347249651068e-05
6.143001297455603e-05
9.679703819141196e-05
0.0003424863730106866
0.00017346656768674803
0.00027444570699214577
0.00011530080675837515
0.0003270629392926688
0.00036568333918870295
0.00024293331274452925
0.0003163360445070649
0.00017001181550432376
0.00020586719019698982
0.00014148171528483507
0.00046757048259121964
0.0003163360445070649
0.00046757048259121964
0.00046757048259121964
0.0002520873074559432
0.00021740226343015348
0.000382187294559784
0.00042284183699382535
0.0006849727460213732
0.00017171999694781526
0.00032831650077596485
8.240792990992823e-05
0.0003059581012397623
0.000382187294559784
5.817278038667658e-05
0.00026822485762578713
0.000382187294559784
0.00013963402720356102
0.00021435406384196805
0.00011446957822477393
0.0001890625189607101
0.00023474478544304836
4.194451606506761e-05
0.00015199639641317073
0.00023873125550588875
0.000827399377614801
0.0004694895708860967
0.0004136996888074005
9.357171533291653e-05
0.0004136996888074005
8.987010494282147e-05
5.08955356623117e-05
7.866814393476402e-05
3.391875139279306e-05
8.585248881518572e-05
0.00019211995922306714
0.0001770820626918101
0.00046190571295125844
0.00023569840632799234
0.00015755012471309357
0.00046757048259121964
0.00032831650077596485
0.0002059260410805697
4.838245810621496e-05
0.00019350482098738015
0.00029680410652834833
0.0003163360445070649
0.00011044177919151492
0.00020323239119543178
0.00028120815525438625
0.0001425664786284018
0.00026246525072324574
0.00023474478544304836
0.00046757048259121964
0.0001958249672229506
0.00022388260928814287
6.616782534599874e-05
0.00037525232874159923
6.207987218664024e-05
4.2270382903225396e-05
0.0002571031849792509
0.0004694895708860967
0.00031224809134770636
0.00016853835736043064
0.00026246525072324574
0.0003059581012397623
0.0002473756147711992
0.00029680410652834833
0.00018693309460500007
4.732981275439778e-05
0.0003598288950235814
0.00018087399165922922
0.0002571031849792509
0.00046757048259121964
6.0598784440954825e-05
0.00046757048259121964
0.0003059581012397623
0.00014195417343913148
0.0001912519349265318
0.00018486046172206966
0.00046757048259121964
7.074085764241754e-05
0.0001222915051906662
0.00023095285647562922
0.00028120815525438625
0.00019350482098738015
5.7757560013818436e-05
6.143001297455603e-05
2.5583722394698015e-05
4.6982075587969333e-05
0.00022733736147056714
0.000382187294559784
0.00013849942125670724
0.000382187294559784
0.0003059581012397623