0.0005490346402465612
0.0014972714519942403
0.0009626464382870253
0.00024720433661275655
9.599121270089341e-05
7.352873819502382e-05
0.0005179138910468001
0.0003901232652690102
5.666675800017686e-05
0.0001541993790505545
0.0002827200054260651
0.00034031061595179085
0.0010020038041110083
0.0009047295273370652
0.00028798346598745545
0.00021147763239576445
0.00041443948682909956
0.00015806355989527474
7.352873819502382e-05
8.107095739123443e-05
0.00015762873198055008
0.0002934533886909815
0.0013570305160714561
0.0012325900358951722
0.0015129409601407602
0.0006295325881634246
0.0005077712427820542
0.00046136563829931085
0.00021301215727968241
0.00013930857720827425
0.00038532217855784403
0.002072200084099803
0.0001827664026147599
6.309319464319167e-05
0.00016613706973174985
0.00014777588531840526
0.00013772817027126445
0.0005891562640771006
0.0004924863874990721
0.0006344328971872934
0.00029411495278009527
0.0014350494993633468
0.0005891562640771006
3.638642506516595e-05
0.00028016094002103134
0.00019102356367655006
0.01109329789725352
0.0008872745902440827
0.0003901232652690102
0.0002657206235417368
0.0007587797640081876
0.000782170839144485
0.0004198731306349658
0.0005579091084853815
0.00029575819674802756
0.0031485361938072467
0.00012442154251278897
7.468613198719633e-05
0.00032622929427365664
0.0008390442699806472
0.001989897603057381
0.0006145837676248288
0.0008009642010483279
0.00030812055716073074
0.0002054129746692475
0.0006910813779421265
4.895659225960523e-05
0.0001952611441730422
0.0030287043176957813
0.07970920564816149
0.00010081271043995786
0.00010436163352264271
0.00016905074696370813
0.0002465272372207703
0.0004969882887395752
0.00034852306229948116
0.0003245741378907427
5.6351993350515155e-05
0.00022865964281680974
0.015266579571830896
0.0002918570100349941
0.00022790426131271416
0.0004079515657988212
0.0010211916886383146
0.0004079515657988212
0.0006364965460038166
1.1978752259302742e-05
0.00024885971419002736
0.00020601169271351776
0.0007802465305380204
8.682118686497406e-05
5.26902815718226e-05
0.0004342852223140771
0.00031554367962723405
0.0008390442699806472
0.00015956245219413893
0.00026597737300277
0.0007124196686578825
8.435531677420066e-05
0.00036195621968500557
0.0018676901353247553
0.00036942384676325594
0.0001312343847346855
0.00012779062577778985
0.006778628164085167
0.0002604782571607409
0.0002028760394492296
0.0017135905661745745
0.0006145837676248288
2.0481886542693545e-05
0.00013246221983672466
8.745656450854756e-05
0.0001452752396934254
0.0008159031315976424
8.435531677420066e-05
0.00014592850501749706
8.122940731530104e-05
0.00023323478855082002
0.00018661821579050493
0.0004525713453426208
0.0031263326034018895
0.00017282254078328438
0.0001482124689433957
0.00012442985709501368
3.369556359149152e-05
7.468613198719633e-05
0.001773967761922078
0.00031128168922079253
0.0007352873819502382
0.0004970679293400642
0.0027457399567576914
5.8776999588094894e-05
0.0005326080113296116
0.00032810508981799487
0.0003098587592965506
0.00032810508981799487
0.0007956206825047707
0.00010011363553492428
0.00018928742566279636
0.0001539001118656127
0.00013476533666193765
0.0003421052811662341
0.0005326080113296116
0.0009633911368015414
0.0001737000158682113
0.000331727764965615
0.0001899789844732811
0.00021016477052791373
0.001989897603057381
9.803719293722625e-05
0.0003245741378907427
0.00035569488709050396
0.00032471026786889343
0.0005603218800420627
0.0005542941799413408
4.092341816842157e-05
0.0001953957877126181
0.0010022799537745652
0.0014774591624972164
0.0019371135504737697
0.002057478421965388
0.0007486357259971202
0.0015138643271305494
0.0002827200054260651
0.0001411681401115804
0.0003083439470750223
0.0006145837676248288
0.0001053805631436452
0.0011783125281542013
0.0059974602997828735
0.0003245741378907427
0.00020940572811809768
0.0002538856213910271
0.0008182619105556822
7.181045997276911e-05
0.00018259921270031564
0.00013387418250176676
0.00010369352446997064
0.0005180500210249507
0.000226171752678576
4.829346782940891e-05
0.0003013830897701204
0.0007423743934026185
0.00043593813475158297
0.00043349790828942623
0.00040175209399554985
0.00015958014157905101
0.0002145345252195931
0.00035569488709050396
0.00014200482203402426
0.00019402173569615214
0.00018097810984250278
0.0008390442699806472
0.00017064679562437922
9.851725687893683e-05
4.449826353355177e-05
0.00026046356059492216
0.0004229552647915289
0.0004924863874990721
0.0011381696460122813
0.0002634528475341944
0.001484748786805237
0.0002350578883875864
0.00022718713176107398
0.0009338450676623776
0.0003245741378907427
0.00017477850921074006
0.0006041657024945523
0.0002634528475341944
0.0010053464396187674
0.00029205557735437063
0.00034129359124875845
0.00012239148064901306
0.00022653337747890857
0.00014400481725603673
0.00032471026786889343
0.0001508571151142069
0.00014200482203402426
0.0004168246816789853
0.00017055480252098248
0.001484748786805237
0.00036204666683751157
0.0002568627167876942
3.17921580953038e-05
0.0007903177994763738
0.0005722113320122791
0.0015305087152754143
0.0022271231802078557
0.002838288080773087
0.0010980692804931223
0.0010980692804931223
0.0006145837676248288
0.00010834415583479675
5.2194845343729724e-05
0.0001450948214584223
0.00013246221983672466
0.0006785365163471086
0.0006858261406551293
0.0002390716817194192
9.181878018084297e-05
0.0005891562640771006
0.00025902501051247535
0.0007903585426025834
0.0004523647636685326
4.069452489194407e-05
0.0006733815070674554
0.0007770750315374261
0.0002400499776759067
8.24527936822777e-05
0.00029575819674802756
0.0002311694449196161
0.00016235513393444672
0.00022961551163547166
0.0007423743934026185
0.0002612213575035818
0.0005011399768872826
0.0002918144934122329
0.00036942384676325594
6.825871824975169e-05
0.00022932130126168747
0.00046136563829931085
0.0003793898820040938
0.00038262717881885357
0.00027764798642053147
0.00020859067615764564
8.527740126049124e-05
0.0004212440144687714
0.00021526896821191514
2.8592610760491654e-05
0.0004439097415996985
0.0005676576161546173
0.0004439097415996985
0.00011480775581773583
0.00019678351211295292
0.0037118719670130927
0.00491667014099863
0.001350029930594628
0.00021147763239576445
0.00026097422671864866
0.0003313255258263834
0.0001860501288480365
0.00011023471820867666
0.001017804774520663
0.00012610011839424547
0.00013584388358027746
0.0001508571151142069
0.00021600645635612797
0.0005326080113296116
0.0004851967631910514
0.00028016094002103134
0.0005046214423768498
0.0032285225841229494
0.0025171328099419417
8.24527936822777e-05
3.946113527042613e-05
0.0005179138910468001
0.0006145837676248288
0.0005046214423768498
0.0002505699884436413
5.8776481131246166e-05
5.368646546118752e-05
0.0005046214423768498
0.0002465272372207703
0.00046136563829931085
0.0006858261406551293
0.000452343505357152
7.181045997276911e-05
8.556251613787672e-06
0.00020247675776498614
0.0002623696935256427
0.00013476533666193765
0.00040175209399554985
0.0006732926639175258
0.00042466119728897683
0.0006145837676248288
0.0006457045168245898
0.0007802465305380204
0.00016737401323594923
0.0001860501288480365
4.496705440029644e-05
0.00014881722369495252
0.0003024381313198736
0.0003313255258263834
0.0004890979499040848
0.0003245741378907427
0.0004709877395765887
0.0004924863874990721
0.0003431971137987989
0.00026597737300277
0.000331727764965615
0.00021147763239576445
0.00035569488709050396
5.170116287586553e-05
0.0001549293796482753
0.0008390442699806472
0.00038465334256548405
0.0007423743934026185
0.00035569488709050396
0.00041443948682909956
0.0008390442699806472
0.0007423743934026185
0.00023927115652557513
7.526845079370512e-05
4.9258628439468414e-05
0.00028393113849419454
0.00030508221741752125
0.00023143521323996626
0.0005094668729466068
0.00014777588531840526
0.0005046214423768498
0.0002350578883875864
0.00021147763239576445
9.87259111345895e-05
0.0002568627167876942
0.0004924863874990721
0.0034059456969277044
0.0002069045947867053
0.0002634528475341944
0.0003144879258638885
0.0005326080113296116
0.0004439097415996985
0.00026802588514325364
9.87259111345895e-05
0.0007802465305380204
0.0005490346402465612
0.0006858261406551293
0.0004709877395765887
0.0002194492392438801
0.0005326080113296116
0.0009062485537418284
9.133084562652465e-05
0.0008390442699806472
0.0001826616912530493
0.00036942384676325594
0.0006858261406551293
0.0009329391542032801
0.0004678989001492562
0.0004489210047116369
0.0002681407568100237
0.0003144879258638885
0.001017804774520663
0.002969497573610474
0.00021303591845691155
0.0003322741394634997
0.0006457045168245898
5.91917029056392e-05
0.0008390442699806472
0.00030576173501558327
0.00010369352446997064
6.568525735641807e-05
0.00029575819674802756
0.00028421460586048686
0.0004523647636685326
0.000273992536879574
0.00021620571743773823
0.0003901232652690102
0.000410825949338495
0.00011558472245980805
0.00024136444455834103
0.00013305245265078045
0.0001656627629131917
0.0002327320837577659
1.170279592612158e-05
0.0002194492392438801
0.00011403509372207803
0.00020247675776498614
0.00012114817270783123
0.0003743178629985601
0.0005676576161546173
0.0003901232652690102
0.0006457045168245898
0.0005676576161546173
0.00027312982394558276
0.0002607308803390403
0.0002425983815955257
0.0003901232652690102
0.000285326906589257
0.000923823633235568
0.0002465272372207703
0.0003786795254240647
0.00022932130126168747
7.619092016781804e-05
0.00010364458746217644
0.0005282522808215962
0.0001270459272632739
0.0011353152323092346
0.00013930857720827425
0.0006310178494032348
0.0001402261887562744
0.00018896276433666136
6.843613848384629e-05
0.0002538856213910271
0.00034504617554733763
0.00022276999497227405
0.00030814750897379306
0.0001723773815251283
0.0004525713453426208
0.000331727764965615
0.00041443948682909956
7.888591990680851e-05
0.000351403313051332
0.00046136563829931085
0.0005094668729466068
0.00011294751365441905
0.0007423743934026185
0.0007423743934026185
0.0008329439592615944
0.0008390442699806472
0.0007423743934026185
0.0008390442699806472
0.0002455192771862059
0.0008390442699806472
1.1333351600035372e-05
0.00014305283300306977
0.0003793898820040938
0.0003392682581735543
0.0008035041879910997
0.0003859308789169342
0.00030208285124727613
0.0005676576161546173
7.124237303030069e-05
0.0002962709623285876
0.000452343505357152
0.000285326906589257
5.13997930168515e-05
0.0001822289267607829
0.00013838801180955776
0.00012360216830637827
0.00016019284020966557
0.0004701157767751728
0.0001958263690384209
0.00025220023678849095
0.00014200482203402426
0.00028798346598745545
0.00035216818721439745
0.0037242827061606952
0.00014305283300306977
0.0002612213575035818
0.008390442699806471
0.005938995147220948
0.0007916330218420869
0.0025171328099419417
0.0004775543590165441
0.00020586241834506065
0.00028992668881487507
0.000351403313051332
0.00016344898386762315
0.0007395817116623108
0.0007916330218420869
0.00010081271043995786
0.0006457045168245898
0.0001195358408597096
0.0003431971137987989
0.0007423743934026185
0.0010092428847536996
0.0002827200054260651
0.0001701986147730524
0.00023877717950827204
0.0008390442699806472
0.0002827200054260651
0.008390442699806471
0.0025171328099419417
0.0007423743934026185
0.0008390442699806472
0.00043593813475158297
0.0006457045168245898
0.00028800963451207346
0.0008288789736581991
5.726670860981438e-05
0.0011874495327631304
0.0037118719670130927
0.0006562101796359897
6.500649350087804e-05
0.00023430352624144435
0.0002962709623285876
0.00023877717950827204
0.0005676576161546173
0.0001656627629131917
0.0006145837676248288
0.0008390442699806472
0.00022790426131271416
0.0010358277820936002
0.0004523647636685326
5.570043766521286e-05
0.0008803601660729447
8.938025227000789e-05
0.0008099070310599446
8.620254407571749e-05
0.00023323478855082002
0.0006858261406551293
0.00048132321914351266
0.00030208285124727613
0.000226171752678576
0.0006858261406551293
0.000331727764965615
0.0005490346402465612
0.0002473583810468331
0.0006457045168245898
0.00011636604187888295
0.0003354470560863007
0.0004439097415996985
0.0008390442699806472
0.0002547334364733034
0.00012873075518733738
0.00042032954105582747
0.00015136467058742456
0.00025728725261128945
0.0002634528475341944
0.000285326906589257
0.00011873661144298042
0.00014496334440743753
0.0002906916122741808
0.0005676576161546173
0.0006145837676248288
0.00042839764154364363
0.0003907915754252362
0.000725512112235235
0.0004523647636685326
0.001285192924630931
0.0005179138910468001
0.0008390442699806472
0.0006858261406551293
0.0008390442699806472
0.0006858261406551293
0.00028016094002103134
0.000351403313051332
0.00021303591845691155
0.0005891562640771006
0.0004079515657988212
0.0002547334364733034
0.001067084661271512
0.0013727884551951956
0.0007107154078304772
7.762234889145769e-05
0.0003792660559782009
0.0008424880289375428
0.00012360216830637827
0.000331727764965615
2.6322858585004603e-05
0.00043593813475158297
0.0006261698011358563
0.00040175209399554985
0.00012694281069551355
0.0006858261406551293
0.00041443948682909956
0.0007423743934026185
0.0004439097415996985
0.0008035041879910997
0.0001834910634430027
0.0005891562640771006
0.0002906916122741808
0.001484748786805237
0.0006858261406551293
0.0010803681723366692
0.00011832887986021276
0.0003646957617212822
3.197374972761609e-05
0.0002107611262872904
0.0006457045168245898
0.00012360216830637827
0.0003963263317912176
0.0002099365653174829
0.0003474000317364226
0.0001259751762244409
6.732926639175259e-05
0.0001528783845739655
0.0008390442699806472
0.0010972461962194006
0.0001356622217564046
0.0022271231802078557
0.0001822289267607829
0.000285326906589257
0.00021600645635612797
0.00030508221741752125
0.0007423743934026185
0.000904687010714304
0.0016583359516044466
0.000156434167828897
0.00011548783933547188
0.0001899789844732811
0.00036195621968500557
0.0009152466522525638
0.0007423743934026185
0.00023877717950827204
0.00021781804928585987
0.00020530841545153886
0.00010222146132246066
0.0002439227657852162
0.00013387418250176676
2.9010797435265127e-05
0.00041443948682909956
0.0005179138910468001
0.0005326080113296116
0.00022790426131271416
0.0002295469504521074
0.000452343505357152
0.00018865703001122837
0.000285326906589257
0.0005490346402465612
0.0008390442699806472
0.0002657206235417368
0.00037323643158100985
0.0002804705187309275
0.00015524469778291537
0.0016780885399612943
0.00012864362630564472
8.826693945980716e-05
0.0005891562640771006
0.0003354470560863007
0.00016235513393444672
0.0004851967631910514
0.0005052723532555613
0.0018839509583063547
0.0005314412470834736
0.00036195621968500557
0.0001391037312935126
0.00022446050235581846
0.0008424880289375428
0.0019252928765740506
0.0006858261406551293
6.352296363163695e-05
0.0004924863874990721
0.0008390442699806472
0.004360374184112712
0.00041443948682909956
0.0006858261406551293
0.0020738967363001133
0.0005891562640771006
0.004152290744693797
0.00040175209399554985
0.0003793898820040938
0.0006457045168245898
0.0004924863874990721
0.0008390442699806472
0.0001834910634430027
0.0003937031542040565
0.0004924863874990721
0.00016678297095616581
0.0004523647636685326
0.00041443948682909956
0.0007423743934026185
0.00043593813475158297
8.993410880059288e-05
0.00022348492852292806
0.00014087837135981092
0.00010580688118695755
0.0006889756892382408
0.00013798577267032616
0.0002369051359434924
0.0009065131327038315
0.00031776961025107095
0.00010631670205713178
0.0010358277820936002
0.0010652160226592231
0.00014061930817356767
0.0006145837676248288
0.0007486357259971202
0.0005046214423768498
0.0002204694364173533
0.0003746949769007873
0.000351403313051332
0.00044070117461914607
0.0002786171544165485
0.0003538258081942058
0.000351403313051332
7.888591990680851e-05
0.0006457045168245898
0.00039581651092104343
0.0006858261406551293
5.774391966773594e-05
0.0008390442699806472
0.00036942384676325594
0.0008390442699806472
0.0004523647636685326
0.00031776961025107095
0.0003793898820040938
0.00043593813475158297
3.666386543678187e-05
0.00027764798642053147
0.00012694281069551355
0.0006708941121726014
0.0004924863874990721
0.0006457045168245898
0.0007667437546667391
0.00014488040348822675
0.00046646957710164003
0.0004709877395765887
0.0006858261406551293
0.0014776953870530238
0.00014690039153971536
0.00023588387212947052
0.00043593813475158297
0.0002465272372207703
0.0005676576161546173
5.6351348543924364e-05
0.00010631670205713178
0.0006457045168245898
4.496705440029644e-05
0.0001219613828926081
6.843613848384629e-05
0.00018102333341875578
0.00020103151010067135
0.0034291307032756468
0.0001363122790566444
5.07190098623074e-05
0.0005179138910468001
0.0003793898820040938
0.0008390442699806472
0.00023465125174334552
0.0007423743934026185
0.0004212440144687714
0.0006858261406551293
0.0002311694449196161
6.677910728959455e-05
0.00031765686811668047
0.000887819483199397
0.0006145837676248288
0.00039581651092104343
7.881436599027504e-05
0.000351403313051332
4.1584485788761086e-05
1.8137879239707194e-05
0.0008803601660729447
0.0033248146208693036
0.0005891562640771006
0.00010653516039563516
0.00043593813475158297
0.000702806626102664
0.0014774591624972164
0.0002982541419067886
0.0008390442699806472
0.0002445489749520424
0.00027764798642053147
0.0002465272372207703
4.9743725107817324e-05
0.0007695005593280635
0.0002634528475341944
0.0006145837676248288
0.0013366199698336444
0.0003646957617212822
0.00039581651092104343
7.703013929018269e-05
0.0004709877395765887
0.00066345552993123
0.00023747322288596084
0.00017608409360719872
0.00012360216830637827
0.0001195358408597096
0.0005759669319749109
0.0003354470560863007
0.0002369051359434924
0.00028798346598745545
0.00048132321914351266
6.825871824975169e-05
0.0001701986147730524
0.0008390442699806472
0.00010726726260979655
0.0004212440144687714
0.0008390442699806472
0.00012155652000834576
5.209565143214819e-05
0.00023877717950827204
0.0008390442699806472
0.0002634528475341944
0.0004079515657988212
0.0003354470560863007
0.0006858261406551293
9.531583534451435e-05
4.1584485788761086e-05
0.00011873661144298042
0.00027517951221812584
0.00012277936266585148
0.0007693066851309681
0.0006858261406551293
0.00013246221983672466
4.034858100274534e-05
0.0006457045168245898
7.881436599027504e-05
3.4129359124875845e-05
4.6534606248466154e-05
9.002742350807005e-05
5.908849590256293e-05
0.00043489003322231266
0.0005326080113296116
0.0006145837676248288
0.0005676576161546173
0.00018734748845039364
0.0003793898820040938
0.00046646957710164003
0.00019266108927892201
0.001515817059766684
0.0004709877395765887
6.792194179013873e-05
4.979043648427697e-05
0.00029914663434301483
0.00040175209399554985
0.0011703697958070306
0.0009419754791531774
0.0004738102718869848
0.00041443948682909956
0.00030508221741752125
0.00012360216830637827
0.0005779832678367661
0.0002804705187309275
0.0003447547630502566
6.406040226027092e-05
0.000197451822269179
0.00025263617662778064
9.562676155030712e-05
7.585321119564018e-05
0.0002296585630794136
0.00015882843405834023
0.00012779062577778985
0.00032810508981799487
0.0002296585630794136
0.0004212440144687714
0.0001508571151142069
0.00041443948682909956
6.026541778867186e-05
6.568525735641807e-05
0.0001203396768114772
0.00039637036745162837
0.00042839764154364363
0.00010726726260979655
0.0007423743934026185
0.00031776961025107095
3.899234517837597e-05
0.00014690039153971536
0.00013387418250176676
0.00020872326704528542
8.829072544865048e-05
0.00017973841144390353
0.0006457045168245898
0.0002703698924462399
7.238087038567951e-05
0.00043593813475158297
0.00027764798642053147
0.0004292236252855278
0.0008390442699806472
0.0005326080113296116
0.0001953957877126181
0.00016256171560853486
0.0002296585630794136
0.00011326668873945429
0.00026802588514325364
0.0005179138910468001
0.00012360216830637827
0.00028798346598745545
0.0007423743934026185
9.330910789525246e-05
0.00022276999497227405
0.0001834910634430027
0.0004212440144687714
0.00048132321914351266
0.0004079515657988212
2.9388240565623083e-05
0.0004388984784877602
0.00020393713918782517
6.843613848384629e-05
0.0002465272372207703
0.0005137254335753884
0.00012919983992068417
0.00029914663434301483
0.0005326080113296116
0.0005224427150071636
0.0003907915754252362
0.00013656491197279138
0.00014787909837401378
0.0006858261406551293
0.0006145837676248288
0.00022790426131271416
0.00018734748845039364
0.00016678297095616581
4.387143097500767e-05
0.0005676576161546173
0.00034723986502166996
0.0003619081401310587
0.0002439227657852162
0.0001953957877126181
0.0004523647636685326
0.00021781804928585987
9.264656436160654e-05
0.00038465334256548405
0.00021748619618243775
0.0002296585630794136
0.0003646957617212822
0.00042839764154364363
0.00015596630004975206
0.0003644578535215658
0.0005891562640771006
0.0002906916122741808
0.00022348492852292806
0.0003793898820040938
9.658693565881783e-05
0.0005490346402465612
0.0001899789844732811
0.00043593813475158297
0.00028798346598745545
0.00031128168922079253
0.0007486357259971202
0.0004977194283800547
0.0003354470560863007
0.00021620571743773823
0.00041792573162482277
0.0008390442699806472
0.00023430352624144435
0.00011403509372207803
0.0006145837676248288
0.0002827200054260651
0.00010837447707235656
0.0003901232652690102
0.0006225633784415851
0.0003644578535215658
0.0005676576161546173
0.0002823362802231608
0.00030208285124727613
0.0006583477177316404
9.978933948808535e-05
0.001484748786805237
0.00018734748845039364
0.0008390442699806472
0.00026802588514325364
0.0002962709623285876
0.0008390442699806472
0.00022446050235581846
0.0008390442699806472
6.139368331724612e-05
0.0005490346402465612
0.0008390442699806472
0.0007423743934026185
0.00015406027858036537
0.0008390442699806472
0.0006858261406551293
0.0008390442699806472
0.0008390442699806472
0.0006708941121726014
0.0020087604699777495
0.0001144604705751681
0.00016019284020966557
0.001484748786805237
0.0003644578535215658
0.0007693066851309681
0.0001723773815251283
0.00043241143487547645
7.468613198719633e-05
0.0005603218800420627
0.0007770750315374261
4.6534606248466154e-05
0.00010046102992337346
0.00013838801180955776
0.00017608409360719872
0.00026802588514325364
0.0008390442699806472
0.00026802588514325364
4.238954412707173e-05
0.00010081271043995786
0.00016019284020966557
0.00019402173569615214
0.0002350578883875864
0.00017608409360719872
0.0003176148181581848
0.0003467541673794242
9.306921249693231e-05
5.723023528758405e-05
0.0002194492392438801
0.0006858261406551293
0.00035569488709050396
0.00010436163352264271
0.00014886472192175837
0.0002779396930848196
0.0007423743934026185
3.289465004977179e-05
7.703013929018269e-05
0.0010980692804931223
0.0003646957617212822
0.0002962709623285876
0.0004079515657988212
0.0002145345252195931
0.00028016094002103134
0.0003427120171304499
0.00027764798642053147
0.0008814023492382921
0.0002485339646700321
0.00038465334256548405
0.0008390442699806472
0.0005046214423768498
0.0002547334364733034
0.0001822289267607829
0.0008390442699806472
3.809546008390902e-05
0.00012779062577778985
0.0008390442699806472
0.0007423743934026185
0.000351403313051332
0.00013838801180955776
0.000285326906589257
0.0001539001118656127
0.00010364458746217644
9.087485270442959e-05
0.0003901232652690102
0.0008390442699806472
0.0006145837676248288
0.00035569488709050396
0.00046136563829931085
0.0006298096959524487
0.00021781804928585987
0.0005071522408911244
0.00031128168922079253
0.0005071522408911244
0.0007423743934026185
0.0004212440144687714
0.0006858261406551293
0.00048132321914351266
0.0004930544744415406
0.0002054129746692475
0.00011817699180512586
0.0005046214423768498
0.0006145837676248288
0.00031128168922079253
5.981778913139378e-05
0.00010436163352264271
0.0005179138910468001
0.0005891562640771006
0.00027764798642053147
0.0004439097415996985
0.0003354470560863007
0.0004924863874990721
0.0005179138910468001
0.00048132321914351266
3.543890068571059e-05
6.352296363163695e-05
0.00046136563829931085
0.0002657206235417368
8.183975906206863e-05
0.0005891562640771006
0.0001612697965383707
0.0003743178629985601
0.0005891562640771006
0.00019218120678081275
8.55590501827543e-05
0.0002369051359434924
0.0002786171544165485
0.00029914663434301483
0.00048132321914351266
0.000273992536879574
0.000607456352368014
0.00010948691399590124
0.00011480775581773583
0.00030814750897379306
0.00012812080452054183
0.00024720433661275655
0.0004523647636685326
0.00018865703001122837
0.00014690039153971536
0.0004709877395765887
7.352873819502382e-05
8.618869076256415e-05
0.00048132321914351266
8.809485006908499e-05
0.00036012272411222303
0.0006457045168245898
8.368700661797461e-05
0.00010081271043995786
0.00046136563829931085
0.00016862552398781073
0.0006145837676248288
0.0006491482757814854
0.0002069045947867053
0.00028421460586048686
0.0008390442699806472
0.000226171752678576
0.00017850963564009723
0.00015701098771761388
0.0006858261406551293
0.0008390442699806472
0.00017608409360719872
0.0008390442699806472
0.00032810508981799487
0.00038465334256548405
0.0012291675352496575
7.000203831891737e-05
0.0002194492392438801
0.00015701098771761388
0.0004212440144687714
0.00019218120678081275
0.00030208285124727613
0.0002296585630794136
0.00010151530714778558
0.00010508238526395687
3.9442959953404256e-05
0.0005326080113296116
0.00012950187610054735
0.00035701927128019447
6.459991996034209e-05
0.00010364458746217644
0.00028016094002103134
0.00018794962787969263
0.00022807018744415607
0.0006145837676248288
0.00012610011839424547
0.0001737000158682113
0.00035569488709050396
0.00036942384676325594
0.0002425983815955257
0.00019818518372581419
0.000351403313051332
0.00031128168922079253
0.00025902501051247535
0.00017252308777366881
0.00043563609857171973
0.00046136563829931085
0.0004924863874990721
0.0004523647636685326
0.00019131358940942679
0.00013656491197279138
0.0004079515657988212
0.0006457045168245898
0.0005654400108521302
0.00015524469778291537
0.0005891562640771006
0.0001549293796482753
0.0002369051359434924
0.0008390442699806472
0.00014135318141301844
0.0001356622217564046
0.00014886472192175837
0.00028798346598745545
0.00012864362630564472
0.0001701986147730524
0.0006491482757814854
0.00036012272411222303
0.0007423743934026185
7.82170839144485e-05
8.774286195001535e-06
0.0001508571151142069
1.4316677152453594e-05
0.00019131358940942679
0.0006145837676248288
9.464371283139818e-05
0.0001528783845739655
8.306853486587492e-05
0.0005676576161546173
0.00028016094002103134
0.0006145837676248288
0.00036942384676325594
0.0008390442699806472
0.0002445489749520424
0.00030814750897379306
0.0006944797300433399
0.0001656627629131917
0.0002934533886909815
5.318748406471297e-05
0.00016019284020966557
6.054586823496982e-05
8.069716200549068e-05
0.0002568627167876942
9.735185911812355e-05
0.00030208285124727613
0.0001748869604924771
0.0002827200054260651
0.000303728176184007
0.0005542941799413408
0.00012277936266585148
0.00013838801180955776
0.00018734748845039364
0.0008390442699806472
0.00021147763239576445
0.00030814750897379306
0.0008390442699806472
0.0004709877395765887
0.0005882231576233575
0.0007486357259971202
7.343488838940784e-05
0.0006562101796359897
8.745656450854756e-05
0.0003245741378907427
0.0005490346402465612
0.0005179138910468001
0.0001612697965383707
0.0007423743934026185
0.00020247675776498614
9.198715343319974e-05
0.0006858261406551293
0.0006457045168245898
0.0004421994673460847
0.0005891562640771006
0.0008390442699806472
0.00041443948682909956
0.00022790426131271416
0.00010151530714778558
8.527740126049124e-05
0.0004709877395765887
0.0004079515657988212
0.0004709877395765887
9.720664329562725e-05
0.00015170642239128036
0.0003354470560863007
0.000448116791923178
0.0001960743858744525
0.0007423743934026185
0.00030814750897379306
0.0002069045947867053
0.0003392682581735543
0.00019266108927892201
0.0003144879258638885
0.0004709877395765887
0.0005676576161546173
0.0004439097415996985
0.0006785365163471086
0.00023323478855082002
0.00048132321914351266
0.00013465853278350518
0.00038465334256548405
0.0001860501288480365
0.0002204694364173533
0.00036942384676325594
0.0005094668729466068
8.430823326447419e-05
0.00033810149392741627
0.00016678297095616581
0.0006900923510946753
0.0007423743934026185
0.0005891562640771006
0.0002296585630794136
0.00013747348294866298
0.00020247675776498614
0.0005813832245483616
9.466988135601618e-05
6.732926639175259e-05
0.0001203396768114772
0.0005676576161546173
0.0004079515657988212
0.0006457045168245898
0.00019131358940942679
0.0004049535155299723
0.00023877717950827204
0.0005137254335753884
0.00025902501051247535
0.0008718762695031659
0.0005179138910468001
0.0006858261406551293
0.00022446050235581846
0.00046136563829931085
0.0007202454482244461
0.00015596630004975206
0.0004709877395765887
0.0008390442699806472
6.788160434752452e-05
0.0002485339646700321
2.0088472596223953e-05
0.00022109973367304234
0.00024067469383406536
0.0007423743934026185
0.00041443948682909956
0.0001312343847346855
9.181878018084297e-05
0.00018259921270031564
0.00011558472245980805
2.6932291728349627e-05
0.0006422607578676942
0.00029914663434301483
7.526845079370512e-05
0.0008390442699806472
9.002742350807005e-05
0.00014496334440743753
0.0001960743858744525
0.0003646957617212822
0.0004079515657988212
0.00018097810984250278
0.0003161271197905495
0.00014023525936546376
0.0001847647266471136
0.00010081271043995786
0.00038465334256548405
0.0001834910634430027
8.06217150617028e-05
0.00025263617662778064
0.00022446050235581846
0.00031128168922079253
0.00013838801180955776
0.00016791224960832935
0.0008288789736581991
0.0006457045168245898
0.000303728176184007
0.0002146118126427639
0.0005046214423768498
0.00019131358940942679
0.00010508238526395687
0.00040175209399554985
0.0005861873631378544
0.00010364458746217644
7.762234889145769e-05
0.00023323478855082002
0.00012694281069551355
9.0677611872365e-05
9.0677611872365e-05
0.00022446050235581846
0.0003431971137987989
1.8914845881779415e-05
0.00017608409360719872
0.00012864362630564472
9.264656436160654e-05
0.0002547334364733034
0.0002369051359434924
0.0002445489749520424
0.0002054129746692475
0.0007423743934026185
7.881436599027504e-05
0.0008390442699806472
2.863335430490719e-05
0.00023143521323996626
0.0002827200054260651
0.00012610011839424547
5.774391966773594e-05
0.0005490346402465612
0.0002934533886909815
0.00016791224960832935
0.00031128168922079253
0.0001219613828926081
0.0004930544744415406
0.0006145837676248288
0.00039581651092104343
0.00017973841144390353
0.0004523647636685326
3.9895035394762753e-05
0.00036012272411222303
0.00013656491197279138
0.0002425983815955257
0.00013476533666193765
0.0002296585630794136
0.00026802588514325364
0.0005676576161546173
0.0002350578883875864
0.00016245881463060208
0.0010652160226592231
9.755042643750006e-05
0.00016344898386762315
0.0008390442699806472
0.0002547334364733034
0.00013036544016952015
0.0004709877395765887
0.0003211303789338471
0.0005326080113296116
0.00016678297095616581
0.0004439097415996985
0.00021147763239576445
0.0002505699884436413
0.00029914663434301483
0.00016455148092555313
0.00023323478855082002
0.0002425983815955257
0.00019960108575055893
0.00017135600856522495
0.0002934533886909815
0.000132988686501385
0.00021147763239576445
0.0002703698924462399
0.00016905074696370813
0.0004924863874990721
0.00010948691399590124
0.00011023471820867666
0.0008390442699806472
0.0003743178629985601
0.00017252308777366881
0.00030508221741752125
0.00022109973367304234
7.703013929018269e-05
0.0002465272372207703
0.00010948691399590124
0.00021600645635612797
0.00014496334440743753
2.9850951491334846e-05
0.0008390442699806472
0.00020841234083949264
0.0003431971137987989
0.00017973841144390353
3.899234517837597e-05
0.00022109973367304234
5.120922179598517e-05
0.0003646957617212822
0.0003901232652690102
5.723023528758405e-05
0.00024067469383406536
0.00026802588514325364
0.0003793898820040938
7.468613198719633e-05
2.8592610760491654e-05
6.568525735641807e-05
0.0002425983815955257
0.00013747348294866298
0.0001539001118656127
5.671843599196514e-05
0.0002962709623285876
0.00019818518372581419
0.00019266108927892201
0.0003901232652690102
0.00038465334256548405
0.0003354470560863007
0.00041443948682909956
0.0003431971137987989
0.00011558472245980805
0.00010800322817806398
0.00010580688118695755
0.00016235513393444672
0.00023323478855082002
0.0002827200054260651
0.0005676576161546173
5.774391966773594e-05