0.0012760370898191836
0.007155536158292828
0.0016361597481660912
0.0033377486606502474
0.00020136739118192947
0.00063277103298201
0.0004452275341688215
0.0023995578051183215
0.0016621806686109868
0.00017330394941586082
0.004343248026186351
0.0004950030431011608
0.0004807330003164186
0.011180598487017005
7.792174472679334e-05
0.00016284163434214464
0.00010580503196958065
0.00048155722201959056
0.0003807549844670977
0.00022077152972017046
0.0007858924018399532
0.0009437132675590387
0.0016361597481660912
0.0029900590177463437
0.00011155609541631526
0.0003699583928963703
6.489649838724206e-05
0.0002472390616076664
3.23553828274535e-05
0.0006803528693697126
0.00012082909679616416
0.00011290371190867668
0.0006830517337891529
0.00025146823588056765
0.0009654122252480251
0.0002278475063839901
0.0010446275911356643
0.000350036769722856
0.0016587899592251068
0.0006265806425559728
0.0008142081717107232
0.00031686146355055605
0.00018437732609028878
0.00017479779669515386
0.00026726518180211723
0.00043069454131379893
6.1022985995301844e-05
4.6235687669751235e-05
0.0004807330003164186
0.002544501985812074
0.006363170779860423
0.0012460938636837371
7.14226939647602e-05
0.0005896540972449349
0.00010826679818663542
0.0012541528002515709
2.3825959290929532e-05
0.00023247690408276028
0.0031349280508660756
0.00047506788645036604
0.0002989715977824374
0.0016142067856274277
0.0005356581345716953
0.0042294538293698005
0.00018756136869864338
0.0001378979774023698
0.00037162719637596147
0.000277756911859697
0.000915333707515655
0.00024837396254154064
7.038156043372345e-05
0.0001730793006042351
0.0005105470206761078
0.0003929462009199766
0.0003929462009199766
0.0004807330003164186
0.0005055364064873418
0.0007399167857927406
0.0008506913932127889
6.394896521427076e-05
0.0008506913932127889
0.00011684641240678704
0.00018234132881838868
0.00036609016437169975
0.0006351691173274464
0.0007858924018399532
0.0009614660006328372
8.359800666841703e-05
0.003038030074889572
0.0009614660006328372
0.0007123631436904229
2.4830447195551577e-05
2.9187064406783628e-05
9.117066440919434e-05
0.00024233352245829276
0.0005345303636042345
3.0189059211528166e-05
0.00013547080167086468
0.00024135305631200628
0.00015224545017644312
0.00018983398112665278
0.0003162369358868772
0.00013680812088109646
0.00020379648176629796
9.037360079066187e-05
0.00022136585512081404
0.00025277110293207454
0.0002757756217871018
3.956641336820372e-05
0.00018206707752011682
3.588361619056833e-05
7.928983786107873e-05
7.44561227841548e-05
0.0003051594015235346
0.0008095616307496765
0.0013453679721378443
0.0004263919788281771
9.686003644845289e-05
0.0001459503074844281
0.0004807330003164186
0.00026278069259572947
0.00017344970900064031
0.00028282657522825367
0.00022236982009935533
0.0001691407295624079
0.0002757756217871018
0.0002611568977839161
0.0005336875682384528
0.0004807330003164186
0.0021370894310712685
0.0008578662928261389
0.007825762430580207
0.002422148194439206
0.0023629122804696675
0.001442199000949256
6.562227437385906e-05
6.499400540164838e-05
6.54807337817623e-05
0.00036468265763677735
0.0002167483543770085
5.6541273369819335e-05
0.0009399441119532991
7.03415956815813e-05
0.0007958086032584951
0.0009654122252480251
0.000583154382310459
0.00039319498282348815
0.0019229320012656744
8.995992930131548e-05
0.00021245472977335527
6.705152992445742e-05
0.0002698538769165588
0.00023247690408276028
0.0006751177944199049
0.00020738393157297285
0.003038582389451312
0.0014446716660587717
7.402544646053552e-05
0.0001202838020972662
0.0002698538769165588
2.3117843834875617e-05
0.00010659799470704428
0.0001151816232665116
0.00012296249946082186
1.4024915206661515e-05
0.0003331053102564118
0.00032524118062658296
0.00016051907400653018
6.857395044303104e-05
5.196076904549053e-05
9.543099834026658e-05
0.0005348723165809824
0.00011483898015425336
0.00042893314641306943
0.0009614660006328372
0.0009614660006328372
0.0009614660006328372
0.0007858924018399532
0.00038439084918224115
4.245939542683847e-05
9.308127852064303e-05
0.00202387087413626
0.0008506913932127889
0.0008506913932127889
3.946194787342423e-05
9.837071905365414e-05
0.0013954371715637233
0.00033755889720995245
5.099083445942234e-05
0.0004147678631459457
0.0002985658782411831
0.00019895215081462377
0.0004807330003164186
0.00039173534667587414
3.999321909596788e-05
0.00015356625691556426
0.0006333988690504635
0.0004807330003164186
0.0004071040858553616
9.62058408979462e-05
0.00012660727512622913
0.0001604315343699052
0.00013070861223405783
0.00010664858425591433
0.0008902210800660913
8.756119322035088e-05
0.00018729719807314757
0.00025092345919649415
0.0070887368414090015
0.011056859007277629
0.0004179900333420852
0.0017013827864255779
0.0008466501260870499
0.0001758785003218992
0.0007005754443428336
5.270432305261895e-05
0.0001202838020972662
0.0007719853154818448
0.0027516129097829127
4.902132148465444e-05
0.0004807330003164186
0.00013244924590242587
0.00022311219083263051
0.0004846670449165855
0.0008506913932127889
0.00013155891503824447
0.0006291421783726924
9.400620700834983e-05
0.0001151816232665116
0.00028023017773713346
4.207474561998455e-05
0.00032139289616489727
1.7103194653912918e-05
0.00016708453756536333
0.0002459249989216437
0.0005043037065507825
7.224945145900282e-05
6.96461827609915e-05
0.00019468949516172622
0.00018564234731177073
0.00011274771972764221
8.643404902771672e-05
3.308455673327134e-05
0.0013223299084624664
0.00037966796225330556
6.622462295121293e-05
0.001760638318660273
0.0001280463785502112
0.00035212766373205455
3.608893272887847e-05
0.00035970858595586606
0.0003924577697498662
0.0009802674114015517
0.0002491715848121953
0.00010586151955457438
0.00010371787677387405
0.0004307452741250141
0.0006339410264208278
5.617071183192687e-05
0.0006504823612531659
0.00019142285380940042
0.00016945557031708517
0.00012124475731966358
0.0002240798421460271
0.0001634789304726672
0.00012296249946082186
0.00026726518180211723
0.0001713969860798801
0.0012770764582934785
4.5715966962020686e-05
8.824195316578228e-06
0.0006251009112469535
0.00017872274456483088
0.00014356484710459962
0.00033949872187349466
0.00011769199689421099
5.866356447922542e-05
0.00015224545017644312
0.00013573552775124844
0.000356699606341692
8.995992930131548e-05
0.00026278069259572947
0.00026520303736127135
0.0008506913932127889
0.0031435696073598128
0.0004807330003164186
0.0006751177944199049
0.00042534569660639446
0.0002698538769165588
0.000694987451967311
0.00023104381255567894
1.4024915206661515e-05
0.0001040698254003842
0.0002239052375113497
0.0004647277893712555
0.0004035516964068569
4.312529085033998e-05
0.00026164144736062355
0.00010369196578648642
0.0002331842641487271
9.685814646641898e-05
0.00017384132449915253
1.3410305984891481e-05
0.00032137210803093907
0.00010961371065702945
0.00035212766373205455
0.00013559379278185927
7.321803287433994e-05
8.142081717107232e-05
0.00035212766373205455
0.0005970475084545518
0.00014811170303168837
0.0002967403600220304
0.0001151816232665116
0.00020177584820342846
0.0009654122252480251
0.0007858924018399532
0.0006504823612531659
0.0004147678631459457
0.00022578466945144112
4.8859949866636566e-05
4.902132148465444e-05
0.00010845281389401064
0.00015907926949651057
7.370676215561686e-05
0.00031126226462838076
0.0002102635405930121
6.533675839016577e-05
0.00014011508886856673
0.0005029364717611353
0.00019897786634592767
0.00011195261875567485
2.978244911366192e-05
7.081824325778509e-05
0.0003661787580909785
0.00011431369190007917
0.0001464360657486799
0.00016838231528732981
0.00015297250337826705
0.0001639251230806106
8.730764504234972e-05
0.00048823031443624417
0.00023427240519458507
2.7120700141916683e-05
0.00012143609973477588
0.00016813502343766633
0.0004807330003164186
0.000142398301008736
0.00011958863911297495
0.0001839926402943882
0.0001650010143670536
0.00035212766373205455
0.00022580742381735335
0.0002967403600220304
0.00012860533658436406
0.00023201936473971182
0.00035212766373205455
0.0001713969860798801
0.00030449090035288625
0.00019769526966962456
0.00014681441960513974
0.002884398001898512
0.00018480005388058377
0.0016596527533249688
9.685814646641898e-05
0.0001389974903934622
0.005980728642366912
0.00014546454922017632
4.179900333420852e-05
0.001525797007617673
0.0002989715977824374
0.0004807330003164186
8.558329899103198e-05
3.910904298615028e-05
4.413465570370357e-05
5.816350808798607e-05
0.0008542529150699376
0.00029434057040547554
0.00028217159349992835
0.00042534569660639446
0.00020379648176629796
0.00033666812824630993
0.000499544195627021
0.001703262176970153
0.0003427939721597602
0.00042534569660639446
0.00015753171146352772
0.0004674742137617403
0.00023753394322518302
0.00015924640372881846
0.0004347452042541851
0.000825333698535759
4.1617948151364e-05
0.0002948737675834953
7.176952816414943e-05
9.178298149271364e-05
0.00035212766373205455
0.00044077663615415543
0.000337028137242766
0.0002491715848121953
1.989890936028328e-05
0.0006333988690504635
0.0008727872953210581
0.00014356484710459962
0.00024135305631200628
0.00042534569660639446
0.00029412792890792664
0.00012546172959824708
7.670362544811439e-05
0.00012860533658436406
4.833163871846566e-05
0.00024135305631200628
1.686214774897869e-05
0.00010531122624667432
0.000213846963743011
0.0004807330003164186
0.0009614660006328372
0.0007858924018399532
0.0005782488211817884
0.0007858924018399532
0.00012573411794028383
0.00024104467212367295
0.00010659799470704428
0.0004470446542953809
0.00015907926949651057
0.0004807330003164186
0.00020379648176629796
1.945804293785575e-05
0.00019371629293283795
0.00040267522238890445
0.0002458876846209159
0.00040089777270317585
0.0002591837854763221
0.00023373710688087015
0.00011299482731821606
0.0001135508117980102
0.00018200248156676044
0.0006545904714907935
0.0005149083838420567
0.0002611568977839161
0.0021127659823923276
0.0015427182265395443
0.00040714455661590253
0.0002133175303850255
5.0586443246936076e-05
0.0010563829911961638
0.0009213975414933856
0.00018480005388058377
0.00021166253152176247
0.0005665459460622807
0.0005765862737733619
0.00042534569660639446
0.000190064445281127
3.117646142729432e-05
7.721421497061155e-05
9.518874611677443e-05
6.616911346654268e-05
0.000178349803170846
0.00036609016437169975
8.690656518443053e-05
0.001414658702428005
0.001442199000949256
0.001442199000949256
0.0006681629545052931
0.0001425754124691168
0.0001617654418794706
0.0004807330003164186
0.0002757906151239299
0.0002693542831422057
7.98172786433424e-05
0.002025353383259715
0.002884398001898512
0.00010305604960627275
3.457262559129135e-05
0.00020735638424436374
0.0009614660006328372
0.00014278311917516166
0.00013834945613687156
0.0001765540649391705
0.00012291821739352583
0.0002405676041945324
0.00048270611262401256
0.00023373710688087015
1.2415223597775788e-05
0.00015907926949651057
0.0001503255244965688
6.273086479912354e-05
0.00028217159349992835
0.00020133761119445223
0.00029412792890792664
0.0001266797738100927
0.0002336597328289305
0.00019206956782531686
0.0001634789304726672
3.016352590016719e-05
0.0003007645807277355
0.00037720235382085156
0.0004807330003164186
0.00042534569660639446
0.00042893314641306943
0.0002698538769165588
0.00010734132088951716
0.0003145710891863462
0.0002239052375113497
0.001442199000949256
0.00032103814801306036
0.0003603736526734678
9.364859903657379e-05
0.0001078560433976881
3.701272323026776e-05
0.00019895215081462377
0.00020633342463393975
0.0004807330003164186
0.00033755889720995245
0.0008836105788498611
8.419041501504165e-06
9.876415199066229e-05
0.0002698538769165588
7.89117796181633e-05
0.0002004340326620917
5.58918174657544e-05
0.00021737260212709256
0.00015907926949651057
0.00035212766373205455
0.0002454517489911511
0.00010102849801805
6.09144820986032e-05
0.00022549543945528443
5.9794319556487476e-05
0.0005092480828102421
9.555881721389151e-05
0.0001464360657486799
0.00023373710688087015
0.0002454517489911511
0.00030478511114282456
0.0002491715848121953
0.0004075929635325959
0.00032524118062658296
0.0002552735103380539
0.0001966358440422189
0.00022352232714769045
0.0002967403600220304
0.0002698538769165588
0.00028217159349992835
0.0001378979774023698
0.0002698538769165588
0.00021166253152176247
0.00020177584820342846
0.00035212766373205455
0.00013158358149573026
0.00014356484710459962
0.00018596575260198213
0.0005637385986382111
0.0006662106205128236
0.00012207929695382075
8.42570343106915e-05
1.130468953377249e-05
0.00013680812088109646
6.779689639092964e-05
0.00011854662523749775
0.0002497720978135105
0.0001634789304726672
0.00016813502343766633
0.0002693542831422057
0.0003051594015235346
0.00042534569660639446
9.62058408979462e-05
0.0002891244105908942
0.00010513177029650604
0.0001650010143670536
0.00013514183903722763
0.0005462012325603505
0.0001634789304726672
0.0003331053102564118
3.7323042021792264e-05
0.00020633342463393975
0.00012914671526460385
5.856810129864627e-05
0.00036875465218057756
0.00022077152972017046
0.0001634789304726672
0.0004606987707466928
0.001442199000949256
0.00019769526966962456
0.0002757756217871018
0.000380128890562254
5.656531504565073e-05
0.0002757756217871018
0.0004807330003164186
0.00032524118062658296
0.00018819259439737066
0.0006103188030470692
0.00035212766373205455
3.6703604901284936e-05
9.95219594137277e-05
4.379678209928824e-05
0.0001990439188274554
0.00016501600770388162
0.0006103188030470692
0.002552074179638367
8.3235896302728e-05
0.0004126668492678795
0.0005405604790102018
0.00021737260212709256
6.779689639092964e-05
0.000975723541879749
0.0014798335715854813
0.0003540912162889254
4.550062039169011e-05
0.0001665526551282059
0.00016051907400653018
5.158148975236986e-05
0.00023201936473971182
6.848842841529636e-05
0.00012631864305494723
4.379678209928824e-05
0.00012296249946082186
0.0003929462009199766
0.00015038229036386775
0.0003699583928963703
6.315932152747361e-05
8.305719493739843e-05
0.000190064445281127
0.00019635790641108023
6.558047936910275e-05
0.0003699583928963703
0.00022678428978990418
0.0003051594015235346
0.0007858924018399532
0.00013606101491570966
0.0004807330003164186
0.0001839926402943882
0.0006764863183658533
0.00014811170303168837
2.9782449113661915e-06
8.416703206157748e-05
9.302187434624969e-05
0.0003929462009199766
0.0004807330003164186
0.00042534569660639446
0.00023745438123014094
0.00011195261875567485
0.00015627522781173838
0.00035212766373205455
8.759356419857648e-05
0.00015224545017644312
0.00020133761119445223
0.0003266837919508289
4.6192460110789795e-05
0.0003051594015235346
0.00014717028520273777
0.00014717028520273777
0.0003929462009199766
0.00013244924590242587
0.00021166253152176247
0.00011274771972764221
0.0005404581338132155
0.00014474867599243956
0.0004807330003164186
0.00011684641240678704
0.00022352232714769045
0.00012291821739352583
0.00026434086433561253
8.142081717107232e-05
0.00028217159349992835
0.00023745438123014094
0.0009614660006328372
0.0009614660006328372
0.0009614660006328372
0.0007493162934405314
7.273227461008816e-05
0.0002698538769165588
0.00035212766373205455
0.0001484091780562738
7.321803287433994e-05
5.206702692209636e-05
0.00032103814801306036
0.00037423218655026927
0.00018338316601846632
8.52925012077931e-05
0.0001665526551282059
0.0002698538769165588
4.209520750752083e-05
0.0001202838020972662
0.0002968183561125476
0.0011098751786891112
0.0007399167857927406
0.00017286809805543344
0.00018798882239065982
0.00010845281389401064
0.00036875465218057756
0.0001382905023651654
0.0002508305600503142
0.0002757756217871018
7.670362544811439e-05
0.00019219542459112058
0.00014717028520273777
0.00022352232714769045
2.766989122737431e-05
0.00022549543945528443
0.0001634789304726672
0.00014474867599243956
0.00011600968236985591
0.0004807330003164186
9.555881721389151e-05
0.0008506913932127889
1.0837319241188795e-05
9.518874611677443e-05
0.00032524118062658296
0.00013789530756196496
0.00020133761119445223
0.0004955029285012819
0.0002757756217871018
6.577945751912223e-05
6.533675839016577e-05
0.0003051594015235346
0.00010020202299421779
0.00012387573212532048
0.00010088792410171423
5.856810129864627e-05
6.037811842305633e-05
0.00014681441960513974
0.00010848280056766673
0.00046037020081035596
0.0002757756217871018
0.00012124475731966358
0.00014384618506441932
0.0001266797738100927
0.0001634789304726672
0.003845864002531349
0.003845864002531349
0.0005086789090492957
0.0004807330003164186
0.0008506913932127889
0.00044077663615415543
0.0006349875945652875
0.00042374562099658434
0.0012760370898191836
0.0003175896741331377
0.0010447678031279418
8.826931140740714e-05
0.0004203452666057002
0.00018983398112665278
4.6890342174660845e-05
7.842139291212413e-05
0.00011732712895845083
0.00030449090035288625
0.000352710173578302
4.5139914441111546e-05
0.0005930858090088737
0.00024135305631200628
0.00011854662523749775
0.0001801868263367339
0.000380128890562254
7.286165984086553e-05
0.0018497919644818517
0.0003699583928963703
0.0004807330003164186
0.0003427939721597602
0.00021446657320653472
0.00014124854033219477
0.00014966758183369893
0.0012272587449557557
0.0009498175249205638
0.0006440479253371031
7.22988806325295e-05
9.95219594137277e-05
6.89489887011849e-05
0.0007042553274641091
0.0003699583928963703
0.00023745438123014094
0.0005462012325603505
5.260785307877553e-05
0.00037597764478131964
0.0004367481333922741
6.803050745785483e-05
0.0002497720978135105
0.00013680812088109646
0.00039790430162924754
0.0027464346137118113
8.759356419857648e-05
0.00011769199689421099
0.000337028137242766
0.00018798882239065982
7.729203720470457e-05
0.00011941049298512973
0.00022858883335711842
7.824528719103448e-05
0.000190064445281127
0.000344351657938947
6.094786582429299e-05
4.5715966962020686e-05
0.00015698486841637412
0.000558720950503397
0.001814286498334255
0.0002441191720606523
0.0002591837854763221
0.00033755889720995245
0.0003051594015235346
0.00042534569660639446
0.0011031024871484072
0.0004688256834352152
0.0002891244105908942
0.0002591837854763221
0.00025146823588056765
0.0003699583928963703
0.0004807330003164186
0.00017938295866946243
0.0002757756217871018
0.0004807330003164186
0.00018798882239065982
0.00010884904464577689
0.0002497720978135105
9.751582086536988e-05
0.00013334456464060405
0.0004807330003164186
0.0004075929635325959
6.803050745785483e-05
0.0004807330003164186
0.00014966758183369893
0.00020633342463393975
7.034681423025971e-05
0.00012041455297588286
0.0012578067035688076
0.00021737260212709256
0.0012613077843571375
0.00033967516341470777
0.0002698538769165588
0.00012573411794028383
0.0007883247479735455
0.0005086789090492957
0.00023538399378842198
0.005549375893445556
0.00019605348228031035
0.00044466140567272697
3.7634570636225554e-05
0.001442199000949256
0.0001665526551282059
0.0003699583928963703
0.00038291026550708087
0.0003929462009199766
0.0005782488211817884
0.0006040128335833568
8.962943856838735e-05
0.0003699583928963703
0.0003291521948190661
0.00042534569660639446
8.625058170067996e-05
0.00016069644808244864
0.0003679852805887764
0.00012124475731966358
0.00012387573212532048
0.0003932716880844378
0.00022678428978990418
7.721421497061155e-05
6.577945751912223e-05
4.481471928419368e-05
0.0003051594015235346
1.3101124705272227e-05
9.884763483481228e-05
0.0003929462009199766
0.0002891244105908942
0.00012479952262670977
0.00010922300322458792
0.00022038831807707772
0.00010513177029650604
0.0002698538769165588
0.00026434086433561253
0.00013789530756196496
0.0001751842831879774
0.0010723328660326736
6.712246372730982e-05
0.0004807330003164186
4.6940640069142736e-05
0.00023745438123014094
7.928983786107873e-05
0.00042534569660639446
8.701099729871184e-05
0.00022038831807707772
0.0002968183561125476
2.9340481448518456e-05
0.0005432028359486427
0.0007858924018399532
9.153447899295276e-05
0.0002487223329324096
9.751582086536988e-05
0.00015907926949651057
0.0001483969980412528
0.0014085106549282182
0.00028249708066438954
6.267080467223322e-05
6.151965168211148e-05
0.0005604603554742669
0.0003929462009199766
0.0003929462009199766
0.0006479290136532527
6.577945751912223e-05
0.00010659799470704428
0.00018798882239065982
0.00010659799470704428
0.0006000505408827183
0.0002967403600220304
0.00018564234731177073
0.0002405676041945324
0.0008506913932127889
0.0001266797738100927
0.0005639664671719794
0.0002454517489911511
0.00032524118062658296
0.00021769808929155378
2.603351346104818e-05
0.00014011508886856673
9.555881721389151e-05
0.00015356625691556426
0.00023373710688087015
0.00020633342463393975
1.4024915206661515e-05
0.0006190002739018193
0.00025433945452464786
0.0002753489444781409
0.00026277642478196616
0.00016833406412315497
0.0010868630106354628
6.18807824372569e-05
5.422640694700532e-05
0.00011854662523749775
0.00014546454922017632
0.0002757756217871018
0.0001389974903934622
0.00011684641240678704
2.8222882973413917e-05
3.279023968455138e-05
0.0001484091780562738
0.0007005754443428336
0.00021166253152176247
0.00213823273513835
0.0003051594015235346
0.0003929462009199766
0.00024233352245829276
0.0002497720978135105
0.0010563829911961638
0.0002779949807869244
0.00021166253152176247
0.00011038576486008523
0.00028023017773713346
0.0004807330003164186
0.0006291421783726924
0.0007399167857927406
0.000960977122955603
0.0001839926402943882
0.0002757756217871018
0.0001459503074844281
0.00035212766373205455
0.00015356625691556426
0.0004807330003164186
9.031386778057644e-05
5.656531504565073e-05
6.44586507800011e-05
7.41984990206264e-05
0.0002736162417621929
0.00016974936093674733
0.0003235308837589412
0.00016833406412315497
0.0003145710891863462
0.0011564976423635769
0.0001839926402943882
7.721421497061155e-05
0.00042893314641306943
0.0002757756217871018
0.0001389974903934622
0.00033755889720995245
0.00012837494848654796
0.0002714710555024969
0.0008465147804997851
0.00044077663615415543
9.364859903657379e-05
0.00020133761119445223
0.0002891244105908942
0.00035212766373205455
0.0004807330003164186
0.00042534569660639446
0.00020633342463393975
0.00011876697161259151
0.00010440862519467856
0.00010298167676841133
0.00017208124805285425
2.4695006646898276e-05
0.000284796602017472
0.0005782488211817884
0.00014163648651557018
0.00011600968236985591
0.0014353905632829888
0.00015356625691556426
0.00028023017773713346
6.145910869676292e-05
0.0003051594015235346
7.176952816414943e-05
0.00042534569660639446
0.0003699583928963703
0.0003699583928963703
3.857651067965364e-05
0.0004075929635325959
0.00010616426915254564
0.0001552337265884629
8.034822404122432e-05
0.00014966758183369893
1.8847091123273113e-05
0.00022678428978990418
8.218447161020876e-05
0.00023369282481357407
9.364859903657379e-05
0.00015356625691556426
0.00024135305631200628
0.00033755889720995245
0.0006623145891605114
0.00020133761119445223
0.00016611438987479686
0.0007240591689360189
0.00023011087634434318
3.7947318543841825e-05
0.00023745438123014094
0.00035212766373205455
0.00022038831807707772
0.00047723780848953176
0.00013260151868063567
0.0006599815338007332
0.0010723328660326736
0.0003378759787539886
0.0001397563003965342
0.00012296249946082186
0.00039790430162924754
0.00034656571883351844
0.0004807330003164186
0.000535049409512538
0.0003932716880844378
0.00015356625691556426
0.00023018510040517798
0.0008465147804997851
0.0005397077538331176
3.952968685330227e-05
0.0003887695882069726
0.00010094843168910052
5.7559456703106704e-05
0.00021319598941408856
0.0004807330003164186
0.0003145710891863462
0.00021166253152176247
0.0004674742137617403
0.00032524118062658296
0.0002891244105908942
0.0004807330003164186
0.0004807330003164186
0.0002757756217871018
0.0005192379018127054
0.0009614660006328372
0.0009614660006328372
0.0004807330003164186
4.992184066240038e-05
0.0003051594015235346
0.00033755889720995245
0.00021737260212709256
0.00012116676122914638
0.00035212766373205455
0.00033627004687533267
0.0005086789090492957
0.0008095616307496765
0.0008694904085083702
1.6621825798236544e-05
0.00042534569660639446
0.0002441585939076415
0.00011195261875567485
0.0004807330003164186
0.00042534569660639446
0.0004807330003164186
0.0003699583928963703
0.0004807330003164186
0.0003051594015235346
0.0003699583928963703
0.0002757756217871018
0.00040403142471330864
3.9210696456062064e-05
0.0003145710891863462
0.0034027655728511557
0.0003269578609453344
0.0004807330003164186
0.0004807330003164186
0.0002454517489911511
0.00018798882239065982
0.0001730793006042351
0.0004478104750226994
0.00042534569660639446
0.0004620876251113579
0.0003171593514443149
0.00024959904525341954
0.0007858924018399532
0.001442199000949256
0.0004119267070736453
6.702235301865471e-05
0.0007687816983644823
0.00042534569660639446
0.0003929462009199766
5.644576594682783e-05
2.0304827366201064e-05
0.0001765540649391705
0.0001713969860798801
0.00013789530756196496
0.00020633342463393975
0.0003145710891863462
0.00036609016437169975
0.0003932716880844378
0.0004807330003164186
0.00017479779669515386
0.00021737260212709256
0.00038875740819195164
0.0003929462009199766
0.00022678428978990418
0.0004807330003164186
0.0001046565789442494
0.00035212766373205455
0.0004807330003164186
0.0004807330003164186
0.00042534569660639446
0.0001650010143670536
0.0007399167857927406
0.00012763675516902696
0.0005286817286712251
4.9382075995331145e-05
0.0003929462009199766
0.000178349803170846
0.0001459503074844281
0.00042534569660639446
0.00012387573212532048
0.00022678428978990418
0.00074618596294931
0.0007399167857927406
0.00012441252826918457
0.0002757756217871018
0.00024959904525341954
7.928983786107873e-05
1.5448040430491693e-05
9.238492022157959e-05
0.0004807330003164186
0.0002891244105908942
0.00035212766373205455
0.00013709114653553652
0.0003929462009199766
0.000583154382310459
0.001576976554447591
0.0004807330003164186
1.905820319938042e-05
0.0001730793006042351
0.00035212766373205455
0.0001943847941034863
0.00013573552775124844
8.586123662217063e-05
0.0004807330003164186
0.0002891244105908942
7.469328071534235e-05
0.000890455068337643
0.00018206707752011682
0.00028023017773713346
0.000284796602017472
8.202784296732382e-06
1.9480436181698334e-05
2.005394179623815e-05
0.00023018510040517798
0.00023745438123014094
0.0004807330003164186
0.0003929462009199766
0.0002967403600220304
9.62058408979462e-05
4.724158224960676e-05
0.0003145710891863462
0.0002454517489911511
0.0004807330003164186
0.00022352232714769045
0.00048155722201959056
0.0001634789304726672
0.00012763675516902696
0.0002497720978135105
0.0001665526551282059
0.000353108129878341
0.0005397077538331176
0.0009614660006328372
0.0005286817286712251
0.0009084064943840816
0.00022678428978990418
0.00013244924590242587
0.0004807330003164186
0.00022038831807707772
0.00042534569660639446
0.00018596575260198213
0.0002870781126565977
0.0006611649542312332
7.77280880495757e-05
0.00015340725089622878
0.00013057844889195804
0.00013573552775124844
3.0189059211528166e-05
0.00020881725038935712
0.00010513177029650604
9.117066440919434e-05
2.6303926539387764e-05
0.00013334456464060405
2.234078433955157e-05
0.0004807330003164186
0.00011958863911297495
0.00020895356062558836
0.0001966358440422189
0.0003051594015235346
0.00013139034629786473
0.0001801868263367339
0.00030189224184783126
9.518874611677443e-05
0.0007042553274641091
0.00010088792410171423
6.803050745785483e-05
0.00020738393157297285
8.228804870476652e-05
0.00042534569660639446
0.00031107589735945927
3.566145832863161e-05
0.0002004340326620917
0.00015627522781173838
0.00014124854033219477
0.00011552190627783947
0.00048270611262401256
0.0002891244105908942
0.00022352232714769045
0.00010242138199404032
0.00013573552775124844
0.0004807330003164186
0.00035212766373205455
0.00031532989918941817
0.00035212766373205455
0.00035212766373205455
0.0004807330003164186
0.0005934807200440608
0.0002454517489911511
0.0001069234818715055
8.19625615403053e-05
7.370676215561686e-05
0.000284796602017472
0.00012958580273065055
0.00019895215081462377
0.00018356596298542728
0.0005397077538331176
0.00012207929695382075
0.0004807330003164186
0.00014717028520273777
0.00033755889720995245
0.00014717028520273777
0.0004807330003164186
0.00022678428978990418
0.0007858924018399532
0.00020738393157297285
0.0008902210800660913
9.95219594137277e-05
0.00042534569660639446
0.0002698538769165588
0.0002967403600220304
0.0004807330003164186
0.0004807330003164186
0.00022038831807707772
0.00032449196430560254
9.302187434624969e-05
0.0002757756217871018
0.0001484091780562738
0.00013363259090105862
0.0003051594015235346
0.00042534569660639446
0.00022038831807707772
0.00021468264177903432
0.00023373710688087015
0.0003699583928963703
0.0004807330003164186
0.00033755889720995245
0.0004807330003164186
0.0004378509224532844
0.0009614660006328372
0.0009614660006328372
0.00032524118062658296
0.0004807330003164186
4.481471928419368e-05
0.0002631671629914605
0.00012546172959824708
0.0004807330003164186
0.0004807330003164186
0.0002967403600220304
0.00013244924590242587
0.00018604374869249938
0.0004807330003164186
0.0003699583928963703
0.0003145710891863462
0.0001237615648745138
0.00021769808929155378
0.00029933516366739785
0.0001801868263367339
0.00029933516366739785
0.00023373710688087015
3.133540233611661e-05
0.00023373710688087015
0.0008673732317726828
0.0004807330003164186
3.861195401063647e-05
0.00018616255704128606
0.00011858906055990682
0.00038439084918224115
0.0004807330003164186
0.00010513177029650604
0.0002497720978135105
0.00025721067316872813
0.0003145710891863462
0.0003929462009199766
0.0002533595476201854
0.00017815045741888727
8.894792803974213e-05
0.00023018510040517798
0.0002891244105908942
5.9810394995537944e-05
4.914667336237591e-05
0.00020379648176629796
0.0004807330003164186
0.00032524118062658296
0.0004807330003164186
0.0005782488211817884
0.0005183675709526442
0.00021618325352528616
0.0002441191720606523
0.0002779949807869244
0.00018206707752011682
0.000290574439399257
0.00012937587255101995
0.00017991985860263095
0.00016051907400653018
0.0002454517489911511
0.00043069454131379893
0.00012860533658436406
0.0003457361961108669
0.00010369196578648642
0.0003980878376549108
0.0005782488211817884
0.00037712111249469917
0.00015766494959470909
0.0001544284299412231
4.312529085033998e-05
0.00021737260212709256
0.0005753847402576773
0.00020315952764162786
0.00035212766373205455
0.0009719117905024105
0.0002698538769165588
0.0001801868263367339
0.00020633342463393975
0.0004749087624602819
0.00016198529841706842
5.8974753516699064e-05
3.2764448908250606e-05
0.0006751177944199049
3.1334698740623164e-05
0.0002967403600220304
0.00013240396711111072
0.0001417247467488203
0.0008578662928261389
0.00025433945452464786
6.622462295121293e-05
0.00012387573212532048
5.195401717949303e-05
7.821808597230056e-05
0.0003145710891863462
0.00010961371065702945
0.00035212766373205455
0.0001650010143670536
0.0001650010143670536
0.00013067351678033154
0.00026434086433561253
0.0003929462009199766
0.00032524118062658296
0.0009437132675590387
0.0004807330003164186
0.00038003932143027816
3.457262559129135e-05
6.44586507800011e-05
7.081824325778509e-05
0.00010586151955457438
0.00012958580273065055
0.0008506913932127889
0.0003929462009199766
0.00020633342463393975
0.0007042553274641091
0.0009614660006328372
0.00013680812088109646
0.0004909034979823022
0.0004807330003164186
0.00023373710688087015
0.0005927331261874888
0.00010734132088951716
0.0002698538769165588
0.0006291421783726924
0.0006268606818767651
0.00017208124805285425
0.00021468264177903432
0.0001303809933743644
0.00034939075099133546
0.00010157976382081393
3.104674531769258e-05
0.00025433945452464786
0.0004452275341688215
0.0008506913932127889
0.0004909034979823022
0.00019895215081462377
0.00011954986731775482
0.0007399167857927406
0.0008506913932127889
0.00015356625691556426
0.00014717028520273777
8.759356419857648e-05
0.0003929462009199766
0.0004807330003164186
0.0007399167857927406
0.0002968183561125476
0.0011098751786891112
0.0005782488211817884
0.00010586151955457438
0.00026434086433561253
0.00042534569660639446
0.00018596575260198213
0.00013363259090105862
0.0002967403600220304
0.00014356484710459962
0.0006291421783726924
0.00035212766373205455
0.00042534569660639446
0.00020133761119445223
0.0004807330003164186
0.0004807330003164186
0.00025433945452464786
0.00016198529841706842
0.00018206707752011682
6.577945751912223e-05
0.0004179071212511767
6.803050745785483e-05
0.0002757756217871018
0.00019206956782531686
0.00035212766373205455
0.00042534569660639446
0.00015094612092391563
0.00010734132088951716
0.0005286817286712251
0.00011195261875567485
9.751582086536988e-05
0.00028217159349992835
0.00020379648176629796
0.00010440862519467856
0.00014546454922017632
0.0003699583928963703
0.0006103188030470692
0.00011958863911297495
0.0002497720978135105
0.0004807330003164186
0.00032524118062658296
3.517570006437984e-05
0.00013363259090105862
0.00013515039150159544
0.0002591837854763221
0.00042534569660639446
0.00015490926312375182
0.0014247262873808458
0.0003929462009199766
0.0001713969860798801
5.422640694700532e-05
0.00016974936093674733
0.0006479290136532527
0.0004807330003164186
0.00018206707752011682
0.00028217159349992835
0.00020455529176936993
0.0003874325858656759
0.0006521178063812777
0.0001966358440422189
0.0004807330003164186
6.166950938471976e-05
0.00012763675516902696
0.00020177584820342846
0.0005515512435742036
0.00015627522781173838
0.00010020202299421779
0.0004807330003164186
0.00011195261875567485
0.000356699606341692
0.00022038831807707772
0.00012763675516902696
4.584579150461658e-05
0.00022038831807707772
0.00035212766373205455
0.0005934807200440608
0.00042534569660639446
0.0002591837854763221
0.00015627522781173838
0.0004807330003164186
0.00010298167676841133
0.000142398301008736
0.0004807330003164186
0.00019111763442778302
0.0004749087624602819
0.0004909034979823022
0.00013057844889195804
8.142081717107232e-05
0.0006420762960261207
2.7120700141916683e-05
0.00013606101491570966
0.00014124854033219477
2.7120700141916683e-05
0.0008506913932127889
0.0004807330003164186
0.0007042553274641091
0.00011116535141818174
0.00021166253152176247
0.00023745438123014094
0.00023745438123014094
0.00019895215081462377
0.0001484091780562738
8.305719493739843e-05
0.00012979299677448413
0.00038439084918224115
0.00022678428978990418
0.0003929462009199766
0.0003145710891863462
0.00020379648176629796
0.0002967403600220304
5.644576594682783e-05
0.00033755889720995245
0.0002698538769165588
0.0003699583928963703
0.0003145710891863462
0.00042534569660639446
0.00023373710688087015
0.0004807330003164186
0.0002591837854763221
0.0003929462009199766
4.017151350386738e-05
6.622462295121293e-05
0.0001713969860798801
0.0002497720978135105
0.0002967403600220304
0.00022038831807707772
3.337996183270435e-05
0.00015224545017644312
0.0007042553274641091
0.00021737260212709256
0.00014474867599243956
0.0002239052375113497
0.00010157976382081393
0.0004807330003164186
0.00022678428978990418
0.00022678428978990418
0.00011600968236985591
0.00014966758183369893
7.519114518193388e-05
0.0002736162417621929
0.0004807330003164186
0.00010586151955457438
0.00042534569660639446
0.00020379648176629796
3.220483788396459e-05
0.0001765540649391705
8.08827209397353e-05
8.228804870476652e-05
0.00011274771972764221
0.0006751177944199049
0.0003699583928963703
0.0003145710891863462
0.00014011508886856673
0.0003699583928963703
0.00011854662523749775
0.00042534569660639446
0.0004807330003164186
0.0001151816232665116
0.0001943847941034863
0.0003929462009199766
0.0008053504447778089
0.00017815045741888727
5.816350808798607e-05
0.00022678428978990418
8.643404902771672e-05
0.0008506913932127889
0.00035212766373205455
0.0004807330003164186
0.0003699583928963703
0.0004807330003164186
0.00032524118062658296
0.00010884904464577689
0.0002967403600220304
0.00020895356062558836
0.00020133761119445223
0.0004807330003164186
0.0002454517489911511
0.00033755889720995245
0.00024135305631200628
0.0002757756217871018
0.0004075929635325959
0.0007858924018399532
0.0002891244105908942
0.00042534569660639446
0.00016198529841706842
0.0003699583928963703
0.00021166253152176247
0.00042534569660639446
0.0001839926402943882
0.0002698538769165588
0.00015907926949651057
7.670362544811439e-05
0.0002757756217871018
0.00042534569660639446
0.00021819682383026451
0.002589708750274593
0.0002967403600220304
0.006680085415639602
0.0001713969860798801
6.712246372730982e-05
0.0004807330003164186
0.0001943847941034863
0.0006733857078555143
0.0001650010143670536
0.00035212766373205455
0.00020177584820342846
0.0006103188030470692
0.00010298167676841133
0.00025146823588056765
0.0004347452042541851
0.0009614660006328372
0.0011098751786891112
0.0001046565789442494
0.00019895215081462377
0.00018596575260198213
7.619627778570614e-05
0.0004807330003164186
0.00040403142471330864
0.00011769199689421099
0.00013789530756196496
0.00020895356062558836
0.000142398301008736
8.08827209397353e-05
0.00024135305631200628
0.00022678428978990418
0.00023745438123014094
7.569213107622518e-05
8.643404902771672e-05
0.00010298167676841133
0.00012979299677448413
0.0003699583928963703
0.0008506913932127889
0.0007399167857927406
0.0007399167857927406
0.0004807330003164186
0.0003051594015235346
0.0005183675709526442
0.00026434086433561253
0.00035212766373205455
0.00039790430162924754
0.00035212766373205455
0.00042534569660639446
0.00032524118062658296
0.0002591837854763221
0.00033755889720995245
0.00025433945452464786
0.00013467714157110286
9.428027812367479e-05
0.0003929462009199766
0.00042534569660639446
0.0006803528693697126
0.0003929462009199766
0.00010227764588468497
0.0002591837854763221
0.0004749087624602819
0.00023373710688087015
7.824528719103448e-05
0.00016611438987479686
0.0002967403600220304
0.00015907926949651057
0.00024135305631200628
0.00032397059683413683
7.370676215561686e-05
3.397406857239129e-05
0.00019895215081462377
3.0189059211528166e-05
0.0001266797738100927
5.270432305261895e-05
0.00042534569660639446
0.0008506913932127889
0.0004807330003164186
7.217786545775694e-05
0.0005183675709526442
0.00020133761119445223
5.099083445942234e-05
5.856810129864627e-05
0.00011600968236985591
8.19625615403053e-05
8.75921415939887e-05
0.0002192274213140589
0.0004807330003164186
0.0002698538769165588
0.000499544195627021
0.0003699583928963703
0.00042534569660639446
0.0003603736526734678
0.0002891244105908942
0.00020895356062558836
0.00025433945452464786
0.0002497720978135105
0.0002967403600220304
0.0003145710891863462
9.685814646641898e-05
0.00042534569660639446
0.00028217159349992835
0.0003051594015235346
0.0001389974903934622
0.0003699583928963703
0.0001966358440422189
0.0003929462009199766
0.00018798882239065982
0.00028217159349992835
0.0003929462009199766
2.3019504568405294e-05
0.0001266797738100927
0.0002967403600220304
0.0003929462009199766
0.00026434086433561253
0.00016051907400653018
0.0002967403600220304
0.0008506913932127889
0.00032524118062658296
1.3561684991160779e-05
0.00013573552775124844
0.00012116676122914638
0.00023745438123014094
0.0002591837854763221
9.117066440919434e-05
0.00024135305631200628
0.0002271016235960204
0.0003051594015235346
8.305719493739843e-05
0.00035212766373205455
0.00042534569660639446
0.00035212766373205455
0.00022233070283636348
0.00035212766373205455
0.0005782488211817884
0.00023745438123014094
0.0004807330003164186
0.0009614660006328372
0.0006751177944199049
0.0004807330003164186
0.000190064445281127
0.00020738393157297285
0.00016813502343766633
0.00015907926949651057
0.00020895356062558836
0.00021737260212709256
0.00033755889720995245
0.00015094612092391563
0.00013158358149573026
0.00033755889720995245
0.0001202838020972662
0.00016198529841706842
0.00033755889720995245
0.00032524118062658296
0.0003699583928963703
0.0004807330003164186
0.00020379648176629796
0.00016813502343766633
0.0004807330003164186
0.00021737260212709256
0.00010659799470704428
0.0003699583928963703
0.00032524118062658296
0.0003929462009199766
0.0009614660006328372
7.321803287433994e-05
0.00017479779669515386
0.00036413415504023364
0.00022352232714769045
0.00012296249946082186
0.0001484091780562738
9.948893317296384e-05
0.000190064445281127
0.0002698538769165588
0.00035212766373205455
0.0003929462009199766
0.00023373710688087015
0.00032524118062658296
0.00012116676122914638
0.00010227764588468497
0.00042534569660639446
0.00026434086433561253
0.00032524118062658296
0.00015356625691556426
8.936137228241544e-05
0.00042534569660639446
0.0003699583928963703
6.40231892751056e-05
0.00014356484710459962
0.0002967403600220304
0.0004807330003164186
0.00022038831807707772
0.00035212766373205455
0.00021446657320653472
0.0001151816232665116
0.00042534569660639446
0.0001634789304726672
7.77280880495757e-05
2.8222882973413917e-05
0.00012958580273065055
8.361018668343806e-05
0.00033755889720995245
0.0002891244105908942
4.9382075995331145e-05
0.0004807330003164186
0.0002497720978135105
0.0003699583928963703
0.0004807330003164186
0.0002757756217871018
0.00024233352245829276
0.00020379648176629796
0.00021737260212709256
9.302187434624969e-05
7.824528719103448e-05
3.7323042021792264e-05
2.2569957220555773e-05
0.0001650010143670536
6.757519575079772e-05
0.00019895215081462377
0.00013363259090105862
0.0003699583928963703
0.00020455529176936993
0.00018062182946382432
0.00014474867599243956
0.0004647277893712555
0.00042534569660639446
0.00025433945452464786
8.034822404122432e-05
0.000178349803170846
0.00018596575260198213
0.0003051594015235346
0.000178349803170846
0.0003699583928963703
0.00042534569660639446
0.00035212766373205455
0.0002454517489911511
0.00010513177029650604
0.0003145710891863462
0.0004179071212511767
0.0002631671629914605
0.0004807330003164186
0.00013467714157110286
0.0002891244105908942
0.00032524118062658296
0.0003051594015235346
0.00013467714157110286
0.0003929462009199766
0.00012479952262670977
0.00042534569660639446
0.0002967403600220304
0.0002757756217871018
0.0003699583928963703
3.6395677782689504e-05
0.00012958580273065055
0.0004807330003164186
7.224945145900282e-05
0.00023745438123014094
9.056300377440397e-05
0.00014474867599243956
8.034822404122432e-05
0.00021737260212709256
1.905820319938042e-05
0.00012387573212532048
0.00021446657320653472
0.0001266797738100927
0.00033755889720995245
0.0003699583928963703
0.00021166253152176247
7.519114518193388e-05
0.0002891244105908942
3.7634570636225554e-05
5.816350808798607e-05
0.0002441191720606523
0.00011769199689421099
5.158148975236986e-05
7.081824325778509e-05
7.928983786107873e-05
0.00013467714157110286
0.00012116676122914638
8.034822404122432e-05
0.00010884904464577689
0.0002967403600220304
0.00023018510040517798
0.0002497720978135105
0.0002698538769165588
0.00016813502343766633
0.00015094612092391563
0.00023745438123014094
0.0002891244105908942
0.00020379648176629796
0.0003932716880844378
0.00037193150520396426
0.0002591837854763221
0.00044077663615415543
0.0003699583928963703
0.0003051594015235346
0.0003145710891863462
0.00014717028520273777
0.00024135305631200628
0.00042534569660639446
0.00022087252362623126
0.0003051594015235346
0.00028217159349992835
0.0002497720978135105
9.056300377440397e-05
0.0004807330003164186
0.00018412748577571438
0.0002271016235960204
0.0003929462009199766
0.000178349803170846
4.279164949551599e-05
0.00018596575260198213
0.0002454517489911511
0.0002497720978135105
0.00021446657320653472
0.00018564234731177073
0.0007042553274641091
0.00037720235382085156
0.0002967403600220304
0.0004807330003164186
0.0004807330003164186
0.00032524118062658296
0.0003929462009199766
0.00033755889720995245
0.00033755889720995245
0.0003358578562670246
0.000474584952816632
0.0004807330003164186
9.749100810247257e-05
0.00012958580273065055
0.0004807330003164186
0.00024135305631200628
0.0004807330003164186
0.0002370932504749955
0.0002891244105908942
0.00026434086433561253
0.00015924640372881846
0.0004807330003164186
0.0005183675709526442
0.00021737260212709256
0.0004807330003164186
0.0004807330003164186
0.0004807330003164186
0.0002497720978135105
0.0003929462009199766
0.00028217159349992835
0.0010563829911961638
0.00014011508886856673
0.000284796602017472
0.0006780070252649329
0.00011962078999107589
0.0001839926402943882
1.9803841471909753e-05
0.00033755889720995245
0.0004807330003164186
5.308213457627282e-05
0.00025433945452464786
0.0004807330003164186
0.0004807330003164186
0.00016974936093674733
0.00025146823588056765
0.00024135305631200628
0.00018206707752011682
0.00022038831807707772
8.472778515854258e-05
0.00020895356062558836
0.00042534569660639446
0.00023018510040517798
0.0001135508117980102
3.487359388830315e-05
0.0001266797738100927
0.0002497720978135105
0.00019219542459112058
0.00035212766373205455
0.00014717028520273777
0.0002591837854763221
0.0003145710891863462
0.0003145710891863462
0.00042534569660639446
0.0004807330003164186
0.0002591837854763221
0.0004807330003164186
0.0003699583928963703
0.00040267522238890445
0.00033949872187349466
0.0003051594015235346
0.0003699583928963703
0.0003051594015235346
0.0003699583928963703
0.0004807330003164186
4.6890342174660845e-05
0.0004807330003164186
0.00012214987466659143
0.00042534569660639446
0.0003929462009199766
0.00014717028520273777
0.0002497720978135105
0.0001650010143670536
0.0003699583928963703
0.00019219542459112058
0.00020633342463393975
0.00022678428978990418
0.00011941049298512973
9.685814646641898e-05
0.00028217159349992835
0.00015627522781173838
0.0001713969860798801
0.0004807330003164186
0.00010088792410171423
0.0002591837854763221
0.0003929462009199766
0.0001990439188274554
9.751582086536988e-05
0.00010440862519467856
0.0004807330003164186
0.00024135305631200628
0.00042534569660639446
0.00035212766373205455
0.00019895215081462377
0.000178349803170846
0.00011436205722672318
0.0003699583928963703
0.0002454517489911511
0.0001966358440422189
0.00028217159349992835
0.00013240396711111072
0.00019895215081462377
0.00021446657320653472
0.0004807330003164186
0.00032524118062658296
0.00033755889720995245
0.00042534569660639446
0.00024135305631200628
0.0003145710891863462
0.0003145710891863462
0.0003699583928963703
0.0001839926402943882
0.000190064445281127
0.00042534569660639446
0.00021446657320653472
0.0003051594015235346
7.98172786433424e-05
0.0001650010143670536
0.00013573552775124844
0.00015766494959470909
0.00042534569660639446
0.00019219542459112058
0.00024135305631200628
5.816350808798607e-05
0.0004807330003164186
0.000190064445281127
2.8500820604552556e-05
5.577804770815763e-05
4.212851715534575e-05
0.0004807330003164186
0.00042534569660639446
6.98781501982671e-05
1.0170497665883639e-05
4.413465570370357e-05
0.0002591837854763221
0.0002967403600220304
0.0005515512435742036
0.00022352232714769045
0.00033755889720995245
8.472778515854258e-05
0.0002591837854763221
0.00042534569660639446
0.0003145710891863462
2.8500820604552556e-05
0.0001135508117980102
0.0001801868263367339
0.00018206707752011682
0.0004807330003164186
0.00042534569660639446
0.0002757756217871018