0.0005067394100734523
0.005110962280502991
0.0011300084544872157
0.00473236135097378
3.81403418785939e-05
0.02299301828811666
0.0034201354171719176
0.0027074466209189786
0.0004086973677885788
0.00020556577927085097
0.00032571511200317184
0.0002684644766688843
0.000616156893872424
0.0005895645714901707
1.8834237176249868e-05
0.00022113735663151625
0.00018536971112603887
0.000555552350154522
0.0004226493882519306
0.00027465264499941473
0.0004568007446906447
0.0002904271006145451
0.0006286664730287023
0.00037211877430135757
0.0003455833697081756
0.00010193267895677628
0.0001789763177792562
0.0005447110888444284
0.00025648457949210395
0.0004165140944169365
0.00039868330846748223
0.0018620396247325465
0.0015993300560985266
0.0021433823724142215
0.0003090843216436744
0.00029478228574508536
0.0006156418135531893
0.0006370432985332922
0.00014968355887963776
0.0009155118913382242
0.0001574129386271944
7.238570642796122e-05
4.692095035428676e-05
0.00025783928295048254
0.00038661270839843615
0.0006028803045429187
0.00020372192029065385
0.00037381711648344336
0.0004509457710611962
0.002713208321237677
0.00019497031614254675
0.00017659649085341187
0.0005297894725602356
0.00015631334827399213
0.00018088732721618253
0.0003041934452000164
0.0012573329460574046
0.0012312836271063787
0.0010072722076997736
0.00067404030671941
0.0004608220695123936
5.021445222400974e-05
0.00015292083632756365
5.7942541211383837e-05
0.0005422783777371458
0.00034501384911276233
0.00120854891828072
5.8959004396457484e-05
0.00016164673122852217
0.001278577578654416
0.00046191434484941195
0.0011393905446234862
0.00031262669654798426
0.004754100838304746
4.199221316812836e-05
7.514868834717145e-05
0.0033892398608571617
0.002512275175642638
0.00018235974693272386
0.0011528722974439517
5.323407724076174e-05
0.0010173641299465882
0.00036177465443236505
0.00027465264499941473
5.721051281789086e-05
0.0003899406322850935
6.324024105434138e-05
0.00032336085244204075
0.00024475125898091443
0.00010955193686658574
0.00013746467460756971
0.0009845260439705376
0.00020744347240734374
0.0004322885500320668
0.00025317478573383824
0.0006770464644976692
0.00035262052621081434
0.0010372615685505945
0.0002238515610363245
0.00031433323651435115
0.00020579293009616125
0.0009468567829078527
0.0004322885500320668
0.0006156418135531893
0.00031433323651435115
0.00042261098637367406
0.0003385232322488346
0.00010427006157511265
0.00020393595764988886
0.00021557390162802717
0.0004322885500320668
0.00011129528317091892
0.0004322885500320668
0.0001518145400956174
5.6087537867490944e-05
7.951887879437285e-05
0.00016981367908323633
0.0005837801143543487
0.001587053430871991
0.00021329257319081034
0.000154039223468106
0.0006911667394163512
0.00034494357419365883
0.00031433323651435115
0.0005537021597125024
0.0006280687939106595
0.00013279119558189296
0.0008056992788538132
0.00028917609529861344
0.00039676335771799776
0.00012573105812255196
0.0001838536625856501
0.00011292293787688923
0.00018259876295658467
0.00028695570135437397
0.0003907967359284662
0.00027106170094740316
9.822907735874216e-05
0.0004322885500320668
0.00021531900386044216
0.0006280687939106595
0.00028472369696409887
0.00020308212477613709
0.0001246366605426837
9.565456660883264e-05
0.00012521067897604073
0.0002822362178955979
0.0006156418135531893
0.0006156418135531893
0.000436250232414363
0.00013279119558189296
0.00037026182176284406
0.00021949637590578422
0.00032203813902235756
0.00035316694260435874
0.00013692957680764195
0.0002827269707891438
0.0004737803641356675
0.00019330635419921807
0.0002461315109926344
0.0001738271897568415
0.00015000830846283812
0.00021531900386044216
0.0001349896304387295
3.151423137564126e-05
0.00018382063410563252
0.0003090843216436744
0.00027965670416906337
7.60483613000041e-05
0.000190057465300624
0.00016826261360247286
0.0004737803641356675
0.0013280450621411689
0.00010636565845541011
0.000127450954150238
0.00025614787069569385
0.00017247178709682941
0.00010427006157511265
0.0005775347966344378
0.0002518180519249434
5.8959004396457484e-05
6.701325477874594e-05
0.00013463505456209012
0.0001895986340777618
5.121657535027932e-05
6.324024105434138e-05
0.0003455833697081756
0.00016722287222615265
0.0005032192747408277
0.0001316724283848918
0.0010064385494816554
0.01488498588559856
3.299420532575945e-05
0.00038333803358442685
0.0002381535969349135
0.0002071619172042702
0.00017113410262659134
0.00011367815462411152
0.00018088732721618253
0.001846925440659568
0.0004509457710611962
0.0014739114287254267
0.0010367501091245268
8.78179596272087e-05
0.00019666178283131287
0.00011831103708866284
0.00020372192029065385
0.00030629795173375065
8.881631567569439e-05
4.6654467629017924e-05
0.0036511080618996036
0.0014111810894779893
0.00018149717214416549
0.0012114641862119378
0.0009018915421223924
0.0004509457710611962
0.006717186235613812
0.0008712813018436353
0.00027831607578030496
0.0006156418135531893
3.218157092522443e-05
0.0008645771000641336
0.0003410344638723346
0.00010776448748568145
0.00015863916213504166
1.245929116013737e-05
0.00028624972856920305
0.0002827269707891438
0.007118112997654142
0.0004165140944169365
0.00021329257319081034
0.00028914695534132477
0.000110455210071441
0.0028199474759883466
5.0622961368449066e-05
0.0005369289533377686
0.00029933109705408326
0.0003244602123741064
0.000358871587182215
0.00033191891471814574
6.469013745618541e-05
0.00028347946997319393
0.000190057465300624
0.00031433323651435115
6.140465094447997e-05
0.0004322885500320668
0.0002407444037919972
1.757862136449988e-05
0.00027106170094740316
0.00020174006875689753
0.0003385232322488346
0.00016722287222615265
0.00037026182176284406
0.00023152757265768303
0.0002170101377646932
0.00015292083632756365
0.0001738271897568415
0.000361357825323306
6.846478840382097e-05
0.0002489352865109444
3.215940808080766e-05
0.00019666178283131287
0.0012312836271063787
6.0193653992740494e-05
0.00025442801065493094
0.00013370897218027285
3.473162235422177e-05
0.00011443898641727802
4.5040830882350894e-05
4.3805778955710046e-05
3.81403418785939e-05
0.00013398066643468024
0.0003385232322488346
0.0022421332322587824
0.000560725674725165
0.00013282437800801261
3.9073978426539296e-05
0.00017307784585560113
0.00027465264499941473
0.00021531900386044216
0.0001085050688823466
0.000331365630214323
0.0004165140944169365
0.00020556577927085097
0.0002619599459864575
0.0001116439656299896
0.00014458804764930672
0.0029155986609185557
0.0030782090677659462
0.0018638106216263446
6.737127273401155e-05
0.0010070757453561066
0.0017231493614550371
0.0023243604250552073
0.00027837419711610465
2.5760489995718148e-05
0.0005837801143543487
6.417053295938198e-05
0.00028348808260641474
0.00031262669654798426
0.0003745501619017001
0.00021130549318683703
0.0006156418135531893
0.00021429337131986575
7.157682090630895e-05
0.0004340202755293864
0.00035316694260435874
0.00025783928295048254
0.00189512145654267
9.252492193206419e-05
3.3685636367005776e-05
0.0001300862432530923
9.321890138968779e-05
0.0005284741578159578
0.00010184328384765723
0.0006156418135531893
0.0001306009355734969
0.0002613660282988509
0.000509568774588822
0.00022840037234532235
0.00011950534248398508
0.00017800456180218355
0.0006156418135531893
0.00037542953938525417
0.0005447110888444284
0.00016101906951117878
0.0010894221776888567
0.0004922630219852688
0.00013097997299322875
0.0001838536625856501
0.0004912624435938276
0.00041113155854170195
0.00028624972856920305
0.00016440100024137327
4.7697978501822396e-05
0.00014942270212407497
0.00010087003437844877
0.0002071619172042702
0.00014236184848204943
0.00018138414331105653
0.0004606541387064401
0.00025787742013991206
8.480933688497698e-05
0.0003172783242700833
2.6648627262330744e-05
0.00012597663950438508
0.0012170125590279515
0.00021685867430797076
3.793530188394092e-05
0.0001659516583037431
0.0006156418135531893
0.0010894221776888567
0.0005498586984302789
0.0006156418135531893
0.0009018915421223924
0.0004509457710611962
0.0006156418135531893
0.0005340136854065507
0.00027465264499941473
0.0004469161165761607
0.0004737803641356675
0.00017076524713046255
0.000304091555604575
0.0003319033166074862
0.0002822362178955979
8.199011161880279e-05
0.00032796044647521116
0.0007468058595328334
0.0009326433235832564
0.0001300862432530923
0.0002609881900093849
0.0004165140944169365
0.0005447110888444284
3.543493374664924e-05
0.0005032192747408277
0.00010042890444801948
0.00018088732721618253
0.0003800150463524353
0.0009310198123662733
0.002642370789079789
0.00011887428810186272
0.0004509457710611962
4.2572866735822624e-05
0.00040390516368627035
0.0006156418135531893
0.0003907967359284662
0.0001754168748525616
0.0001551699687277122
0.0006156418135531893
0.002852106884069154
0.0007159052711170249
0.00027837419711610465
0.0003647194938654477
0.0019515870394218324
0.0009549482077579655
7.294717231367733e-05
0.0005899853484939387
0.00013308519310190436
0.0004789405023414252
4.899861925065915e-05
3.151423137564126e-05
8.323336931148891e-05
0.00032571511200317184
0.00017307784585560113
0.0004737803641356675
0.0009216441390247872
0.0005775531166067252
0.00011292293787688923
0.0004028496394269066
0.00022137642033017083
0.0008556705131329566
0.0004737803641356675
0.0004165140944169365
6.478259166990989e-05
0.0001482068818642207
0.00013024659475513095
0.0008979932911622497
0.00034494357419365883
0.0013169782554347054
2.5361422808630894e-05
0.001846925440659568
0.000235626767200754
0.0016699599410517918
0.0006156418135531893
0.0002331608308958141
0.0003800150463524353
0.0006156418135531893
7.2385706427961225e-06
0.000361357825323306
0.000159822197331802
0.0010894221776888567
0.0010336020122390516
0.0001738271897568415
0.0003907967359284662
0.0010894221776888567
9.762613985733515e-05
0.00026808276126357697
0.00022840037234532235
0.0006695819662618285
0.00020833213130794578
0.000127862961357279
0.001413760603204524
0.0004922630219852688
8.315753271090987e-05
0.00011314252270580272
0.0004322885500320668
0.00037381711648344336
0.000290833488276242
0.0005447110888444284
0.00046894004482197647
0.000145416744138121
7.644950921758222e-05
0.0004737803641356675
0.021793896750240706
0.0002003370863616652
0.00020556577927085097
0.0001656828151071615
0.00010842933715398538
0.000361357825323306
0.0002238515610363245
0.00012280930188895994
0.00013211375909713956
0.0009018915421223924
0.0004165140944169365
8.78179596272087e-05
4.7003791856381624e-05
0.0001159831787097
5.121657535027932e-05
1.8857087117633785e-05
0.0005036361038498868
0.00027465264499941473
0.0002093562646368865
0.001520060185409741
0.00010922826203212902
3.6499048064501215e-05
9.898261597727836e-05
0.005032192747408277
0.0025160963737041386
0.00022165080084449054
7.87064693135972e-05
0.000947560728271335
9.258822248769976e-05
9.954103641598586e-05
0.0002489352865109444
9.822907735874216e-05
0.000509441037249709
0.00012155368607720994
0.0007414788445041555
0.00048530289232113924
0.0006156418135531893
0.0006156418135531893
0.0005421234018948063
3.793530188394092e-05
0.0002946872320762265
0.0005447110888444284
0.00013746467460756971
4.3042894239449104e-05
0.0001622301061870532
0.00029933109705408326
0.0002908011774735749
0.0005256023588516206
0.0003484880377318012
0.00028624972856920305
0.00027837419711610465
0.000833028188833873
0.001846925440659568
0.00029933109705408326
0.00010154106238806854
0.0005817594913154158
0.0001502973766943429
7.657448793343766e-05
0.0005032192747408277
8.189505794994384e-05
0.0003907967359284662
0.0001070582389827631
0.00011597783353296078
0.00018847090011236565
0.00028624972856920305
0.00060818311120915
0.00010087003437844877
2.861031170722497e-05
0.00032939208498398623
0.00010289646504808062
6.39314806786395e-05
0.0003319033166074862
0.0006701325477874594
0.0007235493088647301
0.0005032192747408277
7.475574696082423e-05
0.00010206621565692702
0.00021329257319081034
0.00023635200769953527
0.00017113410262659134
0.00020103976433623783
0.0002812959533496967
0.0001685100766798525
0.0007383945329779033
8.03351202128267e-05
0.0002461315109926344
0.00027942972137546835
0.0002514621162451039
0.0001606702404256534
0.0013797742967746353
0.0001742440188659006
0.0002966488631234264
0.00019166901679221342
0.0004203447379912752
0.0004568007446906447
0.0004165140944169365
0.00014339118759786122
0.000137906489448012
0.00023075292204056285
0.0002381535969349135
0.000471253534401508
0.0001838536625856501
0.00030061013375349134
0.00016398022323760558
0.0005422783777371458
0.0006156418135531893
0.0006156418135531893
0.00017800456180218355
0.0005447110888444284
0.000940321403228838
4.4425031499457125e-05
6.202100590213731e-05
0.0002489352865109444
9.953090678095652e-06
0.00027465264499941473
7.184299165712096e-05
0.0006156418135531893
0.0008027775226202211
0.0003198660112197053
0.00022285804444792598
0.0001443882791516813
0.0006770464644976692
0.00021949637590578422
0.00039293991897968627
0.00025317478573383824
0.00024310737215441989
0.0005447110888444284
0.0006156418135531893
0.006304204883139829
0.006833176248821867
0.0006922675732020096
9.315963517133304e-05
0.00033191891471814574
0.0007600300927048706
0.00028624972856920305
0.0005032192747408277
0.0004509457710611962
0.00012155368607720994
0.000833028188833873
4.8391876662403286e-05
9.191031705281626e-05
0.00011992934395942001
9.008834480241788e-05
0.0002904271006145451
0.00020191069770198963
7.657448793343766e-05
8.885006299891425e-05
6.667867373270353e-05
0.00010371673113104132
9.880458790948047e-05
0.00011069016410594731
0.00025421474907445297
0.0024625672542127573
0.0017732064067559243
0.0001085050688823466
0.0006785360807716747
0.0014936117190656668
0.0004165140944169365
0.0004322885500320668
0.00018690855824172168
0.00025317478573383824
0.00020556577927085097
7.87064693135972e-05
0.0002331608308958141
0.00021949637590578422
0.0002675925075400737
0.00019497031614254675
0.00012648048210868275
0.0003198660112197053
4.8711096202336944e-05
7.87064693135972e-05
0.0001794357935911075
7.949663083637065e-05
0.00032571511200317184
0.00012740865970665844
0.00010949714419350365
0.00045522362260729107
0.0001685100766798525
3.094750900504958e-05
8.423924401895132e-05
0.0004940881274759794
0.0001518145400956174
0.0001520967226000082
0.00037026182176284406
0.000361357825323306
0.000829773889629375
0.00015314897586687532
0.0004758505678497407
0.0001219017047937486
0.0010704458542929456
0.0005739114027087479
0.0003952183516379219
0.00012573105812255196
0.00018690855824172168
6.049905738138849e-05
0.002014248197134533
0.00013001500557882043
0.00012320422838839245
5.395110526373802e-05
0.0002093562646368865
0.0005447110888444284
6.09508523968743e-05
0.00032571511200317184
0.00035316694260435874
0.00020040675583566088
0.0005750070503766404
0.0003800150463524353
0.0005447110888444284
4.31267583041236e-05
0.00023075292204056285
0.00013864986996804042
0.00035318614354348706
0.00010105690910101733
1.2876120269196408e-05
0.0006514302240063437
0.00017247178709682941
0.0003800150463524353
0.0004509457710611962
0.000159822197331802
0.00010707383709342268
0.00012648048210868275
0.00023666076645640266
0.0003350662738937297
0.00024475125898091443
1.6090785462612215e-05
5.1520979991436296e-05
4.621662332268014e-05
0.0010042931962612157
0.0001552698529765249
0.0004165140944169365
0.0004028496394269066
8.03351202128267e-05
4.086973677885788e-05
0.0001789763177792562
0.0001580709983660719
0.00021130549318683703
0.00014963719402235807
9.898261597727836e-05
0.0004509457710611962
0.00012920025152988145
5.395110526373802e-05
0.000156338590703114
0.002723555444222142
8.538262356523127e-05
0.00010995660250742163
0.0016341332665332853
0.001846925440659568
0.00037211877430135757
0.0011723902077853986
0.00015642897474385588
0.00013370897218027285
0.0009919083942949943
6.324024105434138e-05
0.0004165140944169365
0.0001977659087489509
0.0002820227511382898
0.00024340251180559032
0.00039623238989925925
0.00013939551311258186
0.000361357825323306
0.0004165140944169365
0.0004737803641356675
0.0004754788678791112
0.0006156418135531893
0.0005750070503766404
0.00027106170094740316
0.000942507068803016
0.00013279119558189296
0.000110455210071441
0.0005447110888444284
0.00022435015146996377
0.0002904271006145451
0.0004509457710611962
0.00028624972856920305
0.00021329257319081034
0.00017800456180218355
9.629214751739177e-05
0.0005421234018948063
0.0006156418135531893
0.0004433016016889811
0.0001622301061870532
0.00037026182176284406
0.0012312836271063787
0.0003269112932816501
0.000347654379513683
0.00042546263382164045
0.00027465264499941473
9.252492193206419e-05
0.0005032192747408277
0.0005447110888444284
0.00011597783353296078
0.00028347946997319393
0.00017659649085341187
0.0002642370789079789
0.000557145111119815
0.00033191891471814574
0.00015064335667202923
0.00021531900386044216
0.0002381535969349135
0.00035316694260435874
0.001846925440659568
0.0005156785659009651
0.0001738271897568415
0.00029933109705408326
0.00022814508390001234
0.0005447110888444284
0.00031433323651435115
0.00028674009563482223
0.006536533066133141
0.0004737803641356675
0.0003244602123741064
0.0010064385494816554
0.0014213410924070026
0.0006286664730287023
0.000382352862450714
0.00023075292204056285
0.0001413634853945719
9.252492193206419e-05
7.500415423141906e-05
0.0001384255399281256
0.00015631334827399213
0.00019166901679221342
0.00016469604249199312
0.0002679613328693605
0.0003800150463524353
0.0005032192747408277
0.00012320422838839245
0.0006156418135531893
0.00025783928295048254
0.0002613660282988509
0.0006156418135531893
0.0016341332665332853
0.00037026182176284406
0.00012658739286691912
0.0006156418135531893
5.352911949138155e-05
0.0003455833697081756
0.0003621966155432513
0.0007445596091878708
0.0001742440188659006
0.0005567483942322093
0.00017247178709682941
0.0004165140944169365
0.0012312836271063787
5.3945948600440615e-05
4.2018975167521674e-05
0.00020191069770198963
5.2690332788690626e-05
0.00012658739286691912
4.012910266182699e-05
0.0001738271897568415
0.0012312836271063787
0.0003244602123741064
0.000290833488276242
0.00012320422838839245
0.00024340251180559032
0.0024625672542127573
0.0006156418135531893
0.0001551699687277122
0.0005447110888444284
0.00010289646504808062
0.000254784387294411
0.00014337004781741111
0.00016345564664082505
7.44860194293601e-05
0.0004663216617916282
0.0004737803641356675
0.0003198660112197053
0.0001237209417462642
9.069207165552826e-05
0.00012372758758200816
0.000509568774588822
0.0004165140944169365
0.0001622301061870532
0.00025783928295048254
0.0002489352865109444
5.072284561726179e-05
0.00024976365994499775
0.0002929113011438457
0.0006156418135531893
0.0003350662738937297
0.0004737803641356675
0.0004568007446906447
0.00039676335771799776
0.00034494357419365883
0.00013651274769858285
0.0002904271006145451
7.710333357963281e-05
0.0003090843216436744
0.0002407444037919972
0.00021329257319081034
0.00016847848803790263
0.00011912674059186313
1.2876120269196408e-05
9.314324045848944e-05
0.0005447110888444284
0.0004028496394269066
0.00032571511200317184
5.73911402708748e-05
7.552492586316198e-05
0.0002609881900093849
0.0008645771000641336
0.00016345564664082505
0.0006156418135531893
0.0005986621941081665
4.2369124845742164e-05
6.277824747151199e-05
0.00017247178709682941
0.0015993300560985266
0.0009018915421223924
0.00022840037234532235
0.00015292083632756365
6.946324470844354e-05
5.565666815815823e-05
0.00011754017540360476
8.71220094329503e-05
0.000361357825323306
0.0001518145400956174
0.00032571511200317184
0.0005895645714901707
0.00018235974693272386
0.000361357825323306
0.0001838536625856501
0.00029933109705408326
0.0004814888075839944
6.478259166990989e-05
0.0010894221776888567
0.00013116404597964402
0.00029478228574508536
0.0006156418135531893
9.376531778323223e-05
0.0001622301061870532
0.00037026182176284406
0.0004306380077208843
0.00024976365994499775
0.00010566234706298265
0.00011992934395942001
0.0013049409500469243
0.0001035809586021351
0.00021738637528068375
0.000154039223468106
0.000358871587182215
0.000304091555604575
0.00016981367908323633
0.0006156418135531893
0.0002904271006145451
6.231833027134185e-05
0.00012320422838839245
0.0004028496394269066
0.0003090843216436744
0.0002377394339395556
0.00017113410262659134
5.072284561726179e-05
0.0004028496394269066
0.00033962735816647267
0.00018235974693272386
0.0006156418135531893
9.376531778323223e-05
7.814795685307859e-05
0.0001085050688823466
0.00011217325390276359
0.0012560505551377525
6.293877703216614e-05
0.00031433323651435115
0.0002642370789079789
0.0006156418135531893
0.0002331608308958141
0.00010566234706298265
0.00011131333631631645
3.592149582856048e-05
5.928404084030213e-05
0.0004509457710611962
0.000254784387294411
0.00022840037234532235
0.0003172783242700833
0.0005986621941081665
0.0006156418135531893
0.0001987971969859321
0.001846925440659568
9.629214751739177e-05
0.0006156418135531893
0.0002822362178955979
0.00019330635419921807
0.0005447110888444284
0.0004322885500320668
0.000235626767200754
0.0004028496394269066
0.000361357825323306
3.86610595699e-05
0.00014037476847807612
0.00031433323651435115
0.0005447110888444284
0.00021329257319081034
9.183101303792299e-05
0.0002238515610363245
0.00020372192029065385
0.00018088732721618253
0.0004028496394269066
0.00023075292204056285
0.0004737803641356675
0.00024340251180559032
0.0001551699687277122
0.0006156418135531893
0.00014337004781741111
0.0003455833697081756
0.000509568774588822
0.00019838167885899888
0.0003455833697081756
0.0004737803641356675
0.00018088732721618253
0.0001725085548702427
0.00017800456180218355
0.00025783928295048254
0.000190057465300624
0.002735577151499263
0.000277776175077261
0.0010064385494816554
0.00014037476847807612
0.0002331608308958141
0.0005032192747408277
0.00027465264499941473
0.000254784387294411
0.00011443898641727802
0.0006156418135531893
0.00025783928295048254
0.00017247178709682941
5.590445933142917e-05
0.0004978705730218888
0.00010087003437844877
0.00020308212477613709
0.0006156418135531893
0.00022840037234532235
0.00031433323651435115
0.0006649524025334717
0.0001085050688823466
6.711085087007969e-05
0.0002331608308958141
0.00019645815471748432
0.00020013097623864233
0.00017659307177174353
0.00044571608889585197
0.0005447110888444284
0.0006286664730287023
0.00037026182176284406
3.333933686635176e-05
0.0004165140944169365
0.0006286664730287023
0.00010144569123452357
0.0001738271897568415
0.0006156418135531893
0.0003198660112197053
7.442931041999306e-05
0.000154039223468106
0.0005032192747408277
0.000361357825323306
0.00023075292204056285
0.0016113985577076264
5.310886672502498e-05
0.0005447110888444284
0.0004509457710611962
0.0006156418135531893
6.701325477874594e-05
7.228622476932359e-05
7.39704948892622e-05
0.0004148869448146875
0.00017520078628387352
0.0010064385494816554
7.39704948892622e-05
0.00013279119558189296
0.00021949637590578422
0.0006594078855281757
0.00035316694260435874
0.000145416744138121
0.000462117670404318
0.0003800150463524353
7.500415423141906e-05
0.00018847090011236565
0.00016847848803790263
0.0004737803641356675
0.002499084566501619
0.00019166901679221342
0.000347654379513683
0.0002456186037779199
0.0001359573050999259
0.0006156418135531893
0.0006770464644976692
0.00016469604249199312
0.0006156418135531893
0.0004737803641356675
8.367230957835792e-05
0.0012312836271063787
0.0004737803641356675
0.00022814508390001234
0.0003385232322488346
0.0004509457710611962
0.00010221651965753205
0.0004978705730218888
0.00029933109705408326
0.0002609881900093849
0.0010894221776888567
0.0002480791828675717
0.0004028496394269066
0.00020833213130794578
0.00014337004781741111
0.0001551699687277122
0.0002238515610363245
0.0024625672542127573
0.00025783928295048254
0.00012155368607720994
0.0005899853484939387
0.0005447110888444284
0.00029933109705408326
0.000361357825323306
0.0006156418135531893
0.0016341332665332853
0.0004978705730218888
0.0009122746668137249
0.0004433016016889811
0.0010894221776888567
0.0007815934718569323
0.0004509457710611962
0.00033191891471814574
0.0004028496394269066
0.00039676335771799776
0.0002518180519249434
0.0012312836271063787
7.44860194293601e-05
0.0003800150463524353
0.00027106170094740316
0.00010636565845541011
0.000304091555604575
0.0003677073251713002
0.00035316694260435874
0.00043899275181156843
0.0005351850150801474
3.721465520999653e-05
0.0006156418135531893
0.0002904271006145451
0.0001838536625856501
0.00011069016410594731
0.0004028496394269066
0.0006156418135531893
0.0005447110888444284
0.0008680405510587728
0.00016469604249199312
0.0012891964147524126
0.00018690855824172168
0.00010636565845541011
0.00027106170094740316
0.00010419486706266532
0.0006156418135531893
4.7003791856381624e-05
0.0004509457710611962
0.00020191069770198963
0.00011675602287086975
0.00021130549318683703
6.202100590213731e-05
0.004309492694872325
0.000190057465300624
0.0005447110888444284
0.0004509457710611962
0.0006770464644976692
0.00022165080084449054
0.0008645771000641336
0.0002822362178955979
0.001846925440659568
0.00020556577927085097
0.0004322885500320668
0.00032571511200317184
0.0008645771000641336
0.0012312836271063787
0.0002904271006145451
8.538262356523127e-05
0.0006156418135531893
0.0002711391888685729
0.00027465264499941473
0.0003907967359284662
0.0004737803641356675
0.0006156418135531893
0.0004737803641356675
0.00029478228574508536
9.321890138968779e-05
0.0010894221776888567
0.00024310737215441989
7.87064693135972e-05
0.00013370897218027285
0.0005561091333781167
0.00020103976433623783
0.00010960066682758219
0.00018138414331105653
5.437483839417227e-05
0.0005032192747408277
0.0004322885500320668
5.6520229441477124e-05
0.0030782090677659462
0.0006156418135531893
0.001846925440659568
0.0006156418135531893
0.0006156418135531893
0.0006156418135531893
0.0006156418135531893
0.0006156418135531893
0.0006156418135531893
0.0006156418135531893
0.0006156418135531893
0.0006156418135531893
0.0006156418135531893
0.0014213410924070026
0.00035316694260435874
0.0002493254962780354
0.00015072007613572969
0.0002609881900093849
0.0003907967359284662
0.00027465264499941473
0.0004737803641356675
0.00014037476847807612
0.00017520078628387352
0.0003907967359284662
0.00033191891471814574
9.719306139763446e-05
0.00011912674059186313
2.7952229665714583e-05
0.00025783928295048254
0.00022840037234532235
6.51093597717262e-05
0.0003455833697081756
6.09508523968743e-05
0.00035316694260435874
0.0001479409897785244
0.0004322885500320668
2.0064551330913496e-05
0.00013556959443428645
0.00037026182176284406
0.000254784387294411
0.0005036361038498868
0.0010064385494816554
0.0021788443553777135
0.00016101906951117878
0.000361357825323306
0.0002238515610363245
0.0004737803641356675
0.00029478228574508536
0.0002904271006145451
0.00012488182997249888
0.0006156418135531893
0.00021329257319081034
0.00031433323651435115
0.00011912674059186313
0.00017247178709682941
4.199221316812836e-05
0.0004322885500320668
0.0002904271006145451
0.0004165140944169365
0.00028624972856920305
0.0004028496394269066
0.00015631334827399213
0.0003198660112197053
0.000347654379513683
0.0006156418135531893
0.0002822362178955979
0.0003385232322488346
0.0003455833697081756
0.0004509457710611962
0.00011367815462411152
3.3685636367005776e-05
0.0005447110888444284
0.0002584005030597629
0.00039332356566262574
0.0002518180519249434
0.0006156418135531893
0.0012312836271063787
0.00037026182176284406
0.0004322885500320668
4.5669186148942695e-05
0.000361357825323306
0.0004165140944169365
0.0005219763800187698
0.00013463505456209012
0.0001300862432530923
0.0005032192747408277
9.502093359498221e-05
7.87064693135972e-05
0.00013463505456209012
0.0003455833697081756
0.0004509457710611962
0.0002730254953971657
0.0002822362178955979
0.00027465264499941473
0.00027837419711610465
0.00018235974693272386
0.00027106170094740316
0.00016722287222615265
1.2741584869597036e-05
0.0003103399374554244
0.00031433323651435115
0.0024625672542127573
0.0017658347130217935
0.0006156418135531893
0.0006156418135531893
2.7757224352432186e-05
0.00027465264499941473
0.00020744347240734374
0.00012403959143378584
0.00028674009563482223
0.00018235974693272386
0.000254784387294411
2.9479502198228742e-05
9.629214751739177e-05
0.0003907967359284662
0.00033191891471814574
0.00013982835208453169
1.2741584869597036e-05
0.00025783928295048254
0.0005447110888444284
0.0008056992788538132
7.657448793343766e-05
0.0004322885500320668
0.0006156418135531893
0.00029478228574508536
0.00019258429503478353
0.00025783928295048254
0.00015631334827399213
0.0008239579349982444
0.00029478228574508536
7.97893514269688e-05
0.0012312836271063787
7.62806837571878e-06
0.0003907967359284662
0.0002720762149665848
0.00021130549318683703
0.0004322885500320668
0.00014236184848204943
0.00011142902222396299
0.00011831103708866284
0.000154039223468106
0.0004322885500320668
4.739965851944045e-05
0.00012832186497963567
0.0001085050688823466
0.00010124592273689813
0.0012312836271063787
0.0004509457710611962
0.00021329257319081034
0.00024475125898091443
0.000833028188833873
0.0001551699687277122
0.0005447110888444284
0.0002642370789079789
0.00010427006157511265
0.0006156418135531893
0.0005000178664130201
0.00031433323651435115
9.191031705281626e-05
0.00012073829208345253
0.00037026182176284406
0.0005032192747408277
0.00030462318716420564
0.004309492694872325
4.7003791856381624e-05
0.00017480858046336177
0.0004509457710611962
0.0004322885500320668
0.00010778695081401358
0.0002461315109926344
0.00033191891471814574
0.0003385232322488346
6.09508523968743e-05
0.0004165140944169365
0.00012009849656893577
0.0004433016016889811
0.00018536971112603887
0.0004509457710611962
9.376531778323223e-05
0.00020579293009616125
0.0004322885500320668
6.257158989754236e-05
0.00014037476847807612
0.00010659450904932297
0.0012312836271063787
0.0006156418135531893
0.0006156418135531893
8.367230957835792e-05
0.00021130549318683703
0.00020556577927085097
0.00021738637528068375
0.0006156418135531893
0.0004265851463816207
7.243932310865027e-05
0.00018138414331105653
0.00010566234706298265
8.77084374262808e-05
0.00032571511200317184
8.889147262304111e-05
0.0004165140944169365
0.00036177465443236505
6.417053295938198e-05
3.737787348041212e-05
0.000361357825323306
8.653892292780057e-05
0.00019330635419921807
0.00011675602287086975
0.00019166901679221342
0.0004737803641356675
8.03351202128267e-05
0.00019497031614254675
9.191031705281626e-05
0.00016961867376995396
0.00021949637590578422
0.0004165140944169365
0.0003198660112197053
0.00021949637590578422
2.5681709157058048e-05
0.00033191891471814574
0.0005447110888444284
5.6087537867490944e-05
0.0002518180519249434
0.00024340251180559032
6.797865254996295e-05
0.0004737803641356675
0.0004028496394269066
0.0005032192747408277
0.00013463505456209012
8.889147262304111e-05
0.0003344457444523053
0.0003907967359284662
0.000254784387294411
0.0003800150463524353
0.0001085050688823466
0.0006156418135531893
5.021445222400974e-05
0.0003455833697081756
0.00013746467460756971
5.144490478169633e-05
0.0006156418135531893
8.088381538685654e-05
7.500415423141906e-05
0.00010778695081401358
0.00018235974693272386
0.0004165140944169365
8.538262356523127e-05
0.00015631334827399213
7.60483613000041e-05
0.00013746467460756971
0.00017247178709682941
0.00010020337791783044
0.00015292083632756365
0.00048680502361118065
0.00013370897218027285
0.0001794357935911075
0.00015292083632756365
0.0012312836271063787
0.0003090843216436744
3.721465520999653e-05
0.0010894221776888567
0.0009018915421223924
0.0006156418135531893
0.00027837419711610465
0.0004028496394269066
0.00016469604249199312
0.0005032192747408277
6.737127273401155e-05
0.0005032192747408277
0.0006156418135531893
0.0006156418135531893
0.0012312836271063787
0.0010064385494816554
0.0012312836271063787
0.0005447110888444284
0.0006156418135531893
0.0006156418135531893
0.0006156418135531893
0.0006156418135531893
0.0006156418135531893
0.000833028188833873
0.0007063338852087175
0.00014037476847807612
0.00022840037234532235
0.0004522013868729461
0.0004322885500320668
0.00032571511200317184
0.0001300862432530923
0.0002637631542112703
2.894094658221038e-05
0.0004509457710611962
9.502093359498221e-05
0.0003800150463524353
0.00018088732721618253
0.00016722287222615265
0.0005447110888444284
0.0006156418135531893
0.00014963719402235807
0.00021949637590578422
0.0005032192747408277
0.00016722287222615265
0.0006156418135531893
0.0002381535969349135
0.00022840037234532235
0.000616697337812553
0.00022840037234532235
0.00029478228574508536
0.0006156418135531893
0.00033191891471814574
0.0003455833697081756
0.00016847848803790263
0.0001622301061870532
0.0002904271006145451
0.0006156418135531893
0.0003385232322488346
0.00011217325390276359
0.0005032192747408277
0.0006156418135531893
0.00022840037234532235
0.00011292293787688923
0.0006156418135531893
0.00035316694260435874
0.0006156418135531893
0.00029862310924795755
0.0006156418135531893
0.00060818311120915
0.00021130549318683703
0.0006156418135531893
0.00011992934395942001
0.0004509457710611962
0.00011754017540360476
0.0004737803641356675
0.0006156418135531893
0.00019497031614254675
8.423924401895132e-05
0.0004028496394269066
0.00023075292204056285
0.0006156418135531893
0.0002093562646368865
0.0005032192747408277
0.0002093562646368865
0.0003800150463524353
0.00011833038322820133
0.000254784387294411
0.00022840037234532235
0.0006156418135531893
0.00031433323651435115
0.00010154106238806854
3.2650233893374226e-05
0.00017520078628387352
8.03351202128267e-05
0.00013188157710563515
0.00012832186497963567
0.00012920025152988145
0.00037026182176284406
0.0005808542012290901
0.00017659307177174353
0.00021738637528068375
0.0003198660112197053
8.480933688497698e-05
0.00037026182176284406
0.0004028496394269066
0.00021949637590578422
0.0004028496394269066
0.0005567483942322093
0.00028624972856920305
0.0003455833697081756
0.00033191891471814574
0.00016101906951117878
0.00022610069343647306
6.049905738138849e-05
0.00019666178283131287
0.00021738637528068375
0.00011831103708866284
0.00010874967678834454
0.00011920281544761898
0.0001443882791516813
0.00018382063410563252
0.00022610069343647306
0.00016101906951117878
0.00030144015227145937
0.00010020337791783044
0.00014037476847807612
5.144490478169633e-05
0.00011833038322820133
0.0006156418135531893
0.0006156418135531893
0.0004509457710611962
0.00014645565057192284
5.395110526373802e-05
0.00025783928295048254
8.367230957835792e-05
0.00026927010912418023
0.00013188157710563515
0.0006156418135531893
0.00018690855824172168
0.0004322885500320668
0.00018690855824172168
0.0004737803641356675
0.0005032192747408277
0.00025783928295048254
0.0002642370789079789
0.0006156418135531893
0.0002071619172042702
0.0003800150463524353
0.0004737803641356675
0.00015072007613572969
0.00014963719402235807
0.000304091555604575
0.0001794357935911075
8.854958533867507e-05
0.00015292083632756365
0.000304091555604575
0.00037381711648344336
0.0003800150463524353
0.0004737803641356675
0.00012488182997249888
3.86610595699e-05
0.0002518180519249434
0.0002461315109926344
0.00022610069343647306
0.0004322885500320668
8.310849875934511e-05
0.0006514302240063437
0.00014487864621730054
0.00021531900386044216
0.000418712529273773
0.00021329257319081034
0.0002675925075400737
4.660945069484389e-05
5.960140772380949e-05
0.00021738637528068375
3.333933686635176e-05
4.012820161528909e-05
0.00017113410262659134
8.473824969148433e-05
4.660945069484389e-05
0.00036177465443236505
0.00014645565057192284
1.707219178342644e-05
0.000159822197331802
0.0005032192747408277
0.00019166901679221342
0.00012073829208345253
0.0005724994571384061
0.00012155368607720994
0.000361357825323306
5.4800333413791093e-05
9.891623437761824e-06
0.0002518180519249434
0.00016722287222615265
0.0002350803508072095
9.757935197109163e-05
0.0001838536625856501
3.0056830675752923e-05
0.0001485656511970233
9.376531778323223e-05
0.00010427006157511265
0.00016345564664082505
9.252492193206419e-05
0.0002822362178955979
9.129938147829234e-05
0.0002887765583033626
0.00023075292204056285
0.00031433323651435115
0.00012320422838839245
0.0002331608308958141
0.0006156418135531893
0.0001551699687277122
0.0004322885500320668
0.0003800150463524353
0.00037026182176284406
0.0005447110888444284
0.00017659307177174353
0.0001838536625856501
2.861031170722497e-05
0.0002410053606384801
0.0001794357935911075
0.0005447110888444284
0.0006397320224394106
0.00015433471434508903
0.00021949637590578422
0.0004737803641356675
0.00028624972856920305
0.0001659516583037431
0.000235626767200754
0.0003800150463524353
0.0006397320224394106
0.00035316694260435874
0.00027837419711610465
0.00027106170094740316
0.00027837419711610465
0.0001738271897568415
0.0004322885500320668
0.00020556577927085097
0.0004322885500320668
0.00010221651965753205
0.0001384255399281256
8.71220094329503e-05
0.00013463505456209012
0.0003385232322488346
4.819601588310224e-05
0.00017520078628387352
0.00013279119558189296
0.00013279119558189296
2.960543855856479e-05
0.00017659307177174353
0.00018753063556646446
0.0001152055173780984
5.395110526373802e-05
4.3127138717560675e-05
0.00013463505456209012
0.00021949637590578422
7.193398181115046e-05
0.00010289646504808062
0.00016981367908323633
0.0004509457710611962
6.463886972552561e-05
0.00020556577927085097
0.0004165140944169365
0.0001485656511970233
0.0004737803641356675
0.00027492934921513943
0.00024340251180559032
0.0001518145400956174
0.00027837419711610465
0.000235626767200754
0.00022840037234532235
8.391836937622151e-05
0.0004028496394269066
0.0004509457710611962
0.0002822362178955979
0.0005447110888444284
0.00014750521264219853
5.021445222400974e-05
0.00011131333631631645
0.0006156418135531893
0.00012573105812255196
0.00027106170094740316
0.0003907967359284662
0.00012920025152988145
0.0002609881900093849
0.0006156418135531893
0.00020372192029065385
0.0001622301061870532
0.0006156418135531893
0.00010621773345004997
0.0002675925075400737
0.000235626767200754
1.555148920967264e-05
0.0006156418135531893
0.0006156418135531893
0.0006156418135531893
0.0006156418135531893
0.00011992934395942001
7.657448793343766e-05
0.0001659516583037431
0.00021531900386044216
0.0002609881900093849
0.0006156418135531893
0.0004028496394269066
6.140465094447997e-05
0.000947560728271335
0.00024340251180559032
0.00015631334827399213
5.7829391068264954e-05
6.463886972552561e-05
0.00017659649085341187
0.00039332356566262574
0.000476307193869827
0.0005032192747408277
0.0002238515610363245
0.0012312836271063787
0.0006156418135531893
0.000254784387294411
0.000304091555604575
0.0002085401231502253
0.00023666076645640266
0.0005447110888444284
0.00033191891471814574
3.9759439397186425e-05
0.00011992934395942001
0.00013188157710563515
0.00028624972856920305
0.00010221651965753205
0.00016101906951117878
0.00015631334827399213
0.00020013097623864233
9.822907735874216e-05
0.00010538066557738125
0.00011069016410594731
0.0005032192747408277
0.0004165140944169365
0.000304091555604575
0.00012488182997249888
2.894094658221038e-05
0.0001838536625856501
0.00012834106591876396
6.417053295938198e-05
0.0005644724357911958
0.0003090843216436744
0.0011617084024581803
0.000127450954150238
0.00027106170094740316
0.0005219763800187698
0.00031433323651435115
5.52276050357205e-05
0.00029501042528439706
0.00022165080084449054
0.00013188157710563515
0.00019166901679221342
0.00010636565845541011
0.0005447110888444284
0.0004737803641356675
3.8297537323368135e-05
0.00021738637528068375
4.3127138717560675e-05
7.500415423141906e-05
0.000361357825323306
0.0004165140944169365
0.00037026182176284406
5.7829391068264954e-05
5.6087537867490944e-05
0.00010778695081401358
0.0004028496394269066
3.9025877798660744e-05
0.0006156418135531893
0.0002238515610363245
5.960140772380949e-05
0.0003800150463524353
0.00018088732721618253
0.0005032192747408277
0.0006156418135531893
0.0006156418135531893
0.0005032192747408277
0.0006156418135531893
0.0006156418135531893
0.00020372192029065385
0.0006156418135531893
0.0006156418135531893
0.0006156418135531893
0.000145416744138121
0.0006156418135531893
0.0006156418135531893
0.0006156418135531893
0.0006156418135531893
0.0006156418135531893
0.0005032192747408277
0.0006156418135531893
0.0006156418135531893
0.0006156418135531893
0.0006156418135531893
0.0001518145400956174
6.09508523968743e-05
0.0003385232322488346
8.25477773301852e-05
0.0005032192747408277
0.00021130549318683703
0.0005447110888444284
0.00021414767418684536
0.00024340251180559032
0.0001518145400956174
9.757935197109163e-05
0.00028624972856920305
0.00020556577927085097
0.00033191891471814574
0.0003907967359284662
4.77970625326204e-05
9.376531778323223e-05
0.00033191891471814574
0.0005032192747408277
0.0004165140944169365
0.00010636565845541011
4.859653069881723e-05
0.00019838167885899888
6.944404376931525e-05
0.00020372192029065385
0.000127450954150238
0.0002609881900093849
0.0005447110888444284
0.00012155368607720994
0.00013463505456209012
0.00037026182176284406
0.0002642370789079789
6.324024105434138e-05