9.837529140249373e-05
0.0006921902700987691
0.00039496449631436605
0.0007719509186351777
0.004607978880720653
0.0003824478149817953
0.0012785422473968527
0.0004504143740176195
0.0012502339185877917
0.006165324180420859
0.00032364821466411586
0.0006439701415307835
0.002969570215556308
5.765662363794303e-05
0.00026896331791771884
0.0002871326249493305
0.0001888711442781789
0.00022440002849682933
8.050220270482063e-05
2.9143416111723534e-05
0.0001146246829296321
6.331005632187935e-05
7.771800461756316e-05
0.005668506366898809
0.0001762379557622509
0.00044707138410977107
0.000219488560621533
0.00041202818843142345
6.461261388647878e-05
0.0015567288382244617
0.0003759828651135505
5.1135448057923e-05
0.0005076235958312278
0.0028340378724358885
0.00016900301912328874
0.00025040297000591114
0.0001435146104261682
0.0003189018873439422
0.0005612854686830796
0.00027024275258077447
0.0002647846648782233
9.718304971113356e-05
7.17573052130841e-05
0.0004987764335010613
0.0003353513353394749
0.0002833067164172683
0.01683856406049239
0.026380417028104744
0.0016097090929941946
0.0005417938764168996
0.0002143245991032862
0.00011152296820912155
0.00016228815473436458
0.0002999760791556145
3.4772848750322776e-05
0.0002599836972327563
0.0001279807771043942
0.0004438239570796672
9.016368208283962e-05
0.0005731601528536655
0.00011385574358824603
7.424535517007985e-05
0.0013383854626302326
8.697324200289333e-05
8.100529911222171e-05
0.00023883093679194967
0.0001944605114117721
0.0004961080370862237
0.0004966173707960805
0.00012044915007696248
0.00011279735268982713
0.00012653239543686595
0.0007882417213044432
9.914793303753689e-05
0.00012778676203840532
0.00028032693656589034
0.00014950205529976328
0.00015847961188572188
0.00018246098026998886
0.00014874492454670452
0.0006512431563777373
0.00038044503397419936
0.0005324234929692569
0.00011286034648114324
0.00031656339608697524
0.00020358537355846148
0.00015129942810764463
0.0002513860701861346
0.0007429394884756477
0.0003824478149817953
0.00028179459958233173
0.00026966275048565257
0.0001325775858479453
0.0005038479156767683
0.0003214868986549293
0.0012345371408498853
0.0002532507168695802
0.00021712650169533254
0.0004319492729090812
0.0017952002279746347
0.0007395322993102619
0.0006112630705253877
5.39830209420189e-05
0.0001425121052792315
0.000141759273446388
0.0002374428553136034
0.0004164688207233289
0.0002222774801910501
0.000367281175022082
0.0009175779170784417
0.0008627890446456792
0.0005322369076949208
0.00020613777506861263
9.855998699734306e-05
0.00016997680665857572
0.000174746145492192
0.00016762082578163244
0.00040793528069557643
0.0001384105065877122
0.000153406344173769
0.00023794497924808366
0.00038278541093152255
0.0001567392439776279
3.769712294167652e-05
0.0006732000854904879
0.00016647672395010642
0.0001435146104261682
0.00028143454199616806
0.00042743287719875146
0.0003280215697725748
3.5446036630424645e-05
0.00024150660811446186
0.00019771175376219718
0.0005295693297564466
0.00022958449245316
0.00020823441036166445
4.5436933777549305e-05
0.0003375706061356628
0.0007572219009086554
0.00035580194395238906
0.00034646269746933095
9.087386755509861e-05
0.00038628263339490814
2.0605586056112853e-05
0.0002773355491791342
0.00032983278913232167
0.0002623311010152718
1.1359233444387326e-05
0.0004907790599359786
0.0005832487010167259
0.000102270896115846
0.00034646269746933095
0.00034646269746933095
0.0005612854686830796
0.0001901276654456619
0.00022153569235813244
0.00045389828432293385
0.005612854686830796
0.006881834378088312
0.00021287441115503102
5.8504778062216355e-05
0.00027290250824866364
0.0004758899584961673
0.0013163992625558226
0.0005612854686830796
0.0005111515568904957
0.00013448165895885942
0.0005612854686830796
0.00021037924836523068
0.0003866465942091707
8.897217047766069e-05
5.9907108234597236e-05
0.000247129078156988
0.0002231416419151452
0.00019314131669745407
0.0006138198319215485
0.0007986581278952475
0.000106249568991981
6.704080098156467e-05
0.00011691950111326412
0.0007249798530683531
0.00021426862796829606
0.0003438899746544214
2.6397846451580446e-05
0.0004111307953563301
3.112970222507489e-05
0.0001717062613979142
0.0002490376178005991
0.0005368320976016448
0.00024891948495500997
0.00018741593280891333
0.00030081075704086596
0.00015040537852043298
0.0001334682954837659
1.488181215163706e-05
8.312278919410164e-05
0.00018086613213267265
0.0004111307953563301
0.00013676375104538884
0.0003375706061356628
0.00015040537852043298
0.00012359986225115183
0.00022771148717649206
0.00043736209303009974
3.82846300076341e-05
0.0004111307953563301
9.697440483023857e-05
0.0002609761220295806
8.050220270482063e-05
0.00011082144870283114
0.0012395334110506672
8.16687973234246e-05
8.896386031478257e-05
0.00037973916577990947
0.00015451305335796326
0.0002100675470473253
0.0005035144055243776
0.00031695922377144377
0.00010091709054041683
0.00022440002849682933
0.00045878895853922083
0.0005612854686830796
8.427211573854114e-05
0.00021712650169533254
0.00013676375104538884
0.0005832487010167259
7.324215900821407e-05
0.0005738607092084552
0.0002573169728783926
0.00020231844058648472
0.00015197867417915883
4.213605786927057e-05
0.0003392636043254482
8.788137117417224e-05
9.230670163166395e-05
0.0002632798525111645
0.0005008059400118223
0.00030261307713508285
0.0003027512716212505
0.00014790645986205239
0.00029142230095646304
4.993967992070782e-05
0.0002222774801910501
6.838187552269442e-05
0.0005612854686830796
0.0004063454073126747
0.0005045854527020841
0.00015847961188572188
0.000494258156313976
0.000255677240289615
3.6586017550331636e-05
0.00015129942810764463
0.00016900301912328874
9.075234340482148e-05
0.00020613777506861263
0.00026337091776400257
0.0003470916761384201
0.0033838457860219545
0.00013163992625558226
7.317203510066327e-05
0.00010674059637648735
5.7381776525137064e-05
0.00024980946832237316
6.876861673661679e-05
0.00010788273822137195
0.0004845946041485909
0.0001071622995516431
0.0004645778473372633
0.00018573487211891193
0.000409083584463384
0.0007778420456470884
0.0005075918765030067
0.00010860878347408532
0.00018573487211891193
0.00036962822097725884
0.0002461422090577736
0.00012000493501824271
0.00010574277345735054
6.01621514081732e-05
0.0007829283660887418
0.00041227555013722525
0.0003035380617469035
7.645280088160645e-05
0.0001394191255368808
4.646641133110189e-05
0.00016670811014328756
0.00025776439613944715
0.0003562924483953621
0.0005322369076949208
0.000993234741592161
0.0005612854686830796
0.0012345371408498853
7.915706377759453e-05
0.0005375106426217583
0.00045871680528963875
0.0006838926035180024
8.715391337849237e-05
0.00015363195820178175
0.00019819286287673938
0.00030261307713508285
5.272350927899388e-05
0.00016638234155289276
0.00019916852591379401
0.00023507409599180407
0.0009259028556374139
0.00031507106789291025
0.0007052222879754122
8.837523789458301e-05
0.0002031814265600425
3.82846300076341e-05
0.00027542666841096406
0.00032983278913232167
0.0003941208606522216
0.00021257455774905158
0.0002651551716958906
0.00021037924836523068
0.00032116675853180384
0.00016491639456616084
0.00020866984247257914
3.667523818653396e-05
0.00042743287719875146
0.00018573487211891193
9.762005684736539e-05
0.00030964092546906767
0.0002359161031802288
0.00015458980907602293
0.0003878976193209543
0.00015222786229638464
0.000288998541393333
0.0004319492729090812
0.00019687598929258687
0.00031209942211151044
0.0004438239570796672
0.0004966173707960805
0.00022958449245316
0.00044040704468664406
6.142291761184641e-05
0.00028143454199616806
0.00010091709054041683
0.00032983278913232167
0.000830061892307344
9.633319031907592e-05
3.477284875032278e-06
9.827020821797501e-05
0.00045916898490632
0.00015245840380833338
0.00037973916577990947
9.691892082971818e-05
6.245543265825332e-05
0.00023989341037839037
9.499747336468757e-05
0.0001187214276568017
0.00013099963763386525
1.370152410181476e-05
0.00027724265563605074
0.00013939923399330565
0.00025040297000591114
9.424172898269629e-05
0.00016794930522558946
8.67028964475713e-05
0.0001732768813610845
0.00045878895853922083
0.0001998475746578985
0.00030261307713508285
0.0004432857948113246
0.0003120486064649854
0.00032945276276522245
4.106980233080654e-05
0.00031507106789291025
0.001316931363729198
0.00021868104651504987
6.331267921739505e-05
6.109650983480081e-05
0.0001441145686499697
0.00014099036460980073
0.000367281175022082
2.9348149528716196e-05
0.0001279807771043942
0.00034646269746933095
0.00040793528069557643
3.624899265341766e-05
0.00021573020038852207
5.643017324057162e-05
0.00011308786810848275
0.00015129942810764463
7.247770166907778e-05
0.0002598939906619363
0.0005394136911068598
0.00030491680761666676
5.8221024627335514e-05
0.00018293008775165817
0.00038382178578000824
0.00015464267486137157
0.0004816659515953795
0.00031510132057098797
0.00012620365015144258
0.0001581109140627978
0.0002609761220295806
0.0005889240724277443
0.0005865674971009808
0.0002409070167315709
0.0002094406832155807
9.762005684736539e-05
0.0002936046964577627
3.7696691593078514e-05
0.00024891948495500997
0.0004644613882036015
0.0011123987602603665
0.00025040297000591114
0.00014043876786222167
0.0004111307953563301
0.00021257455774905158
0.0007594783315598189
0.0003120486064649854
0.0005939140431112616
0.00018497766427468017
9.697440483023857e-05
0.0003562924483953621
0.0001717062613979142
0.00015245840380833338
0.0007732133743068578
0.0007015296924674194
0.0005612854686830796
0.0006751412122713256
0.0003395474398047307
0.0012333923860689902
0.0002100675470473253
0.0012888219806972358
0.00032945276276522245
0.00015973193060983012
7.029571379419156e-05
0.00020231844058648472
6.333018486415346e-05
0.00026975792078197966
0.0008391317079175212
0.0002239324069674526
0.00034666943647391774
0.00031946386121966023
7.915706377759453e-05
0.0005939140431112616
0.0005635891991646635
0.0002219119785398336
0.0001901276654456619
0.000179298089438473
0.00037973916577990947
9.82975092603118e-06
0.0005889644119149483
0.00021674890604499975
0.00023828945737923158
0.0001446325680131293
4.430583808502263e-05
0.00010159071328002125
5.433907075829162e-05
5.897850555618708e-05
1.5296372239130945e-05
0.0001230711045288868
0.00016871139363251576
0.0001572438806528344
0.00018271241069098707
3.392889295622455e-05
0.00024438603933920326
0.0012958478187272435
0.00013024863127554748
0.000174746145492192
0.00020011656699122412
0.0038604412802232
0.00043069893742399577
0.00025379593825150337
4.996189366447463e-05
0.0005612854686830796
0.00016871139363251576
0.0002636441135225167
0.004943994490046073
4.5780909825713716e-05
0.00011031492997921064
0.0001560243032324927
0.00037973916577990947
0.00032198507076539176
0.00019675058280498747
0.00016491639456616084
0.00023507409599180407
0.00016359301997865956
0.00010464790518135022
9.008091752692484e-05
0.00017296987091382907
0.00011615947406982997
0.0011928419867336343
0.0011392174973397283
0.0002614231935282891
5.216849103564459e-05
0.0005339929050384226
0.0001425121052792315
0.0001876230279974454
0.0005707777890164521
2.934019054922717e-05
0.00029804758940651406
0.00029162435050836293
0.00023228892366863166
0.0005612854686830796
0.00020011656699122412
0.0005612854686830796
0.0004966173707960805
0.00017911244009044113
4.624441606867004e-05
0.00030863428521247133
0.00012219301966960163
0.00018741593280891333
0.00032945276276522245
0.00031507106789291025
0.0002609761220295806
0.00040023313398244824
0.0002609761220295806
7.784400739223233e-05
0.0004645778473372633
0.0003941208606522216
0.00026875532131087913
0.00024396618732547217
0.00027290250824866364
2.7818279000258223e-05
0.0005612854686830796
0.0005612854686830796
0.0005612854686830796
0.000524238436476576
0.0006052261542701657
0.0005458050164973273
0.0005612854686830796
8.693212187580695e-05
0.00031507106789291025
0.00033967769066021845
0.00032198507076539176
0.0005287167565337153
0.0007125848967907242
0.0005612854686830796
0.00020011656699122412
0.00013834364871789068
0.00045878895853922083
0.000367281175022082
0.00020823441036166445
0.00028179459958233173
0.0002609761220295806
0.00017775596599548194
0.00015847961188572188
0.00016359301997865956
0.0001115708209575726
0.000367281175022082
0.0002409070167315709
0.00037973916577990947
0.0002788382510737616
0.00034646269746933095
0.00012190351835297057
0.00020823441036166445
0.00032945276276522245
7.987614431279631e-05
8.649883638618183e-05
0.0006006186933069979
0.0003617322642653453
4.321464033437278e-05
5.556937004776252e-05
0.000153557294029616
0.00018912784036450415
0.00012445974247750498
0.0001394191255368808
0.00020613777506861263
0.0006929253949386619
0.00010080633099292748
0.0003562924483953621
0.0001572438806528344
0.0001279807771043942
0.00031507106789291025
0.00010433492123628957
2.790768487883603e-05
1.5564851112537444e-05
0.0008638985458181624
0.00031507106789291025
0.00023451361535286707
0.00016491639456616084
0.00019819286287673938
0.0003375706061356628
7.078037121722574e-05
0.00012359986225115183
0.00045878895853922083
6.022457503848124e-05
0.00037973916577990947
0.0007227210501947127
0.00021712650169533254
0.00018573487211891193
7.836962198881395e-05
0.0005295693297564466
0.0002969570215556308
0.00014571115047823152
0.0002969570215556308
0.00014548915465351477
0.0003941208606522216
0.00014790645986205239
0.0001572438806528344
0.000247129078156988
0.00034646269746933095
0.00011779288238298966
0.00044880005699365867
0.00011476355305027413
8.158705613911529e-05
0.0004966173707960805
0.00020208077310075574
1.5564851112537444e-05
6.065952381751765e-05
0.00020208077310075574
0.0002647846648782233
7.732133743068578e-05
8.896386031478257e-05
0.00011125814649692007
0.00012620365015144258
0.00010644738153898416
0.00012023746793476168
6.197667055253336e-05
0.0003941208606522216
0.0009175779170784417
0.0001275246020463234
3.9666823349290374e-05
0.00024891948495500997
0.0003941208606522216
6.331267921739505e-05
0.0003562924483953621
0.00010934052325752494
0.0002969570215556308
0.00011031492997921064
0.000179298089438473
0.0006929253949386619
0.00019819286287673938
0.0003941208606522216
0.00022845189308247127
0.0006301421357858205
0.0002409070167315709
0.00028179459958233173
0.00022771148717649206
0.0003144877613056688
5.807973703491498e-05
0.00010091709054041683
0.00028179459958233173
0.0002372012959682594
0.0005612854686830796
0.0007125848967907242
0.0011392174973397283
0.0002722570302144644
0.00029162435050836293
3.29519589603662e-05
5.5861784173502005e-05
0.00013642540310008328
0.00030491680761666676
0.00030863428521247133
0.00027724265563605074
4.411925339532536e-05
0.0002892651360262586
0.0020317270365633735
0.0004041615462015115
0.00037973916577990947
0.0003562924483953621
0.0003347124628727178
0.00027290250824866364
0.0001115708209575726
0.0002647846648782233
0.0004438239570796672
0.0001888711442781789
0.00030261307713508285
0.000247129078156988
0.0005612854686830796
0.0004438239570796672
9.827020821797501e-05
0.00012888219806972358
0.0006513795050859975
5.3753386607640296e-05
4.4672425370525765e-05
0.00021482277121374866
0.0005612854686830796
0.00010295272789463328
0.00045878895853922083
0.00027724265563605074
0.00017211439412063488
0.0004818140334631418
0.0002623311010152718
0.00045878895853922083
0.00012044915007696248
0.00031695922377144377
0.00017775596599548194
0.00015464267486137157
8.379535672871155e-05
0.0003941208606522216
0.0003941208606522216
0.0001394191255368808
0.00017775596599548194
6.704080098156467e-05
0.00013163992625558226
7.029571379419156e-05
0.0005612854686830796
0.0005075918765030067
0.0006301421357858205
0.0004334978120899995
0.00021712650169533254
0.0001384105065877122
0.00014680234822888135
3.4337226156432706e-05
0.00016359301997865956
0.00025065524340903367
0.00015973193060983012
0.00017775596599548194
0.0005612854686830796
0.0004987764335010613
0.0016445231814253205
0.00045462401985133487
0.00014790645986205239
3.562405251175784e-05
9.577257283080665e-06
0.00016625881116702043
0.00028658007642683273
0.00012190351835297057
0.0002969570215556308
6.743948019549492e-05
4.5662223121316166e-05
6.2865213879416e-05
7.52594558516232e-05
5.8504778062216355e-05
0.00013962712214372048
0.00013642540310008328
0.000153406344173769
9.135620534549354e-05
0.000367281175022082
0.00023510886596644182
0.00030863428521247133
0.00032198507076539176
0.0004111307953563301
0.00023794497924808366
5.192609977400628e-05
8.779030592133419e-05
9.305456911879663e-05
8.268467284770397e-05
0.00023558576476597932
0.00011385574358824603
4.996189366447463e-05
0.00027482535042751315
0.0002261757362169655
0.00020011656699122412
0.00048426709692765094
0.00015973193060983012
5.515746498960532e-05
0.00021721756694817064
0.00021380267849968284
0.0001186006479841297
0.00015464267486137157
0.00031507106789291025
0.0004966173707960805
0.00045878895853922083
0.00020866984247257914
0.0001888711442781789
0.0005612854686830796
0.0003941208606522216
0.000367281175022082
0.00025040297000591114
0.00028658007642683273
0.00025379593825150337
0.00022440002849682933
8.896386031478257e-05
0.00020011656699122412
0.0002573169728783926
0.0004319492729090812
0.0004111307953563301
9.506383272283095e-05
0.0004987764335010613
5.1529936358674314e-05
0.00015129942810764463
0.00045878895853922083
0.00028179459958233173
0.00029162435050836293
2.6385687925864845e-05
6.981356107186024e-05
0.0001446325680131293
0.000247129078156988
0.00010934052325752494
0.00019139270546576127
0.000219488560621533
0.00028179459958233173
0.0002219119785398336
0.0001148538900229023
6.416729751995478e-05
0.00037973916577990947
0.00016900301912328874
4.690272307057341e-05
0.0001279807771043942
0.00027482535042751315
9.697440483023857e-05
0.0005612854686830796
0.00032945276276522245
0.00014790645986205239
0.0005119231084175768
0.0002261757362169655
0.0010224359886288293
0.0006052261542701657
6.838187552269442e-05
0.00045878895853922083
0.0001425121052792315
0.002921186785218562
0.00023558576476597932
9.837529140249373e-05
0.0003941208606522216
0.00018912784036450415
9.482856003033537e-05
6.604349887714538e-05
0.00015831412755518907
0.00019819286287673938
0.0006011873396738084
0.00042075849673046137
0.0002308214373049215
0.0005544853112721015
0.0004319492729090812
0.00029092321449071567
0.00023794497924808366
5.074262076546155e-05
5.953494850418055e-05
0.00028198072921960146
2.952344247882272e-05
8.663133022064544e-05
6.558277525381795e-05
0.00021498021164146242
0.0003280215697725748
0.00028179459958233173
0.00144284961521714
0.00026049726255109496
9.499527729623019e-05
9.257578276583521e-05
0.0004111307953563301
0.00028143454199616806
0.00029804758940651406
0.00032945276276522245
0.00037973916577990947
0.000367281175022082
0.0001354484691042249
0.0004111307953563301
7.224963534833325e-05
6.981356107186024e-05
0.0004319492729090812
7.732133743068578e-05
0.00016762082578163244
0.0003120486064649854
1.8036541297469892e-05
0.0002870292208523364
0.0001944605114117721
0.0001901276654456619
8.779030592133419e-05
0.0003941208606522216
0.00019394880966047714
0.00034366079487728457
0.0008976001139873173
0.00028658007642683273
0.0003285370013675287
0.0007564971405382231
0.00018912784036450415
0.00011462999155147381
0.0002297077800458046
0.000184083566282974
0.0001115708209575726
0.00016359301997865956
0.00032198507076539176
0.0002595848270495458
0.0002969570215556308
0.00028087753572444334
0.0004966173707960805
0.0004966173707960805
0.0002936046964577627
8.54865754397503e-05
0.00019630802414258145
9.135620534549354e-05
0.000438977121243066
0.005151761132246268
0.00034366079487728457
7.798128058693422e-05
0.00016491639456616084
0.00020208077310075574
0.000247129078156988
9.506383272283095e-05
0.00021257455774905158
0.00011779288238298966
6.2865213879416e-05
0.00045878895853922083
0.0006785272086508964
0.00031507106789291025
6.241988442230209e-05
0.00018741593280891333
0.000367281175022082
0.00028658007642683273
0.0002261757362169655
0.00023883093679194967
9.892492209166035e-05
0.0005295693297564466
0.00046803822449773084
0.0003782556807290083
0.0002219119785398336
0.000658465681864599
0.00017623891884457177
0.00018246098026998886
0.0005612854686830796
0.0004319492729090812
6.5994616128951116e-06
0.0007125848967907242
0.0002100675470473253
0.00031507106789291025
0.0004164688207233289
0.00014680234822888135
0.00034366079487728457
0.00045878895853922083
0.00023228892366863166
0.0007565113614580166
0.00012109702690999043
3.484980849832641e-05
0.00032198507076539176
0.00046807290969747814
5.270363802093261e-05
5.807973703491498e-05
0.00016228815473436458
0.00027290250824866364
0.00019264887499139343
0.00014872189955630533
2.4888122158221384e-05
0.0005612854686830796
0.00037973916577990947
0.00014680234822888135
0.00032945276276522245
0.000367281175022082
4.3576956689246185e-05
8.837523789458301e-05
0.0005612854686830796
0.00021712650169533254
0.0004966173707960805
0.0004966173707960805
5.192609977400628e-05
0.0002573169728783926
0.0004319492729090812
0.0004966173707960805
0.0002409070167315709
0.0004319492729090812
0.00013163992625558226
0.00013301301795885998
0.0006301421357858205
0.00020011656699122412
0.00030261307713508285
0.00015973193060983012
0.00024380703670594115
0.00027724265563605074
9.892492209166035e-05
0.0005008059400118223
0.00016491639456616084
3.524759115245018e-05
0.0003562924483953621
0.0001071622995516431
0.00031507106789291025
0.0002573169728783926
5.681611034835119e-05
6.197667055253336e-05
0.00037973916577990947
4.5780909825713716e-05
0.0004966173707960805
5.0351440552437765e-05
0.00020011656699122412
0.00037973916577990947
0.00031507106789291025
0.0004296455424274973
0.0004319492729090812
0.0005612854686830796
4.540994971819364e-05
0.0002219119785398336
0.00019819286287673938
0.0004111307953563301
0.00016625881116702043
3.521777943445943e-05
0.00037973916577990947
0.00032945276276522245
0.0003271860399573191
0.00020208077310075574
0.0001610012882060751
0.000367281175022082
6.0791469671663535e-05
0.0005612854686830796
9.38115139987227e-05
7.784400739223233e-05
0.0006751412122713256
0.0002614231935282891
1.9127258841712358e-05
0.00015129942810764463
0.00030863428521247133
0.0005612854686830796
0.00031507106789291025
0.00033251762233404086
0.00032198507076539176
0.00013163992625558226
0.00023794497924808366
0.00029162435050836293
6.981356107186024e-05
0.00020823441036166445
0.00028658007642683273
4.249420166464393e-05
0.0008638985458181624
0.00030863428521247133
7.784400739223233e-05
0.00027724265563605074
8.649883638618183e-05
0.00032945276276522245
0.00012964392100311834
0.00016359301997865956
0.00260551802034399
0.00018741593280891333
0.00035247783768914355
5.232395259067511e-05
0.00018086613213267265
6.675488789815205e-05
0.00012445974247750498
9.319160245468658e-05
0.00024891948495500997
0.0003562924483953621
0.0002573169728783926
0.0001213190476350353
0.00012445974247750498
0.0005612854686830796
0.00022958449245316
2.4266962815230166e-05
0.00023507409599180407
0.0002409070167315709
0.000219488560621533
0.00022695625262136374
0.00017296987091382907
0.00033800603824657747
0.0002219119785398336
0.0003144877613056688
0.00011699205047767428
0.00011941546839597483
6.983233013979565e-05
0.00012359986225115183
0.0005612854686830796
0.00019087174803844175
0.00021257455774905158
0.00026875532131087913
0.00017675047578916603
0.000367281175022082
0.00034646269746933095
0.00029804758940651406
0.000174746145492192
0.0003027512716212505
0.00019630802414258145
0.00010934052325752494
1.2133481407615083e-05
0.00027724265563605074
0.0004966173707960805
0.00015360315858922851
0.000367281175022082
0.0002108940371159755
0.00016647672395010642
0.0005635891991646635
0.00011113874009552504
8.427211573854114e-05
7.828680239300237e-06
0.000367281175022082
9.38115139987227e-05
7.126755949989428e-05
0.00018246098026998886
0.0001425121052792315
0.0004111307953563301
0.0002651551716958906
0.000346553762722169
9.230670163166395e-05
0.00011082144870283114
0.0005028624773448973
3.4256824204661184e-05
0.00014680234822888135
0.00028658007642683273
0.0003941208606522216
0.0002670495299794804
0.00027290250824866364
0.0001425121052792315
0.0004966173707960805
0.00016179765029139155
0.0005538658460768153
0.00031507106789291025
0.0001335247649897402
0.00013301301795885998
0.00031507106789291025
0.00019087174803844175
7.126755949989428e-05
0.0004966173707960805
8.268467284770397e-05
4.5780909825713716e-05
0.00015129942810764463
0.00012106677423191274
0.00010433492123628957
0.00010705558617726795
0.00020823441036166445
0.00028658007642683273
0.00010295272789463328
0.00021482277121374866
0.00014356631247466526
4.285372559365921e-05
0.000247129078156988
0.00028179459958233173
8.464525986085741e-05
0.00032945276276522245
5.893176436415267e-05
0.0002609761220295806
9.892492209166035e-05
0.0004966173707960805
0.00032198507076539176
7.324215900821407e-05
0.00012888219806972358
0.00020208077310075574
0.0001795699822192674
0.0002128947630779683
0.00019087174803844175
0.0012333923860689902
0.0002647846648782233
7.52594558516232e-05
0.00019087174803844175
0.0003375706061356628
0.00011699205047767428
0.00021712650169533254
8.158705613911529e-05
0.00015885963825282108
0.00030863428521247133
0.00016491639456616084
0.00018573487211891193
7.374240870071303e-05
0.00015245840380833338
0.00018912784036450415
0.00022440002849682933
0.00037973916577990947
0.00037973916577990947
0.00010433492123628957
0.00016317411227823058
0.00023507409599180407
0.00019264887499139343
0.000219488560621533
7.078037121722574e-05
0.00022440002849682933
0.0008908710646668923
0.00025379593825150337
0.0004173396849451583
8.955622004522056e-05
1.9969036078199078e-05
0.00019819286287673938
0.0001560243032324927
0.0003817434960768835
0.0005612854686830796
0.0001732768813610845
0.00032945276276522245
0.00016228815473436458
0.00024549566984382833
9.697440483023857e-05
5.8504778062216355e-05
3.1985148815000686e-05
0.00026875532131087913
0.00028293935436322687
9.156181965142743e-05
6.109650983480081e-05
9.015236484753466e-05
0.0001441145686499697
4.036567563666348e-05
0.00023507409599180407
0.00031507106789291025
0.001986469483184322
0.00032945276276522245
0.00025040297000591114
0.000184083566282974
0.00028293935436322687
0.0006968667710058948
9.569635273288064e-05
9.569635273288064e-05
0.00018741593280891333
0.00028179459958233173
7.577066997522249e-05
4.765816318289073e-05
2.6385687925864845e-05
8.605719706031744e-05
0.00018246098026998886
0.00022440002849682933
0.00018086613213267265
0.00032945276276522245
0.00010091709054041683
6.790948796094615e-05
0.00025040297000591114
0.00029581291972410477
0.0004966173707960805
0.00028179459958233173
0.0006172685704249427
0.00045878895853922083
8.779030592133419e-05
0.0002892651360262586
0.0004111307953563301
0.00021037924836523068
3.360211033097583e-05
0.0005635891991646635
0.0024667847721379804
3.726125948216388e-05
0.003928998280781557
8.605719706031744e-05
0.00034646269746933095
0.00014790645986205239
7.52594558516232e-05
0.00047978682075678074
0.0017299035470989162
0.0009481392837295744
0.00034646269746933095
0.00015482046273453383
0.00034646269746933095
0.0002969570215556308
0.00018086613213267265
0.0002409070167315709
0.0004319492729090812
3.0711458805923203e-05
0.00020011656699122412
0.0012579510452226752
0.00013071159676414455
0.00032198507076539176
0.00037973916577990947
0.0002219119785398336
9.319160245468658e-05
0.00011462999155147381
0.0004111307953563301
0.0003144877613056688
0.00022695625262136374
0.00028179459958233173
0.00027724265563605074
0.0002573169728783926
6.604349887714538e-05
0.00017775596599548194
0.0001435146104261682
0.0012276624378081628
5.393255009713052e-05
0.0001901276654456619
0.00020866984247257914
0.0003941208606522216
0.0004758899584961673
2.6688107458494356e-05
0.000367281175022082
0.00014356631247466526
0.00030261307713508285
0.0004966173707960805
0.0001186006479841297
0.00015245840380833338
0.00010364126492475388
0.00010295272789463328
0.00015245840380833338
0.00011786352872830534
0.00015482046273453383
9.015236484753466e-05
0.0001577964291753322
0.00032198507076539176
0.00015015467332674947
0.00014146967718161343
0.00046807290969747814
0.00037973916577990947
0.0005375106426217583
0.0005576765021475232
6.15355522644434e-05
0.00017623891884457177
0.00012620365015144258
0.0004319492729090812
0.002940284570820551
0.00012708798230930127
0.00015482046273453383
9.075234340482148e-05
0.00031507106789291025
0.000247129078156988
7.88982145876661e-05
8.779030592133419e-05
7.249798530683532e-05
8.073135127332696e-05
0.00016359301997865956
6.59039179207324e-05
0.00010860878347408532
0.00028179459958233173
7.836962198881395e-05
0.00017558061184266838
0.00025379593825150337
0.000174746145492192
0.0001944605114117721
5.0351440552437765e-05
0.00030261307713508285
0.00032945276276522245
8.050220270482063e-05
9.196400126791333e-05
0.00021482277121374866
0.000247129078156988
0.00045878895853922083
0.00015129942810764463
6.933388729478355e-05
0.0010140181147397322
4.430583808502263e-05
0.00024396618732547217
7.17573052130841e-05
0.0002609761220295806
0.0003941208606522216
0.0002409070167315709
4.504045876346242e-05
0.0005612854686830796
0.0005612854686830796
6.933388729478355e-05
0.00015363195820178175
0.00021037924836523068
0.0002242530829496449
0.0003072639164035635
0.00012620365015144258
0.0004966173707960805
0.00016762082578163244
0.0004111307953563301
5.474737050897566e-05
0.00022695625262136374
0.0005612854686830796
0.0004966173707960805
2.9767474252090274e-05
0.0003562924483953621
0.00016625881116702043
9.633319031907592e-05
5.3527793088633975e-05
0.00022695625262136374
0.00013741267521375658
0.0004319492729090812
0.00030863428521247133
0.00017441803681541814
0.00012190351835297057
0.00014571115047823152
0.00026875532131087913
0.00025040297000591114
0.00022885410215932396
0.0002409070167315709
0.00016900301912328874
0.00037973916577990947
0.00031507106789291025
8.896386031478257e-05
0.0004041615462015115
5.7235420465971404e-05
0.00015363195820178175
0.0001732768813610845
0.00012359986225115183
3.5580198792162454e-05
0.00012274783492191417
0.0004319492729090812
7.680157929461426e-05
0.0001354484691042249
0.00032198507076539176
0.00023228892366863166
0.00014571115047823152
0.00018993803765218512
4.7279678509144946e-05
0.0002573169728783926
7.88982145876661e-05
4.394068558708612e-05
0.0004111307953563301
0.00030863428521247133
0.0004966173707960805
0.00017623891884457177
0.00011385574358824603
8.268467284770397e-05
0.00030261307713508285
0.00037483186561782666
0.00030261307713508285
0.0001156110401716751
9.443557213908946e-05
0.00045878895853922083
0.00014043876786222167
0.0001944605114117721
0.00031507106789291025
8.605719706031744e-05
0.00015129942810764463
0.00023558576476597932
0.00034646269746933095
6.933388729478355e-05
0.000367281175022082
0.0004966173707960805
0.0005612854686830796
0.00023794497924808366
0.00030261307713508285
0.0003941208606522216
0.0003941208606522216
0.0003562924483953621
0.0002219119785398336
0.00012190351835297057
0.00015973193060983012
0.0012028127820704962
0.0003562924483953621
0.0002647846648782233
0.0004319492729090812
0.00014146967718161343
0.00016625881116702043
0.00010295272789463328
6.650650897942999e-05
0.00010860878347408532
0.0003562924483953621
6.42141001827244e-05
0.0001071622995516431
7.628470071977466e-05
0.00018912784036450415
0.00020408722342387997
1.968759892925869e-05
0.00028658007642683273
0.0001944605114117721
0.0002647846648782233
6.885666710274101e-05
0.000367281175022082
0.000367281175022082
0.00022958449245316
0.00027290250824866364
0.00012274783492191417
0.00021257455774905158
4.394068558708612e-05
0.00011541071865246075
0.0001446325680131293
9.697440483023857e-05
0.00012620365015144258
2.1103352107293115e-05
0.00045878895853922083
0.00030491680761666676
0.00019630802414258145
0.00024396618732547217
2.9143416111723534e-05
0.00014356631247466526
0.00012190351835297057
0.00018246098026998886
0.00047173164195850315
0.00016228815473436458
0.00045878895853922083
0.0005612854686830796
0.00031507106789291025
0.0007512089100177333
0.00012888219806972358
0.0005612854686830796
0.00034646269746933095
0.0005612854686830796
0.00032945276276522245
0.00034646269746933095
0.0002647846648782233
0.00024396618732547217
0.0003562924483953621
0.0002647846648782233
0.0004966173707960805
0.00028658007642683273
0.00030863428521247133
0.00025379593825150337
5.7235420465971404e-05
0.0002969570215556308
0.00032945276276522245
0.00012106677423191274
0.00012106677423191274
0.00012532762170451684
2.2540920520709904e-05
0.0003488360736308363
0.0005544853112721015
0.00031946386121966023
0.0012333923860689902
0.0005731601528536655
0.0003144877613056688
0.0009175779170784417
0.0011225709373661591
0.0011225709373661591
0.00029581291972410477
0.0011225709373661591
0.0005458050164973273
0.0003926160482851629
0.0006589055255304449
0.0009175779170784417
9.837529140249373e-05
0.00011363222069670238
0.0004244090315448403
0.000368167132565948
0.000631137745095692
0.0011225709373661591
0.0006929253949386619
0.002483086853980402
0.0007882417213044432
0.0006240972129299709
0.0008638985458181624
0.0004438239570796672
0.00025417596461860254
0.00039491977876674676
0.000494258156313976
0.0005731601528536655
0.0014898521123882411
0.0012754473464943092
0.0008222615907126602
0.0005612854686830796
0.0011823625819566647
0.00021674890604499975
0.0004296455424274973
0.00047014819198360814
0.0003172137006534171
0.0008222615907126602
0.0006439701415307835
0.001986469483184322
0.0003485941027370204
0.0014898521123882411
0.0005833815342353163
8.427211573854114e-05
0.0006929253949386619
0.000993234741592161
0.00025065524340903367
0.0011225709373661591
0.0008222615907126602
0.0001386677745895671
0.0008908710646668923
0.000993234741592161
0.0004063454073126747
0.00028293935436322687
0.000993234741592161
0.0003271860399573191
0.0007125848967907242
0.00035247783768914355
0.0004041615462015115
0.0011095598926991678
0.00033800603824657747
0.003928998280781557
0.00047117152953195864
0.002830486701662318
0.0015533838497788352
0.0007594783315598189
0.0009175779170784417
9.837529140249373e-05
0.00042514911549810315
0.0004371334514346945
0.0011225709373661591
0.0006751412122713256
0.001260284271571641
0.0009659552122961751
0.0003369787832096698
0.00030491680761666676
0.0005075918765030067
0.00045046401998024833
0.0009078392314052485
0.00035247783768914355
4.957396651876844e-05
5.433907075829162e-05
0.000346553762722169
0.0007943539946346698
0.0007052222879754122
0.0005939140431112616
0.0005612854686830796
0.0011225709373661591
0.00044880005699365867
0.0004342530033906651
0.0005219522440591612
0.0022784349946794566
0.00020590545578926656
0.0007594783315598189
0.0006589055255304449
0.0001876230279974454
0.0011225709373661591
8.213960466161308e-05
0.00026875532131087913
0.0020556539767816505
0.0003539018560861287
0.0008222615907126602
0.0009175779170784417
0.0008638985458181624
0.0004275363158376945
0.0005368320976016448
0.0011225709373661591
0.00016536934569540794
0.0010127118184069884
0.00045916898490632
0.00020866984247257914
0.0005375106426217583
0.00037146974423782385
0.00011447084093194281
0.0020556539767816505
0.0020556539767816505
0.0010292678915135704
0.00019654041643595003
0.0007594783315598189
0.0004758899584961673
0.000993234741592161
6.986460981953198e-05
0.0005612854686830796
0.0004189939808387739
0.0008865715896226492
0.00014146967718161343
0.00032945276276522245
7.942981912641054e-05
0.0014898521123882411
0.0016838564060492386
0.0003094587753147755
7.324215900821407e-05
0.00032198507076539176
0.00027724265563605074
0.0003562924483953621
0.00045878895853922083
0.0006887534773594799
0.0016838564060492386
0.0010393880924079927
0.0005612854686830796
0.00022440002849682933
0.00048793237465094433
0.0004966173707960805
0.00029162435050836293
0.0004966173707960805
0.0004164688207233289
0.00030863428521247133
0.00011541071865246075
0.0004111307953563301
0.00012888219806972358
0.0003921347902924336
0.0006502467181349992
0.0005146339457567852
0.0005779466249741802
0.0004244090315448403
0.00019630802414258145
0.00024396618732547217
0.0005612854686830796
0.00023507409599180407
0.00019819286287673938
0.0004111307953563301
0.0005612854686830796
0.0005612854686830796
0.0002614231935282891
0.00019819286287673938
0.0005612854686830796
0.0004319492729090812
7.628470071977466e-05
0.00028179459958233173
0.00018912784036450415
0.000367281175022082
6.981356107186024e-05
0.00019087174803844175
0.00017792772062956514
0.00045878895853922083
0.0004319492729090812
0.00015458980907602293
0.0004645778473372633
0.0005612854686830796
0.00012359986225115183
0.00016359301997865956
0.00032945276276522245
0.00030863428521247133
0.0005612854686830796
0.0004966173707960805
0.00037973916577990947
0.0004966173707960805
0.00034646269746933095
3.166509243207673e-05
0.0005635891991646635
0.0001978498441833207
0.0007125848967907242
0.0005008059400118223
0.00019630802414258145
0.00028519149816849285
0.00024805401854311186
0.0004966173707960805
0.0002647846648782233
0.0007318985619764164
3.8628263339490815e-05
0.00013448165895885942
0.00011409401827074963
0.0005303103433917812
0.00015847961188572188
0.00011232626106988993
0.00018912784036450415
0.00011699205047767428
0.00026875532131087913
0.00034646269746933095
0.0001446325680131293
0.0001071622995516431
0.00011462999155147381
0.00026875532131087913
0.00022958449245316
0.00020613777506861263
0.00022695625262136374
0.0005612854686830796
0.0004966173707960805
0.00010788273822137195
0.0003941208606522216
0.00032945276276522245
0.00032945276276522245
0.00019087174803844175
0.00037973916577990947
0.0004319492729090812
0.0004319492729090812
0.0004319492729090812
0.00032198507076539176
2.341421560957129e-05
0.00029162435050836293
0.0005612854686830796
0.00032945276276522245
0.0003375706061356628
0.00018086613213267265
0.00016359301997865956
0.00015015467332674947
0.00016625881116702043
0.0004966173707960805
3.5481915581805936e-05
0.0003562924483953621
0.00027290250824866364
0.0004966173707960805
0.0005612854686830796
0.00027290250824866364
0.00027724265563605074
0.00018246098026998886
0.00045878895853922083
0.00045878895853922083
0.00014146967718161343
9.892492209166035e-05
0.0004111307953563301
0.0004966173707960805
9.257578276583521e-05
0.0004966173707960805
0.0004111307953563301