0.00016377089429892928
0.0021799302152142506
0.00373270302185956
0.0002033229797617608
0.0022223199833047128
0.0019749067027518474
0.002445914928686935
0.00025012441065859015
0.001064387296299746
0.0031264015813720985
0.001386954472640411
0.006953593784963986
0.0001031117493484802
0.00024687768908108316
0.00027058642776096116
0.00035302077698355747
0.0006740894804529009
0.001848244297904903
0.0015246135600003629
0.00031406692854869816
0.0002282287684812939
0.0002665973148396304
0.00042969405839800664
0.0001636456871521605
0.0009539483798528687
0.0009739573790412394
0.0002498807362274314
0.00013524521292252435
0.00014459182850320757
0.000509457270628465
0.0014319883061558367
0.00037031653362162474
0.0004564575369625878
0.0008117592832828836
0.0003146608470216635
0.0005468963631391851
1.7485917982172153e-05
0.0005498287846299625
0.00039111663408766416
6.711182272182567e-05
0.0003558711316050583
2.5201389506174525e-05
0.0004071475071776163
0.002160923206826614
0.000771686627386397
0.00013369762530835374
0.00044864689373836053
0.000882025625769612
0.0007288826801632045
0.0008132919190470432
0.00040031187554768615
0.00021872313373718345
0.00011862371053501942
0.00023257486239172678
0.002807380570765786
0.00016122614741188645
0.0004675126797177445
0.00018451391920675805
0.0006730042389019537
0.0003793851596082371
0.0002073152669214412
0.0005282934247594595
6.0465757118095856e-05
0.0007144609944543985
0.00042319429344682446
0.0013321276447039157
0.00014690645209931768
0.00012355779262225477
4.8732554740371e-05
0.0001308166666716143
0.003466769173249739
0.0021433829833631957
0.0010259660483441387
0.0017333574338842465
0.00045213243030969776
0.0006936286002893893
0.00036015386780443567
0.0001981754741103864
0.0003535194985848752
0.00012091961055891485
0.00011760648436214777
8.886577161321013e-05
0.00021220296765572973
0.00018646007666570222
0.00022498590779288156
0.0005016769500508864
0.00012336821888497078
6.359655865685791e-05
1.511530074215958e-05
0.00031302516524510523
0.0005564277321379555
0.0003457682980128021
0.000401324404924097
3.358637607188976e-05
0.00015305042746412788
0.0003779969743892429
0.0004973809504410776
0.00010666321727431015
0.0001982903974142734
7.091433907292164e-05
7.073432255190991e-05
0.0002824720426860611
0.0007144609944543985
0.0009070502309436207
0.001011633190596501
6.717275214377952e-05
0.0006561694012115504
0.00015305042746412788
0.0005839930549631044
0.00040031187554768615
0.0001011063188497241
0.000409855210394558
0.0006321448895421805
7.021000807399856e-05
0.00014790862712978127
9.650548778373025e-05
0.00033704474022645044
0.00036478814759827904
0.0005839930549631044
0.0005839930549631044
0.00019113207665737457
0.00044252969445118063
0.00019289716638482945
0.00032323518019055893
0.0007144609944543985
0.0002866602892314979
0.00045253159513752714
0.00011941279673613731
0.0019084958539250568
0.001099657569259925
0.00035493356815651086
0.00036062148343516114
0.0014175725181195349
6.397962165472763e-05
0.0007645283066294983
0.0006374765246800746
0.0005285487351647255
0.0009484790613748424
0.0005016769500508864
0.00023022473204199924
0.0019124295740402236
0.000441012812884806
0.00025166754546432265
0.0014501114164934196
0.00033988953039748186
0.00012760618568266266
0.00037120901055959243
0.00020631961160086763
0.001048389277220712
0.000771686627386397
0.00018116032308177873
8.947950443313144e-05
0.00043184907796963676
0.000275899961071773
0.00015442717165465935
0.00033704474022645044
0.00034418976235091824
6.755384144861117e-05
5.7332057846299574e-05
0.00019406449814815202
4.65693430832067e-05
0.0017167169847126544
0.00128908217519402
8.675509710192454e-05
0.00030288046989330856
0.0005033893964098915
0.0005587745418065279
0.0005836506542763036
0.00021512416024580504
0.00034482506080402896
0.0006453724807374151
0.00042969405839800664
0.00010892281686840434
0.0007144609944543985
0.00011996041794215237
0.00023330947767104002
0.0004034578032967106
0.001007647848595819
0.0016376955274117002
9.071656808094283e-05
0.00010460043230989523
0.0004814821421365966
5.6370641812518365e-05
0.00021763194349031314
7.776982589034667e-05
4.2378855169245266e-05
0.00025044119672397257
6.253110266464754e-05
0.0003031284498626858
0.0006321448895421805
4.8694224724184314e-05
0.001428921988908797
0.00013320645299950376
2.8918365700641512e-05
0.00018971962033303017
0.00023257486239172678
4.94064113827813e-05
0.00026036151021015215
6.660322649975188e-05
0.0008593881167960133
5.91471547022913e-05
0.0005301236971471414
0.00041936084513866844
0.0005529930402754904
0.0002407410710682983
0.0003145709211979161
6.261101742939682e-05
0.0007144609944543985
0.00018646007666570222
0.0010033539001017729
0.0014025380391532337
0.0022676255773590517
0.0007144609944543985
0.0006321448895421805
0.0007144609944543985
0.00039286097830572986
0.000722223213204895
0.0031807421828828485
0.00010666321727431015
9.228277867194923e-05
0.00026561611066717414
0.0003168499323121606
0.00011624700499301436
0.0001459059062175109
0.00019860353610808137
0.00013280805533358707
0.0005984522378134252
0.0004164755307632815
4.436036602671848e-05
7.862323608896237e-05
0.00021336476456480696
7.949960049881576e-05
0.00033704474022645044
0.00042326210882279473
0.00012845749424819262
0.001393528897714189
9.7465109480742e-05
9.133996602868649e-05
0.0001711818765254281
0.0001551711451826847
0.0006321448895421805
2.213120193228774e-05
0.00011100847161276612
0.000337516358830837
6.640533928655335e-05
0.00027344818156959256
0.00033704474022645044
0.00021872313373718345
6.336024536315041e-05
0.00012592166046942273
0.00012845749424819262
3.829023992412445e-05
0.00013842416800792387
0.000207664771620437
4.876361241754498e-05
5.1381520396135765e-05
0.00021872313373718345
5.9224640312824485e-05
0.000194930218961484
5.639695824057433e-05
0.00037120901055959243
7.518110993904774e-05
0.001264289779084361
0.000409855210394558
0.00011186431031330921
0.0005604739530786683
0.00010385226861569091
0.0004833704721644732
0.00045352511547181037
0.00045352511547181037
0.0007144609944543985
0.0002547286353142325
0.0005839930549631044
0.00022341242155834057
0.0005844767910141973
0.00038519657480552656
0.0004164755307632815
9.023861116468512e-05
0.00030288046989330856
0.001099657569259925
0.00261664458898512
0.00020770453723138182
0.000375990756695691
0.00019860353610808137
0.0007144609944543985
0.00014489024584001596
0.000358696707972588
5.546916417512742e-05
0.00012818482678238872
0.00022707269316626984
3.540992309166038e-05
0.0001622727717382424
0.00039286097830572986
0.0011577436896818927
3.7891056232835723e-05
0.0004164755307632815
0.00021163105441139736
0.0005839930549631044
0.00011772915329486412
0.0007144609944543985
0.0005498287846299625
0.0005285487351647255
0.0004855144679389541
0.00041936084513866844
0.0005016769500508864
0.0004675126797177445
0.00034482506080402896
0.00014993871137348013
0.00023022473204199924
0.00032753910548234005
0.0007144609944543985
0.001099657569259925
0.00015553965178069333
0.00033219684113964935
6.660322649975188e-05
0.0005839930549631044
0.0009901161395917955
6.98555831406045e-05
0.000523328917797024
0.001569986753391072
0.0007295762951965581
0.00029987742274696026
0.00022433474630065124
0.00048592178677546964
0.0001687581794154185
0.0004010543672522552
0.0003033189565491723
9.833993210026237e-05
0.00033512926263042683
0.00032753910548234005
0.0002022126376994482
5.3570385395866964e-05
2.957357735114565e-05
7.285504027046675e-05
0.0002201735709882074
0.0003905422653152282
7.285504027046675e-05
0.00036478814759827904
0.00010178687679440408
0.0007144609944543985
0.00018143313616188566
0.0007703931496110531
6.409241339119436e-05
0.00022433474630065124
0.00042969405839800664
0.0018547591071265183
0.0002539686622635329
0.00024522300057012205
0.00015275443601583808
0.0001982903974142734
0.0002400636346256616
4.960899441092375e-05
0.0001449271223416148
0.0002623930388144358
0.00034209899390269137
0.00014790862712978127
0.00046241906685959283
0.000358696707972588
3.465210569141752e-05
0.0005301236971471414
0.0007424180211191849
3.4211377448532344e-05
0.00015733042351083175
9.009642548979651e-05
6.03536979684456e-05
6.316702781527958e-05
0.00010315980580043382
0.00020015593777384307
0.00024752903489794886
0.00017288414900640104
0.0006436205065839361
0.0003212895769510337
0.00026803167946887115
0.00010098390084273814
0.00015331987793499054
0.0004010543672522552
0.0003187382623400373
0.0005690777394123556
0.0005839930549631044
0.0004529688485264565
0.00016958973936236096
0.0002498807362274314
0.00027966077578327306
0.00024852139164587684
6.442529950873514e-05
6.261101742939682e-05
0.00043773799070722774
0.0005172375912060435
0.0001449271223416148
0.000819710420789116
0.00037372979546373676
0.0008021087345045104
0.001046657835594048
0.0005970639836806866
0.0004071475071776163
0.0003523658234431503
0.00021691001399449462
0.00020992229059488068
0.000409855210394558
0.0020182395989963835
0.00018019285097959302
0.0002049427145698332
0.00012426069582293842
0.0002978832287444541
0.0006866203806678786
0.00033219684113964935
5.8748659570056836e-05
0.0008350781554778975
0.0011511236602099963
0.00021872313373718345
0.0007144609944543985
0.0001429802420782985
0.0003019338344906337
0.00025044119672397257
8.224547925664718e-05
0.00023022473204199924
0.00039286097830572986
1.5444724077781847e-05
0.0007058050653463583
0.00033219684113964935
0.00039727175551793303
0.00014690645209931768
0.0003057393660858669
0.00041936084513866844
0.0003523658234431503
7.507381552202649e-05
0.00014690645209931768
0.0004833704721644732
0.00037120901055959243
0.00014619766422111302
0.0004997614724548628
0.0003187382623400373
0.0002843179383371581
0.0018964346686265417
0.0001429802420782985
9.644858319241473e-05
0.0003066508512128692
0.0004921629466895515
0.0004833704721644732
0.00019555831704383208
0.0007144609944543985
0.00019113207665737457
0.0005839930549631044
0.0007144609944543985
0.0001851933319420594
0.0004675126797177445
0.000523328917797024
0.0007144609944543985
6.509037755253804e-05
0.0005984522378134252
0.00042969405839800664
0.0007144609944543985
0.001112169507346965
0.0005839930549631044
0.0007144609944543985
0.00027938727090326393
0.00017408675447533087
0.0002008592774982694
0.004812652407027063
0.00039286097830572986
0.0006321448895421805
6.16335877443276e-05
0.00012845749424819262
0.0007144609944543985
0.0007144609944543985
0.0003145709211979161
0.0005839930549631044
0.00037120901055959243
0.0001383365460103076
0.0010033539001017729
0.00011261072328303972
0.00033704474022645044
0.000409855210394558
0.0007144609944543985
0.0004675126797177445
0.00023330947767104002
0.00020992229059488068
0.0006321448895421805
0.0005839930549631044
0.0005839930549631044
0.0005498287846299625
0.0001226226417651896
0.00016638295951246728
3.2057516300648944e-05
0.0002913728947753587
0.00022799245518758638
0.00045352511547181037
7.178994760338328e-05
0.0007144609944543985
0.0005016769500508864
0.0007144609944543985
0.0007144609944543985
0.0004973809504410776
0.00045352511547181037
0.00026561611066717414
0.004833704721644732
0.0029199652748155224
0.0005839930549631044
7.339119032940246e-05
0.00015733042351083175
0.00015414456118840732
0.00011399622759379319
0.0017519791648893134
0.00039286097830572986
0.00015410605251560123
0.00032753910548234005
0.0009316346201805356
0.0008437908970770925
9.133996602868649e-05
0.0003498255417664954
0.0001710886777037927
0.0004486694926013025
0.0001584249661560803
0.0002501765486763323
0.00024522300057012205
0.0002673952506167075
0.0040134156004070914
0.0005876258083972707
0.0003941423319820919
0.001046657835594048
0.0007496422086822942
0.0033939869635314537
0.002824720426860611
0.00026561611066717414
0.0009386680680935716
0.0021433829833631957
0.00027058642776096116
0.005871051831941358
0.0007559939487784858
0.00018451391920675805
0.0003019338344906337
0.00017199617353889874
0.00011174839323593401
0.0001919366687074438
0.0002224345931818851
0.00016064478847551685
8.224547925664718e-05
0.0016494863538898876
0.00016771632142975206
0.000582193494444456
0.0014025380391532337
0.0015050308501526593
0.00010666321727431015
0.00026779201562486977
0.00012091961055891485
7.261521124560289e-05
0.0004374462674743669
0.00045601230958430095
9.776082898999983e-05
0.000523328917797024
0.00024201374969908562
0.0002049427145698332
0.0003146608470216635
0.00022498590779288156
0.00019030135833207493
0.0001226226417651896
0.00033276591902493455
0.00026779201562486977
0.0006643936822792987
0.0005411728555219223
0.0003682059634132441
0.00018646007666570222
6.879996426749856e-05
0.0007705302625780063
0.00015952969073954767
0.001428921988908797
0.00026779201562486977
0.000358696707972588
5.886457664743206e-05
0.0005016769500508864
0.00033704474022645044
0.000582193494444456
6.310276569452204e-05
0.0005884679822017451
9.225695960337902e-05
0.0005839930549631044
0.0005016769500508864
0.00019860353610808137
0.0017187762335920266
0.00037031653362162474
0.000509569894254681
0.0005193972233751781
0.004286765966726391
0.000523328917797024
0.002117415196039075
9.842242978940178e-05
6.114787321717338e-05
0.001229565631183674
0.0021433829833631957
0.00034209899390269137
0.00023642215742781926
0.00021512416024580504
0.0007144609944543985
0.0001787646881046327
0.0006846863054438818
0.0005498287846299625
0.0007256153678696447
6.535754095204864e-05
0.0005016769500508864
0.0004728443148556385
0.0001343124200976886
0.0009070502309436207
7.285504027046675e-05
0.000139375996565098
0.0003473779534857887
7.073432255190991e-05
0.0003397266363948424
0.0004010543672522552
0.00021883915156477383
0.0021433829833631957
0.0002572288757954657
0.0004814821421365966
0.0010033539001017729
0.00027058642776096116
0.0005839930549631044
9.738844944836863e-05
6.359655865685791e-05
0.0002898542446832296
0.006430148950089587
7.285504027046675e-05
0.00039286097830572986
0.0027491439231498126
0.00010524942633471751
5.5932155156654606e-05
0.00022433474630065124
8.002121154188718e-05
0.0004833704721644732
0.002857843977817594
0.00033704474022645044
5.445242365425021e-05
0.0001220848134694104
0.00014785954383239225
0.0007144609944543985
0.0007144609944543985
0.0005839930549631044
0.0004604494640839985
0.00031364637845895124
0.000523328917797024
0.0007144609944543985
0.0007144609944543985
0.00016638295951246728
0.0005137383323058172
0.00010881597174515657
9.1966653690591e-05
0.00038519657480552656
0.00031054487339351186
0.00033219684113964935
0.0009667409443289464
0.00019113207665737457
0.0001617704560158046
0.0005839930549631044
0.0005839930549631044
9.069180445295748e-05
0.0006643936822792987
2.3285194380201498e-05
8.584380101450063e-05
0.001428921988908797
0.00021872313373718345
0.00042326210882279473
0.0007144609944543985
0.0006321448895421805
0.0007144609944543985
0.0006321448895421805
8.704337723766544e-05
0.00041936084513866844
0.0005839930549631044
0.00037372979546373676
0.00047765118694454925
0.00011887511391117607
5.230021615494762e-05
0.00014201864138843324
0.00045352511547181037
0.00045352511547181037
7.419338364783869e-05
0.00015952969073954767
0.00035290253267317916
0.00036280768393482233
0.0005498287846299625
0.0006321448895421805
0.0006673037795456553
0.001099657569259925
0.0007058050653463583
0.0018964346686265417
0.000509457270628465
0.000935025359435489
0.0006321448895421805
0.0005498287846299625
0.0004010543672522552
0.0002501765486763323
6.509037755253804e-05
0.000409855210394558
0.0007144609944543985
0.00028023697653933416
0.00017241253040201448
0.0001877336136187143
0.00020823776538164075
0.00021512416024580504
6.359655865685791e-05
0.0004675126797177445
0.00036478814759827904
0.00029223839550709865
0.00042969405839800664
0.0004010543672522552
0.00023225481628569815
0.000523328917797024
0.00024752903489794886
0.00010954231673934309
0.00013422364544365134
0.00023724742107003884
0.00029223839550709865
0.00038519657480552656
0.0006210897467870237
8.061307370594323e-05
0.0002310375491109893
0.0002117882963983363
0.0004675126797177445
0.00038519657480552656
0.00039286097830572986
0.0006321448895421805
0.00015548645019108093
0.0010964744619681162
0.0002501765486763323
0.00014993871137348013
0.0007559939487784858
0.0009437127635937483
0.00042969405839800664
8.852480772915095e-06
0.0003754672272374286
0.00011607230981197448
0.00010774506006351965
8.825519424588937e-05
0.00027638060306037
0.0007144609944543985
0.0007144609944543985
0.00017437050748952154
0.00020823776538164075
0.0012421794935740475
0.00023642215742781926
6.177889631112739e-05
0.00128908217519402
0.0005777858112947488
0.00011399622759379319
5.812350249650718e-05
0.00019113207665737457
0.00017168760202900126
0.0003575293762092654
0.0001982903974142734
0.0002665973148396304
0.00033512926263042683
0.0005016769500508864
0.0005712781693479576
0.0002407410710682983
0.0004728443148556385
5.409092391274747e-05
0.0006057609397866171
0.0007144609944543985
0.00039286097830572986
0.00013333449417586086
0.00027058642776096116
0.00038519657480552656
0.0005016769500508864
2.906175124825359e-05
0.000523328917797024
0.00010385226861569091
0.0001584249661560803
3.4211377448532344e-05
0.0005777858112947488
8.116311492010328e-05
0.0005839930549631044
0.00011941279673613731
0.0003230571759805163
0.00010666321727431015
0.00041936084513866844
0.0002824720426860611
0.00033219684113964935
0.00021336476456480696
3.9625037970392016e-05
1.7776634217094055e-05
1.2512302587004415e-05
0.00045842312228505395
7.073432255190991e-05
6.865081233309886e-05
8.002121154188718e-05
0.0005649440853721222
7.073432255190991e-05
0.00038517847297844446
0.00013207335618986487
0.0003066508512128692
0.0002224345931818851
8.825519424588937e-05
0.0003212895769510337
0.00041936084513866844
0.0005492064986647909
0.00023257486239172678
0.0007144609944543985
4.486670407838545e-05
0.0003066508512128692
0.00024687768908108316
2.4347112362092157e-05
0.0006996510835329908
0.00014993871137348013
0.0007144609944543985
0.00010737647489190058
0.00038519657480552656
0.00024522300057012205
0.00020015593777384307
6.212129699792816e-05
0.00036549148732270537
0.004671944439704835
0.0005839930549631044
0.0005016769500508864
0.000582193494444456
0.0004010543672522552
0.00029223839550709865
0.00026476558273766816
0.0005839930549631044
0.00027969011499855335
5.3635042215328e-05
7.447080718611352e-05
0.0008593881167960133
0.00017957510010586608
0.0010111342206793514
0.0003779969743892429
0.000523328917797024
0.0005839930549631044
5.500797122135775e-05
0.000523328917797024
9.97567925507052e-05
0.00031054487339351186
0.00040031187554768615
0.0001655463424788533
0.00041936084513866844
0.0009070502309436207
0.0008381618127097917
0.00041753907773894877
0.0004164755307632815
0.000441012812884806
7.65804798482489e-05
0.000441012812884806
0.0002746481522671515
5.738473340109631e-05
0.00027028927646938954
0.0006321448895421805
0.00041936084513866844
0.00035290253267317916
0.00023432020810698495
0.00020015593777384307
0.00010524942633471751
0.00012343884454054158
0.00023225481628569815
0.00039286097830572986
7.889018359913667e-05
0.00011324221213161412
0.0015119878975569717
0.000935025359435489
0.00014201864138843324
9.133996602868649e-05
0.00039111663408766416
0.00041122739628323595
0.000295680869477025
0.004193608451386685
0.00033704474022645044
0.00040031187554768615
0.00012508827433816615
0.0009808920022804882
0.0006321448895421805
0.00011174839323593401
0.0002017289016483553
0.00015096691724531685
0.0005931185526750971
0.0003066508512128692
0.0002282287684812939
0.00029987742274696026
0.0001391796925796496
0.0004904460011402441
6.185221443879227e-05
0.0002017289016483553
0.0007144609944543985
0.0004675126797177445
0.00029223839550709865
0.0003066508512128692
0.00016232622984020656
0.00038519657480552656
0.0004675126797177445
0.0005434809692453363
0.000441012812884806
0.0003066508512128692
0.0006099689392852824
0.00017746678407825543
0.00020992229059488068
0.0002486904752205388
0.00032753910548234005
0.0003779969743892429
0.00010666321727431015
8.584380101450063e-05
0.0005839930549631044
0.00011027313157700424
7.285504027046675e-05
0.00011100847161276612
0.000295680869477025
0.00045352511547181037
0.00032753910548234005
0.0009180404886306237
0.00016756463131521341
0.000358696707972588
9.009642548979651e-05
0.00020992229059488068
0.00020823776538164075
0.00019258923648922223
0.0008387216902773369
0.000441012812884806
0.000295680869477025
0.00037120901055959243
0.0004675126797177445
0.0005498287846299625
9.133996602868649e-05
0.000409855210394558
0.0004010543672522552
4.402445206328829e-05
0.00028789938531309116
0.00023882559347227462
0.0002282287684812939
0.00045352511547181037
0.00042969405839800664
0.00013017864084313062
0.0007144609944543985
0.0005498287846299625
0.00023225481628569815
0.0004267295291296139
9.515067916603746e-05
3.735729725353402e-05
0.00017365607094090447
0.0002727428119202675
0.0007144609944543985
0.00017241253040201448
0.000409855210394558
0.00015553965178069333
0.0005498287846299625
0.0035723049722719926
0.00220506406442403
0.0001882703228487432
9.228277867194923e-05
0.0011679861099262087
0.0003066508512128692
0.00029223839550709865
7.94543511035866e-05
0.0009629461824461112
7.518110993904774e-05
0.00012508827433816615
0.0005498287846299625
1.9812518985196008e-05
3.354326428595041e-05
3.9092655384624694e-05
0.0002856390846739788
9.731686849982994e-05
9.842242978940178e-05
0.00041936084513866844
0.0001004296387491347
0.0007144609944543985
0.0004486694926013025
0.0007144609944543985
0.00037120901055959243
0.0004833704721644732
0.000523328917797024
0.00016064478847551685
0.00018007693390221784
0.0004010543672522552
0.00042969405839800664
0.0001551711451826847
0.00024848518799171264
0.00018140384196741117
0.0007144609944543985
0.00030288046989330856
0.0005839930549631044
0.0016395099734192607
0.0001267609363041716
0.0004467579942359096
0.00031054487339351186
0.00035823839020841195
5.546916417512742e-05
0.00018274574366135269
0.0021433829833631957
0.0001687581794154185
6.660322649975188e-05
0.00032644791523546977
1.9930274276151274e-05
0.0004010543672522552
0.0005498287846299625
0.00022626579756876357
0.00024752903489794886
0.00023022473204199924
0.00012343884454054158
0.0004034578032967106
5.2277804170058636e-05
0.0002224345931818851
4.742990508325754e-05
0.0004010543672522552
0.00015665736712659777
0.00038517847297844446
0.0006210897467870237
0.0023359722198524175
0.00025862989899835874
0.00021872313373718345
0.0002856390846739788
0.0006740894804529009
0.00027638060306037
6.762260646126217e-05
0.0007144609944543985
0.0002824720426860611
0.00024201374969908562
0.00030288046989330856
6.0664137166080496e-05
0.0002575314030435019
0.0004997614724548628
0.00017365607094090447
0.0005958106083242442
0.00024522300057012205
0.00018646007666570222
0.00010881597174515657
0.00012214181110240213
0.00020992229059488068
0.00018969257980411855
0.00020015593777384307
8.886577161321013e-05
0.00033219684113964935
0.00023022473204199924
0.00027058642776096116
0.00028789938531309116
0.0004010543672522552
0.001264289779084361
0.0005839930549631044
0.00010809404224933803
0.00035290253267317916
5.1381520396135765e-05
9.515067916603746e-05
0.00011941279673613731
0.00017241253040201448
0.00038519657480552656
0.0002547286353142325
0.00041936084513866844
0.0005984522378134252
0.00037120901055959243
0.0001449271223416148
6.359655865685791e-05
0.0005712781693479576
0.0007144609944543985
0.0006846863054438818
0.0006321448895421805
8.97334081567709e-05
8.637626289922083e-05
0.0001449271223416148
0.0002572288757954657
0.00019258923648922223
0.00023567966572325013
0.0003066508512128692
6.609679913809112e-05
0.00014690645209931768
6.359655865685791e-05
0.0007144609944543985
0.0005839930549631044
0.0005839930549631044
0.0005498287846299625
0.00018140384196741117
0.000935025359435489
0.000735733229524728
0.0007144609944543985
0.000409855210394558
0.000131048659652589
0.00037372979546373676
0.0006550782109646801
7.776982589034667e-05
0.0005839930549631044
0.00038519657480552656
0.00032753910548234005
0.0007144609944543985
0.00013369762530835374
3.670149333494453e-05
0.00038519657480552656
0.00015200410319476698
0.0007144609944543985
0.0007144609944543985
7.126096215706125e-05
0.0002224345931818851
0.00038519657480552656
0.0004675126797177445
0.000523328917797024
0.00032753910548234005
0.00016521292998573087
0.000409855210394558
0.0002597828889904734
0.00014201864138843324
0.00042969405839800664
0.0001787646881046327
7.393394337786413e-05
0.00032046206695597184
0.0007144609944543985
8.893075162972967e-05
0.00010455560834011727
0.0007098671363130217
0.0002407410710682983
0.00032753910548234005
4.194459091072044e-05
0.001710494969513457
5.3635042215328e-05
4.030653685297161e-05
0.00014394969265654558
8.825519424588937e-05
0.00022626579756876357
0.00039720707221616274
0.0002385619817406321
0.00039111663408766416
0.00015096691724531685
0.00033219684113964935
0.0003145709211979161
0.00016521292998573087
0.0007144609944543985
0.00038519657480552656
0.0002888929056473744
0.0004675126797177445
0.0005016769500508864
0.00010818184782549494
0.0003779969743892429
0.00027281405764993086
2.438180620877249e-05
0.0003145709211979161
0.00013320645299950376
0.00045253159513752714
0.0007144609944543985
5.546916417512742e-05
0.00034209899390269137
7.232129988284791e-05
0.0004833704721644732
9.133996602868649e-05
0.00038519657480552656
0.00015733042351083175
0.00012343884454054158
0.00022626579756876357
0.0007144609944543985
0.00020823776538164075
0.00022799245518758638
0.0007144609944543985
0.0001410647644822748
0.00010809404224933803
0.0002017289016483553
2.906175124825359e-05
0.00027058642776096116
0.0007144609944543985
0.00018007693390221784
0.0002049387466774076
0.0007144609944543985
0.0002824720426860611
3.3971326283645404e-05
1.9930274276151274e-05
0.00011399622759379319
0.0018964346686265417
0.002528579558168722
0.0010602473942942828
0.0006321448895421805
0.00034482506080402896
0.0002385619817406321
0.000523328917797024
0.00019258923648922223
0.00014790862712978127
0.00011249295389644078
7.339119032940246e-05
8.97334081567709e-05
0.00019406449814815202
0.00035290253267317916
0.0001749127708832477
0.0001382482600688726
0.000441012812884806
1.8673583129156753e-05
0.00011551877455549465
0.0003779969743892429
0.0002065768007351564
0.0002547286353142325
0.00023432020810698495
0.00011727796615387409
9.1966653690591e-05
0.00041936084513866844
0.00026779201562486977
0.0002572288757954657
0.00014146864510381982
0.0005016769500508864
0.000441012812884806
0.00015778036719827333
0.00045352511547181037
0.00038519657480552656
0.0003187382623400373
0.0005016769500508864
6.261101742939682e-05
0.00047898929038734755
0.0006947559069715774
0.0007149012103914925
8.059079074568607e-05
0.0004374462674743669
0.0004302483204916101
0.00010909712476810698
0.0005839930549631044
0.0010689144323559187
0.00036478814759827904
5.664825506624698e-05
7.556032892294392e-05
0.000509457270628465
7.419338364783869e-05
0.0002547286353142325
0.001094364442794837
0.00017651038849177873
0.00036015386780443567
0.0007144609944543985
0.0006321448895421805
0.00024522300057012205
0.00024296089338773482
2.5418611688273644e-05
0.0001562458768284141
0.0004814821421365966
0.00014993871137348013
6.559252221756328e-05
0.0011411438424064695
0.00012370442887758455
0.00022626579756876357
0.0007364119268264882
0.00014891933141196985
4.960899441092375e-05
0.0009070502309436207
6.253110266464754e-05
0.0001854759107126518
0.00017746678407825543
0.0001267609363041716
0.00014690645209931768
0.0002008592774982694
0.00024752903489794886
3.435752836821137e-05
2.613525926506661e-05
0.0006220604012924708
0.0002385619817406321
0.00014993871137348013
4.916996605013118e-05
0.00023642215742781926
0.0001562458768284141
0.00010009930364633716
0.0002498807362274314
9.1966653690591e-05
0.00032753910548234005
8.059079074568607e-05
0.0021433829833631957
0.00012620553138904407
0.0001383365460103076
0.0021433829833631957
0.0007144609944543985
0.0015050308501526593
0.0021433829833631957
0.0021433829833631957
0.0018964346686265417
0.001428921988908797
0.001428921988908797
0.001428921988908797
0.001428921988908797
0.0009070502309436207
0.001264289779084361
0.0004771239634812642
0.0003779969743892429
0.0007144609944543985
0.0004010543672522552
0.0001562458768284141
0.0006321448895421805
0.00042969405839800664
0.00020770453723138182
0.00016064478847551685
0.0003957752979694252
0.0003473779534857887
0.0003473779534857887
9.90877370551932e-05
0.00032581379131580807
8.644207450320052e-05
0.00027344818156959256
8.289682507351292e-05
6.711182272182567e-05
0.000523328917797024
0.00033704474022645044
4.444483139195362e-05
0.00021163105441139736
8.637626289922083e-05
0.00011475506107882796
0.00045253159513752714
0.000441012812884806
0.00026779201562486977
6.81355966167873e-05
0.0001749127708832477
0.0007144609944543985
0.00021336476456480696
0.00020992229059488068
0.00027058642776096116
0.00027058642776096116
0.0003066508512128692
0.0003066508512128692
3.6572709313158734e-05
0.00027058642776096116
0.00033219684113964935
0.00024041432229010738
0.00038519657480552656
0.0004833704721644732
0.00015221772248772469
0.0001640543155631838
2.9803985141524298e-05
0.0002992261189067126
0.00024522300057012205
0.000358696707972588
0.0004010543672522552
0.0006321448895421805
0.00014891933141196985
0.00011367316869850717
0.0005016769500508864
0.0002992261189067126
0.00020133546816547703
7.447080718611352e-05
0.0005839930549631044
4.3188131449610413e-05
0.0003229517359354984
0.000295680869477025
0.00010524942633471751
5.8748659570056836e-05
9.133996602868649e-05
0.0005016769500508864
0.0013605753464154312
0.00039286097830572986
0.006430148950089587
0.0015517127736181303
0.0006381187629581907
0.00441012812884806
0.00035290253267317916
7.889018359913667e-05
2.4975942459970194e-05
0.0002856390846739788
0.00042969405839800664
0.0003473779534857887
0.0006321448895421805
0.0007703931496110531
0.00015778036719827333
0.0007568398496236438
0.00036280768393482233
0.00037120901055959243
0.00010954231673934309
0.00039111663408766416
0.00020992229059488068
0.0002547286353142325
0.00039286097830572986
0.0006321448895421805
5.8274578955071735e-05
0.00013459390908227662
0.00045352511547181037
0.00037120901055959243
0.0008593881167960133
0.00015410605251560123
0.00024296089338773482
0.0001410647644822748
0.000441012812884806
0.00017618291172157515
0.00026779201562486977
0.0004010543672522552
7.818531076924939e-05
5.738473340109631e-05
0.0007144609944543985
0.00019860353610808137
0.0007144609944543985
0.0007144609944543985
0.0004833704721644732
5.1381520396135765e-05
0.00015200410319476698
0.00030288046989330856
0.0007144609944543985
0.00037120901055959243
0.0005839930549631044
0.00024201374969908562
0.00012845749424819262
0.00024296089338773482
0.0002385619817406321
0.0004833704721644732
0.00024687768908108316
0.00010524942633471751
0.00018007693390221784
0.0005285487351647255
0.00015952969073954767
0.00042969405839800664
0.0001640543155631838
1.3806670020033033e-05
0.00013730162466619772
0.0005498287846299625
0.0004411287299621812
0.0002597828889904734
0.0004131536014703128
0.0004833704721644732
0.000523328917797024
0.00031054487339351186
0.0035723049722719926
0.0003066508512128692
0.00011174839323593401
0.00021512416024580504
0.0003019338344906337
0.0007144609944543985
0.0002572288757954657
0.00031054487339351186
0.0005498287846299625
0.00032753910548234005
0.0006321448895421805
0.0004564575369625878
0.00036478814759827904
0.0001711818765254281
0.00027938727090326393
0.00019684485957880356
0.0006057609397866171
6.794265256729081e-05
0.00019860353610808137
0.0004833704721644732
0.0005498287846299625
0.0001854759107126518
0.0005016769500508864
5.131706617279852e-05
0.0005839930549631044
7.776982589034667e-05
0.00010881597174515657
0.0003066508512128692
0.00023642215742781926
0.0005247860776288716
0.0005016769500508864
0.0007144609944543985
0.00045352511547181037
0.00038519657480552656
0.00018686489773186838
0.0005498287846299625
0.000523328917797024
0.00045352511547181037
0.0001382482600688726
0.00041936084513866844
0.0005498287846299625
0.0021433829833631957
0.00023642215742781926
6.509037755253804e-05
0.00015305042746412788
0.0005016769500508864
0.00042969405839800664
0.0008021087345045104
0.0001391796925796496
0.00012592166046942273
0.00011654915791014347
0.00025227994987454794
0.00014750989815039356
0.00012181201038325385
0.00031054487339351186
0.00042969405839800664
0.000441012812884806
0.0005498287846299625
0.0007144609944543985
0.0007144609944543985
0.0007144609944543985
0.00023642215742781926
0.0007144609944543985
0.00033704474022645044
0.00019258923648922223
0.00035290253267317916
0.0003187382623400373
0.00027638060306037
0.0005839930549631044
0.00021691001399449462
0.0001711818765254281
0.00019677756665268983
0.0007144609944543985
3.358637607188976e-05
0.00038517847297844446
0.0004010543672522552
0.0003575293762092654
0.0010033539001017729
0.0016494863538898876
0.0008976783567201379
0.001428921988908797
0.0001679318803594488
0.000523328917797024
0.0009070502309436207
0.00029223839550709865
0.00020015593777384307
0.00033219684113964935
5.970253647621527e-05
6.509037755253804e-05
0.0002992261189067126
0.000441012812884806
0.0007144609944543985
0.0001170610954066548
0.00017746678407825543
0.00045352511547181037
0.0006321448895421805
0.00029581725425956255
0.00017746678407825543
9.071656808094283e-05
0.0002033229797617608
0.0001882703228487432
0.0004675126797177445
0.00038812899629630404
0.0002498807362274314
0.00014690645209931768
0.0007144609944543985
0.0005016769500508864
0.00027344818156959256
0.00012426069582293842
4.529008077044468e-05
0.000441012812884806
0.00026779201562486977
4.6570388760402996e-05
0.00020992229059488068
7.447080718611352e-05
0.0006906741961259978
0.0003473779534857887
4.486670407838545e-05
0.00013640702882496543
9.776082898999983e-05
0.00034209899390269137
9.776082898999983e-05
0.00037120901055959243
4.829674861333865e-05
0.0006321448895421805
0.00016638295951246728
0.0001687581794154185
0.00037120901055959243
0.00019860353610808137
0.0002385619817406321
0.0002033229797617608
0.0007144609944543985
0.00031054487339351186
0.0005498287846299625
0.00013280805533358707
0.0003066508512128692
0.0005016769500508864
0.000441012812884806
0.00045352511547181037
0.0002824720426860611
0.00019113207665737457
0.0006133017024257384
0.00030821210503120247
0.00010315980580043382
0.00017365607094090447
0.00030821210503120247
0.0001787646881046327
9.133996602868649e-05
0.00021336476456480696
0.00020823776538164075
0.00019420578717558164
0.0005839930549631044
0.0010033539001017729
0.0006321448895421805
0.000441012812884806
5.409092391274747e-05
0.0001024713572849166
0.00012100687484954281
0.0002623930388144358
6.261101742939682e-05
7.021000807399856e-05
0.0001981754741103864
0.0004010543672522552
0.00022201694322553225
0.0006321448895421805
0.00037120901055959243
6.9687998282549e-05
8.584380101450063e-05
5.004965182316858e-05
7.021000807399856e-05
0.00021336476456480696
0.00020015593777384307
0.00017365607094090447
0.0007144609944543985
0.00023642215742781926
0.0005016769500508864
0.00033219684113964935
0.00033512926263042683
0.0005498287846299625
0.0007144609944543985
0.0005839930549631044
8.704337723766544e-05
0.00019860353610808137
0.0007144609944543985
0.00015200410319476698
0.0007144609944543985
0.001264289779084361
0.0007144609944543985
0.0007144609944543985
0.0007144609944543985
0.0007144609944543985
0.0011679861099262087
0.001264289779084361
0.0007144609944543985
0.0007144609944543985
0.00027938727090326393
0.0005839930549631044
0.0007144609944543985
0.0007144609944543985
0.0007144609944543985
0.0007144609944543985
0.0007144609944543985
0.0007144609944543985
0.0007144609944543985
0.0007144609944543985
0.0007144609944543985
0.0005839930549631044
0.0006321448895421805
0.00041936084513866844
0.0007144609944543985
0.0005839930549631044
0.0007144609944543985
0.0007144609944543985