0.001930397049111244
0.00036089500112953225
0.0007217900022590645
0.0029321315025903354
0.00936104169149504
0.014433439701745656
0.03206317439388846
0.0010302463812761624
0.010233862650604568
0.00037722935971888557
0.0004027123739497239
0.00031472797006711073
0.00011290682542661645
4.0874541126867445e-05
0.0003135604029336659
0.0004701867695170226
0.0008657382330003339
0.00029382599891601273
0.00036976901128271027
0.001806376022190899
0.0004090121577633111
0.0006774278366368903
0.0007872202038926591
0.00012946299972744674
0.00047345320022943967
0.0004019374075826774
0.0007052801542755339
0.00044492251621931317
0.0010302463812761624
0.0011118864437375377
0.0019761281425967974
0.0005325959074135217
0.0015453695719142438
0.0005496262037537243
0.0004070741639782794
0.00041428086689850616
0.0014454465426310872
0.0003378795308482864
0.00013332996123072553
0.0013547820166431744
0.002460862038711468
0.0005032091831378526
0.0001823175821962158
0.0020002548020877503
0.0008160575856910404
0.0005209977883178879
0.0002922486135897444
0.0001387452583117442
0.00012808535620953708
0.01122678661457244
0.002161567973690717
0.0009803474628094651
0.002361660611677977
0.0005998281931205136
0.0004997111621815036
0.0012494741807846895
0.0003056225812003812
0.00013786529243951535
9.458595369389238e-05
0.0006699355292356286
0.0003467052478331496
0.0008657382330003339
0.0015873247298111735
0.0009994223243630072
0.00014830750540643773
0.0004136798570865265
0.0003952256285193595
6.485922169317838e-05
0.0010678699239777777
0.0001104498620255489
0.002048527340342333
0.0004363612138643873
8.027444479334044e-05
0.0005559432218687688
0.0002545659286227442
2.9261996553073674e-05
0.003936101019463296
0.0001062707046503949
0.00011442836587152204
5.4177332282413295e-05
0.0003108610085638319
0.0006934104956662992
0.00018267772780586726
0.002797749077074487
0.00025844261658615096
0.0016976967448795548
0.0002222725499632526
0.0015543050428191594
0.0003660270708188303
0.00011442836587152204
8.001019208351001e-05
0.0006515847783534079
0.00013864842027162217
0.00037136866978250356
0.0002559071597338952
0.0018174665851688216
0.004472135732096271
0.006932123283041755
0.000111402774339693
9.198186767295046e-05
4.5310593196980826e-05
0.001004066631495885
7.201341586671944e-05
0.00038275419581124717
0.00010835466456482659
0.00034911726497908145
0.00039166270176500085
0.0001833270512012934
6.889913903121905e-05
9.5590054263856e-05
0.00015543050428191594
0.014957183873960523
0.0017797832066296297
0.00034328509761456615
2.7294416868375526e-05
0.0003559566413259259
0.0006965211994744664
0.00013332996123072553
7.914506069143142e-05
0.0003880624795310522
0.0001686367620476998
0.00027811607610107517
4.253336171438403e-05
0.0004211931330738287
0.0009304489965673737
0.0004901737314047326
0.00026770352127717577
0.0001429698857502774
0.0001456559171123828
0.00025268253756422724
2.3347314455247054e-05
0.0038958220485015025
0.0003660270708188303
0.00024099743901081044
0.0012058122227480324
0.00047345320022943967
0.0005325959074135217
0.0009241353484013923
0.0003660270708188303
0.00046206767420069617
0.0005702103739929811
0.00045159400554772476
0.00011910211283694763
0.0031562671264449746
0.00027019599671133964
0.0013930423989489329
0.0011141060093475107
0.0006434656830370813
5.4899829035767706e-05
0.00043286911650016694
0.0005527666786188887
0.0007538752761085522
0.00012325633709423675
0.0008553104787318974
0.0004901737314047326
0.0005766236373557447
0.004536944484823444
0.00041936249919879363
0.0001984155912263967
0.00023703195360617928
0.0003257923891767039
0.00016077210324558921
0.00027022054892154163
8.027769667169272e-06
0.001122678661457244
0.00018642091860721332
0.0004418969029953291
0.0014259585601682373
0.001977444211440751
0.0005527666786188887
0.0006965211994744664
0.0002188289037503024
0.0005499811536038802
0.0006939010093752444
7.391847996006065e-05
0.00046206767420069617
0.00047799934991133884
0.000329698679373862
0.0006294559401342215
0.0011532472747114895
0.0012986073495005008
0.00031472797006711073
0.00017885719268624146
0.0003769376380542761
0.0006434656830370813
0.0001872726065161918
0.00013413285614367434
0.00022449243188329043
0.0012116443901125477
0.0003660270708188303
0.00026639396362486347
0.000910189341605631
0.0006965211994744664
7.968634940390924e-05
0.0003664014479993091
0.00036089500112953225
0.0006434656830370813
0.0006058221950562739
0.0013862030226020885
3.120859728491491e-05
0.00017455863248954073
0.0002631300703748349
9.728883253976758e-05
0.0005136219496583858
0.00044398993937477246
0.00043286911650016694
0.00021059656653691435
0.000790451257038719
0.0007872202038926591
0.00016748388230890715
8.520932525626516e-05
0.00030783948469214706
3.2929348853552005e-05
0.0002294442627299368
0.0009241353484013923
0.000388841386557944
0.0003693858457943453
0.00027532806640063773
0.0005151231906380812
9.859190952454405e-05
0.00017384838892560577
0.00010165221490495845
0.00019448583631046545
0.00041488675544311773
0.00043286911650016694
0.00018462906198244515
0.006342860010913192
0.002378798128213872
8.81704039194581e-05
0.0007872202038926591
0.0001833270512012934
0.0004164913935948965
0.00021110742210865078
0.0002205393987462923
0.00044805793129783624
0.003401472430562865
0.0006965211994744664
5.053760556919599e-05
0.00012069787656395833
7.571285401780596e-05
9.859190952454405e-05
0.0003843896979963294
0.0002294442627299368
0.00014901830179502005
0.00024143209415816355
0.00035119789857713656
0.0003183131533451185
0.00011919886034885055
0.00012828254873214353
0.00015968619656622033
0.0004244241862198887
0.00029205519139305456
4.218963766270657e-05
0.00034217011208197433
5.514660340986065e-05
0.00021547356596242662
0.00011989756211872179
0.0003692581239648903
0.00024954912308846813
1.7746559227436307e-05
0.00021280610731727256
0.00022414937336668984
0.0004303072819192486
0.00023130033645841477
0.00014439438034031876
0.00041802094868554474
0.0004418969029953291
0.00021689112729125778
0.00012394900042159805
0.00045159400554772476
0.0006965211994744664
0.0005403919934226793
0.0017108505604098718
0.00019854331305585167
0.0007872202038926591
0.0002720191952303468
7.450915089751002e-05
0.000436714497632831
0.00021382761968297435
0.0005578324755548528
0.011021082854497226
0.0006439986817532147
0.002847653130607407
8.63055124407906e-05
0.0004445450999265052
0.0003237341942315184
0.0007872202038926591
0.0002139832972886719
0.0001984155912263967
0.002171404802739545
0.0006474683884630368
0.00019448583631046545
0.00018861467985944278
0.000507340671935879
0.00014929574000119652
0.0012051822838204278
7.678487789071458e-05
0.00012935733993010612
0.00023678482448797697
0.00015130887207607304
0.0025262650079067254
0.0004244241862198887
0.00017384838892560577
3.658395989317951e-05
0.0012116443901125477
0.00023208014419398565
0.0005454737454786376
2.776784616573674e-05
0.00010739075184425233
0.0002128607528520391
0.0007872202038926591
0.0006515847783534079
0.00046206767420069617
0.0003026177441521461
0.0007872202038926591
0.0026464727849555077
0.00024954912308846813
0.0004997111621815036
0.0031955754444811303
0.00041488675544311773
0.00016054888958668087
0.00046636623439739685
0.0005151231906380812
0.0012869313660741626
0.0007872202038926591
1.7623793039419927e-05
0.0005814402991560462
0.00035257672694078237
0.0010302463812761624
0.0006965211994744664
0.0001429698857502774
0.0002450868657023663
0.0006115667078756942
0.0002450868657023663
0.002361660611677977
0.0002978149695837775
0.0004244042409406964
0.0004997111621815036
0.0005766236373557447
0.0003005968691852357
5.514611697580614e-05
0.0004997111621815036
0.00048592463293755213
0.0012869313660741626
8.446682639473642e-05
0.00020744337772155886
7.401348435968716e-05
0.0007667673030487776
0.0006965211994744664
0.0012986073495005008
0.00011752557564692745
0.0006058221950562739
0.0007996396251208385
0.0002135042780926998
0.0011055333572377775
0.00011290682542661645
0.0012313579387685882
0.0003503654941369831
0.0002514711076637818
0.00046206767420069617
0.0002562597986642196
4.971416104688964e-05
0.00047406390721235856
9.006225861722871e-05
0.0007872202038926591
0.0005151231906380812
1.4630998276536837e-05
0.00013511027446077081
0.0009031880110954495
0.00039975525765280064
0.00031175103051802894
0.0021303836296540867
0.0002222725499632526
7.201341586671944e-05
7.85180291076749e-05
1.6464674426776003e-05
0.0007872202038926591
9.701561988276305e-05
0.0001006418366275705
3.1143400464404635e-05
0.0003387204762798494
0.00041178965411596427
9.393005756425256e-05
9.327743275060156e-05
8.882254008515649e-05
0.0010535936957314098
5.084033166666441e-05
0.0001533534606097555
3.818100346897073e-05
0.0003769376380542761
0.0003234607809998491
0.0006434656830370813
0.0005527666786188887
0.0001387452583117442
0.00034217011208197433
0.000141539336084857
0.0002759487685921111
0.0003184442843299057
0.0006965211994744664
0.00010222667137812445
0.00013157354554506
5.372959644801506e-05
0.0003005968691852357
0.00045159400554772476
0.00011065718255666937
0.00030256826839667676
0.00019583135088250043
0.00010272438993167716
5.372959644801506e-05
6.473149986372337e-05
0.0003692581239648903
0.0004090121577633111
0.0005305152738154666
4.218963766270657e-05
1.921681069416924e-05
0.00031472797006711073
0.00040570328659302014
0.0005766236373557447
6.372670284257066e-05
0.00046006038182926654
0.00010452013431122196
0.00021382761968297435
0.00015820177064511758
8.330353849721021e-05
0.0004102737901169285
0.00010342600557451616
0.00015543050428191594
0.000561339330728622
0.0001528112906001906
0.00026770352127717577
0.00035119789857713656
0.00020685201114903232
0.00038275419581124717
5.1313019492857417e-05
0.0002559071597338952
5.522493101277445e-05
0.0002738302890174666
0.0003150821001990585
0.00023318311719869843
0.0006270314230283171
0.00029859148000239305
2.9998872145765746e-05
0.00013070410045994759
0.0004418969029953291
0.0005305152738154666
0.0002628566336925253
0.0003257923891767039
0.00048592463293755213
0.0001543878612841737
0.0004445450999265052
0.0006965211994744664
0.0006066126375084672
0.0006058221950562739
0.0009718492658751043
0.0003108610085638319
5.1313019492857417e-05
0.0001618670971157592
1.701758239001151e-05
0.0007023957971542731
0.0005325959074135217
0.0013930423989489329
0.00043286911650016694
0.011021082854497226
0.006297761631141273
0.0002862386336360835
0.0004276552393659487
0.0005962847642795028
0.0005685357095195113
6.517057690457346e-05
0.00018012451723445743
0.00031472797006711073
0.0038848103307782206
0.00034217011208197433
0.000832982787189793
0.0002450868657023663
0.0006058221950562739
0.00045159400554772476
0.0005325959074135217
0.0002536703359679395
0.0002774905166234884
0.000280669665364311
0.00012789287043759887
8.34996038827841e-05
0.00029266589837597344
9.458595369389238e-05
0.0003952256285193595
7.564206709916919e-05
0.00012737771373196225
0.0011856768855580786
0.00037136866978250356
0.0005766236373557447
0.0007119132826518518
0.0003112384031644849
0.0002404146943518935
6.010367358797337e-05
2.4112527185067125e-05
0.00030129557095510696
0.0001733526239165748
0.0002512107287197962
0.0003973464190787539
0.00011596780720279058
0.00015968619656622033
5.6806216837510104e-05
0.0018470369081528826
0.0003378795308482864
0.0006965211994744664
0.0006965211994744664
0.0007872202038926591
0.00034217011208197433
0.0007872202038926591
0.0001272829643113721
2.757305848790307e-05
0.00020436438851345818
0.00029506339293165074
0.00031472797006711073
0.00045159400554772476
0.0002834245250931057
0.0002294442627299368
0.0016869820730756732
0.00038275419581124717
0.0006965211994744664
0.0012869313660741626
0.002257970027738624
6.661844509078348e-05
3.407555712604148e-05
0.00029660134107495367
0.00016979988974075136
0.00015252099499999324
0.0001543878612841737
0.0005422278182281445
0.0010662902107571768
0.00013332996123072553
0.0002294442627299368
0.0001326224184754864
0.003936101019463296
0.00010357021672462654
0.0003718883170365685
0.0002536703359679395
0.0003112384031644849
0.00022402896564891812
0.00014138399239893869
0.00034431525854866554
0.0006965211994744664
0.00046206767420069617
0.0007320541416376606
0.00016173039049992456
0.000141238900736124
0.0005766236373557447
0.00023318311719869843
0.00032199934087660733
0.00045159400554772476
8.692419446280289e-05
0.0005527666786188887
0.00045159400554772476
0.00044805793129783624
9.791567544125021e-05
2.6826571228734866e-05
0.0005151231906380812
0.0004418969029953291
0.0003559566413259259
0.0002652576369077333
0.0006965211994744664
0.0005823750299781263
0.0005766236373557447
9.791567544125021e-05
2.8007189799342185e-05
0.0007119132826518518
0.00036089500112953225
0.00015968619656622033
0.0002294442627299368
0.00047345320022943967
9.327743275060156e-05
0.00014536007478901155
0.0001360095976151734
0.0016360486310532444
0.00043286911650016694
0.00016634107151736177
0.0004418969029953291
0.0006965211994744664
0.00045159400554772476
0.0005404410978430833
0.0002868761804273957
8.568974187435908e-05
0.00020901047434277237
0.002310338371003481
0.0004019374075826774
0.0018938128009177587
0.00018594415851828425
7.678487789071458e-05
0.0006965211994744664
0.00028911459564458925
0.0007872202038926591
0.00035155171981592396
0.00048592463293755213
0.0002294442627299368
0.00043094713192485325
0.0006058221950562739
4.307376943102516e-05
0.00048592463293755213
6.95998254656455e-05
0.00012946299972744674
0.0004090121577633111
0.0007872202038926591
0.0005527666786188887
0.0007878788362743499
0.0003112384031644849
0.00021547356596242662
0.00016634107151736177
0.00036089500112953225
0.0003019255098827115
0.0008038748151653548
0.000329698679373862
0.0007872202038926591
0.00014248411278050584
0.00016520815531570257
0.00037432368463270223
0.0021071873914628196
0.0002446266831502776
0.0015744404077853182
0.0007427373395650071
0.0001850477094848544
0.0002628566336925253
0.00016054888958668087
0.0002125414093007898
0.0013930423989489329
0.00027532806640063773
0.000777682773115888
0.0017314764660006678
7.28279585561914e-05
0.00011919886034885055
4.2907268920249805e-05
0.00024259558574988684
0.0005029422153275637
0.00010932214074163794
5.3695375922126164e-05
0.001014681343871758
0.00046206767420069617
0.0006965211994744664
0.00017215762927433277
0.0005454737454786376
0.00023703195360617928
0.00024302617738350356
0.00013782700188450547
0.00010844556364562889
0.00037136866978250356
4.216134364754562e-06
0.0005527666786188887
0.0010651918148270433
0.0007872202038926591
0.000659397358747724
0.00036089500112953225
0.0002222725499632526
0.0005766236373557447
0.00024447211013973
0.00029506339293165074
0.00026770352127717577
0.0011532472747114895
0.00047345320022943967
0.0005527666786188887
0.00017132086422078424
0.0002568365594922535
0.0007538752761085522
0.0006965211994744664
0.0006093086918612439
6.54905531143674e-05
0.00036413979278095696
0.0011141060093475107
1.5931675710642666e-05
0.0004997111621815036
0.00035119789857713656
0.00046206767420069617
0.0004090121577633111
0.0001006418366275705
0.0003968311824527934
0.0001984155912263967
0.0001872726065161918
0.00046206767420069617
0.0004997111621815036
0.0002779716109343844
0.002361660611677977
0.00014343809021369786
0.00024718052643009385
0.00037136866978250356
0.00020544877986335432
0.000111402774339693
0.00016748388230890715
0.000334208323019079
0.00030129557095510696
0.0006965211994744664
0.0010651918148270433
0.0003112384031644849
0.00015656555963962845
0.0001387452583117442
0.00015543050428191594
0.00016297133154974695
0.00024718052643009385
0.0002536703359679395
0.0005151231906380812
0.00018076126303542128
8.63055124407906e-05
0.00045159400554772476
0.0017298709120672343
6.162816854711837e-05
0.0006757590616965728
0.00011989756211872179
0.0002122021204703482
1.0979965807153541e-05
7.968634940390924e-05
0.00038275419581124717
0.0007872202038926591
0.00047345320022943967
0.0002727368727393188
0.00030783948469214706
0.00036089500112953225
0.00022885673174304408
0.0007872202038926591
0.0002478980008431961
0.0013930423989489329
0.0007872202038926591
0.0007872202038926591
0.0005325959074135217
0.0001984155912263967
0.0003129630440238026
0.000280669665364311
0.0004997111621815036
0.0002581828867270997
0.0003952256285193595
0.0001223133415751388
0.0002222725499632526
0.000280669665364311
0.0008038748151653548
0.0006434656830370813
0.0006965211994744664
0.00016979988974075136
0.00039393941813717495
1.9507997702049115e-05
0.00043286911650016694
0.0007872202038926591
0.0007872202038926591
0.0007872202038926591
0.0004164913935948965
0.00037136866978250356
0.000280669665364311
0.0004997111621815036
9.598939754177823e-06
0.0001918153844881847
0.0009277424576223246
0.00019314720419599845
0.0003112384031644849
0.0005527666786188887
0.0001833270512012934
0.00011989756211872179
7.914506069143142e-05
0.0002205393987462923
0.0006040685609245859
0.00016173039049992456
0.001061010602351741
0.0007872202038926591
0.0007872202038926591
0.0002727368727393188
0.00026314709109012
0.0001609594273724092
0.00016979988974075136
0.00027022054892154163
0.00015242444976188457
0.00023130033645841477
0.0007872202038926591
0.0015744404077853182
0.00034217011208197433
0.00029205519139305456
0.0003112384031644849
0.0032173284151854067
0.0003660270708188303
0.0007872202038926591
0.003936101019463296
0.002361660611677977
0.0005527666786188887
0.00045159400554772476
0.0002834245250931057
0.000388841386557944
0.00021689112729125778
0.00046206767420069617
0.0007872202038926591
0.00037136866978250356
0.0002122021204703482
0.0005527666786188887
0.00037136866978250356
7.28279585561914e-05
0.00010771658680820409
0.00045159400554772476
0.0005766236373557447
0.0003045266241011669
0.0002303916452795791
0.00031472797006711073
0.0006965211994744664
3.712716924770827e-05
0.0006434656830370813
0.0007872202038926591
0.0003880624795310522
0.0007872202038926591
0.0004090121577633111
0.0012869313660741626
0.0006965211994744664
0.0020895635984233994
0.004723321223355954
5.084033166666441e-05
0.00035155171981592396
0.0005305152738154666
0.0007872202038926591
0.0006965211994744664
0.0007872202038926591
0.0009549394600353554
0.0006058221950562739
0.0006434656830370813
0.0001852560935662017
0.00024099743901081044
0.0007872202038926591
0.0007872202038926591
5.654308857906725e-05
0.00021547356596242662
0.0020895635984233994
0.0005151231906380812
0.0004164913935948965
0.0007872202038926591
0.0004164913935948965
0.0003769376380542761
0.0006965211994744664
0.0003183131533451185
0.0006058221950562739
0.0005901267858633015
0.007872202038926591
3.2929348853552005e-05
0.00021185835110418603
0.0004244241862198887
0.0003564896400420593
0.00014731311110354012
0.00045159400554772476
0.00020589482705798214
0.00013051190697438935
0.0006965211994744664
0.00017700451685898319
0.000280669665364311
0.0005668490501862114
0.00011596780720279058
0.0002862386336360835
0.00026639396362486347
1.9586969367855668e-05
0.00015232717296531097
0.00033372518180169614
0.00017949699229314706
0.0005325959074135217
0.0005325959074135217
0.00032199934087660733
0.0006965211994744664
0.0005325959074135217
0.0003895211829842991
0.0004244241862198887
0.00026049889415894395
0.0001839637353459009
0.00031472797006711073
7.793775762950724e-05
5.6614106685347545e-05
0.00019412500999270874
0.0003769376380542761
0.00026049889415894395
0.00014830067053747683
0.0003660270708188303
0.00031472797006711073
0.0005368683603152267
0.0006058221950562739
0.00024796085849514675
0.0004244042409406964
9.590769224409235e-05
0.0007872202038926591
0.0004418969029953291
0.0010302463812761624
0.0006058221950562739
0.00038098061640036673
0.0005454737454786376
0.0001984155912263967
0.0003467052478331496
0.0007872202038926591
6.214030620240444e-05
0.00011065718255666937
0.00025796470376748213
0.0007872202038926591
0.00014248411278050584
0.00047345320022943967
0.00043286911650016694
0.00016634107151736177
0.0002628566336925253
0.00035119789857713656
0.00012634126878211362
0.0005766236373557447
0.00011366538409526558
0.00038275419581124717
0.0013256907089859874
0.00046206767420069617
0.00038275419581124717
0.000329698679373862
0.00023130033645841477
0.0003854510413498263
0.0012116443901125477
0.0005527666786188887
0.0004164913935948965
0.0002862386336360835
0.0005209977883178879
0.0002493082319099031
0.00032199934087660733
0.0005527666786188887
0.00087887929953981
0.00014060133204022216
0.00021059656653691435
0.00010484062479969841
0.000362093629691875
0.0006434656830370813
8.754581560283706e-05
0.00029205519139305456
0.0002628566336925253
0.0003559566413259259
0.0004019374075826774
0.00030129557095510696
0.00019134084104576306
0.0002205393987462923
0.0007872202038926591
7.394635001317159e-05
0.000280669665364311
8.265361949838225e-05
3.120859728491491e-05
6.889913903121905e-05
0.0004019374075826774
0.0001006418366275705
0.0005151231906380812
0.0005766236373557447
0.0001899706609461184
0.0006058221950562739
0.00013244880635958462
0.00034217011208197433
0.0005578324755548528
0.00011910211283694763
0.0004019374075826774
0.000280669665364311
1.3432399112003766e-05
0.0002258092788789634
0.0007872202038926591
0.0005766236373557447
0.0005325959074135217
4.9435835135479235e-05
0.000111402774339693
0.0007320541416376606
1.6292644226143364e-05
7.33859594183768e-05
0.00017132086422078424
0.00046206767420069617
3.161433715694625e-05
0.00043286911650016694
7.450915089751002e-05
0.00020968124959939682
4.043909645251345e-05
0.0011055333572377775
3.439930008139161e-05
0.00014789270002634318
0.000283078672169714
0.0002514711076637818
0.000111402774339693
0.00028911459564458925
0.00013782700188450547
0.00017455863248954073
0.005572169595795731
5.6614106685347545e-05
0.00014929574000119652
0.0002461642740701571
0.0002122021204703482
0.00014929574000119652
0.0003150821001990585
0.0007872202038926591
0.000141238900736124
0.0001062707046503949
0.0004418969029953291
0.0005325959074135217
0.0004575629849999797
0.00019987762882640032
0.00014439438034031876
0.00014830067053747683
0.0002514711076637818
0.00041178965411596427
0.0002188289037503024
0.0001733526239165748
0.00019448583631046545
0.00016979988974075136
0.00020589482705798214
0.000306706921219511
0.0003183131533451185
0.0006434656830370813
0.00037136866978250356
0.00024718052643009385
0.0003183131533451185
0.00024718052643009385
0.00021547356596242662
0.00023899967495566942
0.000141539336084857
0.0003952256285193595
0.00018076126303542128
0.0002294442627299368
0.0009980464291041706
0.00022402896564891812
8.63055124407906e-05
0.00013797438429605555
7.0619450368062e-05
0.00514772546429665
0.0002188289037503024
0.0011532472747114895
0.0005766236373557447
0.00013458047701159524
0.00014633294918798672
0.00026770352127717577
0.0002258136508532329
0.0001899706609461184
0.0003466061641520877
0.0007320541416376606
0.00010555371105432539
0.0004516185577579268
9.887167027095847e-05
0.0003589939845862941
0.0002727368727393188
8.942859634312073e-05
0.000329698679373862
0.00046206767420069617
0.00035119789857713656
0.0003882500199854175
0.0012869313660741626
0.000659397358747724
0.00010133234484678857
0.0006058221950562739
0.00028911459564458925
0.0007872202038926591
0.0007872202038926591
0.000388841386557944
6.317063439105681e-05
0.0006058221950562739
0.0006434656830370813
0.0007872202038926591
0.0019988446487260144
0.0007872202038926591
0.0003952256285193595
0.0003666541024025868
0.0006434656830370813
0.0006058221950562739
0.0017675876119813165
0.0003378795308482864
0.0005325959074135217
0.0003769376380542761
0.00017215762927433277
0.0004164913935948965
0.00024625723052956353
0.0003952256285193595
0.0005151231906380812
0.0001281298993321098
0.0004997111621815036
0.00013475008879494007
0.0006883327881898105
0.005572169595795731
0.0002514711076637818
0.0003026177441521461
0.0002862386336360835
0.003936101019463296
8.385962807134818e-05
0.00043286911650016694
0.0002188289037503024
3.532374786781771e-05
0.00010699164864433595
5.6614106685347545e-05
0.00027532806640063773
9.484301147083875e-05
0.0004418969029953291
0.00010484062479969841
0.00043286911650016694
0.00045159400554772476
0.00010991581511236182
2.8007189799342185e-05
9.393005756425256e-05
2.0330442980991688e-05
0.00017097344921153298
0.00011831146992457981
8.568974187435908e-05
0.0006965211994744664
0.00017577585990796198
0.00016010669526192133
0.0006058221950562739
0.0001618670971157592
0.00023703195360617928
0.0003889716726209309
0.00048592463293755213
0.00012069787656395833
0.0003559566413259259
6.791022307351793e-05
0.0006965211994744664
0.00013464850196081226
0.0003112384031644849
0.0003799413218922368
0.00027532806640063773
0.0002122021204703482
0.0005766236373557447
0.0002276141489269259
0.0002652576369077333
0.00036089500112953225
0.00018076126303542128
0.0005325959074135217
0.00021382761968297435
0.000388841386557944
0.0004997111621815036
0.00047799934991133884
0.00022402896564891812
0.0002188289037503024
4.7586320190185375e-05
0.0001434357606397495
8.692419446280289e-05
4.9435835135479235e-05
0.00020744337772155886
0.00028911459564458925
4.6216140090540716e-05
0.0007872202038926591
5.909712244093236e-05
4.2630956812532955e-05
0.0003183131533451185
0.0007872202038926591
0.0002350933847585113
1.8847696193022415e-05
7.401348435968716e-05
0.00021547356596242662
9.590769224409235e-05
0.000111402774339693
0.00037136866978250356
0.0007872202038926591
0.0003585952255342446
6.807032956004605e-05
0.000329698679373862
9.657360209799922e-05
0.00011421390948052283
0.00029205519139305456
8.568974187435908e-05
0.00016077210324558921
0.00026049889415894395
0.0005325959074135217
0.00015754105009952926
0.0001533534606097555
0.00018076126303542128
0.0004244241862198887
0.00017577585990796198
0.0003045266241011669
2.1830184371455802e-05
0.00019696970906858747
5.4177332282413295e-05
0.00022402896564891812
3.7430894913917215e-05
0.0002720191952303468
0.0006515847783534079
0.00048592463293755213
3.0425424684098104e-05
0.0006058221950562739
0.0001223133415751388
0.00015543050428191594
2.9198557700529198e-05
0.0004418969029953291
0.00010272438993167716
9.524515410009168e-05
0.00023193561440558116
9.458595369389238e-05
0.0004997111621815036
0.00014343809021369786
0.00031452187439909524
0.00029205519139305456
0.0007872202038926591
0.0004019374075826774
0.0006965211994744664
0.00012069787656395833
0.0001006418366275705
0.00020285164329651007
0.0003769376380542761
0.0002512107287197962
0.0005766236373557447
0.00034217011208197433
0.0006434656830370813
0.0006434656830370813
0.00046206767420069617
0.0004164913935948965
0.0003968311824527934
0.00019049030820018337
0.0002276141489269259
0.00023318311719869843
0.0004997111621815036
0.00032199934087660733
0.0006058221950562739
0.00010917862440820775
5.909712244093236e-05
8.879798787495448e-05
6.737504439747003e-05
0.00016410951604677138
6.0609867657880475e-05
0.00030783948469214706
0.0002738302890174666
0.0005163657734541994
0.000141539336084857
0.00031472797006711073
0.0015744404077853182
0.00047345320022943967
0.0006965211994744664
0.0007872202038926591
8.265361949838225e-05
0.0005782291912891785
0.0004701867695170226
0.0010302463812761624
0.00029506339293165074
0.0015744404077853182
0.00019696970906858747
0.0001820378683211262
0.000561339330728622
0.0006434656830370813
0.0001223133415751388
0.0006965211994744664
0.00045159400554772476
0.00013244880635958462
0.00010342600557451616
0.000329698679373862
0.0003349677646178143
0.0004090121577633111
0.00030129557095510696
8.027444479334044e-05
0.0007872202038926591
0.00033372518180169614
0.0005325959074135217
0.0006965211994744664
0.00016408496383656936
0.00018462906198244515
0.00019272552067491316
0.00031472797006711073
4.307376943102516e-05
0.00013244880635958462
0.00027019599671133964
0.0006434656830370813
0.0004997111621815036
0.0027860847978978657
0.0008821575949851692
2.6435387069264912e-05
0.0003910792584357819
0.000329698679373862
0.0001564815220119013
0.00031472797006711073
0.0006434656830370813
0.0004019374075826774
0.00011752557564692745
0.0002355540873230247
0.0004588885254598736
0.000111402774339693
4.9902327622029594e-05
0.0006058221950562739
0.00015754105009952926
0.0003045266241011669
9.590769224409235e-05
0.0006434656830370813
0.0001899706609461184
0.00017700451685898319
0.0001256053643598981
0.0004418969029953291
0.0006434656830370813
0.00018462906198244515
0.0005151231906380812
0.0003257923891767039
0.00023820422567389526
9.724291815523273e-05
0.00026770352127717577
0.0001984155912263967
0.00013157354554506
7.736004806466187e-05
0.0004418969029953291
0.00024099743901081044
0.00020135618697486195
6.420913987306338e-05
9.927165652792583e-05
9.590769224409235e-05
0.00035119789857713656
0.0004244241862198887
0.00022402896564891812
0.0007872202038926591
0.00020744337772155886
1.8847696193022415e-05
0.00010272438993167716
0.00010699164864433595
0.0001984155912263967
0.0006434656830370813
0.0005766236373557447
0.0006058221950562739
0.0007872202038926591
0.0005766236373557447
0.0004410787974925846
0.00047345320022943967
0.00031472797006711073
0.00014830067053747683
0.0001360095976151734
0.0006965211994744664
0.00048592463293755213
0.0007872202038926591
0.0005325959074135217
0.0007872202038926591
0.0007872202038926591
0.0004019374075826774
0.00010202651625672058
0.00021059656653691435
0.0004019374075826774
0.00015543050428191594
0.00020901047434277237
8.754581560283706e-05
0.0001272829643113721
8.086519524996228e-05
0.00010844556364562889
6.737504439747003e-05
0.00010991581511236182
8.568974187435908e-05
0.0005766236373557447
8.086519524996228e-05
0.0005422837891062639
0.0009469064004588793
0.0011532472747114895
0.0013930423989489329
0.0020895635984233994
0.000832982787189793
0.0003799413218922368
0.0012116443901125477
0.0002402312694677581
0.0012116443901125477
0.0012116443901125477
0.0015744404077853182
0.0005403919934226793
0.00026140820091989517
0.0009241353484013923
0.0013547820166431744
0.0004892533663005552
0.0017314764660006678
0.0019436985317502085
0.0006699355292356286
0.0021303836296540867
0.0008488483724397774
0.0005118143194677904
0.0012116443901125477
0.0015744404077853182
0.0015744404077853182
0.0006843402241639487
0.0012049871950540524
0.0021643455825008347
0.0006757590616965728
0.0013930423989489329
0.00016173039049992456
0.002361660611677977
0.0010535936957314098
0.0012869313660741626
0.0010651918148270433
0.0008944271464192544
0.0004274523383415176
0.0003666541024025868
0.0018174665851688216
0.0006843402241639487
0.002498555810907518
0.0003259426630994939
0.0011532472747114895
0.0007872202038926591
0.00018462906198244515
0.0009718492658751043
6.952901902526879e-05
7.621222488094229e-05
0.0006965211994744664
0.0006058221950562739
0.0005151231906380812
0.00018668509790387846
0.0013930423989489329
0.0005506561328012755
0.0012869313660741626
0.001268873819933684
0.0007872202038926591
0.0001387452583117442
0.0001586092274917105
0.0004997111621815036
0.0006965211994744664
0.00046629151284574783
0.0001618670971157592
9.198186767295046e-05
0.0006058221950562739
0.00010133234484678857
0.00020589482705798214
4.822505437013425e-05
0.0004418969029953291
4.218963766270657e-05
0.00012001528812526504
0.00027019599671133964
0.0007872202038926591
0.00031472797006711073
0.0007872202038926591
0.0015744404077853182
0.0005506561328012755
0.0009718492658751043
0.0005766236373557447
0.00029205519139305456
0.0007872202038926591
0.000388841386557944
0.00048592463293755213
0.00021547356596242662
0.0004418969029953291
0.0006965211994744664
0.0004997111621815036
0.00043286911650016694
0.00036089500112953225
0.0003952256285193595
0.0007872202038926591
4.0874541126867445e-05
8.81704039194581e-05
0.0003666541024025868
0.0007872202038926591
0.0003952256285193595
0.000388841386557944
0.0006965211994744664
5.959943017442527e-05
0.00045159400554772476
0.0004019374075826774
9.724291815523273e-05
0.0002514711076637818
0.00021059656653691435
9.425599493262577e-05
0.0003378795308482864
0.0006058221950562739
0.000388841386557944
0.00010844556364562889
0.00017097344921153298
0.00017700451685898319
0.0007872202038926591
0.0007872202038926591
0.00028911459564458925
0.0006965211994744664
0.00026489761271916923
0.00016634107151736177
0.00032199934087660733
0.00023318311719869843
0.00017215762927433277
0.0004244241862198887
0.0002276141489269259
0.0004090121577633111
0.00037136866978250356
0.00017824482002102966
0.00013070410045994759
7.007309882739663e-05
0.0005151231906380812
0.00043286911650016694
0.0006965211994744664
0.0004418969029953291