0.02807385797306743
0.00034222107136625625
0.0004460029374986777
0.002709804406833335
0.0004491506836583637
0.0006020981786738781
0.0009047753849024138
0.004281077650540406
0.01168029662977449
0.00024316840268163024
0.001997789332475766
0.004500869551106581
0.015830882166636962
0.0013765984492727793
0.008259590695636677
6.222521065943717e-05
0.00032982725102923634
0.0003521081056741658
0.00011580547637182859
0.000275179697748351
9.871911316937303e-05
7.14766080084684e-05
0.003983593342870766
0.0002816885448138094
0.00039486880748117994
0.003190214449808727
0.0010882580147384413
0.0006001818254604358
0.0008674148409910571
0.00040583456194933525
0.0028538858582574443
0.0006269019398139094
0.0005152078142809796
1.1230418345768098e-05
0.00033465784401937016
0.00011452220536701023
0.00036635780616255705
0.00021829575213621198
0.00022573998973847312
2.558497538452358e-05
0.00039486880748117994
0.0007152325350982241
0.0001852365298511047
0.003178172600724615
0.00010982197163079602
0.00033542426823829553
0.0008497280593886909
0.000608997329045246
0.0012243539438918814
0.0014304650701964482
0.00021071404111614326
0.000364155673166876
0.0006116449678470601
0.00036760687303708547
9.805969663781235e-05
0.0013765984492727793
0.00010004945899040612
0.0022655016264689957
0.0003617185590114005
0.001181688264368243
0.0007903055848261328
4.0408685184537577e-05
0.0012481075433100328
0.00011396266846484682
0.0005281621585112488
0.00031388330738722607
0.0011252173877766452
0.0001734829681982114
0.00019133117269421853
1.4395746686635815e-05
0.0005527650926834481
0.0005491098581539802
0.000646543560836977
0.00038636876212895077
0.00016197707443261944
0.00015804705795957933
0.0004978016852754973
0.0027445183040999787
0.0005661084250023232
0.00023922667588718383
0.00012918953086937446
7.819950477406762e-05
0.00014249258414478664
4.016091367134106e-05
0.00016029043280745331
0.0048087129842236
0.00035551496445685674
7.174387299252295e-05
0.0005923146790162382
0.00039175560431441473
0.0009418300906384317
0.0019824783957513546
4.486509791801732e-05
0.00013730312887690884
0.0003767242904282712
0.001981379487508131
0.0021167298057765496
0.0002773626438869028
0.001354720902016226
1.684562751865215e-05
0.0008786285648839771
0.0004725300325977854
0.00015501318444266688
0.00039484734046704386
3.0156296873059793e-05
3.650358078068499e-05
9.481844724442631e-05
0.00010909556632384426
4.423609048457448e-05
0.00010982197163079602
0.005409162669805311
0.00011056689675859282
0.0006596148100654045
0.00034556213410320185
0.001217994658090492
3.7188679538999104e-05
0.00013934615051189398
0.00021428959622396042
2.1320812820436316e-05
5.1377095362418035e-05
0.0002995858526600542
0.0007532236077005928
0.00011885078410493628
0.0004429953273794669
7.438621795852071e-05
0.00024780979946891933
0.00034284002325597946
4.569314090871255e-05
7.60014229246688e-05
7.377629473262545e-05
0.00019743440374058997
0.0006818284131280525
0.00014210845562065048
4.950005797910129e-05
0.000140667893530986
8.887874111421419e-05
0.00042511755184038125
2.448784587566299e-05
3.411330051269811e-05
0.00011520286569212625
0.000508377332165152
0.00028831184696358973
0.00019091878525334113
0.0005765384177248935
5.571889534628345e-05
0.00020223546277805022
0.0005708942558205285
0.0013878637455856913
0.00014140757799506047
0.00033465784401937016
0.00048702029509146603
8.506365521588213e-05
0.00023624354928475667
0.00041629337988627086
8.482477407557706e-05
0.0008052813971676447
8.506365521588213e-05
0.001370377363936641
0.0002280042687740064
0.00041395973961051377
0.0001647932130259257
0.0001855371016441216
8.981618814100012e-05
0.0007495862996037091
0.002430420908037992
0.00017868424801795776
0.00018380343651854274
0.0001464380941473295
0.0002725768362195306
0.00024262145012469912
0.0005778734958960931
0.0001910295003540563
0.00015846771213991502
0.00017221877355074863
0.00029025647173781794
5.6500444334051816e-05
0.00010226886873224755
0.000364155673166876
0.00027212862489539656
0.00030952475840619867
0.0004863368053632605
4.950005797910129e-05
0.0006882992246363896
0.00037367813682321634
0.0005363331251462365
7.492208990542617e-05
0.0001323977673788714
0.0002297011036091767
0.00010607273007841844
0.00028831184696358973
0.00022776497094666357
0.00032395414886523887
0.00011875344066438673
0.00033465784401937016
0.000104831403759757
7.844618953310231e-05
0.00013867861592333698
0.00019133117269421853
0.00043997662772247954
0.000215536239628963
0.00027831437195796843
0.0002991734989462784
4.1789171509712596e-05
7.240865370859839e-05
0.00035761626754911204
0.0004179346265426063
0.00016771213411914776
0.00016964954815115412
0.00028286079629176306
0.0001288019535702449
0.00015262384120990138
5.388405990724075e-05
0.000174789509732354
0.00012624998639344519
0.0001562556147277301
0.0018424011992268434
0.00038498630027859743
0.0003112276323921886
0.0027531968985455586
0.001227005557618741
0.00013730312887690884
0.00010982197163079602
0.0004029081767121273
0.00020223546277805022
0.00015052454466846953
0.00032515735622875945
0.0001928267293042529
0.00022704966742621857
8.7394754866177e-05
0.002532029913079804
9.382232867035934e-05
0.0005626086938883226
0.000466303626264255
0.0002869754919700918
0.00015476237920309933
0.0002863781778800117
0.0002430420908037992
0.0001827725636348502
0.00019133117269421853
0.00036549302652458455
0.0002606782313808838
1.4879177015924184e-05
4.318724005990745e-05
3.817406845567007e-05
0.0004902984831890618
0.0007321904707366475
0.00026343519494204424
0.0002815373583691938
0.0001672972211356395
6.174550995036823e-05
0.00030418636889309426
0.0006400652518691769
9.481844724442631e-05
0.00019628302987898866
0.0006882992246363896
0.00014846307535551994
0.0004435889594718605
0.00031554544487590025
0.0002807490856365615
0.0005296954334541024
0.00035761626754911204
0.00018963689448885261
2.4278577825100166e-05
5.6273403140006236e-05
0.00029542206609206074
0.0005835794933613432
0.00021987160335513483
6.319068855364301e-05
0.0007481323149204883
0.0004429953273794669
0.00015972270247304357
0.00033465784401937016
0.000470905363035339
0.00015527951620493885
0.00013141214552499962
0.0002264956904805864
2.6602208779378714e-05
0.0018686964053681466
7.036674650276951e-05
0.00016434415708624665
6.663550431502831e-05
8.502351036807624e-05
0.00011891882362612236
0.0001928267293042529
0.00022110603707337925
0.0006882992246363896
0.00022476626971627855
0.0001497929263300271
0.0002662602385120582
0.00015527951620493885
0.0001734829681982114
9.381157640991981e-05
0.0016337671327936753
0.00041395973961051377
0.00033998012697202744
0.00039955786649515317
0.0009326703489027983
0.0002550705311042287
0.0003590794253763277
0.00011319486198508842
0.0003960004638328103
6.514643620359214e-05
0.0005630747167383876
0.00037373928107362926
0.000231696092913025
0.0007021928243827289
0.0003520546801671965
0.00017134866106950544
0.0009193057610384526
0.0004040049027060354
0.0004681285495884859
0.0024656818006742113
0.000364155673166876
0.0003514305204865401
0.0011812177464237833
0.0006882992246363896
0.0006310908897518005
0.0001197105807756812
0.00025798614360910137
0.0009031472680108173
0.00017719813095178676
0.0004363167159576296
0.00041395973961051377
0.0005296954334541024
0.00012939423611624005
0.00042486402969434546
0.000378475394537422
4.950005797910129e-05
0.00011277461167074199
0.0013012638445097143
0.000378475394537422
0.0003360878313092248
0.0002430420908037992
0.00030305212297702293
0.0004040049027060354
0.0006494060142297835
0.0003710916422718152
5.599516560319461e-05
0.00013774466419397724
0.0001279449574169989
0.0001558468276211268
0.00014543888734618645
0.00035611324538662966
0.001262181779503601
5.8143696910064687e-05
0.0018269919871357382
0.000966613596594358
0.00017116794754267582
0.0005626086938883226
0.0002888966635894715
0.00018274651326229227
0.00013408328128655913
0.0005626086938883226
0.00041395973961051377
0.00043691816314025565
0.000378475394537422
0.0004040049027060354
0.0005221417924804754
0.00046567065772009443
0.0006141337330756144
0.00038636876212895077
8.547200134863512e-05
0.00012966541768015953
0.000329572186697087
6.124057166251183e-05
0.0003712611089032985
0.00015476237920309933
1.174450280630677e-05
0.0006882992246363896
0.000275179697748351
9.657088832002022e-05
0.0003639321751870487
0.00046567065772009443
0.00010493433648254865
0.00022375022738587935
0.0004503935378629588
9.871911316937303e-05
0.00021987160335513483
0.0022522988669535504
0.0009641336465212645
0.0002442385374417047
0.0009600978778037654
0.0001734829681982114
0.0006882992246363896
0.00014984417981085235
0.00042486402969434546
0.0001386813219434514
0.000378475394537422
0.00034556213410320185
9.728612365171058e-05
0.0003710916422718152
4.016091367134106e-05
0.0001841332993509006
0.000483306798297179
0.0002948922092920525
0.00045147997947694624
8.27004163092805e-05
0.00037373928107362926
0.00039484734046704386
0.0008071441737615061
0.0020648976739091694
0.0007820346941426515
4.8472491106580864e-05
0.0018274062009318854
0.000674031615511103
6.865156443845442e-05
0.0002558899148339978
8.613791385344128e-05
0.00032470300711489176
0.001516571134899982
0.00041110376396917754
0.0005608750287627439
0.0001358993265836878
0.0009466363346277008
5.167106148088896e-05
0.00037335126395662306
0.00021987160335513483
0.00016142883475230122
0.000209662807519514
0.0005687161969827872
0.000608997329045246
4.736948520688349e-05
6.416438337976624e-05
0.00016029043280745331
0.0004040049027060354
5.599516560319461e-05
0.0001711146906098284
0.00029202864624547993
0.0006882992246363896
0.0008264679851638635
9.545939262667056e-05
0.00035926475256400046
0.0007727375242579015
0.0005041659252854891
0.0005626086938883226
4.322379789637923e-05
0.00018137633578974022
0.0023070053068796094
3.338323248511956e-05
0.00010072704417803182
0.00024262145012469912
0.0002691568097189768
6.514643620359214e-05
0.00010139545629769809
5.670910347725475e-05
9.706958163453703e-05
0.00014210845562065048
0.00025535594842822655
0.00038830612558302737
0.000329572186697087
0.00036275267157948043
0.00023770156820987257
0.00011428000775199315
0.00010275747775873345
0.0016001631296729422
0.00031554544487590025
0.00024073073034344483
0.0013765984492727793
0.00020291728097466763
0.0006799602539440549
0.0005908441321841215
0.00018985491412783323
8.241191970004872e-05
0.00043931428244198853
9.74040590182932e-05
0.0006627924200545338
0.000127094333041288
0.0013765984492727793
0.0004012252413069864
0.0001928267293042529
0.0006882992246363896
0.00017476128821781417
0.0005041659252854891
0.0006911242682064037
0.0006882992246363896
0.00033998012697202744
0.0005041659252854891
0.00026343519494204424
0.000608997329045246
0.003024995551712935
0.00035761626754911204
0.0008220598220698676
0.0034182453309087894
0.0023178544522775763
0.00020223546277805022
6.270693116692085e-05
7.819112520095302e-05
0.0002454011115237482
0.000230710498236296
0.009636189144909456
7.553475484642934e-05
0.0005296954334541024
0.00021987160335513483
0.00013408328128655913
0.00045109844668296794
0.0022504347755532904
0.0011881207474079565
7.824086958017074e-05
0.0025841194614595804
0.00047567529450448943
0.0007727375242579015
0.00019087034227835038
0.00024262145012469912
0.0013765984492727793
0.002198716033551348
0.001217994658090492
0.00012349101990073645
0.00020803345193786259
0.0016087850818172923
0.001513901578149688
0.00027735723184667396
0.0006224552647843772
0.00035472318445791193
0.0011671589867226864
0.0013765984492727793
0.0013765984492727793
0.00046567065772009443
0.00017240597877342555
0.000364155673166876
0.0003469659363964228
0.00027212862489539656
0.00042486402969434546
0.00017221877355074863
0.0001869583429209146
0.00039486880748117994
0.0001358993265836878
0.00010765644732977098
0.0003394630706879875
0.000483306798297179
9.221985979944549e-05
0.0002502702911059434
0.00014909604389968059
8.321338077514502e-05
0.00021428959622396042
0.0001928267293042529
0.0004359610230289612
0.00013958472840804487
0.00013962025458463784
0.0002662602385120582
0.00017221877355074863
0.0006310908897518005
0.0002568351897704237
0.00012122605555361273
0.00013408328128655913
0.0002691568097189768
0.0010366864023096055
0.0004503935378629588
0.00021987160335513483
3.57383040042342e-05
0.000483306798297179
0.0009754720686862784
0.0005176474138676695
5.388405990724075e-05
0.0006882992246363896
0.0001415271062505808
0.00021987160335513483
0.00016029043280745331
0.0001709683955147998
0.00039484734046704386
0.00010687604498864119
0.00022573998973847312
0.00010275747775873345
5.872251403153385e-05
0.0002917897466806716
0.0001288019535702449
0.00014948916700028395
0.00045552994189332715
0.00041395973961051377
0.00016655356504647223
0.000329572186697087
0.0002006126206534932
5.211024993385602e-05
6.270693116692085e-05
2.9123632673381233e-05
0.0001254138623338417
0.0005626086938883226
0.0006494060142297835
0.00013962025458463784
0.00011761437377703739
5.599516560319461e-05
0.00038266234538843707
0.0005699703365791465
0.0002662602385120582
0.0001948081180365864
0.00023624354928475667
0.00020555188198458877
0.0008089418511122009
0.00043691816314025565
0.0014304650701964482
0.00032003262593458844
0.0007739584308273041
0.0002136679472319778
7.763975810246942e-05
0.0002280042687740064
0.00011277461167074199
0.0005005405822118868
0.0009264438109746287
0.00027831437195796843
0.0008089418511122009
0.0005626086938883226
0.00013128128389230302
0.0003274803904253111
0.00039802495273364965
0.00020009891798081225
0.000608997329045246
0.00011066444209893818
0.0018015741514518352
0.00015262384120990138
0.0003856534586085058
0.00027831437195796843
0.0008080098054120709
0.0008499514043581119
8.032182734268212e-05
0.00038636876212895077
0.00043691816314025565
0.00023298367534981644
0.00010207444019859658
0.00012131072506234956
0.0002945439572644929
0.00011813250814944635
2.7997582801597306e-05
0.00011319486198508842
0.00013141214552499962
0.00010765644732977098
0.00013839960823754522
0.0005908441321841215
8.561172992347456e-05
0.00046567065772009443
0.000608997329045246
3.597960669300645e-05
0.0005765384177248935
0.00022179447973593025
0.00010139545629769809
4.273600067431756e-05
0.00045552994189332715
0.00033465784401937016
0.0001558468276211268
0.00017359464068292192
0.0005630747167383876
9.871911316937303e-05
0.004140514597767434
4.445180737662254e-05
0.0002882692088624468
0.000756950789074844
0.00030737622709932865
5.4331843067908405e-05
0.00013774466419397724
0.0004040049027060354
0.00011055301853668962
0.0008719220460579224
0.0006061042459540459
0.001364124401741835
0.00048146146068688965
0.00013318595549838437
0.0005608750287627439
0.0007508108733178302
0.000966613596594358
8.561172992347456e-05
0.00040496310189845034
0.0009261826492555235
0.00020279091259539617
0.00012482007116271755
0.0006693156880387403
6.526672169387775e-05
6.613699175504281e-05
0.00020896731327130314
0.0003070668665378072
8.042355606072775e-05
0.0008080098054120709
0.0012333112919075328
0.0009741090213446754
0.00011202927710307492
1.4395746686635815e-05
0.000935080965726761
0.0010254121028894021
8.7394754866177e-05
0.002460013643405781
0.0026261077201260447
0.0006539415345434419
0.00012638137710728603
0.000483306798297179
0.0003710916422718152
0.0005626086938883226
0.000674031615511103
0.0006321421233484298
0.0003573684960359155
9.74040590182932e-05
0.00010909556632384426
0.000151569377971315
0.0002603919610243829
9.156022811895722e-05
3.9616928034978754e-05
0.00013408328128655913
6.367650011801877e-05
0.0001122814200414633
4.322379789637923e-05
0.0020648976739091694
0.0020648976739091694
0.00026343519494204424
0.00045409933485243714
0.00021612017050091716
0.00011055301853668962
0.00039484734046704386
0.0017296152531746805
0.00029542206609206074
0.0001760540528370829
0.00014744610464602624
4.363167159576296e-05
0.00035761626754911204
0.001687826081664968
2.448784587566299e-05
5.167106148088896e-05
0.00010275747775873345
0.00013962025458463784
0.00022776497094666357
0.000628988422558542
0.0005041659252854891
4.736948520688349e-05
0.00010694361978079182
0.00015804705795957933
0.00018985491412783323
0.0010083318505709781
2.7997582801597306e-05
0.00041110376396917754
0.0003370158077555515
0.00025798614360910137
0.0001800223738159754
0.00020414888039719316
0.000106235206052978
0.0010039735320581107
0.00019413916326907406
0.00027212862489539656
0.00038636876212895077
0.00023406427479424294
0.00022375022738587935
0.0006494060142297835
0.00021612017050091716
0.00022982644025961314
7.070378899753024e-05
8.920600828663214e-05
0.00038636876212895077
0.0006882992246363896
0.00039484734046704386
0.00019286783637231558
0.000608997329045246
0.0005566113049323649
0.000608997329045246
7.070378899753024e-05
0.00010510226166411149
0.0002296347960899496
9.938235242681414e-05
0.000127094333041288
0.00014444833179473574
0.0004214280822322865
0.0005697075551514649
0.0004503935378629588
0.0002691568097189768
0.0007421832845436304
0.00028485377757573243
0.0009091563689310689
0.00015476237920309933
0.0020648976739091694
0.0008719220460579224
0.0005360527440538733
0.0006882992246363896
0.0005296954334541024
0.0006882992246363896
0.00013141214552499962
0.0020648976739091694
0.00015532245023321093
0.0006882992246363896
0.0006882992246363896
0.0006882992246363896
0.0001869583429209146
0.00047693028483761804
5.211024993385602e-05
0.00010510226166411149
0.0002991734989462784
0.0005865755649500623
0.0004694062402229287
0.000378475394537422
0.0003767949238299757
7.492208990542617e-05
0.00038636876212895077
0.00015262384120990138
0.000364155673166876
0.004129795347818339
3.237143710013355e-05
0.0001472122724092415
0.000215536239628963
0.00014984417981085235
0.000329572186697087
0.00023406427479424294
0.00010956277139083109
0.0002917897466806716
4.8472491106580864e-05
6.564064194615151e-05
0.0007641180014162251
0.00011428000775199315
0.0001928267293042529
0.0005765384177248935
0.000659144373394174
0.0006882992246363896
0.0003405745011393279
0.0008434182465839471
0.00014249258414478664
2.6984705019754837e-05
0.0009600978778037654
6.564064194615151e-05
0.00021248785108952798
0.000483306798297179
0.0004040049027060354
0.000608997329045246
0.0001781301609965801
0.00033998012697202744
0.0009007870757259176
0.0005626086938883226
0.00027831437195796843
0.0001855371016441216
0.0002454011115237482
0.00015532245023321093
0.00015262384120990138
0.0002991734989462784
2.8354551738627374e-05
0.00010275747775873345
0.0001883621452141356
0.0010083318505709781
0.0005830262855595643
0.0004877360343431392
0.00020724685300814252
0.000483306798297179
5.388405990724075e-05
0.000252784863789355
0.000378475394537422
0.00046567065772009443
0.000483306798297179
0.00011891882362612236
0.00013681827490977355
0.00027831437195796843
0.0001558468276211268
0.0002606782313808838
0.0006882992246363896
0.000608997329045246
5.698133423242341e-05
0.00021106230364371847
0.00013498770063281678
0.0009313413154401889
6.919980411877261e-05
9.74040590182932e-05
0.00021071404111614326
0.0003710916422718152
0.0005041659252854891
0.00025535594842822655
0.0002882692088624468
0.0009434826338378131
2.4834013920402533e-05
0.0006116449678470601
2.587884722324801e-05
5.890879145289858e-05
0.00015476237920309933
0.0010408978091892686
0.00028498516828957327
9.291687795960502e-05
0.00024073073034344483
0.0005296954334541024
0.00019587780215720737
0.00011202927710307492
0.00050556972757871
6.471305442302468e-05
0.0005697075551514649
4.8216533783640824e-05
0.0005908441321841215
0.00013820862094824103
0.00019876470485362827
0.0010593908669082048
0.00042857919244792083
0.00043974320671026965
4.7597272504433933e-05
0.0044440539297663905
0.0013765984492727793
0.0013765984492727793
0.0027531968985455586
0.0013765984492727793
0.0002576039071404898
0.0004322403410018343
0.0009313413154401889
0.0006224552647843772
0.0006882992246363896
0.0006882992246363896
0.00011277461167074199
9.389618160460312e-05
0.00010334212296177791
0.00011352483371310928
0.000292213843014168
0.00042486402969434546
0.0006882992246363896
6.613699175504281e-05
7.279349917576552e-05
6.514643620359214e-05
0.00101113945515742
0.0002811394155279824
7.22674823801714e-05
0.0002830542125011616
0.00046567065772009443
0.0002586174243347908
0.00021248785108952798
0.00013128128389230302
0.00022375022738587935
0.0005041659252854891
6.814420905488265e-05
0.00015694165369361303
0.00017736159222895596
0.00033542426823829553
0.0009466363346277008
0.0006882992246363896
0.00010413590951154615
0.00020223546277805022
0.0002691568097189768
0.00043974320671026965
0.00011813250814944635
0.0002606782313808838
0.0005018916634069186
0.00029542206609206074
0.0003514305204865401
0.00025798614360910137
0.000608997329045246
0.000608997329045246
0.0006882992246363896
0.000608997329045246
0.000608997329045246
7.385284425820078e-05
0.0008349431158739053
0.00041110376396917754
0.0002882692088624468
0.00041395973961051377
0.0003710916422718152
0.0006882992246363896
0.00013498770063281678
0.00030418636889309426
0.00026343519494204424
2.1082581066184873e-05
0.000151569377971315
0.00013318595549838437
0.0001709683955147998
0.0006882992246363896
8.79953255444959e-05
0.00015368811354966432
6.663550431502831e-05
0.0004040049027060354
0.00022573998973847312
0.00032470300711489176
0.00028498516828957327
0.00020388165594902003
7.546048361195574e-05
8.644759579275847e-05
0.00021248785108952798
0.000608997329045246
0.00045552994189332715
0.00042497570217905596
0.0006310908897518005
4.486509791801732e-05
0.0002969261507110399
0.0009313413154401889
0.00015972270247304357
0.00016311264452015096
0.0006494060142297835
0.0013765984492727793
2.608028986005691e-05
0.0002331518131321275
0.0013765984492727793
0.00023783764725224471
0.000728311346333752
0.0007028610409730802
0.0003521081056741658
0.0013386313760774806
0.00036275267157948043
0.0005835794933613432
0.00012445042131887434
0.0004956195989378387
0.00024101571088233593
6.54547630238626e-05
0.00016491362551461817
9.481844724442631e-05
8.327678252323612e-05
2.7859447673141726e-05
0.0003497277196981913
0.00022573998973847312
8.321338077514502e-05
0.0005296954334541024
0.00027831437195796843
0.0006882992246363896
0.0002754893283879545
0.00035761626754911204
0.0002882692088624468
0.00033998012697202744
0.0001464380941473295
0.00046567065772009443
0.00020009891798081225
0.00022375022738587935
0.00010422049986771204
0.00011813250814944635
0.0003710916422718152
0.000329572186697087
0.00014948916700028395
6.126781217284757e-05
0.0006882992246363896
0.0006911242682064037
0.0006882992246363896
0.0013765984492727793
0.000608997329045246
0.0004001978359616245
0.0010593908669082048
0.00020388165594902003
0.0005626086938883226
0.000275179697748351
0.00021248785108952798
0.0007152325350982241
0.0001288019535702449
0.0005213564627617677
0.0001709683955147998
0.00016029043280745331
0.0006882992246363896
0.0005626086938883226
3.27273815119313e-05
0.000104831403759757
0.0006882992246363896
0.0006882992246363896
0.0006310908897518005
0.001687826081664968
0.00025860896816013834
0.0001910295003540563
0.00012050785544116796
2.243254895900866e-05
0.00021987160335513483
0.0002991734989462784
8.837424282621785e-05
0.0005523998980527018
0.0009624925780271264
0.0003469659363964228
0.00014249258414478664
0.0002691568097189768
0.00025535594842822655
0.000483306798297179
2.5529508168613382e-05
0.0005442572497907931
0.0001197105807756812
0.00033465784401937016
0.000378475394537422
0.00021612017050091716
0.000254188666082576
9.354722914924947e-05
0.00021612017050091716
0.00019434209518652142
0.00021531289465954195
0.0009007870757259176
0.00014543888734618645
0.0001734829681982114
0.0006948328582309716
0.00021987160335513483
8.21269391611576e-05
0.00015694165369361303
0.00012624998639344519
6.613699175504281e-05
0.00030305212297702293
0.0005626086938883226
0.0003514305204865401
1.9200477615354373e-05
0.0003112276323921886
0.0002006126206534932
7.22674823801714e-05
0.0005296954334541024
0.00022375022738587935
0.0007727375242579015
3.9223094766551154e-05
0.000104831403759757
0.00022982644025961314
4.241238703778853e-05
0.00019133117269421853
4.120595985002436e-05
0.0005296954334541024
9.871911316937303e-05
0.0009193057610384526
0.00012966541768015953
0.00020140859566855773
0.00016609921593260454
4.404100459592675e-05
0.00015368811354966432
0.00017868424801795776
0.0006882992246363896
0.0004451550669646406
0.00022179447973593025
6.031835899349425e-05
0.0002691568097189768
0.00039484734046704386
0.0006882992246363896
0.00010139545629769809
0.0006882992246363896
0.0006882992246363896
0.000608997329045246
0.00022638932383366406
9.871911316937303e-05
0.0011252173877766452
0.0006882992246363896
0.0004481171084122997
0.00011891882362612236
0.00015916324682766538
0.00020223546277805022
0.0005041659252854891
0.0005626086938883226
0.00032470300711489176
0.0005626086938883226
0.0005630747167383876
0.00011298354115508892
0.00030305212297702293
6.367650011801877e-05
0.000483306798297179
0.0002882692088624468
0.00023624354928475667
0.00013962025458463784
0.00029542206609206074
0.000608997329045246
0.00039484734046704386
0.000165400832618561
0.0003112276323921886
0.0006882992246363896
4.736948520688349e-05
0.0002917897466806716
0.000608997329045246
0.0006882992246363896
0.00029542206609206074
0.00010553115182185923
0.00030305212297702293
0.00022179447973593025
0.00020009891798081225
3.235652721151234e-05
0.00021987160335513483
0.00023406427479424294
0.00015916324682766538
0.0004503935378629588
0.0001855371016441216
0.0005213564627617677
1.4879177015924184e-05
0.0006882992246363896
0.00042857919244792083
0.00042486402969434546
0.000329572186697087
0.0003514305204865401
0.000378475394537422
0.0002558899148339978
0.0001709683955147998
0.0004503935378629588
0.00024810124892784153
5.4331843067908405e-05
0.0004708249610808391
0.00011891882362612236
0.0002082718190230923
0.00020555188198458877
0.00021612017050091716
0.0002454011115237482
0.00033465784401937016
9.354722914924947e-05
0.0002815373583691938
0.00022982644025961314
0.0008080098054120709
0.00033465784401937016
0.0002430420908037992
0.000231925736801045
0.00032470300711489176
7.492208990542617e-05
0.00011352483371310928
0.0001197105807756812
0.00019743440374058997
0.0006799602539440549
0.00022476626971627855
4.8216959093078896e-05
0.00016418907517312887
0.00020140859566855773
7.280908168345309e-05
0.00013141214552499962
0.00016973153534399375
2.008045683567053e-05
0.00017736159222895596
0.0005005405822118868
0.00032003262593458844
0.0005566287439159369
0.00041395973961051377
0.0005296954334541024
0.00042486402969434546
0.0013765984492727793
6.916117976437636e-05
7.492208990542617e-05
8.27004163092805e-05
0.00021071404111614326
0.00012050785544116796
8.79953255444959e-05
2.9071848455032343e-05
0.00018274651326229227
9.042963975285013e-05
0.0003739166858418292
5.4331843067908405e-05
0.0003514305204865401
0.000104831403759757
0.0003514305204865401
0.00017476128821781417
9.67521572459393e-05
0.00022776497094666357
0.00015916324682766538
0.00028485377757573243
7.332194561875779e-05
0.00038868419037304283
6.514643620359214e-05
3.4599902059386306e-05
0.00038636876212895077
9.481844724442631e-05
0.00010909556632384426
7.654493202998318e-05
0.00013053544812011885
4.828544416001011e-05
0.00021964394326159204
0.00035761626754911204
6.031835899349425e-05
0.00020223546277805022
0.001092467019500628
9.354722914924947e-05
0.0001358993265836878
0.00016491362551461817
0.000165400832618561
0.00043691816314025565
0.0001869583429209146
0.000608997329045246
0.00011202927710307492
0.0005296954334541024
0.0001672972211356395
0.00019587780215720737
7.654493202998318e-05
0.0001293087121673954
0.00017004702073615248
0.00024780979946891933
0.00026343519494204424
5.2551130832055746e-05
0.0002006126206534932
6.613699175504281e-05
0.00010909556632384426
0.000231925736801045
5.614071002073165e-05
0.00033465784401937016
0.0006882992246363896
0.00035761626754911204
0.0013765984492727793
0.00025535594842822655
0.00032470300711489176
8.79953255444959e-05
0.0005296954334541024
0.0004475004547717587
4.363167159576296e-05
0.0006882992246363896
0.000329572186697087
0.00015804705795957933
0.00033465784401937016
8.385606705957388e-05
7.385284425820078e-05
1.3614982368461406e-05
0.0001841332993509006
0.00039484734046704386
0.00046567065772009443
0.00012293356718690658
0.00021612017050091716
0.00025535594842822655
0.00023846514241880902
0.00025798614360910137
0.00010344461767114868
0.0001800223738159754
0.00010207444019859658
0.0002606782313808838
0.0003070668665378072
0.0013765984492727793
0.0013765984492727793
0.0013765984492727793
0.0013765984492727793
0.0009313413154401889
0.0013765984492727793
6.865156443845442e-05
0.00031609411591915866
0.0005765384177248935
0.0010083318505709781
0.0020648976739091694
0.0013765984492727793
0.00021388723956158363
0.0010083318505709781
0.0003682665987018012
5.2993717269890745e-05
9.805969663781235e-05
0.00023846514241880902
0.0006882992246363896
0.0013765984492727793
0.000106235206052978
0.00024780979946891933
0.0006882992246363896
0.00015476237920309933
0.00034556213410320185
0.00015694165369361303
0.0002917897466806716
0.00017736159222895596
0.0005296954334541024
0.00013141214552499962
0.00019743440374058997
9.74040590182932e-05
0.0003710916422718152
0.00016609921593260454
0.00012638137710728603
0.0004503935378629588
0.0006882992246363896
0.000756950789074844
0.0005626086938883226
0.000608997329045246
0.000608997329045246
0.0005107118968564531
0.0006882992246363896
0.000608997329045246
0.0006217405590244275
4.5545089214905935e-05
0.00021248785108952798
0.000608997329045246
4.322379789637923e-05
7.986135123652179e-05
0.00015476237920309933
0.00015368811354966432
0.0006882992246363896
0.0007583545913680651
0.0006882992246363896
0.0002502702911059434
0.0006882992246363896
6.71361985561859e-05
0.0006882992246363896
0.0006882992246363896
0.0011252173877766452
0.00043691816314025565
0.00043691816314025565
8.563474625941748e-05
0.0005041659252854891
5.211024993385602e-05
0.0001358993265836878
0.000608997329045246
0.000608997329045246
0.0006882992246363896
7.819112520095302e-05
0.00011891882362612236
0.0006882992246363896
4.6528242802681626e-05
0.000483306798297179
0.0004040049027060354
0.0006882992246363896