0.002159829961381209
0.0036053487628303813
0.0026760026474957413
0.0037537042387571014
0.0009667683739721123
0.00014689973968468563
0.0015091588575250417
0.0008397908789998754
0.0039776436588037445
0.0049813552988981595
0.0051065006681555855
0.0015313951630383771
0.00010114011490823084
0.00030446148586525884
0.005348782451147507
0.0003440403533187645
0.001138688208554024
0.004547320020724037
0.001488472997266463
0.0003412024963683357
6.677476002681299e-05
0.0001911797838832342
0.000113551494136107
0.0001287240931416382
7.911958022018757e-05
0.0005634052347752541
0.0010373716980078902
0.00022530375095824754
0.0038769250801322626
0.00044196040653374946
0.0004145580768768409
0.00010908559173083248
0.00018307118843953392
0.003443255854688475
0.00015694466713935844
0.0022376547460237067
0.0026959069053033853
0.0002883956441472644
0.020933493244922146
0.00014361491459803524
7.126682185269043e-05
0.0004149058509969364
0.00019991520586272666
8.070743942508537e-05
0.00016893302474537027
0.00012829595087632712
9.839955836214155e-05
1.5748200121749154e-05
0.00014668015439878344
0.00011186810999955958
0.00024187853508084948
0.001078534295791433
0.00023642425568342408
0.0003985917202531019
0.0002567938799503411
0.0006370423660801022
0.0002560541749622324
0.00014724026947849606
6.546904412721133e-05
0.0002913970530673586
3.499197777679043e-05
0.00018093993101442584
0.00023711050858748353
8.661510066962034e-05
0.0002722404505921498
0.004663480411351665
0.0003839061704165661
0.0005515313695630307
0.00018220096049464225
0.0026873217876138703
0.010413371927003747
4.426584122194055e-05
0.0005572703042028801
0.0006376399730904583
0.0004295770687024916
0.0008767470935692979
0.00026394062333061
0.0002054351039602729
4.595548030913482e-05
0.00020897636407608003
0.0005473539211912759
0.00015388337862928613
8.138523912456514e-05
0.0013264722968970876
0.00016803461216803508
0.00023642425568342408
0.00022859940091581176
0.0003192028468011036
0.0003552082464000373
0.0006867441123008128
0.0024638981265001957
0.000611130165722465
0.007061326605028844
4.0326656935505455e-06
5.6620232887290754e-05
0.00035318954277794554
0.00020296796479570193
0.00023051023056970603
0.0013954268543707067
0.0010723809337550635
0.000131970311665305
0.00030458691057376274
0.0003359152234517338
0.00011699077253253193
9.997185180949444e-05
9.143037178724438e-05
0.0002074529254984682
0.0005794593272022401
0.0007529636474696644
0.000151707212116711
0.0003844467595870047
0.0008644764150065752
0.0005287125666674616
0.0005287125666674616
0.0010574251333349233
0.0012538629588445774
0.0005094195437191581
0.0003272802887608279
0.0004059550069348158
0.0006154647268011737
0.0003719206230506675
0.0004927071670685278
0.0004285603095036076
0.00021094243931958043
1.0749808223478022e-05
0.00030446148586525884
0.0031722754000047693
0.0010843642637279746
0.000691530691709118
0.0005819301619545834
0.0003359152234517338
0.0003272802887608279
4.86279714125819e-05
0.0008584301403760159
0.00013398801730887314
0.00017785264038103327
0.00019547129840811748
0.0005287125666674616
0.00024477114212011474
0.0007529636474696644
0.0003451903483426275
0.00014470087648538475
0.0005586923229011805
0.00033625364785851635
0.0015192202973615843
0.00019332948618605447
0.0009030969446565479
0.00040904545805636424
6.912733537453284e-05
0.0003552082464000373
0.00028516846291695534
0.0002822234585418296
0.0002584381882089154
0.0006662114873359523
0.00011594475547925377
0.00013182934272468983
0.00021380046555807128
0.0003719206230506675
0.00023245068666739144
8.196087990806852e-05
0.00043194250847633964
0.00017659477138897277
0.00030908762387587554
0.0001963159511876506
0.0008280648977890803
0.000184742239402455
3.804064565178714e-05
0.001295827525429019
0.00013009102434719325
0.0006662114873359523
0.0002344217023821769
8.196087990806852e-05
0.00019547129840811748
0.0005287125666674616
0.00035570528076206653
0.0003719206230506675
0.0006662114873359523
0.0007529636474696644
0.0007529636474696644
0.00017785264038103327
0.00012312036790747185
0.0002734968592537007
0.00027934616145059023
0.000342840431154045
0.00031603796397280514
0.00015929871704345125
2.1499616446956044e-05
0.0003780270492956064
0.00017785264038103327
0.00014375807043599386
0.00033152330225382686
8.036529937523059e-05
0.00032706678843405073
0.0001371940315744463
0.0010337527528356616
0.0011406738516678214
0.001376161413275058
0.000391213645998971
0.00010164624459212124
0.0001753494187138596
6.546904412721133e-05
0.0005794593272022401
6.28202730043541e-05
0.0005168763764178308
0.0033922973599790187
0.00014375807043599386
0.0005794593272022401
0.0007529636474696644
0.00010944891825002354
0.00013903460755755888
9.892533501493347e-05
0.00407565433546213
0.00016073059875046117
7.986604763312982e-05
0.00018703055601561387
0.0004283970268564593
0.00021725443442515674
0.0001716860280752032
0.00043194250847633964
0.0003719206230506675
7.621873016471896e-05
2.528502872705771e-05
0.0016545941086890921
0.0008280648977890803
7.986604763312982e-05
4.176045067945925e-05
0.0013603038398021482
0.0003182051967528091
0.00010027839588190174
0.0004389196011531183
0.00028516846291695534
0.00014925264321128615
9.279390270630852e-05
0.0004528504817180145
4.198295384422976e-05
0.0001531395163038377
0.00015356246816662647
0.0013422804313316257
0.00018567749514864564
0.00011789273279993423
0.0005287125666674616
0.0007529636474696644
0.0003272802887608279
0.0003605348762830382
0.0007529636474696644
0.0007529636474696644
0.00011531625032743197
0.0030118545898786576
0.00025141820381138086
0.001230207747947229
0.0012449684826672327
0.0008797919850332061
0.0013310564337961797
3.255409564982606e-05
0.0002976945994532926
0.0001933967739566169
0.00025371472533048035
0.0005327749395294539
0.000273782716149326
0.00031410136502177047
0.000320391357569604
0.00033723405092693276
0.0003451903483426275
3.676114967950876e-05
0.00023203883259477647
9.36547915819912e-05
0.00015801898198640257
0.00023642296370987836
8.433359383535489e-05
9.72559428251638e-05
1.7706336488776224e-05
0.0005546068474150749
0.00016812682392925818
0.0015223074293262942
6.912733537453284e-05
4.068248631989643e-05
0.0003605348762830382
5.7060968477680714e-05
0.0012131582782097855
0.0008839208130674989
0.0005356993638836277
0.0004492130562763029
0.0004644699383232318
7.510125031941584e-05
0.0027401533727873296
0.0005048022579096628
0.0011340811478868192
0.00031603796397280514
9.901413886089319e-05
0.0015059272949393288
0.00016241090318430945
0.0006662114873359523
0.0005515313695630307
0.0007529636474696644
0.0021029776227155764
0.0031722754000047693
0.0004927071670685278
0.0006662114873359523
0.00021260017098790644
0.0008839208130674989
0.00015068551737185522
7.399365980594028e-05
0.00015273731596636463
0.00022038032259354977
8.254985469480808e-05
5.652546091684568e-05
0.00010642597273253413
0.0006154647268011737
0.0007529636474696644
0.00023051023056970603
0.0006154647268011737
0.00021094243931958043
5.2282447423846736e-05
0.00016129838998164717
0.00035802057700083927
0.0030118545898786576
0.00028516846291695534
0.0007529636474696644
0.0005278751910199238
0.00023868978084456074
0.0005287125666674616
0.0001558277670879131
0.0006154647268011737
0.0005317508799373037
0.00047284851136684817
0.005906033897859154
0.00019770280326623864
0.00031328287124856614
0.00024052812862711582
0.0019986344620078565
0.0015059272949393288
0.00026845608626632517
0.0002491630633180216
0.00010497593333037129
3.935982334485663e-05
0.0005287125666674616
0.0003780270492956064
0.0005794593272022401
5.139150738068069e-05
4.24786758706966e-05
0.00032706678843405073
0.0005515313695630307
0.00044196040653374946
0.00019517349132913868
0.0006662114873359523
0.00013009102434719325
0.0019911159511093106
0.00030798726581252446
0.0002810399107787453
0.00048389134762172976
2.3323863246794312e-05
0.00047796580613268313
0.0002177093257315467
0.00044196040653374946
0.0003533117066834098
0.0006154647268011737
0.0007529636474696644
0.0004927071670685278
0.00015910259837640455
0.006187445691472492
9.013761334962736e-05
0.00022530375095824754
0.00013538013154629406
0.00023051023056970603
0.00022859940091581176
0.00026086849585642627
0.0022588909424089932
0.0013091211550433116
0.00012668518395027705
0.00014866681374976342
0.0004186127559350165
0.0002684043160737179
0.00024477114212011474
0.000569344104277012
0.0005515313695630307
0.0012309294536023475
8.667772842696218e-05
0.00016696256519676823
0.0002809643747459736
0.0005168763764178308
0.0002584381882089154
0.0007529636474696644
0.0002483805583717365
2.792795763920934e-05
0.0004226673835854459
0.00027934616145059023
0.0008638850169526793
0.0004647792094293186
0.0003634078522652259
0.000273782716149326
0.0003605348762830382
0.000391213645998971
0.0007529636474696644
0.0006154647268011737
0.0005794593272022401
0.0002765335282260495
0.0003780270492956064
0.0013324229746719046
0.0001569681509392606
0.0006154647268011737
0.0005827941061347172
0.0006135681870845463
0.00028818443804034583
0.000547565432298652
2.6410885595302362e-05
0.00041403244889454013
0.00023642425568342408
0.00011777056889446994
0.0004528504817180145
0.0007529636474696644
0.0017259517417131374
0.0005515313695630307
0.0001358356150458905
0.0002142801547518038
0.0005794593272022401
9.758674566456934e-05
0.0006662114873359523
0.00044196040653374946
0.000320391357569604
0.00026086849585642627
0.00034046688546419257
0.0007529636474696644
0.0005794593272022401
0.00020512264444027555
0.0002875161408719877
0.0005094195437191581
0.00010618908699847336
0.0005515313695630307
0.00010871913827440533
2.9788168916818155e-05
0.0006154647268011737
0.00040286455581326733
0.0006154647268011737
0.00013903460755755888
0.000113551494136107
0.0003660983215843024
0.0001548233127744106
0.0001228300491289322
0.0003231764158171362
0.0007529636474696644
4.035371971254269e-05
0.00018301448168037108
0.00020930637796750826
0.0004466565705981241
0.00041403244889454013
0.0007529636474696644
0.0002633469315226849
0.0003719206230506675
8.239875547064698e-05
0.00013523154777293298
7.072851172729582e-05
0.0007688935191740094
0.00023243160932397955
0.0001716860280752032
0.0001716860280752032
0.0002458826397242056
0.0005094195437191581
0.00015694466713935844
0.0001940243815853363
0.00023642425568342408
0.0001940243815853363
0.0004647792094293186
5.1819759609605115e-05
0.0003823595677664684
0.0001843389057982815
6.702380835969147e-05
0.002591655050858038
9.230617692355215e-05
0.00034046688546419257
0.0008873709558641198
0.00019547129840811748
0.0004939981310330061
0.0003634078522652259
0.00022184273896602995
0.00018978136809233735
2.3063250065486394e-05
0.00010363951921921023
0.0003008351876457052
0.0003823595677664684
0.000553067056452099
0.0005421821318639873
0.0003981229213285409
0.00015545927882881533
0.00041538285534827376
0.0007529636474696644
0.0007529636474696644
0.00041403244889454013
0.0007529636474696644
0.00044196040653374946
0.0002491630633180216
0.0003719206230506675
0.0003506988374277192
0.0007529636474696644
0.00012359813320597047
0.0002476495640844242
0.00020329248918424248
0.00148768249220267
0.0019222337979350234
0.0002584381882089154
0.0007104164928000746
0.0004497261925149851
9.692278171368625e-05
3.9332716972607405e-05
0.0010242166998489296
0.00013009102434719325
0.0003440403533187645
0.00010096045158193257
0.0007114105615241331
7.126682185269043e-05
0.00030446148586525884
0.0001984163027832432
5.992799426507131e-05
5.3026390847429674e-05
0.00010135981484722216
0.00044196040653374946
5.2821771190604724e-05
8.373618501032168e-05
0.0006662114873359523
0.0004647792094293186
7.963231206662996e-05
0.00024052812862711582
0.0007529636474696644
0.0006662114873359523
0.0001037264627492341
0.00047796580613268313
0.0007529636474696644
0.0002584381882089154
6.291993541599978e-05
0.0007529636474696644
7.905687697842382e-05
0.00017048834514403385
0.0007529636474696644
0.00013996514649997923
0.0004119937773532349
0.00041403244889454013
0.00047796580613268313
0.0007529636474696644
0.0008119100138696316
0.0002384593722504232
0.0007529636474696644
1.3994317948076587e-05
0.00010088374288146833
0.0005945370755904372
0.00010256132222013777
0.00039836741652491683
0.00018978136809233735
0.0004927071670685278
0.00018703055601561387
0.0007529636474696644
1.3186596703364595e-05
1.7675463615809893e-05
0.0002933603087975669
2.1241428797394478e-05
0.0004226673835854459
0.0013324229746719046
0.00026086849585642627
4.7244600365247456e-05
0.0001228300491289322
0.0002212351056788123
0.0001371962597750038
0.0015059272949393288
8.95515859267717e-05
9.495176599890082e-05
0.00024263165564195714
5.652546091684568e-05
0.00017719451716029496
0.0002038791724218975
0.00018040695171570335
0.0006662114873359523
0.0004927071670685278
0.0002822234585418296
7.079272466564891e-05
0.0003500990916563971
8.155166896875901e-05
0.0011221833360936832
1.5929871704345127e-05
0.00012251161304307017
0.0003116152563912047
0.0001984163027832432
0.0005953891989065852
0.00016957638275053703
0.00034046688546419257
4.333886421348109e-05
0.000294443587807849
0.00047796580613268313
0.0006332897585504903
0.00013404761671938293
0.00025480160382447314
0.0007115237121448486
6.291993541599978e-05
0.0001434672286048941
0.0008839208130674989
0.00030798726581252446
0.00021712886132530448
0.0003552082464000373
6.095358119149626e-05
6.597884895108644e-05
0.0003139363018785212
0.00045343461326738274
0.00013996514649997923
0.0001558277670879131
0.000294443587807849
0.00011092136948301497
6.14150245644661e-05
0.00019547129840811748
0.00030238612398819767
0.00022671730663369137
0.00026587543996865184
0.0021148502666698465
0.0003116152563912047
0.00015269845217202836
0.0008930837983598778
0.00021945980057655915
0.0003359152234517338
0.0007529636474696644
0.000588887175615698
0.00026784200573903714
0.0013436608938069351
0.0007529636474696644
6.650340465269946e-05
7.289578512387535e-05
7.734627753159216e-05
0.00039836741652491683
0.00034046688546419257
0.0007210697525660764
0.0009818408662824838
0.0003451903483426275
0.0007529636474696644
0.0007529636474696644
0.00013538013154629406
0.0002822234585418296
0.0004205309398938662
0.0003359152234517338
0.00017683909919990134
0.00027993029299995845
0.00022671730663369137
0.00012382930723210252
0.0002212351056788123
0.000905700963436029
0.0006691078668436427
0.00010924379411119749
0.0007529636474696644
0.00018751903187553802
0.0002177093257315467
2.907795266307236e-05
0.0002230359556145476
5.5095080648387444e-05
7.344351865108983e-05
9.626232154665894e-05
0.0010574251333349233
0.0007001981833127942
7.778298588347137e-05
0.00027109106593199364
9.758674566456934e-05
0.00023245068666739144
0.0002060970505559925
0.0007529636474696644
0.0003552082464000373
0.00018558780541261705
0.0004679630901301277
0.0023928789597178666
0.0025936599423631124
0.0003605348762830382
0.00021598299613812092
5.7005910302281695e-05
4.464033428983953e-05
0.0011533402787610141
0.0012309294536023475
0.0003608139034314067
0.0015059272949393288
0.0015059272949393288
0.0015861377000023847
3.185974340869025e-05
0.00015305696110960794
9.329545298717725e-06
0.00013300680930539892
0.0003451903483426275
0.0006662114873359523
9.960003697888233e-05
0.00016129838998164717
0.0001065549879058908
0.00016241090318430945
0.0004528504817180145
0.0007529636474696644
0.0002933603087975669
0.0006154647268011737
0.00015356246816662647
0.00016392175981613704
3.259273028856821e-05
0.00014967209554971194
6.807115264069843e-05
0.0005287125666674616
6.510819129965212e-05
8.070743942508537e-05
0.0005734005888646074
0.0003359152234517338
0.0005287125666674616
0.00040286455581326733
0.00044196040653374946
0.0002584616720088175
0.00028317089866259563
0.00015273731596636463
0.0007529636474696644
8.49573517413932e-05
0.0004059550069348158
9.013761334962736e-05
0.0006842962795684558
7.289578512387535e-05
0.0018128905011597029
0.00173837798160672
6.393335723814305e-05
2.343081835085889e-05
0.00024052812862711582
0.0001427990089521531
0.0001095585739309918
0.0006809337709283851
0.0006232305127824094
6.59851558326525e-05
9.560532837810027e-05
5.433424601835621e-05
2.1966978140693184e-05
0.0001860226198024308
0.00010862721721257837
0.000273782716149326
0.00014967209554971194
0.00013628379548083543
0.0006154647268011737
0.00017659477138897277
0.0002131099758117816
6.14150245644661e-05
7.01925070056463e-05
4.5515561011880486e-05
7.072851172729582e-05
0.00024477114212011474
0.00112908872987153
0.00012013954014711865
0.0006504551217359661
6.754638494858727e-05
1.5238395297874065e-05
8.841001092824476e-05
7.01925070056463e-05
0.00040920897225333913
0.0001225542178337961
0.0001456985265336793
9.046996550721292e-05
0.00014668015439878344
8.239875547064698e-05
0.00015273731596636463
0.00017411633572271407
0.00018170392613261295
0.0001456985265336793
0.00021260017098790644
0.00028516846291695534
0.00019121065675620054
0.0010188390874383163
0.0002822234585418296
0.0005530167173948445
7.84840754696303e-05
0.0002142801547518038
0.00021260017098790644
0.00016158236127039203
0.0011951022495747504
2.454004491308268e-05
0.00025371472533048035
0.0005287125666674616
0.0013715964054948704
0.00037679680945166676
0.00014866681374976342
0.00021848758822239498
0.00015910259837640455
0.00028818443804034583
0.00014909245969587005
0.0005168763764178308
8.493386794149105e-05
0.0003780270492956064
7.791388354395656e-05
0.0001381109361237804
7.344351865108983e-05
0.00044196040653374946
0.00019991520586272666
0.0005794593272022401
0.0004528504817180145
0.0017760030773133623
0.000273782716149326
2.0880225339729627e-05
8.1374663795546e-05
0.000547565432298652
0.000155879495508245
0.00020452272902818212
0.00047796580613268313
0.00010944891825002354
0.0002765335282260495
0.0002177093257315467
0.00022363868954380507
0.00021945980057655915
0.000273782716149326
0.0006662114873359523
0.0011030627391260615
0.0002402790802942373
0.0002491630633180216
5.131838035053085e-05
0.0001456985265336793
0.0006662114873359523
0.0001753494187138596
4.393395628138637e-05
2.5695753690340346e-05
0.00010871913827440533
0.0005515313695630307
0.00026587543996865184
0.000320391357569604
0.00018170392613261295
0.0010619504848169768
0.00012752799461809166
0.00010456489484769347
0.00016930201482852022
0.0006718304469034676
0.0001834683749614654
7.21100906797019e-05
0.00037010872556380686
0.000855505388750866
0.0002491630633180216
0.0003153515610495239
0.0010202239569447333
5.4150495702786315e-05
0.00021743827654881065
0.00016812682392925818
0.0004227079675094954
0.000301032314885516
0.0002771133591036825
0.0015377870383480189
0.0002278385662857805
0.0002836944815641992
0.00011316304572901453
0.00041403244889454013
3.580205770008393e-05
0.0003844467595870047
0.00020296796479570193
0.0022588909424089932
0.00021598299613812092
0.00026086849585642627
4.6750967884642494e-05
5.4150495702786315e-05
0.0004186127559350165
0.0005530167173948445
0.0001646660436776687
5.845842460761988e-05
9.692278171368625e-05
0.0002491630633180216
0.0001065549879058908
6.754638494858727e-05
0.0001843389057982815
0.0002584381882089154
0.0001548233127744106
0.0004927071670685278
0.0004647792094293186
0.0001381109361237804
4.5515561011880486e-05
0.0007529636474696644
0.0005794593272022401
0.0006662114873359523
0.0004059550069348158
0.0005287125666674616
0.0005515313695630307
0.00022859940091581176
0.00013996514649997923
0.00016747237002064336
0.0001427990089521531
0.0007529636474696644
0.0007529636474696644
0.000155879495508245
0.00010096045158193257
0.00016353339421702536
0.00025141820381138086
0.00015801898198640257
0.00021945980057655915
0.0002657917757404424
0.00012923083600440875
0.00021454444290324828
0.00018170392613261295
0.00043194250847633964
6.912733537453284e-05
0.0006662114873359523
3.580205770008393e-05
0.00021598717786221327
0.0003192028468011036
0.0006814189774041771
0.0002822234585418296
0.0002633469315226849
0.000393017003093068
0.0008986356351011282
0.00010302920795862519
0.00044196040653374946
8.49573517413932e-05
0.00010799358893110663
0.00016930201482852022
0.00019991520586272666
0.00020296796479570193
0.0015059272949393288
0.0013324229746719046
0.00046827395790995595
0.00034823267144542814
0.00016930201482852022
0.0006662114873359523
0.0004226673835854459
0.0001208434210627767
0.00045512163635013297
9.8254250773267e-05
0.00012668518395027705
0.0001716860280752032
0.0006451935599265887
0.0022642524085900724
0.0004528504817180145
3.867935479132338e-05
0.0015059272949393288
0.0015059272949393288
0.00012501640041111413
3.1018408760757786e-05
0.00017785264038103327
0.000782427291997942
0.00021945980057655915
0.00018301448168037108
0.0002384593722504232
0.0007145055718129874
0.0002875161408719877
0.00020605841591725039
0.00012183476422950512
0.000162749327591092
0.00016528524194516232
0.0004059550069348158
0.0003377319247429363
8.921838596520074e-05
0.0001783086538493778
7.905687697842382e-05
5.652546091684568e-05
0.0002088552474990441
3.180309416002962e-05
9.546157082277593e-05
0.0002142801547518038
0.0005287125666674616
0.00019259400131687804
0.00018170392613261295
0.00012668518395027705
0.0005794593272022401
0.00012419027918586826
0.00021094243931958043
4.077583448437951e-05
0.0007529636474696644
0.0002933603087975669
8.35209013589185e-05
9.36547915819912e-05
0.00027109106593199364
0.00027109106593199364
0.0005515313695630307
0.00015801898198640257
0.000391213645998971
6.965878802536002e-05
0.000196508501546534
0.00015801898198640257
0.000569344104277012
0.0001784367719304015
0.0007529636474696644
0.00043194250847633964
0.0006089229717305177
0.0003153515610495239
0.0001984163027832432
0.0003669367499229308
0.00021260017098790644
0.0004938956778370282
0.0002469478389185141
0.00039836741652491683
5.7005910302281695e-05
4.728459274197568e-05
0.00031175899101649
7.510125031941584e-05
0.00011391928314289026
0.00025003280082222827
0.0006151038739736145
0.00039836741652491683
0.0006384056936022072
0.00021945980057655915
0.00016696256519676823
0.00021260017098790644
0.0005287125666674616
5.4150495702786315e-05
0.0003844467595870047
0.0005287125666674616
0.000273782716149326
0.0002142801547518038
0.00025141820381138086
0.00030798726581252446
4.420500546412238e-05
0.00016353339421702536
0.00013538013154629406
0.00018170392613261295
0.00020452272902818212
0.00041403244889454013
0.00011855525429374176
0.00017411633572271407
0.00033054893545371314
0.00025505598923618333
0.0003844467595870047
0.000320391357569604
0.0003272802887608279
0.00013996514649997923
0.000160195678784802
0.00013931757605072003
0.00011594475547925377
0.00034945670235600777
7.678123408331323e-05
0.0002230359556145476
1.8734625744067135e-05
0.00018839840472583338
3.062790326076754e-05
0.0001834683749614654
0.00048105625725423164
0.00021094243931958043
0.00028516846291695534
7.235043824269238e-05
5.894636639996712e-05
0.00034046688546419257
0.0006463528316342724
0.00015910259837640455
0.0005287125666674616
0.0003780270492956064
2.0880225339729627e-05
0.00010233581609525966
0.0002177093257315467
0.0002212351056788123
1.0502163260502192e-05
0.00018839840472583338
0.00026587543996865184
0.0001873095831639824
0.0003795627361846747
0.000273782716149326
0.00016129838998164717
5.9436217949792604e-05
0.0005515313695630307
0.00023051023056970603
7.399365980594028e-05
0.00011018297848457105
0.0003231764158171362
0.0001258480108541943
0.00015694466713935844
0.00022486309625749254
0.0005217369917128525
0.00013359214526350305
6.241628519423607e-05
0.00027934616145059023
0.00010164624459212124
9.626232154665894e-05
3.0238612398819773e-05
0.0002469478389185141
0.00032259677996329434
5.748821113500969e-05
0.00020143227790663366
0.00018978136809233735
0.0013585514451540436
0.0003192028468011036
3.1167311923095e-05
0.0006630466045076537
0.00018839840472583338
9.046996550721292e-05
3.6209072404192795e-05
0.00012382930723210252
0.00030798726581252446
0.0001860226198024308
0.0005287125666674616
0.0007529636474696644
0.0007529636474696644
0.0008663608939199303
8.254985469480808e-05
0.00021260017098790644
0.00039836741652491683
6.702380835969147e-05
0.00020930637796750826
4.5515561011880486e-05
0.00025141820381138086
0.00019693513861828322
0.0001225542178337961
0.00016241090318430945
0.0010304852527799624
0.00044196040653374946
0.0004983261266360432
0.0004927071670685278
0.0005287125666674616
0.0002491630633180216
0.00010727222145162414
0.011294454712044967
0.0002060970505559925
0.00011544560585469098
0.00010179896811468558
0.0002976945994532926
0.0001796852225105212
7.905687697842382e-05
0.0008119100138696316
0.00030446148586525884
0.00010027839588190174
0.0002976945994532926
0.0002633469315226849
0.0002584381882089154
0.0006662114873359523
0.0001381109361237804
0.00012685124118736008
0.0001940243815853363
0.00025141820381138086
6.965878802536002e-05
0.00019693513861828322
0.00047796580613268313
0.0005094195437191581
0.00033152330225382686
0.0002188978365000471
0.000151707212116711
5.845842460761988e-05
0.00026845608626632517
2.8310116443645377e-05
0.00018703055601561387
0.00014859490604136983
4.119937773532349e-05
7.905687697842382e-05
0.00045719880183162353
0.0001225542178337961
0.0007529636474696644
0.00020452272902818212
0.0007529636474696644
0.0007529636474696644
0.00027109106593199364
0.0003153515610495239
0.00033152330225382686
0.0004927071670685278
0.003331057436679761
0.0030755740766960377
0.00010164624459212124
0.0010816046288491144
9.046996550721292e-05
0.00022671730663369137
6.85981298875019e-05
0.0003153515610495239
9.758674566456934e-05
0.00028818443804034583
0.0020376781748766325
0.0003231764158171362
0.00012174413791050259
0.0001037264627492341
0.0005094195437191581
0.0003153515610495239
3.7850498045369e-05
4.035371971254269e-05
0.0001646660436776687
2.3799469313156575e-05
5.652546091684568e-05
0.0007529636474696644
0.0004528504817180145
6.754638494858727e-05
0.000391213645998971
0.00012668518395027705
7.235043824269238e-05
7.01925070056463e-05
0.0006718304469034676
8.736417558900194e-05
0.00019693513861828322
0.00012501640041111413
6.203681752151557e-05
0.00021598299613812092
0.00017289528300131507
0.00012336957518793563
0.00026845608626632517
0.0003231764158171362
0.0002230359556145476
4.377118558016934e-05
6.85981298875019e-05
0.00015273731596636463
0.0005287125666674616
0.00026587543996865184
0.0007529636474696644
0.0007529636474696644
0.0007529636474696644
0.0003780270492956064
0.0007529636474696644
7.565874305059732e-05
0.0007529636474696644
0.0002491630633180216
9.626232154665894e-05
0.00011166414264953103
0.0003780270492956064
0.0002230359556145476
0.00014668015439878344
0.0003844467595870047
0.0003359152234517338
0.00011401182060456339
0.00026845608626632517
0.00017785264038103327
0.00012336957518793563
0.00011777056889446994
0.00025371472533048035
0.00011699077253253193
1.6974302615521933e-05
0.0005703369258339107
0.0002601820486943865
0.00018170392613261295
1.2847876845170173e-05
0.00034046688546419257
0.0002384593722504232
0.0007529636474696644
0.0002177093257315467
0.0002822234585418296
0.00012093926754042474
0.00047796580613268313
0.00034046688546419257
0.00010549370415984294
0.0002230359556145476
0.0001911797838832342
0.00023245068666739144
7.454622984793502e-05
0.0003192028468011036
9.36547915819912e-05