0.0010153269890794234
0.00044499269333988915
0.0002579916641275784
0.0006109478604858126
8.393211378352857e-05
0.0006840321726586712
0.0001795186890497328
0.0008355936921349003
8.774072192710727e-05
0.0006705589818245142
0.004737424196827948
0.006364773186376827
0.0014519126504420065
0.0014330662047135254
0.001443588996637318
0.0002978833507840067
0.002897867619834871
0.001269635714407746
0.0010531761570539934
0.0009422651151200561
0.00016655235718080095
0.0011618575626014985
0.014677802292417486
0.03317820770437759
0.0009658134649795124
0.00887372112520647
0.0004116408539518642
0.0015369011683677022
0.0005456342052524374
0.00013516500928316966
0.00017734062619362533
0.004868579716419398
0.0002240765516349851
0.001639682952544326
0.0016580668772265721
0.003959051622324592
0.002257176613341252
0.00328476720726774
0.0009896947970023944
0.001945345576888049
0.0008703585198298681
0.0006109478604858126
0.00019719546066554163
0.0023280251127642815
0.00034655900935479247
0.0009456357419380239
0.02070094709653663
0.0010153269890794234
0.0011439511968718333
0.001956464468266872
0.004147275963047199
0.002117508342487153
0.0008703585198298681
0.0002245907073980903
0.00033827005593444024
0.0015386209210056319
0.0013322516138580122
0.004147275963047199
0.0026393827170186714
0.0006322710179170709
0.0010301524275780636
0.0033794946177513902
0.012441827889141598
0.023729584466667477
0.0009726727884440245
0.0019183809083174541
0.0017581490133330626
0.00112649820591713
0.0022394442459343533
0.0028206602765680835
8.583378759772988e-05
0.0009658134649795124
0.0023280251127642815
4.876268858416943e-05
8.458465881058672e-06
0.0013411179636490284
0.001956464468266872
0.0011011202608629546
0.0014537681951701852
0.00026044053462643743
0.004865329760443982
0.003856647136659358
0.00025069682017654806
0.004147275963047199
0.0004965645193355317
0.0005375015991365961
0.0011439511968718333
0.0031916251831615445
0.001956464468266872
0.0008945489429357995
0.0008645706091416417
0.0008708805178258116
0.00037783414398354217
0.0005674783358990943
0.00016869654653152918
0.0012911798528034187
0.0015706897878124365
0.0004845838393754326
0.0024175412952401913
0.0010750031982731923
0.004235016684974306
0.003652018599431045
0.007605146087294714
0.004147275963047199
0.002938803152962788
0.0031916251831615445
0.0011094761973587598
0.0047582238235330115
0.0031916251831615445
0.006779881276190707
0.004147275963047199
0.004147275963047199
0.001404832194681835
0.0023280251127642815
0.004270383395642554
0.00017166757519545975
0.0012218957209716253
0.004147275963047199
0.0036694505731043716
0.002494271700891286
0.0013847955035325263
0.004147275963047199
0.0007161231372418066
0.002117508342487153
0.0015229958968230406
0.00033739309306305836
0.0016792317058512685
0.00016869654653152918
0.0068618716643931345
0.003037799765688439
0.0033899406380953536
0.0009623926644248786
0.0004983028258889346
0.0023791119117665058
0.000602837692583463
0.001956464468266872
0.0011094761973587598
0.002912115248152526
0.0023280251127642815
0.001022699854231429
0.0002728171026262187
0.0017606943239687671
0.0012284678825118733
0.0022189523947175197
0.0012802185465939826
0.007520343229214102
0.0036694505731043716
0.0036694505731043716
0.0017581490133330626
0.0017407170396597361
0.002713799793218717
0.004147275963047199
0.0014931523790222506
0.0011011202608629546
0.0010537850298617847
0.0013363997540914146
0.0004260183857692457
0.0004105959009084675
0.00040150535615848804
0.0010649797643438824
0.00045384711346530953
0.000615039007926782
0.0004983028258889346
0.002494271700891286
0.004147275963047199
0.004147275963047199
0.0002905263122497262
0.0033899406380953536
0.0012135667129489606
0.0026470428827774423
0.008417551508121327
0.0003577683021920731
2.5693271576627387e-05
0.0029009963567737033
0.003243553173629321
0.003605278101587533
0.0007383257619305695
0.0015479499847654704
0.0017725457544625514
0.0018949524222477982
0.0007886944065596011
0.00037660083397235774
0.0008585743641485874
0.0019731993048483828
0.0007165331023567627
0.002912115248152526
0.0002826583806608604
0.001928323568329679
0.004147275963047199
0.0023280251127642815
0.004147275963047199
0.00012703091702736155
0.0025599743757456117
0.0007117952395798387
0.0005411781748940261
0.0036530625954229318
0.008294551926094398
0.003141379575624873
0.010530421252574034
0.002494271700891286
0.0033899406380953536
0.0026326053131435086
0.0005052660802510198
0.0010766435007558217
0.0009522962412929574
0.0051884322571320775
0.004147275963047199
0.0036694505731043716
0.002494271700891286
0.0017581490133330626
0.008294551926094398
0.002604419578480894
0.008294551926094398
0.0006931628534350066
0.0015730557494094326
0.0009658134649795124
0.0015012849851380918
0.0006661258069290061
8.774072192710727e-05
0.000214211873821941
0.004147275963047199
0.004147275963047199
0.00024108891105267873
0.0007070897174151735
0.0005948218310967302
0.000979601050987596
0.0008188473709709191
0.00016441481648989302
0.004147275963047199
0.0021547799232006816
0.0018752699881916636
0.0002555514622149925
0.0013481839097726955
0.00041365291842598883
0.002713799793218717
0.002912115248152526
0.0005448744642886018
0.0076799231272368365
0.00012099272087016721
0.0033899406380953536
0.0023280251127642815
0.002001627376762435
0.0003634420487925463
0.00016869654653152918
0.0018265312977114659
0.0011094761973587598
0.0010686739747636776
0.0001071059369109705
0.002912115248152526
0.0006840321726586712
0.0018026390507937665
0.0005123003894559007
0.0003416948520629509
0.0008188473709709191
0.0021547799232006816
0.002912115248152526
0.000615039007926782
0.00042914472364687176
0.004147275963047199
0.0016376947419418381
0.0036694505731043716
0.004147275963047199
0.002805850502707109
0.004147275963047199
0.002912115248152526
0.001985803207463718
0.000155930323903888
0.00021789281219369117
0.0007865278747047163
0.0005302067551855659
0.004147275963047199
0.0016963743053483489
0.0026326053131435086
0.002912115248152526
0.0011439511968718333
0.0005017756610447687
0.00042290616233189984
4.337004319243616e-05
0.0021060122224597546
0.0005713187710156227
0.00014526187479579412
0.00045143532266825044
0.0016049964668948162
0.0033899406380953536
0.004147275963047199
0.00028541994578623766
0.0015873015873015873
0.002117508342487153
0.0022546367101622285
0.002713799793218717
0.0004645040803312404
0.0008703585198298681
0.002494271700891286
0.00012299958202692852
0.002713799793218717
0.004309559846401363
0.00225299641183426
0.000846988270908112
0.0019012865218236785
5.784524843482953e-05
0.000615039007926782
0.0004260183857692457
0.0018260092997155225
0.0019180434443105327
0.001360173017535308
0.0003113386498118325
0.00015804167722507383
0.0007614979484115203
0.0036694505731043716
0.004147275963047199
0.0012803236233902354
0.001084706239691179
0.0013248136608509395
0.0018501997228214545
2.5693271576627387e-05
0.005611701005414218
0.002805850502707109
0.0005713187710156227
0.0020821489858027843
0.004147275963047199
0.004147275963047199
0.002494271700891286
0.001360173017535308
0.0010376864514264155
0.004147275963047199
0.004147275963047199
0.0012284678825118733
0.0009590217221552664
0.0036694505731043716
0.004147275963047199
0.0018026390507937665
0.0010376864514264155
0.001554468890698649
0.00041672355299297246
0.0025599743757456117
0.001956464468266872
0.0011094761973587598
0.0018260092997155225
0.001084706239691179
0.004147275963047199
0.0007971335657468039
0.0008884212908512947
0.001985803207463718
0.0017581490133330626
0.0030159556350417816
0.0017369363759394412