0.0019808441439975615
0.004074411572716436
0.001170986976843047
0.002462800851970025
0.004654997963104645
0.006649997090149492
0.001943166718365151
0.02377938907671559
0.001316183055561098
0.0008442562215731283
0.005398887706914162
0.0009559869520796496
0.0003401889460776619
0.00011188536225692578
0.00026586463035193193
9.537738701729194e-05
3.452853194198856e-05
1.2359451076565477e-05
0.00026978797984387136
0.00033565608677077734
0.00028511561700691904
0.0003815095480691678
0.005984997381134543
0.00993463039832745
0.00014051565700334023
0.0025607411447625965
0.02462380847705112
0.00010936311939307602
0.00012359451076565477
0.00016518096955311278
0.00019538961993012947
0.0006372862863345064
0.004351473325853377
0.0006649997090149492
0.01467622556732043
0.00013784702920589852
0.0004962821992204267
5.919384449176111e-05
0.00022882993871892304
0.000323329390658572
0.00016047661585140416
0.00044099671086586745
0.0008562653318036111
0.0010969910391937293
0.000248883795241868
0.00021428654748729733
6.341865024881425e-05
0.0003995046835200163
0.00020189359154437943
0.0004212033706841275
0.00014051565700334023
0.0002734725860662788
0.00041048202003556516
0.0015613159691240627
0.00015057127962580743
0.00012737185780532735
0.0006147936490994205
0.00019459074297730852
0.002047059165580833
0.0005957813265565022
0.0006803778921553238
0.00024047533689307562
7.135286251059562e-05
0.0006368317743457075
0.006748609633642703
0.00020479933902418457
0.00013912893807817232
0.000351647929776845
0.0002518540509854505
5.673470686273924e-05
0.00014442883123773936
0.0009144776184563611
0.00023677537796704443
0.0059097935510118976
4.630021619650423e-05
0.00018175274424252858
0.0006013846233447433
9.796313364878136e-05
0.0001688727357963899
0.001305441997756013
0.0002094104008140921
0.0002240748528625011
0.00025002826179549366
0.0007313273594624862
0.0001862993801066287
0.0009392596352163114
0.0024546992708119643
0.006754049772585026
0.0002108051767703298
0.00039032899228101566
0.000899814617819027
0.00025563458713183325
0.0007044447264122336
0.00016542739974014225
0.003989998254089695
0.00026569053222972694
0.00011798542735157942
0.005319997672119593
0.00211097215883145
8.218417795863796e-05
0.0001721003031669682
0.0005874296796580153
0.0004351473325853377
0.0004898156682439068
0.00026889319316682317
0.0003704889235679771
0.00022978664010423036
0.0006372862863345064
0.0003455106519766937
0.0005377863863336463
0.0002819124149655967
0.00023481490880407786
0.00020358119116235172
0.00017790023016951356
9.796313364878136e-05
9.038057568097506e-05
0.00020703571068112847
0.0014507905701778997
0.0006649997090149492
0.001130704997606193
0.001651795982922112
0.0003586936038169817
0.0017651467506152362
0.0012317697369343573
0.00011041153205053857
0.0009338929021817723
0.0005435639099007567
0.0003338645612256946
0.0005883822502050787
0.001661624816356916
6.246575100374561e-05
0.0011866895651590902
0.0026599988360597967
0.0007221441561886968
0.000525081102646683
0.0025288150104833514
0.0011276496598623868
0.001601102071525622
0.0002720070787399999
0.0010969910391937293
0.0012663843323596925
9.160876195974607e-05
9.5648877622127e-05
0.0003334379722555771
0.004654997963104645
1.627538866398665e-05
0.0003992456695955747
0.001181918287229259
0.0009836095990233816
0.0004351473325853377
0.00014051565700334023
0.00014643862529374187
0.0001859770928808292
4.312651256231729e-05
0.00015616326694884667
0.0011276496598623868
0.00042212811078656413
0.0007224022108973658
0.00034271550221487245
0.0012223017297146844
0.000323329390658572
2.3456727264973335e-05
0.0003279719563073557
0.0004004627406561003
0.00017638214867941773
0.0005323275594607662
3.476166632900292e-05
0.00019459074297730852
2.3993361374865876e-05
0.00014498266790156185
0.00010061082018473637
0.000387643424790359
0.0013002281110883636
0.0014064510430237076
9.222801079430937e-05
0.00012398472858721947
0.00037354119338442937
0.0010674013810170813
0.00013955863260188772
0.0005883822502050787
0.0001133791096898853
0.00030997046120225435
0.0002386214871688448
0.00023942122646577194
1.6479268102087303e-05
0.00026402009467006813
0.0012636101120523824
0.00026586463035193193
0.00024925309268010915
0.0002442278806170506
7.376368737985421e-05
0.00012493150200749121
0.0005744666002605759
0.00016542739974014225
0.00046694645109088615
0.00031831321275935487
0.0003585298737754672
0.000757658933871954
0.00021242876211150213
6.798477213655206e-05
0.00021647398110627254
0.005267266982246983
0.0017651467506152362
0.00035182869313857507
0.0004849022026705683
0.00018175274424252858
0.00011654192204645965
0.0003137115334711452
0.0002049312163664735
0.00029371483982900765
0.0005883822502050787
0.0006649997090149492
0.0002220466192989289
0.0004870994788454357
0.00021872585219460136
0.0012741403303652475
0.0006649997090149492
0.0006881170167918789
6.199236429360974e-05
0.00012116849616168571
8.385915704153368e-05
0.001055486079415725
0.00031831321275935487
2.8785129575294396e-05
0.0014797816444986711
0.0001723726176920619
0.0002138367127551893
9.735906870890479e-05
0.00011838768898352222
1.563781817664889e-05
0.0001807611513619501
0.00028542177726787035
0.0002600456222176727
0.007314996799164442
0.0002785110503542499
0.00014745739405263062
3.493827225299705e-05
5.162909986979918e-05
0.00010069254708522142
0.000612413779875915
0.00020023137032805014
0.00034781484917592354
2.266159071218402e-05
0.00010069254708522142
0.00010580371034116587
0.0013138860391812839
0.00033788913819657275
0.00029085832097811677
0.00011346941372547849
0.0003338645612256946
0.0005200609239804158
0.00018776344956172956
0.00021060168534206374
0.00023292386958173518
0.00039396017611732255
0.00018202004719503536
0.00029371483982900765
0.00048420713755248726
0.00025906616617764957
0.0003992456695955747
0.0008909138391975452
5.4099681504129996e-05
0.00037642739428194556
5.9679062954078374e-05
0.000387643424790359
9.648153870345005e-05
0.00021160742068233174
6.451292086806241e-05
0.002213472259063425
0.00012398472858721947
0.0002880545251811045
3.1978997516556116e-05
0.00026978797984387136
4.334540281376607e-05
0.0002442278806170506
0.0001290127264072424
0.00014685741991450382
6.632765044753702e-05
1.3458190807743192e-05
0.003943828611530139
0.00013129901850640851
0.0005814651371855385
0.0016693228061284732
2.6071249746752194e-05
4.78244388110635e-05
6.731458225288236e-05
0.00010401218479608315
0.000373289850099643
0.0001892471715420614
0.0006649997090149492
0.00019859377551883407
0.00021046565770701755
0.0008895011508475677
0.00030919924867592205
0.0038006171717436307
0.00028904622092137256
0.0011732729526502607
0.004654997963104645
4.865867392463844e-05
0.00015231669073948866
0.0003725987602132574
0.00038148142133186526
9.153197548756922e-05
2.7526233742209125e-05
0.00010968192129675818
0.00017392846296906153
0.002184531530707175
0.0006569430195906419
0.0003376853854620752
0.0013138860391812839
8.35212709669919e-05
0.0001922757343569527
2.694735827119635e-05
0.00039077923986025894
0.002610883995512026
0.0005440141574799999
0.0007476177035568404
0.0005621917590337104
9.601817506036815e-05
0.0004351473325853377
0.0005435639099007567
3.434804797857542e-05
0.00031192866211236217
0.00010470520040704606
0.00037869777052891
0.00022878924373163426
0.000899814617819027
0.000286874947340063
0.0004499073089095135
0.00018821369714097278
0.0010871278198015134
0.0004870994788454357
7.376368737985421e-05
0.0005435639099007567
0.00019538961993012947
0.0007998936989368849
0.00025908889578202016
0.0003516127607559269
0.0002969712797325151
0.0002222919815037181
0.0006931528172044213
0.0001526970302913116
0.0003585298737754672
0.002670916489805557
0.0006556270651888838
0.00023258178986605157
0.00017074403590369282
5.4099681504129996e-05
0.00013852386807896273
0.00040378718308875885
6.731458225288236e-05
2.36589114135955e-05
0.00015618011560795565
0.00035047318435116
0.00017003321749397123
0.0001938217123951795
0.00021060168534206374
0.00014477182656197392
0.0005432200550139348
0.0002720070787399999
0.0003656636797312431
5.6175483194351125e-05
9.239064930826643e-05
0.00018198592599461919
4.7764446676997756e-05
0.0013024301412472117
0.0002467119318487015
0.00017392846296906153
0.0003815095480691678
0.0005117647913952082
0.00024179842836298326
0.00030069231167237164
0.0009769115224682024
0.0002220466192989289
0.0005883822502050787
0.0005883822502050787
2.3325470352684956e-05
0.0004870994788454357
0.0003585298737754672
0.0001570752512400574
0.00013041825187125796
0.0004351473325853377
0.0002088043184579999
0.000373289850099643
0.00011041153205053857
5.3800793061387475e-05
0.0005570221007084998
9.160876195974607e-05
0.00010195883235321397
0.00013607657369727927
0.00016518096955311278
0.00012528190645048787
0.0005817166419562335
0.00028542177726787035
0.0002785110503542499
0.0001933253989959693
0.00024179842836298326
0.0002088043184579999
0.0002927935502216287
0.0014653672837023036
0.0004870994788454357
7.770115011619307e-05
0.0004351473325853377
0.0003338645612256946
0.00045936699031845545
0.0003455106519766937
0.00036386317317783787
0.00034785692593812306
0.0006649997090149492
0.0005860212679265449
0.0002080243695921663
8.257870122662738e-05
0.0006649997090149492
0.0006649997090149492
0.0005435639099007567
7.376368737985421e-05
3.4771095967466e-05
0.0005933447825795451
0.0007567002714135474
0.0002027309883467478
5.152207196786313e-05
8.214539204815919e-05
0.0003656636797312431
0.0004919579344610336
0.0004351473325853377
0.00046694645109088615
0.0001959262672975627
0.0004362874814671752
0.00020189359154437943
0.00041048202003556516
0.0001676104218071801
0.0006649997090149492
0.0007062415518897038
0.0004499073089095135
0.00030114255925161486
0.0001054025883851649
0.0005744666002605759
0.0011561848836854902
6.931528172044214e-05
5.2060038535985214e-05
0.0001221032597351127
0.0013299994180298984
0.0002969712797325151
0.0006649997090149492
0.00014643862529374187
0.0003656636797312431
0.0006649997090149492
8.538269935564341e-05
0.0002785110503542499
0.00042212811078656413
0.0002282465037121243
5.811721912452978e-05
0.00019855809904410903
0.0002518540509854505
0.000995535180967472
0.0001563179811097561
0.00016429078409631838
0.0004662069006971584
0.0003137115334711452
8.916588622787122e-05
0.0009226526112870723
0.0004343154796859218
0.00027459592646270764
0.00021617609141175823
0.00019538961993012947
0.00036970889872601354
0.0005251960740256341
2.0344235829983316e-05
0.0004870994788454357
0.00028232054571145917
8.501660874698561e-05
0.0004741881493225494
0.0004499073089095135
0.00034785692593812306
0.0005075306175837517
0.000185424529730918
7.60795714814411e-05
0.0002567997347008078
0.0001194333089264641
0.00029667239128977255
0.00028542177726787035
0.00030755087042902407
0.00030069231167237164
0.00010819936300825999
0.00013964233296774278
0.0002467119318487015
5.736676772232274e-05
0.0005117647913952082
0.001053399511620604
0.00013129901850640851
0.00026889319316682317
0.000387643424790359
0.0004898156682439068
0.000746579700199286
0.00018202004719503536
0.00041048202003556516
0.00019898295134261108
0.0002370940746612747
5.249266385486901e-05
9.98439039864874e-05
0.0007733015959838772
0.000373289850099643
0.00038148142133186526
0.0004499073089095135
0.0003656636797312431
0.00018342816340780223
0.0007062415518897038
0.00014375504187439097
4.535885789909309e-05
0.0003494536639527059
0.0002442278806170506
0.0002370940746612747
3.126123117711908e-05
9.057973736418378e-05
0.0001862993801066287
0.0003240698707642072
0.00015819744999420732
0.0004351473325853377
0.0005313810644594539
0.0005957813265565022
0.0005435639099007567
0.0006649997090149492
0.0006649997090149492
0.0005883822502050787
0.00020189359154437943
0.00012279208150285805
0.0005117647913952082
9.410684857048639e-05
0.0006649997090149492
0.0006649997090149492
0.00025504982624095687
2.9982606299751136e-05
4.576598774378461e-05
0.000856788755537181
0.00013955863260188772
0.0019949991270448476
9.160876195974607e-05
0.00015630615588559538
0.0001593311586799416
0.0005435639099007567
0.0001798128884489483
5.96553717922112e-05
0.00013489398992193568
4.294707579579007e-05
0.0002220466192989289
0.000394476533462838
0.0005883822502050787
0.0003338645612256946
9.330188141073983e-05
0.00028542177726787035
0.00018035650266980672
0.00012765053711845606
0.0001316749389525755
2.6706028257547623e-05
0.0003455106519766937
0.0006649997090149492
0.00013662081091098233
5.468155969653801e-05
0.00015980187340800653
0.00015596433105618108
0.0001321868596481294
0.00024985483408905193
4.658436300399608e-05
0.0012367969947036882
0.0005117647913952082
0.0001916945945804092
0.0001027238439713526
0.00012867749734585572
0.00035047318435116
5.873423622928662e-05
0.00023912906921132114
0.0005883822502050787
0.0002282465037121243
1.3763116871104562e-05
0.00013398422653219323
0.00019698008805866128
0.0003455106519766937
0.00041048202003556516
0.00018776344956172956
0.00023039289402438257
0.0003610878877463723
9.994292916255546e-05
0.00030919924867592205
0.0001892471715420614
0.00020703571068112847
0.00019698008805866128
0.00010128277135964307
0.0002240748528625011
8.856351074324231e-05
0.0002629168389164992
0.0005883822502050787
0.000373289850099643
0.0002080243695921663
0.0002370940746612747
0.00014643862529374187
0.00025451768897938407
0.00028542177726787035
0.0006649997090149492
0.0002088043184579999
0.0005883822502050787
2.101912917196572e-05
0.00012867749734585572
6.437983567825082e-05
0.000323329390658572
0.00042485752422300425
0.00034785692593812306
0.0006649997090149492
0.00019025595074644272
0.0004351473325853377
0.00011956453460566057
0.0005504224686574092
0.0005117647913952082
0.0006158848684671786
0.00019859377551883407
4.294707579579007e-05
0.00014952354071136808
0.00012361391151817966
0.00015162904490225378
0.0005117647913952082
0.0003209532317028083
0.00014542916048905838
0.0004351473325853377
0.0004351473325853377
0.00019712644436974187
0.0001593311586799416
8.796440018241834e-05
0.0001321868596481294
0.00014952354071136808
0.0007170597475509344
0.00021060168534206374
0.0002819124149655967
0.0003455106519766937
0.00042212811078656413
0.00046694645109088615
0.00012176038432631547
0.0011444442639955957
0.0006722245585875033
0.0005435639099007567
0.00010195883235321397
0.0004499073089095135
8.856351074324231e-05
0.0005883822502050787
0.0006677291224513892
0.00023258178986605157
0.00046694645109088615
8.501660874698561e-05
0.00014848563986625754
0.0006649997090149492
0.0006649997090149492
0.00046516357973210313
0.0006649997090149492
0.00020189359154437943
0.00012116849616168571
6.618391583803814e-05
3.8275861242244684e-05
0.0011265806973703772
0.00029667239128977255
0.0004499073089095135
0.0002370940746612747
9.731100415919102e-05
0.00030069231167237164
5.919384449176111e-05
0.00016398597815367786
0.0005883822502050787
9.537738701729194e-05
0.00013581130330163162
0.0006649997090149492
0.00012197631670896359
9.648153870345005e-05
0.00016884546960417986
0.00016638902122642957
9.994292916255546e-05
0.00039032899228101566
0.0002094104008140921
0.00013762340335837577
6.98765445059941e-05
0.00011720425358530897
0.0001593311586799416
0.0004499073089095135
0.0007182636793973158
0.00039032899228101566
0.0002785110503542499
0.00010610440425311828
0.0003531207759448519
0.0005440141574799999
0.00011642856178535853
0.0004212033706841275
0.0002052949561557262
0.0007170597475509344
0.00027911726520377545
0.0006274230669422904
0.00016542739974014225
4.3346376099972964e-05
9.537738701729194e-05
0.000197238266731419
0.00013766908867742685
0.00041589169032265277
0.00017135775110743622
0.00022005493247990201
0.00041407142136225695
0.00046516357973210313
0.00011262971273219092
0.00020664697413483622
0.0001321868596481294
3.1978997516556116e-05
0.0005744666002605759
0.0001424549282861582
0.00029667239128977255
0.00020703571068112847
0.00035047318435116
0.00035182869313857507
0.00018035650266980672
0.00021242876211150213
0.00039032899228101566
0.00010470520040704606
0.0004351473325853377
9.099296299730959e-05
9.2712264865459e-05
0.0006649997090149492
8.669275219994593e-05
0.00010610440425311828
0.00035182869313857507
0.0003279719563073557
0.0001616340675568561
0.0001616340675568561
0.00032847150979532097
0.00019859377551883407
0.0002629168389164992
6.0118834223268904e-05
0.0002692583290115294
0.0009741989576908714
0.0001221032597351127
0.00023912906921132114
0.00038148142133186526
0.0002088043184579999
0.0005491414719256808
0.00012875967135650163
0.00026796845306438646
0.0006649997090149492
0.0016976714886318483
0.00033953429772636966
0.00023440850717061794
0.00044010986495980403
8.214539204815919e-05
0.0002052949561557262
0.001799629235638054
0.0004870994788454357
0.00010069254708522142
0.0008209640400711303
0.0004351473325853377
0.00040468196976580704
0.00039994684946844246
0.0008442562215731283
0.00022663286683340624
0.0005883822502050787
0.0003455106519766937
0.0013299994180298984
0.0001434374736700315
0.0002227453472885563
0.00030919924867592205
0.00020946349945161416
0.0002613978106659331
0.00021220880850623657
0.00021647398110627254
0.00010195883235321397
8.977156241655909e-05
0.0003209532317028083
3.342866587361426e-05
0.00011114599075185905
0.0006649997090149492
0.00013955863260188772
0.0001862993801066287
0.00015231669073948866
6.152099629625839e-05
0.0002472278230363593
0.0006006941109841504
5.2060038535985214e-05
0.00017009447303883095
0.0005883822502050787
2.7394725986212657e-05
0.0002220466192989289
6.294117379201726e-05
0.00018776344956172956
0.0009741989576908714
8.530765678441127e-05
0.00042857309497459467
0.00018202004719503536
0.0006713121735415547
0.0002600456222176727
0.0008023830792570208
9.700358125248835e-05
0.0003137115334711452
0.0003279719563073557
0.0010704210457511013
0.0011629089493302579
6.931528172044214e-05
0.00011798542735157942
0.000373289850099643
0.00010470520040704606
0.00033953429772636966
0.00025223342380451577
0.00034785692593812306
5.873423622928662e-05
0.0002282465037121243
0.00033953429772636966
4.865867392463844e-05
0.00026586463035193193
6.105162986755636e-05
0.00021428654748729733
0.00030292124040421427
7.808163347442333e-05
7.760286500199068e-05
0.0009338929021817723
0.00019698008805866128
0.0003137115334711452
0.00039032899228101566
0.00015162904490225378
2.8087741597175562e-05
0.0003656636797312431
0.00010332348706741811
0.00039994684946844246
0.00013041825187125796
0.00012116652826758175
0.0001922757343569527
9.316954783269407e-05
9.410684857048639e-05
0.0002331034503485792
0.00042736478485847466
0.0002567997347008078
0.0003452712677404773
0.00025735499469171143
0.00014442883123773936
0.00011720425358530897
0.0002442278806170506
7.503232642978732e-05
9.86191333657095e-05
0.00018062964360595366
0.00022614099952123856
0.00024925309268010915
0.0002829620796046133
0.0008702946651706753
0.0005377695376745373
0.0002222919815037181
0.00013398422653219323
0.0011203742643125056
0.00038148142133186526
0.0001593311586799416
8.618630884603095e-05
0.0003338645612256946
0.00014148103980230666
0.0004212033706841275
0.0004870994788454357
0.0002752112343287046
0.00012972716198487235
0.00017790023016951356
0.0006649997090149492
0.00041435691144232775
4.598606424709372e-05
0.00041048202003556516
0.00031831321275935487
0.0002629168389164992
0.0002785110503542499
3.019324578806126e-05
0.00026586463035193193
7.395382081593694e-05
3.7078353229696435e-05
0.00014745739405263062
0.0006649997090149492
0.00024925309268010915
0.0004870994788454357
7.135286251059562e-05
0.0003656636797312431
0.0002052949561557262
0.00010752154709835683
0.00011489332005211518
0.0019516449614050784
0.00011041153205053857
0.0003137115334711452
0.00010823699055313627
0.0010871278198015134
0.0007170597475509344
0.00016280376765590146
0.00015377543521451204
0.00039994684946844246
0.00010752154709835683
3.434804797857542e-05
0.00012197631670896359
0.00016079307377065438
5.2060038535985214e-05
6.931528172044214e-05
0.00015980187340800653
0.0001922757343569527
0.0003585298737754672
0.0003137115334711452
0.00034785692593812306
0.0003256075353118029
0.00023285712357071705
7.277263463556758e-05
0.0002629168389164992
0.0003585298737754672
0.0003585298737754672
0.00046694645109088615
8.214539204815919e-05
7.731535452440194e-05
0.000216961196476149
0.0008916588622787121
0.0005460601415851061
0.0006649997090149492
0.0005435639099007567
0.00010968192129675818
8.117358955087698e-05
0.00028542177726787035
0.00010823699055313627
0.0004499073089095135
9.2712264865459e-05
2.6916381615486384e-05
0.00012197631670896359
0.0003815021616692693
0.00045804380979873034
0.0008209640400711303
7.889003479456856e-05
0.0004870994788454357
0.0004351473325853377
0.0006183984973518441
0.00033953429772636966
0.00011262971273219092
9.071771579818618e-05
0.0002888576624754787
7.934687224631058e-05
0.0002785110503542499
0.0001922757343569527
0.0002156045431691611
0.0002442278806170506
0.00022028612987175575
0.00028043104268688136
5.897389088649556e-05
0.0001250449247084763
0.00030919924867592205
2.694735827119635e-05
0.00018776344956172956
0.00022082306410107713
0.00018947679782874548
0.0005117647913952082
4.8699868689703005e-05
0.00014643862529374187
0.0003656636797312431
0.0004548871347067613
0.0005909402641759838
0.0004499073089095135
9.410684857048639e-05
8.271369987007112e-05
0.00011254848964468098
0.00013308188986519155
0.00014848563986625754
0.00023039289402438257
0.0005435639099007567
0.00032847150979532097
0.0002136214091958635
0.00021428654748729733
0.0006013846233447433
0.0005883822502050787
9.038057568097506e-05
0.0004351473325853377
0.00034785692593812306
9.5648877622127e-05
0.0013299994180298984
0.0009741989576908714
0.00010610440425311828
0.0013581371909054786
0.00021242876211150213
7.808163347442333e-05
0.0001938217123951795
0.0006372862863345064
0.00023942122646577194
0.00021220880850623657
0.000497767590483736
0.000576827203070858
0.0003585298737754672
0.0005117647913952082
0.0004870994788454357
0.00027482628587923824
0.0001916945945804092
0.00013129901850640851
0.00017009447303883095
0.0005883822502050787
0.00022377072451385156
6.246575100374561e-05
0.0004499073089095135
0.00022005493247990201
0.00038148142133186526
0.00015596433105618108
0.00035182869313857507
0.00015486446498780678
0.0006649997090149492
0.00029827685896105597
0.0003610878877463723
0.00019025595074644272
0.0002766840323829281
0.0005883822502050787
0.000323329390658572
0.00046694645109088615
0.00022005493247990201
6.341865024881425e-05
0.0003376909392083597
0.00039032899228101566
5.601601004328575e-05
0.0002171577398429609
0.0002282465037121243
0.0006097279250439896
0.00020358119116235172
0.0004580910908739348
0.0003585298737754672
0.00011564142688797319
0.00011565827554708218
0.00040468196976580704
2.7825787615634464e-05
0.0002240748528625011
0.00016638902122642957
0.00021428654748729733
0.0004870994788454357
0.0001002859976208428
0.00020358119116235172
7.277263463556758e-05
0.0002819124149655967
0.0005377695376745373
0.00012332656274886283
9.796313364878136e-05
6.152099629625839e-05
0.0003137115334711452
0.0005251960740256341
0.00018198592599461919
0.0004351473325853377
0.0005435639099007567
0.0005504224686574092
8.214539204815919e-05
1.4068886437790172e-05
0.0002220466192989289
0.0003704889235679771
5.119983475604614e-05
0.00046694645109088615
0.00018175274424252858
0.0013299994180298984
0.00036970889872601354
9.474029229756573e-05
0.0007044447264122336
0.0005638248299311934
0.00017009447303883095
0.00046694645109088615
0.00041048202003556516
0.00017925651255817912
0.00014051565700334023
0.00016047661585140416
0.00023131655109416435
0.00015596433105618108
4.865867392463844e-05
0.00028904622092137256
0.0002108051767703298
1.592148222566592e-05
0.00035182869313857507
0.000286874947340063
0.0003048639625219948
0.0002819124149655967
0.0005117647913952082
0.0006649997090149492
0.0006649997090149492
0.00010936311939307602
0.00028542177726787035
0.0004673850711448023
0.000323329390658572
4.7409670489987336e-05
0.0005883822502050787
1.3763116871104562e-05
5.249266385486901e-05
7.770115011619307e-05
0.0006677291224513892
0.0005883822502050787
0.0004741881493225494
0.0002711417270429252
8.218417795863796e-05
0.0003137115334711452
8.736851934380736e-05
2.5002826179549363e-05
0.00022525942546438183
0.00013766908867742685
0.00046694645109088615
0.00020358119116235172
4.294707579579007e-05
0.00024985483408905193
0.0002927935502216287
0.000646658781317144
0.0002849098565723164
0.0001892471715420614
0.00038148142133186526
0.00017656038797242595
0.00014848563986625754
0.00042212811078656413
0.00022377072451385156
0.0006649997090149492
0.000373289850099643
0.00010610440425311828
0.00026889319316682317
0.00015596433105618108
0.00020023137032805014
0.0005117647913952082
0.000323329390658572
0.00013129901850640851
0.00019698008805866128
0.0006649997090149492
9.099296299730959e-05
0.00032847150979532097
0.0006569430195906419
0.0001938217123951795
0.00030069231167237164
0.00014148103980230666
0.0004870994788454357
0.0003338645612256946
0.0002347410185338089
3.497877952123181e-05
3.3794073240668076e-05
0.0005883822502050787
0.00035182869313857507
0.0006790685954527393
0.0007806579845620313
0.00018062964360595366
0.00014745739405263062
6.881170167918789e-05
0.00018776344956172956
0.00018776344956172956
0.00013581130330163162
0.00020358119116235172
0.00024925309268010915
7.238591328098696e-05
0.0002785110503542499
0.0003186623173598832
0.000503708101970901
0.0002927935502216287
0.0006649997090149492
4.78244388110635e-05
0.00013041825187125796
0.0004870994788454357
0.0003455106519766937
0.001305441997756013
5.478945197242531e-05
0.00033953429772636966
0.00015057127962580743
3.4040824117643546e-05
4.7409670489987336e-05
0.00014643862529374187
0.0001526970302913116
0.0006649997090149492
0.0006649997090149492
0.0002088043184579999
0.00015057127962580743
7.990093670400327e-05
0.00022614099952123856
0.0004499073089095135
0.0005117647913952082
0.0006649997090149492
0.0006649997090149492
0.00042212811078656413
0.0003338645612256946
0.00013123551131676082
4.215470231038845e-05
8.559991156693594e-05
0.000373289850099643
5.646443105532104e-05
0.0003053940605826232
0.00023039289402438257
8.385915704153368e-05
0.00020189359154437943
0.00016272089735711175
0.0003137115334711452
0.00011720425358530897
0.00030919924867592205
0.0006649997090149492
0.0006649997090149492
0.00014848563986625754
0.00021428654748729733
0.00028542177726787035
0.0006274230669422904
0.00011413362202476416
0.0005117647913952082
0.00010128277135964307
9.666269949798464e-05
0.00039994684946844246
0.00016771831408306736
0.00039994684946844246
0.00018485444936300677
0.00012361391151817966
0.0005117647913952082
5.548138135024401e-05
0.00035182869313857507
0.0002052949561557262
0.0005883822502050787
0.00018776344956172956
0.00010968192129675818
0.00035182869313857507
0.0002088043184579999
8.045779243018689e-05
0.00014542916048905838
0.00041048202003556516
0.0001229300747229157
0.00039994684946844246
0.0005435639099007567
0.0002518540509854505
0.00044010986495980403
0.000503708101970901
0.0005377863863336463
0.00014643862529374187
5.424029911903725e-05
0.00020023137032805014
0.00020703571068112847
0.00014442883123773936
0.00028542177726787035
0.000323329390658572
0.00021060168534206374
0.00010691835637759465
0.00012867749734585572
0.00026586463035193193
0.00033953429772636966
0.00015819744999420732
4.07378354427273e-05
7.990093670400327e-05
0.0004870994788454357
0.00018776344956172956
0.00017355166718413667
0.00014848563986625754
0.00018485444936300677
0.0003585298737754672
0.00017925651255817912
0.0003137115334711452
0.000899814617819027
0.00011114599075185905
0.0004870994788454357
0.00019538961993012947
6.152099629625839e-05
0.00020189359154437943
0.0011767645004101574
6.152099629625839e-05
0.00016280376765590146
0.00015057127962580743
0.0013299994180298984
0.001170986976843047
0.0006649997090149492
0.0004499073089095135
0.0006847395111363729
0.0019949991270448476
0.0002927935502216287
0.0005435639099007567
0.0005883822502050787
0.0003585298737754672
0.00012781729356591662
0.0003048639625219948
0.00039994684946844246
9.410684857048639e-05
0.000323329390658572
0.00036970889872601354
0.0006013846233447433
0.00017954312483311818
0.00010061082018473637
0.00021809849861217714
0.00013041825187125796
0.0005435639099007567
5.424029911903725e-05
0.00023039289402438257
0.00028904622092137256
0.0003137115334711452
0.0006722245585875033
0.0012725884448969204
0.00024179842836298326
0.00018193158658891893
3.8275861242244684e-05
0.0002927935502216287
0.000323329390658572
0.0002370940746612747
8.273593708341786e-05
8.443636789819494e-05
0.00016638902122642957
0.00017009447303883095
0.00036592895012689075
0.00042212811078656413
0.0005117647913952082
0.0002819124149655967
0.0006649997090149492
6.982116648387139e-05
0.00013041825187125796
0.0002819124149655967
0.00039077923986025894
0.0003338645612256946
0.00010401218479608315
2.6706028257547623e-05
0.0021742556396030267
0.0008647043656470329
0.0001321868596481294
0.00017790023016951356
0.0002785110503542499
8.157999118433684e-05
0.0002442278806170506
0.0013299994180298984
0.0013299994180298984
0.0013299994180298984
0.0010871278198015134
0.0009741989576908714
0.0004985061853602183
8.43094046207769e-05
0.0013299994180298984
0.0008209640400711303
0.0013299994180298984
0.0010180707559175363
0.0003352208436143602
0.0008457372448967901
0.0004105899123114524
0.001018602893179109
0.0009741989576908714
0.0014626547189249724
0.00015759114242771524
0.00022377072451385156
0.0009741989576908714
0.0011767645004101574
0.0010871278198015134
0.00041407142136225695
0.000899814617819027
0.0013299994180298984
0.00039718755103766815
0.0006569430195906419
7.57907191314982e-05
0.0011444442639955957
0.0023535290008203148
0.0001416798704855203
0.000197238266731419
0.0013299994180298984
0.0013299994180298984
0.00036592895012689075
0.000969988171975716
0.0005377695376745373
0.0013299994180298984
0.0004884557612341012
0.0006977931630094387
0.0009741989576908714
0.0010235295827904164
0.0008442562215731283
0.0007806579845620313
0.00022978664010423036
0.0001205948053279908
0.0011998405484053274
0.0008209640400711303
0.0001194333089264641
0.0009020769350171149
0.0002222919815037181
0.0007806579845620313
0.0009741989576908714
0.0006677291224513892
0.0004884557612341012
0.00020664697413483622
0.0007806579845620313
0.0013299994180298984
0.0004522819990424771
0.0004991670636792887
0.0005140732533223086
0.001001593683677084
0.002047059165580833
0.00026259803701281703
0.00042485752422300425
0.00023440850717061794
0.0017651467506152362
0.00021060168534206374
9.153197548756922e-05
0.00014148103980230666
2.1673188049986482e-05
0.00012036262924879077
6.058424808084286e-05
0.00042212811078656413
0.00019698008805866128
0.0010871278198015134
0.0003845514687139054
0.0009338929021817723
9.071771579818618e-05
0.0006569430195906419
0.0006183984973518441
0.000646658781317144
0.00025724710241582414
0.00018062964360595366
0.00015486446498780678
0.0002467119318487015
0.0002720070787399999
0.0003531207759448519
0.0005883822502050787
0.0006910213039533874
0.00046078578804876515
0.0005933447825795451
0.0004870994788454357
0.0013299994180298984
5.873423622928662e-05
6.437983567825082e-05
0.0006013846233447433
0.00046694645109088615
3.1619531743265776e-05
0.00020023137032805014
0.0006649997090149492
9.474029229756573e-05
0.0006649997090149492
0.00017119982313387188
0.0008442562215731283
0.0009741989576908714
0.0017651467506152362
0.0009741989576908714
0.0013299994180298984
0.0006569430195906419
0.0011767645004101574
0.0002455841630057161
0.0006649997090149492
0.0006649997090149492
0.00011720425358530897
0.00039032899228101566
0.0006649997090149492
0.00020189359154437943
4.99219519932437e-05
0.00012781729356591662
0.00023039289402438257
0.00023039289402438257
0.0007859914022924696
0.000787794111038451
3.3794073240668076e-05
0.0004351473325853377
0.0002720070787399999
0.0005217853889071845
0.00012221350632818191
0.0003401889460776619
0.0003020776412556643
0.0003656636797312431
3.942528887394837e-05
0.0006649997090149492
0.0003048639625219948
0.00023655851268467655
0.00030919924867592205
0.00011114599075185905
0.00028904622092137256
0.0007401357955461044
0.00039032899228101566
0.0005883822502050787
0.0006649997090149492
7.554428894446874e-05
0.001170986976843047
0.0005861688597903884
0.0005435639099007567
0.0009741989576908714
0.00014745739405263062
0.0001570752512400574
0.00017656038797242595
0.00017523659217558
0.00039994684946844246
0.00022614099952123856
0.00016398597815367786
4.2206659313370516e-05
0.0005883822502050787
0.0006649997090149492
0.00038148142133186526
6.583746947628775e-05
0.0002785110503542499
7.770115011619307e-05
0.00021060168534206374
0.00017392846296906153
5.691467863456427e-05
0.0005883822502050787
0.00017925651255817912
2.266159071218402e-05
4.0198268442663596e-05
0.0005117647913952082
0.00040195267959657966
0.0006649997090149492
0.0003209532317028083
0.00030919924867592205
7.238591328098696e-05
0.0005883822502050787
0.0003048639625219948
0.00020023137032805014
0.0003048639625219948
0.0004499073089095135
0.0005435639099007567
6.831040545549116e-05
0.0004351473325853377
0.00029667239128977255
7.135286251059562e-05
6.781137242786889e-05
0.00018062964360595366
7.715797640464157e-05
0.0003656636797312431
0.0006649997090149492
5.782071344398659e-05
0.00024925309268010915
8.214539204815919e-05
0.0006649997090149492
0.0006649997090149492
0.00030755087042902407
0.00017523659217558
0.00017263563387023866
0.00015486446498780678
0.0006649997090149492
0.0006649997090149492
0.000373289850099643
0.0001892471715420614
0.0001424549282861582
0.0006649997090149492
0.0003656636797312431
0.0003048639625219948
0.0006649997090149492
4.495322211223707e-05