0.030254428824843048
0.017535873637265383
0.002458268052958532
0.003377475697746539
0.0043887746753411006
5.649523837674193e-05
0.0001819608772617634
0.0006379413432154227
0.0003359163673093859
0.0002401374704505697
0.0015917704035845772
0.0032527919464893132
0.0001178207694359341
0.0001819608772617634
0.0002475940738040042
0.00024715954475991664
0.0009884043361887405
0.0005008236782871288
0.00011901324111406874
1.7902016254424285e-05
0.0005427386227511467
0.0004252942288102818
4.912600766119275e-05
0.001432418121550629
0.014552767097612797
0.0006654840815387383
0.00010917015509114358
9.82520153223855e-05
0.00034426930265745993
0.0012882260457119587
0.00016323631137264325
0.00021015286785433838
0.00020256288437556355
0.003489555463992164
0.0017298086296284277
0.003943516671430086
0.0007266555814544656
0.0005661521691734234
4.9924000730952406e-05
0.00024449291813384013
0.0006398557352312547
0.0008133181764246961
0.00036769660755159696
0.0004515888490225135
0.0010293121893388613
0.0004475322770477551
7.973640848057621e-05
0.004140781461393492
0.0004210130426113644
0.0007481080756257704
0.0008974128976344508
0.0014059186629912833
0.0004811732319097376
0.002709043432339981
0.0005603207643846627
0.0007238638333286051
0.0002839757410425715
0.00018721125805838516
0.0003769678634384753
0.0018163016903877049
0.0063622636400516115
0.0012882260457119587
0.018060289548933208
0.0012403514875697977
0.00017008512201924702
0.007104063484946346
0.0006278959478642008
0.0014452010772517537
0.0004310158478231377
0.001577451146767985
0.00025275243812136647
0.0019794913960867622
0.0013663661376251183
1.4918346878686906e-05
0.0007739837263949952
6.877120789188178e-05
0.0005021167486477807
0.0008798382819493339
0.00011932258412021129
0.0013066071198981541
0.0003406844809278235
0.0015894599545975183
0.000153598747544866
2.9606512700796752e-05
0.0007887255733839925
5.799626785477749e-05
0.0006802037223111409
0.00013284351926236583
0.00039434425411035036
0.00022281075513551937
0.0009030144774466604
0.0012943750621812733
0.001462924891780367
0.0008392164078459678
0.0007469374332401492
0.00044562151027103874
0.00032214857714395954
0.0006201757437848988
0.008044191476282497
0.003351671922147135
0.0004298352837096745
0.011703399134242936
0.004678979317593463
0.0008211958684442874
0.006126931225318297
0.0020406111669334227
0.0001648959408618732
0.00011643344910402991
0.00021105064038502068
0.000177843511725975
0.00032367811288721904
0.00037791502979095
0.0035092344881950967
0.0007887255733839925
0.0003555768485055362
8.253135793466808e-05
0.0044519683142496165
0.0007374483172233041
0.003356865631383871
0.00017577311327549204
0.014629248917803669
0.0003713996963991775
0.016474902655947195
0.006163379416582614
0.008777549350682201
0.008777549350682201
0.008777549350682201
0.0029308661832883253
0.005599104143337066
0.002974597067653717
0.0018702701890644258
0.0073146244589018345
0.00032214857714395954
0.001183069827494343
0.0007943529176682512
0.00013016193170822782
0.00014269261462445784
0.000134306749019949
0.0001899721849406467
0.00011263390299916309
0.000134306749019949
1.9760390191775e-05
4.4809338033167854e-05
0.00033356691904868707
0.00040665908821234804
0.0004516259141858053
0.0005249405504403086
9.273562451148724e-05
0.00033356691904868707
0.0002477727555009956
0.00023810925861325442
8.881953810239026e-05
0.0005603207643846627
0.0005924621535296651
0.00027902785758968774
0.00014162842910405793
3.5025477975723065e-05
6.642175963118291e-05
0.00023653536312958788
0.001837384473060429
0.0003028565786190426
0.00013284351926236583
0.00025783623311124244
0.0002849832787031235
0.0004122529714900053
0.00011075616391316769
0.0002098195708795857
0.00019748738450988838
0.0009286345729453586
0.0006984908559903456
0.0025887501243625466
8.60036220829416e-05
0.0004298352837096745
0.0008798382819493339
0.00011547798224287813
1.529850347773504e-05
0.0022408122997204473
0.0016621521270803498
0.0010431608279329767
0.0007887255733839925
0.00032665177997453853
0.0009769553944294419
0.0009186922365302145
0.0005599104143337066
0.0003973649886493796
0.005571807437672151
0.0008853301511888671
0.0005540507090267833
0.00028884313757652797
0.00016736653771029232
0.0005983851133087681
6.189994939986292e-05
0.0011258252325821796
0.0006802037223111409
0.0007739837263949952
0.00018448075476830113
0.0007060611687347894
5.543156792204705e-05
0.007112884523502404
5.654086479648466e-05
0.0009346389768601252
0.0005572516620470457
0.0023915594647257255
0.0023915594647257255
0.001462924891780367
0.0011967702266175361
5.500341772645546e-05
0.0009286345729453586
0.0001896002281388889
0.0006358693180291561
7.434317679875973e-05
0.000366037214108982
0.00032665177997453853
0.0004185417863845316
0.00036872415861165204
0.0003614213273877015
0.0005848724146991828
0.001462924891780367
0.002969237094130143
0.00010704363373454895
0.002413257442884749
0.001027229902763769
0.0002461352678093289
0.0004333341354885107
0.0009897456980433811
0.0003607507884466967
5.278270819812319e-05
8.253135793466808e-05
0.0001568056073936429
0.0001908971165639622
0.00022281075513551937
0.0007286790191935599
0.0006278959478642008
2.562009549869829e-05
9.97844079986208e-05
0.0003896596122174681
0.00014070042692334713
6.178988618997916e-05
0.00014917742568258506
0.00040852249760126415
9.558971655000874e-05
0.0006487795086593345
0.0013052920776903878
0.0007887255733839925
0.0007877235330791957
0.0002756061648622434
0.0007600847433462651
0.0003792004562777778
6.026532945119234e-05
0.0005068385669774911
0.0007130063331171175
0.0001071342576046154
0.00045053561199665237
0.001462924891780367
0.0005783876036410556
0.0005983851133087681
0.0012943750621812733
0.001462924891780367
0.001462924891780367
0.001462924891780367
0.0004673194884300626
0.0002647843058894171
0.001462924891780367
0.0003530305843673947
0.00014269261462445784
0.001462924891780367
0.0009572754029830861
0.001462924891780367
0.00017455423351386015
0.00025841748504464403
0.0016621521270803498
0.0006358693180291561
0.0011258252325821796
0.0008211958684442874
0.0003359163673093859
0.001462924891780367
0.0011258252325821796
0.0015201694866925303
0.0014009585898120296
0.0005540507090267833
0.002143128614091508
0.0007384058034279866
0.0013239215294470854
0.0003817942331279244
0.0015911007081832029
0.001462924891780367
5.204695573573164e-05
0.00039497476901977676
0.0008326451702001783
0.0003769678634384753
0.00027930599351226127
5.799626785477749e-05
0.00012620046493897315
0.00012421542531710882
0.0006054338967959016
0.0001030243987909188
0.0007710017588553795
0.00020426124880063208
0.00010409391147146328
1.8126272220912938e-05
6.955942901416083e-05
0.00032214857714395954
0.00021550792391156884
4.767858670123006e-05
0.00217869710956486
0.00042298508414807785
0.00018575055401568192
0.002547684761280405
0.0002445087332945432
8.588542494989062e-05
0.0002918268069522654
0.0008008474416901388
0.0005427386227511467
0.0007226005386258769
0.000629458712638757
0.00010068004806569414
3.162449941346484e-05
9.487349824039452e-05
0.0004196391417591714
0.00014269261462445784
0.0005266998873370762
0.0006441130228559793
0.0014654330916441627
0.00021840279147376945
0.0003555768485055362
4.9924000730952406e-05
0.00023033971578907274
0.0002070245285741551
0.00031992786761562736
0.00033947781555860776
0.0001785198616711031
0.0007226005386258769
0.00024289300639785332
0.0005983851133087681
0.00027559346333364253
0.00010520840990406971
0.0008798382819493339
0.0011318296364969463
0.0004035214188293701
0.0012108677935918032
0.00029876965883096895
0.001462924891780367
0.0005599104143337066
0.0008798382819493339
7.686028649609487e-05
8.004582348352324e-05
0.002143128614091508
0.0008392164078459678
0.0015063502459433421
0.0002098195708795857
0.001462924891780367
0.001462924891780367
0.00018071066369385074
0.0009030144774466604
1.2785137398671752e-05
0.0004404865923958057
0.000411277927105919
0.0003155463796470066
0.0007846198588786249
8.881953810239026e-05
0.00013637625941186597
0.00023033971578907274
1.8126272220912938e-05
0.000479792273822645
0.00022429801361465714
0.00013327856142756527
0.0006487795086593345
0.00017699813351523198
0.001059091753102184
0.0013435674693340646
0.00010157899919414791
0.00041632258510008915
0.000350510706860857
0.00012170388901824491
0.0005266998873370762
0.00042638606271033606
0.0025176492235379033
0.0014012203030879093
0.00017625081470980616
0.0029919255665438404
6.877120789188178e-05
0.0025887501243625466
0.0043887746753411006
0.0009511263865137717
0.0004637477824919517
0.00044266507559443356
0.00030492608901095953
0.0013214597771874172
0.00025275243812136647
0.008357711156508227
0.0023033971578907274
0.00011075616391316769
0.0011957797323628627
0.00025275243812136647
0.00013442801409950354
0.0036599317939111325
0.0003555768485055362
0.0005021167486477807
0.00010068004806569414
0.0003091187101714019
0.00042638606271033606
0.00027275251882373194
0.0005915349137471715
0.0005935033442366017
0.00020152901777146826
0.0004633001241371604
0.0015201694866925303
0.0004185417863845316
0.00010556541639624638
0.0005191094558391439
9.186872162074781e-05
0.0002947502945380667
0.00014917742568258506
0.0003455479631143256
0.0008798382819493339
0.00029276525491620247
0.00016501708944959348
0.00017699813351523198
0.0006901302435655819
0.0002028912958627332
0.0005260478879514249
6.0554631787872144e-05
0.000366037214108982
0.0004541341140496011
0.00015810195037544494
0.00011169322096219688
0.00012920874252232202
0.00015248585771535114
0.0005021167486477807
0.0008211958684442874
0.00022429801361465714
0.00036872415861165204
0.00029675167211830084
0.0003530305843673947
0.0023915594647257255
0.001462924891780367
1.529850347773504e-05
0.00032665177997453853
7.75854382102353e-05
0.0005599104143337066
7.556185918691087e-05
0.00044785582311135494
0.00028884313757652797
0.00022881515905028593
0.0004673194884300626
5.500341772645546e-05
0.0002860715202073803
0.00014056888057230825
0.0008798382819493339
0.0007226005386258769
0.0008008474416901388
0.0005021623750675234
0.0007768261638786803
0.0003435416997995625
0.0009511263865137717
0.0005122595960298697
0.001462924891780367
0.001462924891780367
0.001462924891780367
0.00012820184251920727
0.001462924891780367
0.001462924891780367
0.0012943750621812733
0.001462924891780367
0.0008798382819493339
0.00015027524246059618
0.0011258252325821796
0.0007600847433462651
0.001462924891780367
0.0002085919320886453
0.00015614086720719492
0.004169701117234443
0.0017546172440975484
0.0007112884523502404
0.0003177272552816786
0.002925849783560734
0.0008586800731646756
0.0007004792949060148
0.0007600847433462651
0.0002811837325982567
0.0007374483172233041
0.0006278959478642008
0.0008586800731646756
0.00021695104982859611
0.00027012882879324146
0.0007111536970110724
0.0005540507090267833
0.0007112884523502404
0.00031124244422355143
5.735382993000524e-05
0.0006358693180291561
7.840280369682145e-05
0.0003797790624166672
0.0001603852160083897
0.0001353393026024632
7.35393215103194e-05
0.0005309944005456959
0.0002028912958627332
0.0008326451702001783
6.955942901416083e-05
0.0002098195708795857
0.0003359163673093859
0.0002461352678093289
0.0020863216558659535
0.00018448075476830113
0.0008392164078459678
0.00016269012429217034
0.0004140490571483102
0.0002811377611446165
0.002925849783560734
0.001462924891780367
0.001462924891780367
0.00031338488982996394
0.001462924891780367
0.0006140267273155844
0.0023915594647257255
0.0002907962886660137
0.00024128794444286836
0.0003406844809278235
3.0277315893936072e-05
0.000249421344888891
0.00023033971578907274
0.0002070245285741551
0.00024289300639785332
0.0006358693180291561
0.0002396934075599869
0.0003530305843673947
0.0010136771339549822
0.0009030144774466604
0.0003070133636577922
0.0007004792949060148
0.0007344646478475667
0.00042638606271033606
3.567623857123874e-05
0.00023864516824042257
0.0008035776316093395
0.0003294681120629135
0.0004637477824919517
0.0025887501243625466
0.002054459805527538
0.0007374483172233041
0.002925849783560734
0.0002849832787031235
0.001462924891780367
0.001462924891780367
0.0005068385669774911
0.0002070245285741551
0.00025612979801493485
0.0006054338967959016
0.00027559346333364253
0.001462924891780367
0.0006595897570207397
0.00019615496471965622
6.026532945119234e-05
0.001462924891780367
0.0005483288920157608
0.000350510706860857
0.001462924891780367
0.00015137803801653371
0.0011957797323628627
0.00038841308193934013
0.0012943750621812733
0.00033123995389126393
0.00013637625941186597
0.000873768134393616
0.00022730010116902896
0.00026128545411058083
0.0001819608772617634
0.0005402576575864829
0.0002334178075646706
0.0009030144774466604
0.0004974848752065769
0.00022730010116902896
6.409479447375978e-05
0.00038550087942768973
0.00011169322096219688
0.0003155463796470066
0.00033828873737839745
0.0005068385669774911
0.00010068004806569414
0.0020406111669334227
0.00033947781555860776
0.0002737582395031633
0.00016618897607100655
0.0025887501243625466
7.434317679875973e-05
0.0004004237208450694
0.0002683342375977144
9.014413280820003e-05
0.0007112884523502404
0.00028884313757652797
0.00017577311327549204
6.798553353049429e-05
0.00019615496471965622
0.0002811837325982567
9.273562451148724e-05
0.0003530305843673947
5.1313422741152964e-05
0.00013327856142756527
4.695809431247522e-05
0.00011075616391316769
0.00040983777404196195
0.0013052920776903878
0.001462924891780367
0.001462924891780367
0.001462924891780367
0.0005720712484284637
0.0009286345729453586
0.001462924891780367
0.00014699655004791302