5.683553754661254e-05
0.000899602021773477
0.007766138525038449
0.004092787308207571
0.024584657938090906
0.002176693881511619
0.013761150930757034
0.010959169536875327
0.00026049424701071186
0.0023798223850075725
0.00011392265348294203
0.0008846614396695562
0.003749407658005746
0.004587050310252344
0.012416129737801556
0.0009181776185374183
0.005141366223902583
0.0009447248667036271
0.0009174100620504688
0.0008749012529058678
0.0007498815316011492
0.0015556655595503222
0.000235552428744947
0.0008117113276178912
0.00024116566628539673
3.838747174923729e-05
0.00021438751320682764
0.0009174100620504688
0.0005149774652533347
0.00024919026324711794
0.00034106675446273025
0.00041544561632710493
0.019861638389949195
0.001179154662716957
0.00025580511843847496
0.015890430741847945
0.002538975358399044
0.0014850020346575579
0.00011337838314588783
0.0012006277175054716
0.002824050372741254
0.00012982647753983183
0.00016309450933672446
0.0004040430890302751
9.730870269907319e-05
0.00017088398022441307
9.632281008255993e-05
0.0009174100620504688
0.00161971168660678
0.0030178216573812293
0.0001716756375535989
0.00010421822726924778
0.00018986037633253455
0.0006532938623823859
0.0004478040350345367
0.00022266500976635326
0.009381121239708409
0.014678560992807501
0.0004459692776902301
0.0006003138587527358
0.0014866111914208853
0.0003298845156051062
0.0001695899801918314
8.552247166769404e-05
0.0008308912326542099
2.153576500943129e-05
2.5001619653495277e-05
0.00013972612664046264
0.00037967167825754224
0.002015955602932286
0.00015435308578211425
0.00022138785943826085
0.00035488899767969557
0.0003489694949980091
4.796897333433072e-05
0.0009174100620504688
0.00033029705013483775
0.0001763033853245383
0.00011512553600239372
0.00020918206370117804
0.00042428629561644507
0.0007778327797751611
0.0004108855887347109
0.00034727968530357705
0.00024175020037143745
0.00029305920166295356
0.0001369618629115703
0.00024088087336160394
0.00021121609384940922
0.0005666243773827553
0.00013879912658210295
0.001164706002303659
8.166173279779823e-05
0.00014833292083899014
0.00022787781930273178
0.0001402269731405715
0.0009062953384731855
0.0007252506011143124
0.0012820622194494164
0.0004039276189679702
0.00030664631445718993
0.00024145109846072547
0.00010771865797788248
0.002356932382285001
4.696151613701597e-05
2.237280972199171e-05
0.0003063276570314226
0.0006719852009774287
0.00021190043970137495
0.0002399455516170796
0.0011526719629654297
7.530747425985277e-05
3.130767742467732e-05
0.0005377182520970465
0.0030898647915200083
0.0002048455333688644
0.0007582812340024768
0.0003119761190726637
0.00014349152881454027
0.00019924890376863693
0.00029822888453539257
0.0006417232109436212
0.0009174100620504688
0.0009174100620504688
0.0009174100620504688
0.00012468584334640134
0.00021214314780822253
0.00019788126195560173
0.0006719852009774287
0.00044605378367188527
0.0009174100620504688
3.7175621716127266e-05
0.001412025186370627
0.0004684094999181553
0.00010202407373097479
3.8817875571683696e-05
3.410132252796753e-05
0.00014254142580333065
0.0009174100620504688
0.00018735179039235862
8.815169266226915e-05
0.0007498815316011492
0.00043339091441164706
0.00018863655032556347
0.00015953481960774107
0.0009174100620504688
0.0008296489414050197
0.00022353766190880793
0.00024919026324711794
0.0008117113276178912
0.0009174100620504688
0.00018941141065168158
0.006405883012670125
0.0002329332338745866
0.0002544689988840179
0.0022496445948034477
0.0002832176554550029
0.0005149774652533347
0.00019652577711949283
8.293781589298579e-05
0.00022622925146271078
0.0009174100620504688
0.0003987579360955312
0.002102897662831667
6.034928885341213e-05
9.082704268691522e-05
0.00020062892259884495
0.00026955260418029444
7.942189192509247e-05
0.00014126695980091664
8.422466774916745e-05
2.8100237966024502e-05
0.0002658195247935314
0.00020918206370117804
0.0009174100620504688
0.0002609752200315589
0.0003119761190726637
0.00018992340218174512
0.00029822888453539257
4.411709313291748e-05
0.00014254142580333065
0.001321188200539351
0.00046613989605840387
8.617553921829933e-05
6.070546301256423e-05
0.00024919026324711794
0.00045575563860546356
6.370087519689192e-05
0.0004341570783511864
0.0004096910667377288
6.25190913012738e-05
0.0002684505018110411
0.0007060125931853135
0.0009174100620504688
0.000680270298875327
0.00039738982775160093
0.00037984680436349024
0.0005391052083605889
0.0004766542667192519
0.0003474489348040151
7.72777048665975e-05
0.001494432209573908
2.0581870981649083e-05
0.00018236031304687513
0.004215685499263398
0.0003894794326194955
7.632132927899768e-05
0.0006571458078996407
0.0012413523993718247
0.00012468584334640134
0.0005617068118517415
0.00015953481960774107
0.00042428629561644507
0.00011410889283339516
7.764159893991451e-05
0.0002219934455464918
0.00015063320973947663
0.00023297084934832015
0.0003104499878058012
0.0008117113276178912
0.00013879912658210295
0.00018847723527712414
0.00020918206370117804
0.00033763460536860194
0.00019518223503625802
0.0002806505080081779
0.00032708659387083855
0.00011091221679159078
0.00025267400324750235
0.0008515553070051594
0.0007594415053301382
4.1163741963298166e-05
0.0002832176554550029
0.0008117113276178912
0.0013439699335716956
0.0006239522381453275
9.986104398911438e-05
0.0018348201241009377
0.001164706002303659
0.0001389118741214308
0.00023618121667590678
0.0001308635606242534
0.00039258738124157836
0.0007702274545019555
0.0022496445948034477
0.0006126553140628452
0.00019253015010281492
0.0006124308770341074
0.0006409366042174433
0.000510120368654874
0.0008117113276178912
0.00018437495846139137
0.0009273772088097966
0.0007533252444831046
8.749012529058677e-05
0.0008117113276178912
0.0006126553140628452
0.00033692814007878924
0.00012403174837006983
6.257547495980925e-05
0.0006456380600575935
0.0005175597095200744
0.0003208616054718106
0.0002757554555334834
0.0004303257420784659
0.0003119761190726637
7.238322932176251e-05
0.001163277443160991
0.0023625466914721826
0.00016715705391970808
0.00025305100211701366
8.039623972587926e-05
0.00014386789361655808
0.0004327853283034162
0.0003295319317219645
0.00018165408537383043
0.00011728590441253739
7.241702116775995e-05
8.617553921829933e-05
0.00032708659387083855
0.0001728344840042018
0.0001363106129591333
7.301620087773786e-05
0.00011631027063027824
4.8199603820935896e-05
8.552247166769404e-05
8.166173279779823e-05
0.0002083678111821462
3.126312847899263e-05
0.0002590318094550686
0.003749407658005746
0.00044533001953270653
0.00017515467149329305
0.00012688149327726912
0.0003438607447823556
0.000323942337321356
0.00019924890376863693
0.0016988593996345527
0.0010769681254719878
0.0004039276189679702
0.00025791516074830453
0.00012496059975557517
0.00825669055845422
0.0001400871437068003
0.00022979392395502927
0.0008791776049888607
0.00013157926741254916
0.0002329332338745866
0.00027397294382496457
0.00019860235289715172
0.00036808872110940583
0.00048161405041279964
0.00048537041269011987
9.150327900574893e-05
0.00018245824875137882
0.0005542444232833624
8.552247166769404e-05
0.00023457180882507477
0.0004039276189679702
0.0005517525181044628
0.0005470809391406254
9.015379196861404e-05
0.00010455819363330631
5.545610839579539e-05
0.00044605378367188527
5.088088618599846e-05
0.00013424681718450193
0.00015087348879754063
7.182018658984758e-05
0.00016827420939238692
0.0015168682004407647
0.0001649470001634973
0.00010039455108256496
0.0005081988288884086
0.00044605378367188527
0.0009062953384731855
0.00026390761248408495
0.00018896397190981305
0.0003298940003269946
0.00017871493531031548
1.0786690241582423e-05
9.269735983967794e-05
0.00026161881370106776
0.00011332487547655106
3.779279438196261e-05
0.00016459687905308833
0.00020918206370117804
0.0002048455333688644
0.0004983805264942359
0.00011624656257229928
0.0004303257420784659
9.423861763856207e-05
0.0009174100620504688
0.006441827971685714
5.761149466806727e-05
0.000573663618300815
0.012421114918789345
0.000766248956246587
8.487218906179748e-05
0.0002966658416779803
0.0009210548718878442
0.0001184633782547602
0.0005664353109100058
0.0001406587964591916
0.00010495668411186169
4.39294267307875e-05
0.000617412343128457
0.00022979392395502927
0.001236479701265951
0.0015614578802900642
0.0003987579360955312
5.979778358682827e-05
0.0005149774652533347
0.0001351464719473532
0.0006441827971685715
0.003749407658005746
0.0016234226552357823
0.0004987433733856054
0.0015950317443821247
0.002752230186151407
0.00014248846514817114
7.763575114336739e-05
0.0005359687830170691
0.0008699307602948933
9.562490936784309e-05
0.0004491966314045202
0.00032708659387083855
0.011008920744605627
0.00012349668452242308
0.0003063276570314226
0.0001338227074231133
0.00048537041269011987
0.00040543941584205963
0.0011030218221339337
0.00025276041133415894
0.0011393890965136588
0.0015789206389029765
0.0004183641274023561
0.0014561112380703596
0.00029562213661432277
0.000374057530039204
0.0003119761190726637
0.00034501510476095745
0.0002363990885186506
5.43897331410615e-05
8.749012529058677e-05
0.0003842239876551432
0.00027397294382496457
0.00022138785943826085
0.0013261704091599243
0.002143458093148002
6.252625695798526e-05
0.0011035050362089257
0.0004333427658700322
0.0004945918805063804
0.0007060125931853135
0.0009174100620504688
0.000684653357000371
0.00027623211166394275
8.957076741488702e-05
0.0001649470001634973
0.0002757554555334834
0.00025276041133415894
0.00024919026324711794
0.0001728265187899879
0.0008117113276178912
0.00027397294382496457
0.0027913055526687185
0.0015044048473441783
0.0001716756375535989
0.0003438607447823556
0.0001496559938473998
0.0006126553140628452
0.0005517525181044628
0.0025748873262666735
3.713288741827458e-05
0.00025461656718539245
0.0016099937126231
0.00048212206812053247
0.0004436488671663631
0.0006799492528593064
0.0002993119876947996
0.00019461740539814638
0.00021065541854443934
2.2394871732425455e-05
0.00013879912658210295
0.0003438607447823556
0.0009174100620504688
0.0022657383461829636
0.0018348201241009377
0.004587050310252344
0.0009743058487972773
0.002752230186151407
0.0011929155381415703
0.0036696402482018753
0.0036696402482018753
0.006421870434353282
0.0036696402482018753
0.0009174100620504688
0.00015850275789492996
0.002015955602932286
0.00025965295507966366
5.545610839579539e-05
0.0002856191387872731
0.00010208217662365491
0.00024881344767895735
0.0002856191387872731
5.9248265730919656e-05
0.00035874973654959134
9.324221472091634e-05
0.0008568574163618193
0.0005701657032133226
5.8226813357525545e-05
0.0007932741283358574
8.625377619023936e-05
8.552247166769404e-05
5.175597095200744e-05
0.0008078552379359404
0.00015333307502249092
0.00013348604337799913
0.0002717467577185674
0.0011328706218200115
0.0004202614311204009
0.0015745470538458509
2.9447737514775543e-05
0.00020259929875143454
0.0001379720562632717
0.0003474489348040151
8.357988437838187e-05
3.96638735621125e-05
2.196471336539375e-05
0.00045314766923659273
0.0005517525181044628
0.0007875155638240608
0.0003403550492393076
0.00041482447070250984
0.0018348201241009377
0.00032708659387083855
0.0009812597816125158
0.0008583781877679944
0.0002880590474794528
0.0003208616054718106
9.914679893628675e-05
0.00036227095766269593
6.483464279878746e-05
0.0003063276570314226
0.0027397294382496456
0.0002832176554550029
0.0003947378022376475
0.00042656033990438825
0.0017851305901793453
0.00038770085418969363
0.00011198421114655745
0.0004327853283034162
0.00039576252391120345
0.00018863655032556347
0.0002472959402531902
0.0002198076272659728
0.0002048455333688644
0.0002590318094550686
0.0005861184033259071
5.761149466806727e-05
0.00024357646219931933
0.00026738957443843403
0.00029958313196734316
0.00020115730041501685
0.00027248112806074564
0.0010423468044120452
0.0009174100620504688
0.0015598805953633186
0.00035488899767969557
0.00046305925734634274
0.00110033230265387
0.00017515467149329305
0.0009174100620504688
0.00042656033990438825
0.00016169084000585638
0.00011410889283339516
0.0002649265518344006
7.851747624831567e-05
0.0006071599927763589
0.0003119761190726637
0.00045314766923659273
0.0009174100620504688
0.0009174100620504688
8.357988437838187e-05
0.0004092787308207571
0.00019182385815541078
0.0009174100620504688
0.0005044566705281089
0.0011095193052645096
9.986104398911438e-05
0.0009174100620504688
0.00028085340592587073
0.00035488899767969557
0.00013879912658210295
0.0009174100620504688
0.00021824360288877828
0.00021669545720582353
0.0005662864665448509
0.00038891638988758056
5.6200475932049004e-05
9.493018816626728e-05
0.0006807100984786152
0.0001835950650562983
0.0009174100620504688
0.00029305920166295356
0.00014245135771660182
0.00019518223503625802
0.0005391052083605889
0.00024919026324711794
0.00016715976875676374
0.00012638020566707947
0.0002649265518344006
3.263899682023059e-05
0.0004946151243201582
0.0008117113276178912
0.00014290302176973987
0.0018348201241009377
0.0007419110645733485
0.00012938066428535904
0.0009174100620504688
0.00012638020566707947
0.0002590318094550686
0.00039576252391120345
8.357988437838187e-05
0.00016939960962946955
0.00016827420939238692
0.0009174100620504688
0.00034106675446273025
0.0008641771424383584
8.029362445386798e-05
0.0007498815316011492
0.0002587613285707181
0.00045314766923659273
0.0001835950650562983
0.0002472959402531902
0.0004096910667377288
0.0004509400553744416
8.487218906179748e-05
0.00018863655032556347
0.00022622925146271078
2.544044309299923e-05
0.0002363990885186506
0.00037967167825754224
0.00046058773211227324
0.0002905386312180367
0.00023122940564621159
0.00018736046723037588
0.00036159155109039936
0.00033431410783941616
0.0006364294434246676
0.00020062892259884495
0.00036227095766269593
3.080725059090247e-05
0.0006003138587527358
0.00030357999638817943
0.00015087348879754063
9.082704268691522e-05
0.00016319498410115294
0.0001549954167630657
0.0001574547053845851
0.00018941141065168158
0.00017250755238047873
0.0010881322964567332
3.7974217827647344e-05
3.9710945962546235e-05
0.00019788126195560173
0.0006659803366394753
0.00015435308578211425
0.0003403550492393076
0.00019518223503625802
0.000617412343128457
0.00022448399077109972
0.0006877214895647112
0.0001860949741584569
0.0005712382775745462
0.0007615992089651791
9.35501693360593e-05
0.0005384840627359939
0.00014349152881454027
0.00011648542467416008
6.161450118180494e-05
0.0003842239876551432
0.0001369618629115703
0.0002986398426146576
0.00017871493531031548
0.00016079247945175853
0.00029081936079024777
5.492198862032741e-05
0.0004684094999181553
0.0003987579360955312
9.015379196861404e-05
0.00033209604657197955
0.00011631027063027824
0.00012217908487015415
0.00011959825259606303
0.0001716756375535989
6.034928885341213e-05
0.00013195380624204248
0.00022787781930273178
6.887055806933094e-05
0.000333440384129393
0.00029562213661432277
0.00030357999638817943
0.0009174100620504688
0.0019445819494379028
0.00033029705013483775
0.0004766542667192519
0.00010129964937571727
6.313713688389387e-05
0.00042656033990438825
0.0009174100620504688
0.0009174100620504688
0.0009174100620504688
0.0009174100620504688
0.0009174100620504688
0.0009174100620504688
0.0009174100620504688
0.0016305326371221062
0.000573663618300815
0.00028490271543320364
0.00031784188224080024
3.4960062026613945e-05
3.731700291954473e-05
5.019727554128248e-05
0.00011971286874411393
0.0004191783799213879
0.0004272910694782955
5.019727554128248e-05
8.357988437838187e-05
0.0001109967227732459
8.881614268955318e-05
0.00027623211166394275
0.0003399746264296532
0.0001728265187899879
0.00016169084000585638
0.0003208616054718106
0.0003148807981337557
0.0006719852009774287
0.0009174100620504688
0.00018992340218174512
5.019727554128248e-05
0.0001324632759172003
0.0006206761996859124
0.0005617068118517415
0.00021669545720582353
0.0003709555322866742
0.00015999228998931278
0.0009510165473695797
0.00032338168001171276
0.0018308430165361908
0.00017235107843659866
0.00018300655801149786
3.731700291954473e-05
0.00013157926741254916
0.0004684094999181553
9.35501693360593e-05
0.0002399455516170796
0.00016169084000585638
0.0003403550492393076
7.749770838153286e-05
6.887055806933094e-05
4.696151613701597e-05
0.00014364037317969515
0.0004727981770373012
0.0006877214895647112
0.00045245850292542156
0.0002702929438947064
0.0011325729330897017
1.772857874412247e-05
7.004357185340014e-05
0.00019253015010281492
0.00010129964937571727
0.0001728265187899879
0.00016079247945175853
0.0003987579360955312
0.00022448399077109972
9.914679893628675e-05
0.0002905386312180367
0.00035874973654959134
0.0006719852009774287
7.361774422188117e-05
0.0007615992089651791
0.001578834800996733
0.00035488899767969557
0.00022954440463435457
0.0006786877543881323
0.0005964577690707851
0.0018348201241009377
0.0007498815316011492
0.0014997630632022983
0.0008117113276178912
0.0009174100620504688
0.0007498815316011492
0.0009174100620504688
0.0005662864665448509
0.0008117113276178912
0.0007060125931853135
0.00038891638988758056
0.0007060125931853135
0.00045908880926870914
0.0002832176554550029
0.00020202154451513755
0.00010771865797788248
0.00010719375660341382
0.00013605146593885978
0.0005384840627359939
0.0003148807981337557
0.00015537996535280128
0.0007684479753102864
0.0009174100620504688
8.039623972587926e-05
0.0006003138587527358
0.00022664975095310213
0.0010299549305066694
3.731700291954473e-05
0.001028048124212
0.00041482447070250984
0.0009174100620504688
3.827007502196431e-05
0.00015526791285602233
0.0006206761996859124
0.00010275195597214939
0.00023122940564621159
0.0009174100620504688
0.0006003138587527358
0.00017633221433303596
0.0005517525181044628
0.0002346563148067299
0.00011728590441253739
0.0006003138587527358
0.0008117113276178912
0.0002717467577185674
0.00026738957443843403
0.00012638020566707947
0.00010275195597214939
0.00046058773211227324
0.0009174100620504688
0.0003026265932408447
0.00021214314780822253
0.00020342700183735452
0.0009174100620504688
0.00011489696197751463
9.562490936784309e-05
8.683141567023728e-05
0.0009174100620504688
0.001052556533997822
0.0009174100620504688
0.00028085340592587073
0.00048537041269011987
0.0003170055157898599
0.0002399455516170796
8.881614268955318e-05
0.0003063276570314226
0.0002717467577185674
0.00019583398092138353
0.00018113547883134796
0.0016154521882079816
7.604793174999969e-05
9.082704268691522e-05
0.0009174100620504688
0.0016234226552357823
0.0009174100620504688
0.0009174100620504688
0.00019124981873568618
0.0004205795325663334
0.0003752513386128721
0.0005662864665448509
0.0009174100620504688
0.0006719852009774287
0.00045314766923659273
0.0006441827971685715
0.0009062953384731855
0.0006441827971685715
0.0008117113276178912
0.0003987579360955312
0.0003063276570314226
0.0006441827971685715
0.0003842239876551432
0.0002363990885186506
0.0002832176554550029
0.0009174100620504688
0.00022138785943826085
0.0018348201241009377
0.00021364553473914776
1.983193678105625e-05
4.411709313291748e-05
0.000776191356379792
0.0009174100620504688
0.0009174100620504688
9.562490936784309e-05
0.00010202407373097479
3.2178993334164044e-05
0.00023122940564621159
0.0005977467113059108
0.00037967167825754224
0.00015231984179303582
0.0017571011526715482
2.273421501864502e-05
0.0001627685196855181
3.6293871538398525e-05
0.00013879912658210295
0.00016827420939238692
1.856644370913729e-05
0.00018165408537383043
4.968123092022362e-05
0.000323942337321356
0.00013335243901951602
0.00012809360616500312
0.0001369618629115703
6.313713688389387e-05
0.00013605146593885978
0.000647884674642712
0.000246020201537434
0.00019518223503625802
0.00025305100211701366
0.00019788126195560173
0.00025305100211701366
0.00018736046723037588
0.00013335243901951602
0.0001627685196855181
0.00045314766923659273
0.00023137825001136645
0.00025501865573990647
7.914116235288132e-05
0.00022298463884511504
8.357988437838187e-05
0.0002198076272659728
0.00033357655373530943
0.00036271076548557773
0.0001034833292686004
0.00031784188224080024
0.00033692814007878924
0.0001406587964591916
3.636985055780639e-05
0.0009174100620504688
0.0009174100620504688
0.0018348201241009377
0.0018348201241009377
0.0009174100620504688
0.0009174100620504688
0.0018620285990577372
0.0009174100620504688
0.0009174100620504688
0.0009174100620504688
0.0009174100620504688
0.0009174100620504688
0.0009174100620504688
0.0017937486827479567
0.0006441827971685715
0.0018348201241009377
0.0018348201241009377
0.0009174100620504688
0.002752230186151407
0.0009174100620504688
0.0009174100620504688
0.0009174100620504688
0.0008117113276178912
0.0009174100620504688
0.0009174100620504688
0.0009174100620504688
0.00028085340592587073
0.0009174100620504688
0.00046245881129242317
0.0009174100620504688
0.0009174100620504688
0.0009174100620504688
0.0005823530011518295
0.00021516287103923295
0.0009174100620504688
0.0009174100620504688
0.0009174100620504688
0.0009174100620504688
0.0018348201241009377
0.0006003138587527358
0.0009174100620504688
0.0009174100620504688
0.0009174100620504688
0.0009174100620504688
0.0009174100620504688
0.0018348201241009377
0.0002880590474794528
0.0009174100620504688
0.0009174100620504688
0.0009174100620504688
0.0009174100620504688
0.0009174100620504688
0.0009174100620504688
0.00041482447070250984
0.0005761180949589056
0.00033029705013483775
0.0008117113276178912
0.0008117113276178912
0.0007498815316011492
0.0008117113276178912
4.9166926756503905e-05
0.0004491966314045202
0.0007060125931853135
5.385932898894124e-05
7.789633062372064e-05
0.00014833292083899014
0.0002363990885186506
6.313713688389387e-05
5.5992105573278725e-05
0.0005964577690707851
0.00030912573626993217
0.00020918206370117804
0.0004092787308207571
0.0005662864665448509
0.00021364553473914776
0.00026107869978537893
0.00013070035408607294
0.00022298463884511504
0.0006719852009774287
0.0009174100620504688
0.0009174100620504688
0.0009174100620504688
0.0009174100620504688
0.0009174100620504688
0.0009174100620504688
0.0001835950650562983
0.0009174100620504688
0.0009174100620504688
0.0018348201241009377
0.0009174100620504688
0.0009174100620504688
0.0009174100620504688
0.0009174100620504688
0.0009174100620504688
0.0009174100620504688
0.0009174100620504688
0.0009174100620504688
0.0009174100620504688
0.0009174100620504688