0.016818187142240173
0.017432393967004498
0.0010662428329290558
0.0003056789372428755
0.0037014624447619074
0.0071241550285473364
0.0014748516684761012
0.0071241550285473364
0.0003048640386574002
0.0006154272044782012
0.0004430567509059434
0.0009231408067173017
0.0012054009069814885
0.0030201332744371626
0.0010382079182013092
3.113054586779516e-05
0.0018773130760950344
0.0007211424503655755
0.0001790609791648677
0.0011280900091465147
0.0009598834732757581
3.119120010952634e-05
0.0003121588149138435
0.00011084518020106387
0.0001763295279975014
0.00024043113069847354
0.002741273163451633
0.00036771894855895654
0.0002453516194545619
0.0009178794875270851
0.0013929369457303833
0.0004306448444750519
0.000679904882885084
0.0004743913206683013
0.0006490402473336922
0.0028202250228662865
0.0010191078806854445
0.000756126396796403
0.0015907295951861646
0.00029488908622532967
0.0005816037899406909
0.002804272204494096
0.00041329746324994787
0.001999530771699383
0.0001430511043270683
0.00033970262689514815
0.0016305267553445586
0.0008354244808721683
0.02363756504146988
0.0011787264208773483
0.000321301693394165
0.0037685213132123666
0.010442806010902105
0.0003009045309756041
0.0014570086058206678
0.0003077136022391006
0.003469530577803535
0.00012542711400175937
0.0039137297594759035
0.0008882117880312645
0.00016060212699621298
2.8794081007387832e-05
0.0004279901572052199
0.00019090307757671865
0.00045228423922564137
0.00016937033431396216
0.0002976772990211685
0.0017217420144736019
0.001165435494020308
0.00047287373165893766
0.00019090307757671865
0.0002554449581397001
0.0018209185981459995
0.0005292605667452102
0.00012852067735766602
0.0010454005526053924
0.0006889733233754417
0.0005318847607453981
5.599867063537548e-05
6.33645964171893e-05
0.0001476377025385134
0.00045893974376354257
0.0007945642981441828
0.0005739140048245339
0.0010494809873375923
0.0003526590559950028
0.00011609264601008437
0.00040046216186432525
0.0002215283754529717
0.00030165108474763334
0.00017372120635261194
0.0005488580430155927
0.000105643812783865
0.00010559097476874108
0.0005228063018422108
0.0009418028057895188
0.00020810348930233304
0.004239642746988837
0.0015294441019378434
0.0010057567734533543
0.0006985866552176858
0.0007029436819556248
0.0020572892150630484
0.015375181255994528
0.00012148258533438089
7.452455319824664e-05
0.003751804920932703
0.0015758376694313253
0.0007741394696660347
0.0017810387571368341
0.0017810387571368341
0.0004474321059457331
0.0001949036683593354
0.0006278057427902917
0.0015905106374965827
0.0013785245727930939
0.0027536384625812555
0.0020448078800769025
0.0004182901664782943
0.000988613474224946
0.001125891731651715
0.0007475471949458989
0.00014344096401675411
0.0007578445881162412
0.004727513008293977
0.0002923555025390031
0.0024682036281439648
0.00011502321799704103
0.00031954458864566845
0.0007041583231785449
0.0005946974555047659
0.0007041583231785449
0.0005407225093236993
0.00015730525844912552
0.0003801875785031359
0.0003492933276088429
0.0005108899162794002
0.0003905221483176333
0.0009602344063147994
0.0026325963960901135
0.0003742977028984203
0.001250601640310901
7.700253026918638e-05
0.0001776423576062529
0.0005759402297879264
0.00040452046778919736
0.0001897274066590352
0.00042979728948886636
0.00028606629745417443
0.0010217045019856159
0.0005317892100506506
0.00013370371464311827
4.599641462434316e-05
0.00024733482285037246
0.00040452046778919736
0.0002453516194545619
0.00029765804484460705
0.00047287373165893766
0.0002050250290671839
0.0005571422959288489
0.0010217045019856159
0.0027741734375303384
0.00016226006183342305
0.00011247532414084985
9.74518341796677e-05
0.0004456322184039822
0.0015758376694313253
0.0008281144158471015
0.00021399507860260996
8.372554689495627e-05
9.312585961566046e-05
0.00024043113069847354
5.1960064177372425e-05
0.00033106956943076206
0.0003220271297385461
0.0002308289076046732
0.0009107846101347143
0.0002486779757041097
0.0005893632104386742
0.0005143223037657621
7.337006025891583e-05
9.545153878835932e-05
0.00037613066371950505
0.0004989572354730362
0.00034004124363524107
0.000491267385159683
0.00024296517066876177
7.26494002054119e-06
0.0006924867228140197
0.0008659585384441236
2.171702865992924e-05
0.00018714720065715807
0.00018161614333271771
0.0001883600019571956
0.0010217045019856159
0.0015956542822361947
0.00013943005549276477
0.0005317892100506506
0.0006069351731981665
7.709391554283005e-05
0.00016351182941351665
2.4057298488418644e-05
5.4553154551627665e-05
0.00040610123886909006
0.0006170509070359912
0.0002453516194545619
0.0005689383819605261
0.0010217045019856159
0.00034463114319827347
2.249506482816997e-05
0.0017347652889017674
0.0002037604883098719
0.0006691968253407402
1.907750505333387e-05
0.001250601640310901
0.0002453516194545619
0.00022925838619392727
6.282309572193609e-05
0.00027655178376065576
0.0001598357452941881
0.0005497871058992563
0.0009997653858496915
0.00026767264395342904
0.00015607940745692174
0.0003564272292299507
0.00017242561307419731
0.00016351182941351665
0.00011961834171336346
0.0004743913206683013
0.0002712610829393576
0.0005640450045732574
7.26494002054119e-06
0.0006816632583503749
0.0004555563630331062
0.0006288941899735664
0.0001430511043270683
0.003073296981865324
0.0004648156103384274
3.768006463127306e-05
6.0780003616551466e-05
0.00013032033391268197
0.00022000630222032547
0.0001231624038356041
0.000103535115175997
0.0004018003023271629
0.0007871107405031943
3.119120010952634e-05
8.086520974866578e-05
0.0006737886053500734
0.00047287373165893766
0.00015400506053837276
0.0007459235970292079
0.0004623622395883897
0.0005789746851784581
0.0002050250290671839
0.0018507312223809537
0.0010057567734533543
0.0005528858402812459
0.0003712324437447674
0.00017242561307419731
6.69639427808108e-05
0.00025117664068486885
0.0017369240555353746
0.0013870867187651692
0.0031516753388626507
0.0004682382223707652
0.00014121517980727008
0.00018429528009374863
0.0002095654309973495
0.00019386792998023027
0.0005498322309037821
0.0004623622395883897
0.0012893918684665992
0.0006964684728651917
0.0002918148779155669
0.0010217045019856159
0.00029765804484460705
0.0003662146525747817
0.0009093594108840534
0.0009093594108840534
0.0008281144158471015
0.0006784263588384621
0.00017413896901512658
0.0009364764447415304
7.372227155633242e-05
0.0006964684728651917
9.877898013478092e-05
0.00029053869834859896
0.0032134788784488966
0.00026950885594215234
0.0030411130347188517
9.11700054248272e-05
0.001250601640310901
0.0004489034405456105
0.0004118498193304825
0.0043297926922206175
0.0017883488221619008
0.0003712324437447674
0.0024226529982793355
0.0002540555014709432
0.0006509562997099029
0.0014168465505468328
0.00026064066782536394
6.787065893101331e-05
0.00031390287139514584
0.0002923555025390031
0.00018161614333271771
8.361807600117291e-05
0.0016379661809902753
0.022359089227871737
0.0008797304444347759
9.644999704212467e-05
0.0005452423313407498
0.0013768192312906278
8.827136247184869e-05
0.0003611885678506738
0.00016101356486927305
0.0007128544584599014
0.000982534770319366
0.0002996575244086308
0.0011138639749677594
0.0009997653858496915
0.00040610123886909006
0.0008922332589283209
9.050914366911035e-05
0.0006964684728651917
0.0038166963193852483
0.00034232729817347405
0.0007736344620764527
0.0002050250290671839
9.877898013478092e-05
0.0019803493702719934
0.00038681723103822633
0.001250601640310901
0.00010047784953736687
0.000506852172453142
0.0004267294631584803
0.0007945642981441828
0.00017113566510030168
0.0008053306697755611
0.0015482789393320693
0.0007120532601586506
0.00039219997190123503
0.00039219997190123503
0.0005275628943302523
0.00018161614333271771
0.000477617950905666
0.0006113023265745987
0.0003712324437447674
0.00043919625641840516
8.953048958243384e-05
0.00012808603959691106
0.0003662146525747817
0.0009749921819076946
8.85550600620189e-05
0.0005689383819605261
0.0009422869361564154
0.0020908011052107847
0.00034227133020060335
0.0003767200039143912
0.00015607940745692174
0.0002308289076046732
0.0015758376694313253
0.00019386792998023027
0.00016226006183342305
0.00027489355294962815
0.00012920107892496773
0.00043919625641840516
0.00014489273935223366
0.0008165034142801074
0.00016351182941351665
0.0012049664735552
0.0006889733233754417
0.0005816037899406909
0.0014558027280164097
0.0013706365817258166
0.00015122614152444198
0.00027489355294962815
0.0006889733233754417
0.0009997653858496915
0.0017810387571368341
0.0002095654309973495
0.00028606629745417443
0.00021698543323663428
0.0005691822199771055
0.002293296856616488
0.00013965090695976739
0.0008281144158471015
0.0006288941899735664
0.0002554449581397001
8.086520974866578e-05
0.00014052313367987707
0.0006001295820700524
0.0005233032152048252
0.00029053869834859896
0.0011305666988959853
0.002148986447444332
0.0010201237309057233
0.00011502321799704103
0.0005393606237189297
0.0003223618066247437
0.0016776071080909529
0.0011280900091465147
0.0011684891033977719
0.0005389228527686833
0.0002841746450651
0.0007526735056116206
0.0002125111527305755
0.00032731892730976603
0.0008065365475798192
0.0007201645234849681
0.00048377223566993316
0.0006675633272938983
0.00010870178368963723
0.005033080780499887
0.000490291931411942
0.0028807032189443983
0.002475436712839992
0.0006475978357451679
0.00042979728948886636
0.00022000630222032547
0.00017129581628159372
0.0017810387571368341
7.536012926254613e-05
0.0009093594108840534
0.001106138751357076
0.006442645358204489
0.0005149634357794595
3.725034384626418e-05
7.244636967611683e-05
0.0004147665187028581
0.0002486779757041097
0.0002918148779155669
0.001958681114743087
0.0006745293567292672
0.0006745293567292672
0.00011079396618975759
0.0009093594108840534
0.00022769615253367858
6.247155624792038e-05
0.0007741394696660347
0.00040452046778919736
0.0015758376694313253
0.0006816632583503749
0.0005841233817636292
0.0002996575244086308
0.0002996575244086308
0.0001585362065495088
0.0004950873425679983
2.327515115996123e-05
3.6044466042006136e-05
0.0002537386560580339
0.00042979728948886636
0.00016729920633518506
0.00018699888419572644
0.00018028561259139387
0.0010065642648545718
0.0010466064304096505
8.862869983900881e-05
0.0007285043029103339
0.0002470101257060951
0.000591420462749238
0.00045221121341160376
8.276902718845452e-05
0.0009602344063147994
0.00025204213226546763
0.0014558027280164097
0.0007274745885100348
0.0003229836333562889
0.0003332871273024197
0.00012808603959691106
0.00019666080533199917
0.00021399507860260996
0.001099375498786459
0.0002503552753275976
0.000303658160853142
8.468516715698108e-05
0.0017582612260111758
7.615855112609677e-05
8.564790814079686e-05
0.0005275628943302523
0.0004236931022680577
0.00043602999531018187
0.00029375614776752754
0.00011184562836718173
7.337006025891583e-05
0.000887130694123857
0.0005318847607453981
0.00016603135603925878
0.0014558027280164097
0.002741273163451633
0.0002339951687128965
0.001165435494020308
0.00040610123886909006
0.0009793405573715434
0.0004764621706448662
0.0005452423313407498
3.686113577816621e-05
0.0003223618066247437
0.00034004124363524107
0.0035620775142736682
0.0004989572354730362
0.0017810387571368341
0.0008165034142801074
0.00012697518429117944
0.0013045765864919678
0.00012808603959691106
0.0017810387571368341
0.0009093594108840534
0.0009602344063147994
0.0005407225093236993
0.0001763295279975014
0.00044239674803965925
0.0006001295820700524
0.00011502321799704103
0.0003014335486121006
0.0014558027280164097
0.0008281144158471015
0.0017810387571368341
0.0006541045282511191
0.0002125111527305755
0.0005452423313407498
0.00034695305778035347
0.0007871107405031943
0.0002386275308784561
0.0002324078051692137
0.0003763367528058103
0.0010454005526053924
0.00032668367303988953
9.545153878835932e-05
0.0010454005526053924
9.149104371226458e-05
0.0006816632583503749
0.0002658946050253253
0.0005318847607453981
0.0006710428432363812
0.0012341018140719824
1.1033920308981086e-05
0.0005452423313407498
0.00045221121341160376
0.0005841233817636292
0.00034695305778035347
9.707513670505052e-05
0.00045221121341160376
2.094103190731203e-05
0.0007120532601586506
5.024387043419144e-05
0.0005362706571362707
0.0017810387571368341
0.0001685725097674409
0.000823699638660965
0.0006412310830156905
0.0003739977683914529
0.0001763295279975014
0.0005108800249483842
0.0017810387571368341
0.0001524320193287001
0.00017502249456483488
0.0017810387571368341
0.00025204213226546763
0.00031810212749931656
0.00026946142638434165
0.00010559097476874108
0.0001789610350276569