0.006099816416079022
0.0073990907506719765
0.012727292388231481
0.0026558817984004774
0.002957467626084121
0.0033425806269335636
0.002957467626084121
0.0033425806269335636
0.00017668457891451187
0.0022283870846223756
0.0002529408586381507
0.0002808278666440983
0.0022459132791109882
0.00017895917201077777
0.00016252753549723953
0.0004858691850672687
0.0032080496386018027
0.0003850028609678128
0.0004157553860846603
0.0004029115559287395
0.0009107303206823338
0.0009107303206823338
3.495496018494855e-05
0.0005593833096186585
0.00013862238669541525
0.0015853990127692094
0.0008549695324983797
0.0004133608444492742
0.0005467424910247495
0.0006970812350768625
0.000589481848759685
0.00016634003649132289
0.00023003995630532591
0.00032474435309196595
0.00022660730131100933
0.0003011955096742122
0.0005256173198328909
0.00012558812382912815
0.00031707980255384186
7.152849163503688e-05
0.001131588656844047
0.0005620172759337925
0.00043617345439220023
0.0019882743290021597
0.0005256173198328909
0.00030482268814834224
0.00021130599618932673
0.0006391643942059268
0.0009241426844753629
7.805184508201599e-05
0.00046111084847653744
0.0005784950153314862
2.9541507703995958e-05
0.00037543287714147835
0.0002279935428812837
0.00043570117257707295
8.082643189037426e-05
0.00030971988552121687
0.0004935974707062786
0.00027526588090167795
0.0002099072965645914
0.00031459385642986583
0.0001308241952754837
0.0006970812350768625
0.0005189445483472007
0.00023058522464608036
0.0002536580588709032
6.764677827329169e-05
0.00025520353002791085
0.00030452304141957134
0.0004905696626101403
0.00018128584104880747
0.0002727744149765615
0.00015540514504879574
0.0002793162164949074
0.0002585532531290718
0.000574212881962573
0.00030491373272190135
0.00010670448386292775
0.0005575628694231487
0.00030971988552121687
0.00012571514308854344
0.0007276867887786724
0.0009022737523976964
0.0007057177157432566
0.00017516002094263502
0.0004011454152597091
0.0001963733528088183
7.280308475834355e-05
0.0005256173198328909
3.9081353098379183e-05
0.0002613150774924245
0.0001587354406981389
0.000503803877424626
0.0001414714240818797
0.0007290805414617448
0.0008439527218096673
0.00019507369691030858
0.00023066176947275483
0.0002199888459324857
0.00013338060482865968
0.000762875129569989
0.00034084974277496404
0.00030733017229392536
0.0022025591899849156
0.00013002202839779161
0.0019094209048359308
0.0002403866355078915
0.00020989762282042028
0.0006877543099018061
0.00018870880227069426
0.0001308241952754837
0.0028693104380864715
0.0006877543099018061
0.00011613635048171306
0.00011274463045548615
6.096453762966844e-05
0.0008364321935243262
0.0009858225420280402
0.0006547427008149071
0.0004839751624162712
0.0005503473611879813
0.0003972463195497434
0.0022283870846223756
0.0003508628847755087
0.00027675736860306184
0.0008161253101849538
0.0007823593203991862
0.0011141935423111878
0.0007577893280332164
0.001265929082714501
0.0019716450840560804
0.0003847825812045528
0.0006826472631199709
0.0018214606413646675
0.0010148058693107039
0.0006156527650321801
0.00018591586125808846
0.0006654796963867796
0.0005233005025452377
0.0010636258089827262
0.0009144680644450267
0.0004445225392040477
0.00046793580062282417
0.0010150603188983553
0.000412898821352517
0.0008714023451541459
0.00034393931102524904
0.0006667838088060716
0.000589120058426455
0.001118766619237317
3.852435957928171e-05
0.0001376979254582041
0.0006765372462071358
0.0007784168225208011
0.00020951023845612086
0.0010355630242109338
0.0008922884667181554
0.003302084167127888
0.001932924589224223
0.0014528732648188567
0.0008655820483750229
0.0003699845709395019
0.0003788946640166082
0.0011141935423111878
0.0005593833096186585
0.00030971988552121687
0.0011141935423111878
0.0011141935423111878
6.800235252567071e-05
5.6621285186603356e-05
0.0009858225420280402
0.0013755086198036122
0.0003972463195497434
0.00023019783455492166
0.0005417318447324219
0.0008942046963787021
0.00017427030876921562
0.0004905696626101403
0.000589481848759685
0.0005333273402692986
0.0010755012770663828
0.00020773390133014297
0.0007538105828168352
8.722554004600678e-05
0.0001735555675907118
0.0007290805414617448
0.0004905696626101403
0.0003972463195497434
0.0006254395825336875
0.00021130599618932673
0.0022466229331527866
0.00036908494851434047
0.000351230204730129
0.0007591874536205789
0.0007538105828168352
4.0200390977333904e-05
0.0002505236637334606
0.00014244360587074902
0.00045052509848718473
5.820235731127834e-05
0.0003699845709395019
0.0003067199417404345
6.413043020075879e-05
0.00023543113704312314
0.0002747551847188914
3.930127139619626e-05
0.000842483599932295
8.364321935243262e-05
0.0006996948121291953
0.0003035290303657809
0.00015452616392786417
0.0004310123093355108
0.000205735645298392
0.00044295281156290015
0.003329054399575996
0.0005788960987703324
0.0003354836051253343
0.0009276946482012765
0.00019291560614299646
0.0001899644016936287
0.0006600722950810064
0.000404416204424142
3.089739101444e-05
0.00017427030876921562
0.0007290805414617448
6.212402978229308e-05
0.00034396754061230203
0.0002958233536646744
0.00019540676549189594
0.0012568039307333644
0.0002425622629262241
0.0005503473611879813
0.00022391116280219415
0.0011141935423111878
0.0011141935423111878
0.0011141935423111878
0.0003654196166512767
0.00033092803953816785
0.00013211254583005814
0.0001963733528088183
0.00028774729319365206
0.00016857139126048152
0.0004706044210460673
0.001045260309969698
0.0003621986623269928
0.0007538105828168352
0.0001203993411770069
0.00013294407720927686
0.0002613150774924245
0.0010832584246155865
0.0011141935423111878
1.5906965686767052e-05
0.0012989774123678638
0.0009107303206823338
0.0008161253101849538
0.0001715685720737785
0.0002045815383792144
0.00017063854526063493
0.00025405139335648403
0.00030905232785572833
0.00011613635048171306
0.000319599572110567
0.00014838636831991428
0.0001040148482014674
0.0011141935423111878
0.00020615436626695031
0.000589481848759685
0.00013658952406171685
0.0006126620885560998
0.0004543926124492481
0.00034854061753843125
0.00012215266345031302
0.00025764762684768347
0.0008574515417448925
0.0001925014304839064
0.0009858225420280402
0.00023382766204384513
9.429563913896654e-05
0.00031960575999227293
0.00011019717072639551
0.00014525195027445097
0.00010355834787672732
0.0001899644016936287
0.0004747635063007328
0.0001608765073825955
0.00018128584104880747
2.983656707168527e-05
0.0003896860777755721
0.0006391643942059268
7.599784762709456e-05
0.0002419875812081356
0.00014118132631382022
0.00027675736860306184
0.00019526362973157352
7.071640274722079e-05
9.917808742350933e-05
4.221781676280428e-05
6.550211899366044e-05
8.795039500459716e-05
0.00012571514308854344
0.0007290805414617448
0.0012783287884118536
0.0003221540982040371
0.000503803877424626
0.0003896860777755721
5.3580162576779945e-05
0.00031113909625409713
0.0003508628847755087
0.0002157342212194861
0.0001608765073825955
0.0006701028450155693
0.0005503473611879813
0.0009858225420280402
0.00025764762684768347
0.00022753854969613535
0.0007594375554698961
0.0010150579714474086
0.00020100195488666954
9.22392941348739e-05
0.00011529911766859237
0.0001608765073825955
0.0003382686231035679
0.00031459385642986583
0.00031707980255384186
0.0002871064409812865
0.0004182160967621631
0.0005207468124631514
8.506784334263694e-05
0.0006007095411785973
0.00013858512869488674
0.0004072293781127623
0.001714903083489785
0.0006239607049225617
0.00030264130905236327
0.0002016651472573556
0.000569979688332253
8.834228945725594e-05
0.00014244360587074902
0.0004176185079488907
0.00045819777853066504
0.0002631764017578616
0.00016870832302679528
0.0006139545001958931
0.0003528588578716283
0.00044897571517696133
0.0002403866355078915
8.65035110398469e-05
0.0012344138717903523
0.0006099418042040887
0.000589481848759685
0.0010215867878455586
0.000205735645298392
0.0013875365582365095
0.0003720346128893354
0.003679321238830237
0.0003590327697559024
5.434350711149884e-05
0.0003720346128893354
0.00026940553810017104
0.0002688753192665957
0.00032737135040745356
1.4560616951668707e-05
0.0019174931826177809
3.7969036208175274e-05
0.00016523436033853844
0.00015556954812704857
7.043425033403267e-05
0.0001292766265645359
0.0003671944678885442
0.0003934276233224826
0.0009858225420280402
0.0004051283688862095
0.00017196965551262452
0.0004176185079488907
0.00013763294045083898
0.0003484090514451392
0.0006539883201160386
0.000522810926307647
0.00012571514308854344
0.0005828272332669021
0.0009107303206823338
0.00014539115146406672
0.00029078230292813343
0.00012397869467981631
0.0006539883201160386
0.0011141935423111878
0.0008183977338544918
0.0011141935423111878
0.0007823593203991862
0.0004051283688862095
0.0011141935423111878
0.0009107303206823338
0.00015980287999613647
0.0009858225420280402
0.0002425622629262241
0.0009858225420280402
0.0008161253101849538
0.0011141935423111878
0.0011141935423111878
0.0002771702573897735
0.00010355834787672732
0.0004310123093355108
0.00015472929003048884
4.532146026220187e-05
0.000589530282843022
0.0023470779611975585
0.00027081460615389663
0.00117896369751937
0.0003354836051253343
0.000503803877424626
0.0005107933939227793
8.378345761999953e-05
9.014213899283214e-05
0.00025947227417360034
2.7610679903241368e-05
8.443563352560856e-05
0.0009858225420280402
0.00019681604617899113
0.0002157342212194861
0.0011141935423111878
0.0006391643942059268
0.0004051283688862095
0.00015767411856436718
0.00010475511922806043
0.0007960014004972237
0.00045574235069060115
0.0004454508028369895
0.0004970685822505399
0.00010150768047319044
0.000574212881962573
6.179478202888e-05
0.0011141935423111878
0.0009107303206823338
0.00016728643870486524
0.00019122857182741934
0.0001937548683338365
0.003017086165348576
0.00032474435309196595
0.00010150768047319044
0.0002727744149765615
0.0001874616581268492
0.0007538105828168352
0.00032847505269929144
0.0002199888459324857
0.00013480540147471398
0.00026695612897803436
0.0004905696626101403
0.00016802715763423938
4.8318689830672396e-05
0.0003300361475405032
0.0006007095411785973
0.00011361658092498801
0.0009858225420280402
0.00023543113704312314
9.999106112860295e-05
0.00034084974277496404
0.0020032795584888716
0.0004941237537166615
0.000589481848759685
0.00030034065579577214
0.0002424792956711228
0.0003934276233224826
7.12919630900375e-05
0.00013110127389045275
0.0002616766201380204
0.0006194397710424337
0.00013763294045083898
0.00012067560397509328
0.0005256173198328909
0.00030264130905236327
0.00044051183799698304
0.0006254395825336875
2.4085866077803073e-05
7.396638076310143e-05
0.00021415528632003685
0.00016857139126048152
0.00021415528632003685
0.0006131065437307265
0.0002513607861466729
0.00028381503149214036
0.00024032658168424465
0.0005417318447324219
0.0003972463195497434
0.00031534823712873436
0.0006126620885560998
0.0006539883201160386
0.0004051283688862095
0.0002958233536646744
0.0008161253101849538
0.00022297601078052776
0.0006007095411785973
0.00020400705757701214
0.0006539883201160386
0.0008161253101849538
0.00018128584104880747
0.0007538105828168352
0.00046663962338671554
0.00011445270065442422
0.00016745235338152682
0.00017445108009201356
0.00011818131568740318
0.0001444034146934139
0.0011141935423111878
0.0008574515417448925
0.00021130599618932673
0.0003590327697559024
0.00016195639502242289
0.0009107303206823338
0.0007823593203991862
0.0009858225420280402
9.014213899283214e-05
0.0003720346128893354
0.00024535495043885363
0.00020032795584888714
0.00024878468189105577
0.0003382686231035679
0.0007538105828168352
0.0004873272252123756
0.0002987912724855488
0.0001925014304839064
0.0008161253101849538
0.0009858225420280402
0.00010545666176069755
0.0003934276233224826
0.0003626977704761385
0.0011141935423111878
9.00659207629807e-05
0.00027081460615389663
6.735138452504276e-05
0.0002322727009634261
0.00030034065579577214
7.943394258215788e-05
0.0003382686231035679
0.0008874700609940233
0.00045574235069060115
0.0001414714240818797
0.0008161253101849538
0.00013858512869488674
2.8774729319365208e-05
0.00015245686636095068
0.0009858225420280402
0.0005616557332881966
0.0011141935423111878
0.00010867761608498154
0.00023704861636812913
0.0011141935423111878
0.0007729428805430506
6.670269662716097e-05
0.00017735619624716198
0.0022283870846223756
0.0005788960987703324
0.0006833198333744609
0.0002522791290617473
3.089739101444e-05
7.667998543510862e-05
4.714426849814719e-05
0.0005417318447324219
0.00042197636090483365
0.0006539883201160386
0.00043570117257707295
0.00026488942477460815
0.00014838636831991428
0.0009107303206823338
0.0004905696626101403
0.00033741664605359056
0.0007823593203991862
0.00046111084847653744
0.0004091988669272459
0.0002059668501434268
0.0007823593203991862
0.00011529261232304018
0.0007823593203991862
0.0009107303206823338
0.0012014190823571946
0.0006877543099018061
0.00021704909840672857
0.00045052509848718473
0.00043570117257707295
0.00016195639502242289
0.0004723385408954496
0.0007700057219356256
0.00046663962338671554
0.0004723385408954496
0.00030697725009794653
0.0003590327697559024
0.00012128113146311205
0.0006539883201160386
0.0004051283688862095
5.909065784370159e-05
0.00030264130905236327
0.0008714023451541459
0.0004051283688862095
0.0003528588578716283
0.00014468670460724735
0.0001320203834964804
0.0003211804102799265
9.764114743680348e-05
3.2505507099447904e-05
0.0007538105828168352
0.0014346552190432358
0.00010150768047319044
0.0003686975819673923
0.0005180570780587197
9.310540549830244e-05
0.00017013568668527388
0.00031459385642986583
0.0003654196166512767
0.0002888068293868278
0.0022283870846223756
0.00022909888926533252
0.00045052509848718473
0.00019768219363085524
0.0007538105828168352
0.0004157553860846603
0.00022909888926533252
0.0007823593203991862
0.0011141935423111878
5.231032728943311e-05
0.0001708299583436152
0.0001630426163503034
0.0002505236637334606
0.0003664713825973524
0.00012390812877859965
0.0011577921975406648
6.996909885486378e-05
0.0002240362101789858
0.00046132353894550967
0.0013758701624492081
0.0004169997575715562
0.00018622285614671818
0.00031113909625409713
0.0003468841395591274
0.0005256173198328909
6.033780198754664e-05
0.0008620246186710216
0.00044051183799698304
0.00034396754061230203
0.0005116815624857682
0.0001825554055019772
0.0005334993691693571
0.000589481848759685
6.349290734918047e-05
8.491791612093519e-05
0.00042441427224563914
0.0002892475076657431
0.00015610369016403198
0.0006877543099018061
0.0012253241771121995
0.00117896369751937
0.0002099072965645914
0.0008161253101849538
0.0004990201094739687
5.5444905187132586e-05
0.00020436884791024217
0.00017659990181889673
0.0011141935423111878
0.0004905696626101403
0.0003382686231035679
0.0006126620885560998
0.00016413524610066606
0.0001825554055019772
0.00023396790031141208
0.00010716032515355989
0.0006539883201160386
0.0006600722950810064
0.00028488721174149803
8.949081878371394e-05
0.0002747551847188914
0.00014244360587074902
0.0001925014304839064
0.0004006559116977743
0.0006391643942059268
0.00021898336846619426
0.0003508628847755087
0.0003300361475405032
0.00025405139335648403
0.00018101340596263994
0.00011613635048171306
0.00013858512869488674
0.00032474435309196595
7.531821308272045e-05
0.00043702627855195947
0.0002419875812081356
0.0011141935423111878
0.0011141935423111878
0.00019835617484701865
0.00016969723184308638
0.0006007095411785973
0.0001777757800897662
0.0006701028450155693
0.00015980287999613647
0.00024878468189105577
0.0005256173198328909
0.0013402056900311387
0.00023396790031141208
7.805184508201599e-05
0.00070726709905348
0.00016634003649132289
0.0002109133235213951
0.0002677448019701738
0.0005057141737814446
0.001118766619237317
0.0003008208688568534
0.00011406942256564733
0.00046046587514691985
0.0004873272252123756
0.000503803877424626
0.00046663962338671554
0.00046663962338671554
0.0001519956952541891
8.435416151339764e-05
0.00022147640578145007
0.001007607754849252
0.00023704861636812913
3.108102900975915e-05
0.00024878468189105577
0.0011141935423111878
0.00019528229487360697
8.002836289719583e-05
0.0002958233536646744
0.00033586674420329126
0.00011030934651272261
0.0006007095411785973
0.0002688753192665957
0.0003410961620796929
0.0007538105828168352
0.00014050431898344812
8.378345761999953e-05
0.0005788960987703324
0.001250879165067375
0.0001608765073825955
0.00015452616392786417
0.002261431748450506
0.0006009838675466615
0.0008808160818650583
0.00011274463045548615
0.0005010473274669212
0.00019507369691030858
0.00046663962338671554
0.00016025775700526096
0.00028289716421101176
0.00017881734374747765
0.0008161253101849538
0.000503803877424626
0.000589481848759685
0.0008574515417448925
0.00038601862713083117
0.00042197636090483365
0.0009858225420280402
0.00010072788898218488
0.00032737135040745356
0.0009107303206823338
0.00029141361663345103
0.0005180570780587197
0.0014881384515573416
0.00014638418443574375
0.00024032658168424465
0.0006539883201160386
0.0002522791290617473
0.00018134888523806925
5.3580162576779945e-05
0.0005503473611879813
0.00010355834787672732
0.0011141935423111878
5.6621285186603356e-05
0.0003382686231035679
0.0011141935423111878
0.0011141935423111878
0.0001506364261654409
0.0005688828382801306
6.931119334770762e-05
0.00017898163756742787
0.00024032658168424465
0.0011141935423111878
0.0011141935423111878
0.00022890540130884843
0.0002871064409812865
0.00022909888926533252
0.0004283105726400737
0.0002613150774924245
0.0011141935423111878
0.00021415528632003685
0.0006391643942059268
0.0002958233536646744
0.0006391643942059268
0.00016523436033853844
0.0008161253101849538
0.0008574515417448925
0.0003410961620796929
0.001714903083489785
0.0009858225420280402
0.0003621986623269928
0.00026695612897803436
0.0003934276233224826
0.0002849898441661265
7.26243444159006e-05
0.00041979524564084056
0.00010949168423309713
0.0007823593203991862
0.00023066176947275483
0.000266034294370743
0.0005075384023659522
0.0005010473274669212
0.00033939446368617276
9.611685730533306e-05
0.0006254395825336875
0.0007823593203991862
0.00029360536062168606
9.764114743680348e-05
0.0006242816754276708
3.0099835294251726e-05
0.0007823593203991862
0.0001230283161714468
0.00017445108009201356
0.00013480540147471398
2.1531339984332965e-05
0.00045052509848718473
0.00015245686636095068
0.0003590327697559024
0.00046663962338671554
0.00042643923240938164
0.0008574515417448925
0.00023223795094821906
0.0004176185079488907
0.0005788960987703324
0.0011580558813924936
0.0001874616581268492
0.0006701028450155693
0.00011942636025801545
0.0011141935423111878
0.00017659990181889673
0.000574212881962573
0.00045574235069060115
0.00017311640967500457
0.0005593833096186585
0.0002199888459324857
0.0001230283161714468
2.4085866077803073e-05
0.00018499228546975095
0.0002958233536646744
7.396638076310143e-05
0.00020711260484218674
0.00013763294045083898
0.00012128113146311205
7.593807241635055e-05
0.0011141935423111878
0.000842483599932295
3.964002684179817e-05
0.0002059668501434268
0.00015245686636095068
0.0013079766402320772
5.2377559614030215e-05
0.00018015017422151128
7.599784762709456e-05
0.00038601862713083117
0.0002513607861466729
0.0003590327697559024
0.00021415528632003685
7.071640274722079e-05
0.0002020541535751283
0.0003468841395591274
0.0002505236637334606
0.0002892475076657431
0.000810256737772419
0.00015556954812704857
0.000639199144221134
0.00043409819681345714
0.0009107303206823338
0.0003788946640166082
0.001265929082714501
0.00012128113146311205
0.000589481848759685
0.0002631764017578616
0.00024706187685833076
0.0011141935423111878
0.0004723385408954496
0.00016857139126048152
3.964002684179817e-05
0.0022283870846223756
9.087852248984961e-05
0.0005010473274669212
0.00023382766204384513
0.00022601214771995106
0.00015980287999613647
0.0005503473611879813
0.0006254395825336875
0.000589481848759685
6.735138452504276e-05
0.00017445108009201356
0.0007508657542829567
0.0002522791290617473
9.737422342868975e-06
9.269217304332002e-05
0.000503803877424626
0.00044295281156290015
0.00015245686636095068
0.00022297601078052776
8.506784334263694e-05
0.00034984740606459766
0.0005593833096186585
0.0003468841395591274
5.2377559614030215e-05
0.00018870880227069426
9.535939119624862e-05
0.00021272516179654524
0.0004133608444492742
4.764375032067546e-05
0.0005377506385331914
4.706044210460673e-05
6.285757154427172e-05
0.0011141935423111878
0.0001899644016936287
0.00027081460615389663
0.0007538105828168352
0.0002638511850137915
0.00030491373272190135
0.0006494887061839319
0.0004839751624162712
0.000298068232126234
0.000589481848759685
0.00010625666389236295
0.0006877543099018061
0.00016195639502242289
0.0005788960987703324
0.00016634003649132289
0.00034984740606459766
0.0001519956952541891
0.0009858225420280402
0.0009291596565636507
0.0003049709021020443
0.0005193492290250138
0.00033092803953816785
0.0002958233536646744
0.00013294407720927686
0.00031459385642986583
0.0002787814347115743
0.0002613150774924245
0.0008574515417448925
0.000589481848759685
0.000589481848759685
0.0002727744149765615
0.0003824223936396317
0.00019768219363085524
0.0007823593203991862
0.0006007095411785973
0.0003382686231035679
0.0011141935423111878
0.0011141935423111878
0.0008574515417448925
0.00023543113704312314
5.058817172763014e-05
0.0006391643942059268
0.00030034065579577214
0.0007290805414617448
0.00023066176947275483
0.00032737135040745356
0.0002436636126061878
0.0003410961620796929
0.0011141935423111878
0.00017895917201077777
0.0005010473274669212
0.0003654196166512767
0.00039056458974721394
0.0003528588578716283
0.0003788946640166082
0.0003621986623269928
0.0008183977338544918
0.00029360536062168606
0.0005688828382801306
0.00046111084847653744
0.0002436636126061878
0.0009858225420280402
0.00070726709905348
0.0001338724009850869
0.00014539115146406672
0.00032737135040745356
0.0005256173198328909
0.0003300361475405032
0.00024430532690062603
0.0003354836051253343
0.00045574235069060115
0.0015647186407983724
0.0009858225420280402
0.00011698395015570604
0.000596136464252468
0.001714903083489785
0.0006539883201160386
0.0004454508028369895
0.0011141935423111878
0.0006254395825336875
0.0006254395825336875
0.00022147640578145007
0.00048429108827295213
0.0002199888459324857
0.000214120273519951
0.0007538105828168352
0.00020032795584888714
0.0006391643942059268
0.0003686975819673923
0.0002808278666440983
0.00016634003649132289
0.0002787814347115743
9.611685730533306e-05
0.00021130599618932673
0.0002558407812428841
0.00018499228546975095
0.0009107303206823338
0.0006391643942059268
0.00030264130905236327
0.0001070601367599755
0.0009858225420280402
0.0006007095411785973
0.000205735645298392
9.917808742350933e-05
5.600905254474645e-05
0.00046132353894550967
0.0003327398481933898
0.0005107933939227793
0.0009332792467734311
0.0004310123093355108
0.0008161253101849538
0.0002522791290617473
0.0003621986623269928
0.0008574515417448925
0.0001999027341335589
0.0001338724009850869
0.0001925014304839064
0.0011141935423111878
0.00015452616392786417
0.00030971988552121687
0.0006701028450155693
0.00018376983743068778
0.00034984740606459766
0.0016322506203699076
0.00010307718313347516
0.00048429108827295213
0.0002747551847188914
0.00025764762684768347
0.0004133608444492742
0.0013755086198036122
0.00014838636831991428
0.0007823593203991862
0.00070726709905348
0.00029360536062168606
0.00014342091793027346
0.00070726709905348
0.00032737135040745356
0.0003121408377138354
0.00024878468189105577
0.0005377506385331914
0.00010307718313347516
0.00030034065579577214
0.00042643923240938164
0.0004454508028369895
2.6155163644716555e-05
1.9011570427607887e-05
0.0001504104344284267
0.0003528588578716283
0.0003410961620796929
0.0003590327697559024
0.0003410961620796929
0.0003590327697559024
0.0005503473611879813
2.4085866077803073e-05
0.000589481848759685
0.0004773606935917404
0.00036753967486137556
0.0007538105828168352
0.0006547427008149071
0.0003621986623269928
0.0005784950153314862
0.00014638418443574375
0.0011141935423111878
0.00037543287714147835
0.0002808278666440983
0.0005788960987703324
0.00034854061753843125
0.00046111084847653744
0.00022601214771995106
6.735138452504276e-05
0.0002747551847188914
0.0007538105828168352
1.1651653394982848e-05
0.0003300361475405032
0.0005180570780587197
0.00031707980255384186
0.00011361658092498801
0.0007538105828168352
0.0011141935423111878
0.00023066176947275483
0.00014244360587074902
0.0005180570780587197
0.000298068232126234
0.00020989762282042028
0.00030034065579577214
0.0011141935423111878
0.0011141935423111878
0.0007290805414617448
0.0007538105828168352
0.0006254395825336875
0.00022890540130884843
0.0011141935423111878
0.00022601214771995106
0.00015661884388297893
0.0001874616581268492
5.971318012900773e-05
5.297788495492163e-05
0.00020989762282042028
0.0005256173198328909
0.0011141935423111878
0.00015452616392786417
0.0005503473611879813
0.0011141935423111878
9.535939119624862e-05
0.00045574235069060115
0.00012192907525933688
0.00024535495043885363
0.0009107303206823338
0.00013763294045083898
3.036444041499128e-05
0.00022909888926533252
0.0001874616581268492
0.00023223795094821906
0.0002727744149765615
3.7415372999100316e-05
0.0002631764017578616
0.0002958233536646744
0.00046111084847653744
0.00018376983743068778
0.0006539883201160386
0.00028289716421101176
0.00015980287999613647
0.000589481848759685
0.00030264130905236327
0.0008574515417448925
0.0009858225420280402
0.0001708299583436152
0.00022909888926533252
0.00070726709905348
0.00028289716421101176
0.0004454508028369895
0.0006877543099018061
0.0003327398481933898
0.0005503473611879813
0.0011141935423111878
0.00043570117257707295
0.0003221540982040371
0.0003049709021020443
0.0003590327697559024
0.00043570117257707295
0.00027081460615389663
0.0005417318447324219
7.195695556573952e-05
0.000589481848759685
0.0005788960987703324
0.0005256173198328909
0.00023704861636812913
0.0002631764017578616
1.9011570427607887e-05
0.00037543287714147835
0.00042197636090483365
0.0005301132460786699
0.00024535495043885363
0.0003121408377138354
0.0003972463195497434
0.00022601214771995106
0.0022283870846223756
0.0003528588578716283
0.0007290805414617448