0.0009151313631658297
0.022545408372793754
0.004769217054776424
0.010836020544843646
0.0009519289600001712
0.01166975894557797
0.004118226042789089
0.0034338760718135315
0.003396793907193152
0.0011908480031138217
0.00018932197031922224
0.004899677041432966
0.0002925710043837739
0.0009799354082865933
0.0006112749749186446
0.007078007861451415
0.0005671448430106653
0.0006489280469269492
0.00015511825580110845
0.00016982075211698184
0.0025623267193080235
0.000454945205898078
0.0013378309558216772
0.00010043182251994598
0.00016186311646605443
0.0009412962468813141
0.00025324718057228446
0.0003690165151199462
0.0013019590995635274
0.0003447335402463476
0.00022001418130844635
0.0003390375936568442
0.00015741550807635009
0.0008191198157469328
0.0003347375649762631
0.0009015771601605395
2.728537380986668e-05
0.0009015771601605395
0.0001488633072320375
0.0005456853707508385
0.0013775430308524367
0.0004723951749571028
0.00015979259015319174
0.00018060034241406075
0.0009466098515961112
0.0024450998996745784
0.0003052113112845766
0.0006921689091078577
0.001236031648273458
0.0001727998574517759
0.004949789533704601
0.00019062749879433224
7.547414504419724e-05
0.0001653362187401375
0.0021394411319052543
0.001350530225214935
0.00014667076077367334
0.00036472049117530374
0.00045078858008026977
7.864949771640231e-05
0.0006976101900882208
1.637122428592001e-05
0.00012063662073909084
0.0035510811997784245
0.0009447903499142056
0.0012374473834261502
0.0003275248351869108
0.0002750828957128545
1.1691887042512928e-05
0.00015631736754046215
0.0005603020567546584
0.00016328877289797158
0.00013696507727416435
0.0014038040642417227
0.0008899540725542023
0.0006405816798270059
0.00021490626733006575
0.0007356336905601916
0.00021470899697277783
0.0005418010272421823
0.0010551543352041667
0.00037467714137087715
0.00012148413999108314
0.01471267381120383
0.000506674125100786
0.00038855357047595617
0.00033967939071931526
0.000781843526518861
0.00028856417514058053
0.00027485057146402946
8.39420190821345e-05
0.0002092492954755815
2.866021496491632e-05
0.00020120041794050066
0.0006275308312542094
0.0004048130184391492
0.0004183406173266008
0.0005419785198676686
0.0026756619116433543
0.00032990317878433195
0.00022899925484403793
0.00030080798333587567
0.0004591653400162551
0.0011405790395762685
0.000909890411796156
0.0006950902978066715
0.0004427013977027829
0.0004273592454357869
0.0005289299846917181
0.00017220791221018498
0.0013378309558216772
0.00046567386988300574
8.288152121492705e-05
0.0010423665815790938
0.00036846674923138084
7.228275859193067e-05
0.0002458662910206998
0.0012182860175161659
0.0009151313631658297
0.00012951785682531873
0.0013378309558216772
0.00033967939071931526
0.00014046459964932447
0.00046349906841873994
0.00016644623492101832
0.0006646144694052023
0.00033230723470260116
0.0010295565106972723
0.004118226042789089
0.000206005274712243
0.002014104080949588
0.0004464646130570583
0.0002515624726982096
0.00015702472797455278
0.00255422685311264
0.00021734584586911962
0.000255422685311264
3.203046782623727e-05
0.00011022414582675834
0.00034990523861005773
0.00011010929680296324
0.00028613301897874077
0.0005595491377210266
7.028800393344876e-05
0.0006469595359394788
0.0002649005812312694
0.0004392068839986866
0.00021684827577579202
0.000906624997777231
0.0003137654156271047
0.00018305752770938526
0.0002017530387364523
4.759644800000856e-05
8.985053730966742e-05
0.00029460182221152675
0.0002769594723059959
0.0005491725831281557
0.0017760034089602864
0.0004319996436294398
0.00033605230274379026
0.00030080798333587567
0.014413791149761813
0.002759119369935928
0.00011908480031138217
0.0002788520199557469
0.0003899260153613212
0.00034990523861005773
7.244861528970654e-05
0.0006403751218287277
5.537663715982573e-05
0.00013744737442487675
0.00025202761163025376
0.00028092919929864895
0.002905585652499119
0.0013378309558216772
0.00013542191176219907
0.0005671448430106653
0.0008716756957497357
0.0009269981368374799
0.0017177238292097417
0.00013742528573201473
0.0007281214881745975
0.0003275248351869108
0.00024538911845853453
0.00011908480031138217
0.0004561869144614023
0.0007935987199055251
0.00040282081618991754
0.000310860632067237
0.00037773814302510773
7.700248787546307e-05
0.0150081884773996
0.00016186311646605443
0.0006830672072539203
0.00016870590272206136
0.0010819061504889383
0.0008728680240226228
0.0027360875892715303
0.0007356336905601916
0.00018429637774697506
0.00019514954979059227
0.0003712995306420879
3.455030222934532e-05
0.00046790263818930703
0.0005175237405999862
0.00017938185713738147
9.207095025362506e-05
0.0012307104525830343
7.028800393344876e-05
0.00030080798333587567
8.651493463970906e-05
0.00013049104440311402
0.005827072192777959
0.00022508837086915586
0.00020786378939471875
0.0004442467070420543
5.596134605475633e-05
0.00015094829008839447
0.00018651637924034222
0.0013378309558216772
0.00047157758559823753
0.0006982944192180983
0.0001818255411421152
0.00019187801003120328
0.00017601103395239914
5.990104362297464e-05
0.0007852547929708707
0.00020086364503989196
0.00033605230274379026
0.0011936772405299705
0.0006663700605630815
0.00031600033902825673
0.0002551683326447426
0.0010350474811999723
0.00037414439218063386
0.0004236835748637831
0.0006716609631621885
0.0007145088018682931
0.004711528757825225
0.001976242040859106
0.0006504665519188578
0.0010295565106972723
0.000550165791425709
0.0002311397104376654
0.0001758422472045084
0.0006275308312542094
0.00046662369881163626
0.0010463074753642972
0.00049920449583642
0.0008141297794213292
4.893837333965621e-05
0.004734774933037899
0.00032053872117434234
5.511207291337917e-05
0.0008330192598731734
0.0007023229982466223
0.0005289299846917181
0.0001228222497437936
0.0008056416323798351
0.0008335643748084365
1.657630424298541e-05
0.00020786378939471875
6.361143892436827e-05
0.0013378309558216772
0.00019187801003120328
1.689721459443182e-05
0.0002768675636431431
0.00016074284706094665
0.00019707995499542344
0.000291248595269839
0.0019598708165731865
0.0004165096299365867
0.00017796345414212064
0.0007509758428271876
0.00021345837394290922
8.009105150573092e-05
0.00018414190050725012
0.002187058476190551
0.0006283357288625614
0.0009051130653893899
0.0007736317053645336
0.0005968386202649852
0.00017938185713738147
0.0011096336892446113
0.00011359382980868221
0.0008056416323798351
0.0001117932288241266
0.00029055856524991193
0.00012866920762165794
0.00048222854118283993
0.00019242418851886175
0.007933949770375771
0.0004527009403661265
0.001792319751258144
0.0020650381022423153
0.00201622089304203
0.0011629929359959783
0.0024816466467832772
0.0014074400311099656
0.0016984550407377476
0.0013378309558216772
9.329878779811215e-05
0.00015400497575092614
7.548157493800189e-05
0.0006456862505685273
0.0005536635635829392
0.0008401353478970625
0.00011723937057824075
0.00018429637774697506
0.0004427013977027829
0.00023136244117746323
0.000454945205898078
0.00026098208880622804
0.00013742528573201473
0.00016074284706094665
0.00010911937288207749
0.0002649005812312694
0.00088002456464204
0.0013216226953259766
0.0004273592454357869
0.005880947435279438
0.0016837321387291435
9.207095025362506e-05
4.197100954106725e-05
0.0005409530752444691
7.700248787546307e-05
0.0005968386202649852
0.00011301253121894807
0.0009358052763786141
0.00010365090668803597
0.0011342896860213306
0.0009826639456675798
0.0001530551133387517
0.0008854027954055658
0.0013378309558216772
0.0002720912040831116
0.0007852547929708707
0.0008046037744810601
0.0004157275787894375
0.0007356336905601916
0.00010911937288207749
0.00018429637774697506
0.0003473043550825231
0.0008212670630669897
0.0008308784169179878
0.0008096260368782984
0.0001874363304836943
0.0010578599693834361
1.865975755962243e-05
0.0006112749749186446
0.00038375602006240656
0.00011441330722169377
0.0004622794208753308
0.00019409931672598836
0.00046349906841873994
0.0010295565106972723
0.0001855421681571129
0.00026687285059741214
0.0013196127151373278
0.0012107136976920096
0.00025903571365063746
0.0004165096299365867
0.0006716609631621885
0.0016515963714487819
0.0015349109108171004
5.372656683251644e-05
0.00019187801003120328
0.0003930802952921038
0.0006950902978066715
0.0003259781162909805
0.0001229331455103499
0.00023578879279911877
0.00030080798333587567
0.00019316713252032078
0.0010935292380952755
8.288152121492705e-06
0.00014148700607844646
7.931487966499905e-05
0.00018305752770938526
0.00022212335352102714
0.0001874363304836943
9.421483678473168e-05
0.0012550616625084188
0.0005603020567546584
0.00028268613229192203
0.0006456862505685273
0.001343321926324377
0.0005409530752444691
0.001002883155289451
5.069164378329546e-05
0.0003899260153613212
0.0003137654156271047
0.0001487785775657021
0.00028658751317783696
0.0011836937332594748
0.00087541928813507
0.0004348980354105469
0.00035253690253858366
0.0013378309558216772
0.0013378309558216772
0.0004427013977027829
0.0005231537376821486
0.0004864444572648035
0.00011723937057824075
0.0002769594723059959
0.0003251716597188365
7.095114830695353e-05
0.000298719958543024
0.000454945205898078
0.0004273592454357869
0.0003137654156271047
0.0010935292380952755
0.0002421427395384019
0.0006946087101650462
0.00021919735069233823
0.000413007620448463
0.0002846282669653164
0.0003115527306385524
0.0003115527306385524
0.00016525819014706473
0.0003633865180377839
0.00017457360480452457
0.0008775309790550374
0.0010944350357086122
0.0023673874665189496
0.0002769594723059959
0.0009799354082865933
0.0013378309558216772
0.00024538911845853453
0.0004684565481358665
0.0002641443132164255
0.00014640229466622888
9.704965836299418e-05
0.00028658751317783696
0.00042006767394853125
0.00018060034241406075
0.00025202761163025376
0.00024053715128809032
0.0005120327700972862
0.0003930802952921038
0.0002421427395384019
0.00018932197031922224
0.00011000709065422317
0.00027284268537541926
0.0004273592454357869
0.0011697780460839635
0.00021509586390556547
0.0010295565106972723
0.00035634002428079777
0.0001228222497437936
0.0006100875754438864
0.0003115527306385524
0.0005472175178543061
0.00038564672918915905
0.00010214239254402643
0.0011542567005623221
0.0001256671457725123
0.000506674125100786
7.854140755786208e-05
0.0019824340429889648
0.00010473317532405832
0.00032284312528426366
3.203046782623727e-05
0.00087541928813507
0.0011836937332594748
0.0006950902978066715
0.0013378309558216772
0.0002311397104376654
0.0006830672072539203
0.00033280299722428003
0.00035153191244425923
0.0007509758428271876
8.086994199243485e-05
0.00020375832497288151
0.00020511840876383906
0.00012001329020563123
0.00020946635064811664
3.3286815838153076e-05
0.00020511840876383906
0.0005014415776447255
6.28906181745524e-05
0.0006220398607515094
0.0003275248351869108
0.00032990317878433195
0.000939392015533073
8.480585016769903e-05
0.00040282081618991754
0.00045078858008026977
9.043584724986148e-05
0.0013378309558216772
0.0006950902978066715
0.0009051130653893899
0.0006049258026424721
0.0001247147973935446
0.0005671448430106653
0.00023578879279911877
0.00023422827406793326
0.0001509065651597409
0.00032372623293210886
0.00024703025510738826
0.00029460182221152675
3.7099017884721866e-05
0.0003747927621295157
0.0013378309558216772
0.0011836937332594748
0.00029055856524991193
0.0003137654156271047
0.00012001329020563123
0.0003747927621295157
0.00011723937057824075
0.0005671448430106653
0.00028268613229192203
0.00015631736754046215
0.0004061648341924561
0.00035253690253858366
0.00010560352088365608
0.0006694751299525262
0.0004907782369170691
0.0005536635635829392
0.0007410907653221648
0.0007509758428271876
0.0006275308312542094
0.0005177407957725214
0.0005289299846917181
0.0004684565481358665
5.4149750828082954e-05
0.00015962819306490232
9.125189589633217e-05
0.00046790263818930703
8.800551697619957e-05
6.074206999554157e-05
0.00015962819306490232
0.00043109669486819825
0.00015094829008839447
0.0006694751299525262
0.0003899260153613212
0.000613318232846348
0.0003690165151199462
6.946369790070304e-05
0.00027322202287358453
0.0001433972426037103
8.243595555322339e-05
0.0006405816798270059
7.623700344794071e-05
0.00026061450883962034
0.0008330192598731734
0.0013378309558216772
2.8920305147182903e-05
0.00012094567315065208
0.00039627996210060424
0.00010128546274906169
0.00010128546274906169
0.0003275248351869108
0.00014984002591330337
0.00027322202287358453
0.0004653572602401289
2.7074875414041477e-05
0.00016325472244986693
0.0006311175704086684
0.00032990317878433195
5.5808076632132286e-05
0.0001456242976349195
0.0003251716597188365
0.00015741550807635009
0.0003064271776320793
0.0005814964679979891
0.0002437639638603498
6.798613095882482e-05
5.7840610294365807e-05
0.0003690165151199462
0.0008330192598731734
0.0003930802952921038
0.0006049258026424721
0.0004061648341924561
0.0003029158001279045
0.0004913319728337899
0.0004236835748637831
0.0006950902978066715
0.000613318232846348
8.480585016769903e-05
0.0001228222497437936
0.0003275248351869108
0.0007798520307226424
0.00042006767394853125
0.00029460182221152675
0.00029460182221152675
9.789038906805142e-05
0.001226636465692696
0.0009926586587133109
0.00042139379894797337
0.000454945205898078
0.0004889671744364708
0.0001247147973935446
0.00024703025510738826
0.00031600033902825673
0.00032990317878433195
5.2926239703716844e-05
0.002048131080389145
0.0007852547929708707
0.00016640149861214002
3.9029909958118454e-05
0.0004769803478464661
0.0007212820655728677
0.00020648686235386817
0.0004913319728337899
0.00010196237240327343
0.00046349906841873994
0.0011342896860213306
7.244861528970654e-05
8.720323179559332e-05
0.00024538911845853453
0.0006716609631621885
7.854140755786208e-05
0.00033230723470260116
0.00011723937057824075
0.0006504665519188578
0.00031600033902825673
0.0001324502906156347
0.0003930802952921038
0.00026061450883962034
0.0010819061504889383
0.000454945205898078
0.0005890352579727492
8.962278233453536e-05
0.0003930802952921038
0.0007267730360755678
0.00045918101028414557
0.0004165096299365867
0.00020375832497288151
0.00015247400689588143
0.0005409530752444691
0.00020511840876383906
4.759644800000856e-05
0.00030936184585653756
0.0002623724073743843
0.0004165096299365867
9.371816524184716e-05
0.0002311397104376654
0.00028076081284834453
0.0003899260153613212
0.0004913319728337899
0.00045918101028414557
0.00022899925484403793
0.00027284268537541926
0.0003371947502715876
0.00019576801604785535
0.00021774866148657063
0.00028856417514058053
0.0018102261307787798
0.0003420688743132683
0.00022212335352102714
0.00019707995499542344
0.00027137659314044305
9.789038906805142e-05
0.0008492275203688738
7.320114733311444e-05
0.0005348602829763136
0.0003633865180377839
0.0006608113476629883
0.0010295565106972723
0.0004273592454357869
0.0011836937332594748
0.00035520008414934023
0.0002024065092195746
0.00030719233590095405
0.0001519782443742026
0.0005892036444230535
0.0002311397104376654
0.00040282081618991754
0.00022360092046290535
0.00021774866148657063
0.0001585190984635159
0.0006716609631621885
0.000939392015533073
0.00020648686235386817
0.00029055856524991193
0.00021345837394290922
0.0003837485901686019
0.0003930802952921038
8.560146105793033e-05
0.0005890352579727492
0.0006830672072539203
0.0002311397104376654
0.0002677310523708846