0.002524233908924145
0.005633270367171532
0.010238078759907735
0.006965223754529385
0.04835813424951177
0.003413172902311869
0.0026266804250708988
0.0032732480910341254
7.138635456886945e-05
0.00026835894078121693
0.00017443773233867958
0.00015309337411600118
6.679354189440655e-05
0.00022005744946478837
0.0001369453530659161
0.00014644983781689149
0.00011461441890811826
0.0017065864511559344
0.0001168698380294469
0.00011432612272981552
4.732487389213704e-05
0.0006302417873608482
0.0003280170780016241
3.9337959161077995e-05
0.00015567661729433023
0.00024040322942134716
0.00027238319632095413
0.00013480853442161836
0.0004743913334730592
0.000319324150019921
0.0007444780621501379
0.003396170788673774
0.0005688621503853115
5.063631940085552e-05
0.0005688621503853115
2.196832043127827e-05
1.9924881585314672e-05
0.0005688621503853115
0.0004649820600914594
0.0005095589622105189
0.00028559848923486917
0.007041838382873228
0.00016061889687089817
0.00043778007084514976
4.581491273951193e-05
0.00039944102032137853
0.0003442629327287866
0.00022029033257552576
0.0002226245356812941
0.00039447404137910025
0.00010621154758651906
5.972727261378852e-05
2.3051637415094807e-05
3.7079884976441055e-05
0.00016895847000152485
0.0020521890828250895
0.0007402032241420629
0.00013939382142780368
8.380081691836751e-05
0.003998378849288169
0.00011752970216226677
0.0013785397563492398
7.930905479128857e-05
0.0004987123522716594
0.00010768381094223199
0.00016045117870006645
0.0019168083973367445
0.0009646278061396294
9.279779457378504e-05
0.00168495772672546
2.5828274047744977e-05
0.0011545955693700056
8.15888860420074e-05
0.0006247061082338063
2.7048364950858094e-05
0.003482998040831177
3.209253326177165e-05
0.00020281790101113614
0.0001469532425879897
0.00011081648938902211
6.15740802363475e-05
0.004145918893114702
0.00012020161471067358
0.00028559848923486917
0.00011461441890811826
0.0004649820600914594
0.004473066373584177
0.00010612774711124671
0.0038085508165359447
0.00034212740508632924
0.00030669799130498816
0.00032123779374179634
0.0021071412626530654
0.0015813044449101972
8.721886616933979e-05
0.002339372503057717
0.00040563580202227227
0.00039944102032137853
5.2872703194192374e-05
0.00012354906987439103
0.0023399959577349665
0.009187143467391707
0.0002922215569908385
0.00016563853067362005
0.001038533938086124
0.0010717075992442606
0.0033736779043548695
0.00039742814039000183
0.00031626088898203947
0.00010358674037123739
4.488296039807961e-05
0.0005367178815624339
0.00030669799130498816
0.000637465938984493
6.834983242108182e-05
0.00010768381094223199
0.0017065864511559344
0.0005907123060972503
3.880142666787214e-05
1.586871609577296e-05
0.00030960619778031543
0.00017861793320737677
0.0007809976164467113
0.0009551960768219331
0.0007173582147097449
5.343521351920672e-05
0.0001882420704797594
0.0009384014354435363
0.0031955281625710283
0.00016317461280193328
0.00024725943871109794
9.729988635051946e-05
1.8563321593962857e-05
9.241812257400189e-05
0.00029556093002752656
6.437762200410748e-05
0.00017372879829173404
0.002358802636105868
0.0018994079299155088
0.001648013436471046
0.00015383656816560313
0.0001989579473946694
5.7562847467475504e-05
4.639889728689252e-05
0.0030199266636913836
0.008532932255779672
0.0017270627502239642
0.005691140920986947
2.0809197285510252e-05
0.0005447663926419083
4.9247452254009e-05
0.00011696862515288586
0.0005367178815624339
0.0005033211106152306
0.0003007808702395029
0.000378419399890781
0.0008755601416902995
0.0003611019697976073
2.8284405205961618e-05
0.004526698981057067
0.00019474659033764688
0.0006832567001160082
0.00033064479582297685
7.423084044921326e-05
0.0014523292106682244
8.735884909093501e-05
6.41646662700519e-05
0.00012354906987439103
0.0003416387535492349
0.0002132191162943934
0.00020684215655087333
9.664280595942099e-05
6.0598760193512866e-05
0.00019397627780168053
7.765231030305333e-05
4.45338322246649e-05
0.0002986363630689426
0.0002132191162943934
0.00014027888268360554
0.00025140245075510253
0.0007022790580099
0.0013297978726682653
1.4914601824969137e-05
0.00011938294524119679
0.00038761040251257507
0.0014443584804590085
0.00022194557780908487
0.00018492398501127763
0.0002826022335615851
0.0005688621503853115
0.000553172730632497
0.0010066422212304611
0.0002649520935933346
8.268838369858081e-05
6.326247811578842e-05
0.000375804937151608
9.507785710081736e-05
0.003594969182892407
2.6754185767930977e-05
0.00038396741643224544
0.0002765863653162485
0.0001771050092022978
8.897536992462675e-05
0.0005033211106152306
0.0008755601416902995
0.0030866625540450637
0.000319324150019921
5.9294522508081234e-05
4.306782250139723e-05
0.00029556093002752656
5.631949000050828e-05
0.0001882420704797594
0.000137547569528609
0.0005688621503853115
0.0004649820600914594
0.0004620239113992722
0.00046284826844524533
0.0002658313559766291
0.0005009300495627168
0.0052147879078130325
0.001137724300770623
0.00026873444899725037
0.0004764946295849545
0.0004178407763746535
0.0034212740508632925
0.0004649820600914594
0.0009891078174655476
0.0005075662204996805
0.00161946958305915
0.00045485832033648617
0.00034719250309753495
0.0003611019697976073
3.845443276267787e-05
3.319199396830191e-05
0.00026835894078121693
0.00015909078988216371
0.0012057847576745367
0.00029044856428628486
5.2872703194192374e-05
5.800803010431023e-05
0.00013139395869138165
0.00010445105758747177
7.683879138364936e-06
1.742422767847546e-05
3.532023918129969e-05
0.000129708364341597
0.00012652495623157684
0.002694056328530013
0.00026870459333722005
0.0004649820600914594
8.613564500279446e-05
0.0002504650247813584
0.0001002602900798343
7.829939727643358e-05
2.9887322377972008e-05
0.0020132844424609222
0.0017065864511559344
0.00245797670303465
0.001187253728607409
0.00030903281938941514
4.0061305517217714e-05
0.0008755601416902995
0.00030903281938941514
2.674186311667774e-05
0.0002774319722613561
0.0003611019697976073
8.24138914230326e-05
0.0003051014735373882
0.00031183104266381887
0.00017128435750466122
0.00010296206625702132
4.047718830568984e-05
0.0006611470424528548
0.0002805577653672111
0.00030669799130498816
0.0004166805687750309
0.0004941962794975641
0.0005688621503853115
0.0003985011467827727
0.0004037141250288313
0.0010066422212304611
0.0009200939739149645
0.0005231649003946731
0.001137724300770623
0.0004365128573282605
0.0005530679307040171
0.0005289979743295005
0.000250063739974437
0.0012207948648872877
0.0005688621503853115
0.00012354906987439103
0.0004209872920594994
0.00020086822919469232
0.0002300198902574457
0.0003289577009747298
7.026981174770683e-05
0.00015451640969470757
0.00024150607970832206
7.731445283051405e-05
0.0001324760467966673
0.001137724300770623
0.0011983230609641357
7.524757855796248e-05
0.0008755601416902995
0.0007782501860495821
0.00027238319632095413
0.0003611019697976073
0.0006084537030334084
0.0005688621503853115
0.0006019311714963908
0.00022463481110893924
0.0025277137885832512
0.0005688621503853115
0.0007352820852543229
2.1099502070118965e-05
2.723949647926906e-05
0.0002005205801596686
0.00017677247145128923
3.438689238215225e-05
0.0002572218795037553
0.00013227608444431752
9.89378107172841e-05
7.026981174770683e-05
0.00025378311024984023
0.0005711969784697383
0.00025760703577173847
7.836508289567653e-05
0.00013826698267600427
0.00034887546467735916
0.0004531063124387077
0.0005138530725139837
0.00034212740508632924
0.00010606052658810913
0.0005711969784697383
0.0003128004784811788
0.00011744909591465039
5.94886288073912e-06
5.843491901472345e-05
4.985162001726631e-05
0.00022922883781623652
0.00043013804525173784
9.281660796981428e-06
0.000150846497543523
0.00013471174153218833
0.00014130111678079254
0.0004649820600914594
0.0006133959826099763
4.164204016517384e-05
0.00020729949469337194
0.0002300198902574457
8.664054184019978e-05
5.029432195089863e-05
0.00029044856428628486
2.674186311667774e-05
4.091056392089451e-05
0.00037223903107506896
6.930494895670422e-05
6.978614965453068e-05
1.4096896227542131e-05
4.62786084541099e-05
0.0003512029977592898
0.0015394607591600075
0.00041506165755656865
0.0004220906510923353
4.709365224173292e-05
7.836508289567653e-05
0.00018994582347604867
0.00011263898000101656
0.00014878400413791481
0.0001557058056671661
0.0017065864511559344
0.000396665377564267
0.0004914172158553892
0.0007679348328644909
0.003333444550200247
0.0015099633318456918
0.0017796111468638993
0.0006485418217079851
0.00027259400063291557
0.0001334169076245886
9.627759978531496e-05
0.00014767807652431257
3.985011467827727e-05
0.00014337934841724594
3.0487134204773157e-05
0.00029756800827582963
0.00026835894078121693
2.30251389869902e-05
0.001137724300770623
0.0005688621503853115
0.00043778007084514976
0.00021772262138036142
0.00033700621205420427
0.0063910563251420565
0.00024415897297745757
0.0008441813021846706
7.576007701071174e-05
0.0002166887586361907
0.0001177665685638167
3.339677094720328e-05
0.0005688621503853115
0.0003009655857481954
0.0005688621503853115
0.0005688621503853115
5.843491901472345e-05
0.0011726794759000512
0.00018994582347604867
0.0006469268580180131
0.0006325217779640789
0.000270654378849223
0.0005688621503853115
0.0006648989363341327
0.00020684215655087333
0.0005877873487112739
0.00036060484413202073
0.0004178407763746535
0.00023824731479247724
0.0004166805687750309
2.4069956374516693e-05
0.0005688621503853115
0.0014045581160198
0.00018656847399243283
0.00029556093002752656
0.0002572218795037553
9.970324003453262e-05
0.00019168083973367448
0.00012354906987439103
0.00012270103070967858
0.0002649520935933346
0.0002143304705046312
0.00013139395869138165
0.0005688621503853115
0.00019524940411167784
0.0005688621503853115
0.0005688621503853115
0.00018171839894101717
0.0003777983099730599
0.00031557923310328024
0.00017659123180766115
4.9461698916051234e-05
8.672561316955251e-05
0.0007022790580099
0.00039944102032137853
0.00010206224941066745
0.0002522795999271873
0.00018585154992196344
0.00039944102032137853
0.00013524182475429047
8.104389471742559e-05
0.00014027888268360554
0.0005033211106152306
0.0005688621503853115
0.000337897893716517
4.5648451021972036e-05
0.00026873444899725037
0.00010364974734668597
0.00015936648474612324
0.00039944102032137853
0.00023268360817972126
0.0003128004784811788
0.0015099633318456918
0.00020480862155105987
0.0003848651897900019
0.00015813044449101973
0.002888019605536574
0.0003128004784811788
0.00012207506936822563
5.182571537331408e-05
0.0002765863653162485
0.0002558144966056892
0.00029556093002752656
0.0004264382325887868
0.000237302794823763
0.00034212740508632924
0.00012384247911212618
0.003940020637606348
0.00500016682530037
0.00023824731479247724
0.0011371458008412154
0.0005688621503853115
0.005579784721097512
0.0005688621503853115
0.000522487813642119
0.0007060357317589763
0.0001324760467966673
0.0003009655857481954
0.00033389998055129773
8.253341292528963e-05
5.843491901472345e-05
0.00014443584804590086
8.578786950844575e-05
0.0002249075245162041
0.0011141406542478324
0.001751120283380599
0.0003454125500447928
0.0005215808877635173
0.0004220906510923353
0.0004649820600914594
0.00398203505269718
0.0002132191162943934
0.0010066422212304611
0.00015334178920990327
0.00024415897297745757
0.0005688621503853115
0.00047855169639392703
0.0008050768223436508
0.00043778007084514976
0.00017561591176482654
0.00039944102032137853
0.0007275214288804341
0.0007697303795800038
0.0018611951553753447
0.0017065864511559344
0.0030644604959160484
0.0016667222751001235
0.00038689657614585077
0.0016667222751001235
0.0014889561243002758
0.002789892360548756
9.828344317107783e-05
0.0007147419443774317
0.0011825129727260602
9.464974778427409e-05
0.0007022790580099
0.00015691035358790658
0.001137724300770623
0.0010066422212304611
0.00022163297877804422
0.0007988820406427571
0.0011239403979845992
0.00010365143074662816
0.0005688621503853115
0.00034212740508632924
0.0005499228250016925
0.0004166805687750309
0.00011857130306413537
0.0003848651897900019
0.00043778007084514976
0.0005688621503853115
0.00037223903107506896
6.811139716555301e-05
8.15888860420074e-05
0.00018171839894101717
0.00027259400063291557
0.0006526629673036788
0.0003611019697976073
0.0003904988082233557
3.241691002260575e-05
0.00033160265969983026
0.0003128004784811788
0.00012562656277903016
9.464974778427409e-05
0.0002644989871647502
0.0004531063124387077
0.0005688621503853115
0.00026835894078121693
3.8770907863344665e-05
0.00019168083973367448
8.838623572564461e-05
0.00014027888268360554
0.00015334178920990327
0.0004649820600914594
0.0005374688979945007
0.00011263898000101656
0.00011539265978734711
0.00029756800827582963
0.0002572218795037553
0.00014878400413791481
0.00032123779374179634
0.0005688621503853115
0.0003611019697976073
0.001404925497480749
0.00013727686124105528
7.996324600600602e-05
2.052469341211583e-05
0.00014878400413791481
0.001368509620345317
0.0005688621503853115
0.0017065864511559344
0.0004649820600914594
0.0001882420704797594
0.0005673880657704615
0.002275448601541246
0.003594969182892407
0.0004945188774221959
0.0008429552984884495
0.0010066422212304611
7.679348328644909e-05
0.00020221280163242755
0.0005095589622105189
9.706538787881667e-06
9.320540516049131e-05
0.00027238319632095413
0.0002998060399119764
0.00021104532554616764
1.3353768505739239e-05
0.00011231740555446962
0.001465849344875064
0.00016714256840964046
3.845443276267787e-05
0.0009299641201829188
0.00017128435750466122
0.0003848651897900019
0.00014490447394928567
8.492649370175315e-05
0.0004764946295849545
9.634708062808145e-05
0.00594513013638057
9.320540516049131e-05
0.0008050768223436508
0.0044276524457485525
0.00017913639555814672
0.0003342851368192809
0.00020480862155105987
0.0010123437622308888
7.783830864716511e-05
0.00010434246643795296
0.0003280170780016241
9.444957749326498e-05
0.0004649820600914594
2.4069956374516693e-05
0.00016364225568357805
0.0001499030199559882
0.00010645160369097533
4.1624195482234797e-05
3.6738310646997424e-05
6.466412822258396e-05
0.0016667222751001235
0.0005688621503853115
8.606573318219665e-05
0.0005688621503853115
0.0005688621503853115
0.00015547714611994227
0.0005688621503853115
0.00016714256840964046
0.00019344828807292539
1.6595996984150957e-05
0.002309191138740011
0.0021889003542257487
0.0013133402125354494
0.0005033211106152306
0.00021772262138036142
0.0004649820600914594
0.00024725943871109794
0.00039944102032137853
0.00033389998055129773
0.0005688621503853115
0.0003848651897900019
0.0005688621503853115
0.0005688621503853115
0.0005688621503853115
0.0008549439770948843
0.0002504650247813584
0.0005688621503853115
0.00010933902600054135
0.00013436722449862518
0.0001276284772189059
0.0003611019697976073
0.0007697303795800038
0.0004649820600914594
0.00010694111045008649
0.00030668357841980655
0.0003764841409595188
0.00043778007084514976
0.00017328108368039956
0.0005033211106152306
0.00023078531957469422
0.0004178407763746535
0.0001599163716889467
0.00019397627780168053
5.661585136678681e-05
0.0005430443113573902
0.0005688621503853115
9.959673835285732e-05
4.62786084541099e-05
7.996324600600602e-05
0.00029044856428628486
0.0003263314836518394
0.0005912564863630301
0.00029556093002752656
0.00024725943871109794
0.00026079044388175866
0.0005688621503853115
0.0007988820406427571
0.00016100405313888136
0.0012970836434159701
0.0004649820600914594
8.15888860420074e-05
0.00014337934841724594
2.6828886290690996e-05
0.0002132191162943934
0.00037223903107506896
0.0005711969784697383
8.606573318219665e-05
0.00029535615304862513
0.0001882420704797594
9.197739136717699e-05
0.00024070824667506572
0.00015936648474612324
0.0005808971285725697
0.0004883179459549151
8.206759062217439e-05
0.00025378311024984023
0.0004166805687750309
0.0005033211106152306
0.00025378311024984023
0.00014060598092727566
0.0016101536446873016
5.2627039940779284e-05
0.00014878400413791481
4.45338322246649e-05
0.00029556093002752656
8.549439770948843e-05
0.0002211796260326947
0.00028559848923486917
6.740426721080918e-05
9.571033927878541e-05
0.0001926941612561629
9.355273156877764e-05
0.00010645160369097533
0.0003092578113220562
0.00016714256840964046
0.0002041244988213349
0.00037223903107506896
7.679348328644909e-05
7.124462175309421e-05
0.00035113952900495
5.447899295853812e-05
0.0001177665685638167
9.959673835285732e-05
0.002844310751926557
6.371381898730273e-05
0.00016398172482177828
0.0005688621503853115
0.0007222039395952146
0.0001557058056671661
0.0006900596707723372
5.631949000050828e-05
4.814353881577978e-05
9.763357303185246e-05
2.402715800899255e-05
0.0002644989871647502
0.0003655815893117672
0.00013727686124105528
0.0009299641201829188
0.00046406424083448184
0.00019344828807292539
0.0005688621503853115
0.0004166805687750309
0.00016275106259150304
0.00012473241706552755
0.0003128004784811788
2.8908537723184168e-05
0.00014550428577608682
0.0004649820600914594
0.0003848651897900019
0.0010066422212304611
0.00010606052658810913
0.0002300198902574457
0.00030669799130498816
0.002844310751926557
0.001137724300770623
0.00012562656277903016
0.00029044856428628486
5.063631940085552e-05
0.00012060683389349883
0.0002132191162943934
7.322491890844574e-05
0.00010525407988155857
0.0005688621503853115
0.00011384253108650939
6.326247811578842e-05
0.0005688621503853115
0.00022742916016824308
0.00012384247911212618
0.0002249075245162041
0.00029556093002752656
0.001840187947829929
0.0005777433921836034
0.001137724300770623
0.0005367178815624339
0.0007988820406427571
0.0005688621503853115
0.0005688621503853115
0.0005688621503853115
0.0002809850994961498
3.112602672361692e-05
0.0005033211106152306
0.00043778007084514976
0.0010066422212304611
0.00019168083973367448
0.00014644983781689149
0.0005688621503853115
0.00014846168089842652
0.00010117698235515556
0.00020086822919469232
0.0005033211106152306
0.00040961724310211974
2.2504887032736553e-05
0.00022768506217301878
8.606573318219665e-05
0.00013765236945708875
0.00024415897297745757
0.0008755601416902995
0.00047084909195622916
0.00014130111678079254
0.00012020161471067358
0.00010445105758747177
0.0006177453493719551
0.0001177665685638167
0.00043778007084514976
0.0003128004784811788
0.0004373561040021654
0.0006267611645619802
0.00017861793320737677
0.00012295670950165236
0.00043778007084514976
0.00016714256840964046
8.721886616933979e-05
0.00043778007084514976
0.0002005205801596686
0.0007988820406427571
0.00016770607415193519
0.00018709862559829131
0.00026079044388175866
0.0004166805687750309
0.0011983230609641357
0.00013727686124105528
0.00012194853681909263
0.00035113952900495
0.0003342851368192809
6.148634438542152e-05
0.00015152015402142348
5.71919130056305e-05
3.438689238215225e-05
4.650856484203433e-05
0.0010431617755270346
0.00016580132984991513
0.00043778007084514976
6.930494895670422e-05
0.00034212740508632924
0.0004653672163594425
0.00015813044449101973
0.0001779507398492535
4.091056392089451e-05
7.030299046363783e-05
0.00034212740508632924
0.0008333611375500617
0.011159569442195025
0.00011431998187919559
4.0555757752048825e-05
7.627536838434705e-05
0.00014027888268360554
0.0001423345230565299
0.00028559848923486917
0.00011329272559730429
0.00020185706251441566
9.07651217745486e-05
0.0004166805687750309
0.00019524940411167784
0.003413172902311869
0.0005289979743295005
0.0005033211106152306
0.00043041492882584697
0.0005688621503853115
9.146140261431948e-05
0.00016188812039816226
0.0031415833815835606
0.0008333611375500617
0.0005619701989922996
0.0007444780621501379
8.664054184019978e-05
0.00015358696657289818
0.0002224513933579874
0.00043088811945213805
0.00021544405972606903
3.5387491487127017e-05
0.00041368431310174667
0.0001002602900798343
0.00015936648474612324
0.0002504650247813584
0.00020504949726324548
5.507258314388144e-05
0.0001557058056671661
0.00038372174490853374
0.0008666150882754052
0.0004649820600914594
0.00030669799130498816
0.0005289979743295005
0.0003681030921290358
0.0002300198902574457
0.0015099633318456918
0.0002572218795037553
0.0003848651897900019
0.0001644788504873649
0.00014151192109275394
0.00025140245075510253
0.0002572218795037553
0.0005688621503853115
0.002275448601541246
0.0004166805687750309
0.0009890377548443918
0.0007934969614942506
0.00012380011938793443
0.0035232477743066142
0.00026835894078121693
5.3841905471115996e-05
0.00026835894078121693
0.0003009655857481954
0.0012512019139247152
0.0001248725864467044
0.00039944102032137853
0.0004649820600914594
0.0003848651897900019
0.00030669799130498816
0.0004649820600914594
0.0005597054219772986
0.00040173645838938464
0.0005688621503853115
0.00019142067855757082
6.693500702658649e-05
0.00027150347141803116
0.0015099633318456918
0.000328548147016927
0.0002765863653162485
0.00186146886543777
0.0016677312035473404
4.62786084541099e-05
0.0005597054219772986
7.942751804004548e-05
1.7621120284427664e-05
0.00034212740508632924
0.0002300198902574457
0.0001525507367686941
0.0002132191162943934
7.829939727643358e-05
3.5052780578150506e-05
0.00024725943871109794
0.0003009655857481954
0.0001465849344875064
7.272594290592347e-05
0.0002572218795037553
0.0005688621503853115
0.0003848651897900019
8.268838369858081e-05
0.00020684215655087333
0.0005688621503853115
0.00016988350620803376
0.00012354906987439103
0.00029044856428628486
0.0005033211106152306
0.0005688621503853115
5.972727261378852e-05
0.000319324150019921
0.00034212740508632924
0.00016850310602710213
0.00037223903107506896
5.5619827464661586e-05
0.00040640611455823854
0.0001644788504873649
9.07651217745486e-05
0.00011384253108650939
0.0001002602900798343
6.0598760193512866e-05
0.0004166805687750309
0.0005688621503853115
0.0001521815816102806
0.0003128004784811788
0.0004523075737491839
0.0004649820600914594
0.00011461441890811826
3.8770907863344665e-05
0.00035723586641475354
0.001137724300770623
0.00039944102032137853
0.0005688621503853115
0.00013154445568426253
0.00018994582347604867
0.00014130111678079254
0.0009028967572445862
0.00034212740508632924
0.0010066422212304611
0.00019708549545434335
0.0005688621503853115
3.914969863821679e-05
5.1051390887562366e-05
0.0005688621503853115
0.0006632053193996605
0.00021772262138036142
0.0005688621503853115
3.914969863821679e-05
0.0018599282403658375
0.001394946180274378
0.0007222039395952146
0.001394946180274378
0.001057995948659001
8.721886616933979e-05
0.0004649820600914594
4.416519342226017e-05
0.0001324760467966673
0.0002572218795037553
0.00017128435750466122
0.00023542454597811458
0.00018517880944187782
0.0004166805687750309
0.0005688621503853115
0.0007968324237306163
8.540968838730873e-05
0.0001779507398492535
0.0023249103004572965
0.001394946180274378
0.00030669799130498816
0.0001989579473946694
0.0001423345230565299
0.0005688621503853115
0.00012020161471067358
0.00033389998055129773
0.00016760163383673502
0.0005688621503853115
0.0005033211106152306
0.00012833464914303243
0.0003848651897900019
0.0002644989871647502
0.0003512318235296531
2.7355863540724795e-05
0.00043778007084514976
0.0003417491621054091
0.00035113952900495
0.00046157063914938843
0.00016061889687089817
3.112602672361692e-05
0.00013727686124105528
0.00037223903107506896
0.00019344828807292539
0.0003848651897900019
9.197739136717699e-05
3.606048886947882e-05
0.00019708549545434335
0.00025378311024984023
9.382544497604243e-05
0.0005688621503853115
0.00037223903107506896
0.0008290066492495756
0.0003128004784811788
0.00024709813974878206
5.71919130056305e-05
0.0005688621503853115
0.00015936648474612324
0.00033389998055129773
0.0009646278061396294
0.0007697303795800038
0.00010933902600054135
0.00014130111678079254
0.00024115695153490734
7.026981174770683e-05
0.0001771050092022978
0.0002765863653162485
0.0015099633318456918
0.0006087263264411224
7.748482214323494e-05
0.0002186780520010827
0.00010850070839433536
0.0023249103004572965
0.00016061889687089817
0.00024205486844470405
0.00018273862763565157
7.576007701071174e-05
0.00023824731479247724
0.0002809850994961498
5.182571537331408e-05
0.00020281790101113614
0.00023876589048239357
0.0005688621503853115
0.0006396573488831801
0.00022269252134763978
6.103753468411281e-05
0.0005688621503853115
4.270484419365436e-05
2.4923427592017195e-05
0.00036343679788203434
4.5275449618941304e-05
0.00016714256840964046
8.838623572564461e-05
0.0004239033503423776
0.0001557058056671661
0.00035113952900495
0.0003630823026670561
5.303026329405457e-05
0.0005313150276068934
0.002844310751926557
0.00020729949469337194
0.00020281790101113614
0.0005688621503853115
0.00043778007084514976
0.0007444780621501379
0.0009579724500597631
0.00017128435750466122
0.0005688621503853115
3.339677094720328e-05
7.679348328644909e-05
0.00011461441890811826
0.0005653844671864799
0.00037223903107506896
0.00018395478273435398
2.5648086251191423e-05
0.00012102743422235202
3.2742403400997034e-05
0.001137724300770623
8.780074943982245e-05
3.47192503097535e-05
0.0001353271894246115
0.00014846168089842652
0.0005688621503853115
0.00012032402476429608
7.760285333574428e-05
0.00014337934841724594
8.686439914586702e-05
4.639889728689252e-05
0.00043778007084514976
0.00023828255412013645
0.00025378311024984023
8.549439770948843e-05
0.00020086822919469232
0.00013727686124105528
0.0002765863653162485
0.00020684215655087333
0.000319324150019921
0.0005688621503853115
8.838623572564461e-05
0.00010933902600054135
0.0006632053193996605
0.0003611019697976073
0.0005688621503853115
0.00039944102032137853
0.00021700141678867072
0.0002809850994961498
3.880142666787214e-05
0.00028559848923486917
0.0005688621503853115
8.897536992462675e-05
5.5545913079858654e-05
0.0005033211106152306
0.0005688621503853115
0.00017414990204155887
0.0001279072483028446
0.005119759353467803
2.723949647926906e-05
0.0005013014503991715
0.00010227935041707825
6.161208171600125e-05
0.002771848511827114
0.0005688621503853115
0.0003848651897900019
0.00033389998055129773
0.00015547714611994227
0.0003128004784811788
0.001647971821846802
0.0001778835675242437
0.0004649820600914594
7.173582147097449e-05
0.00026835894078121693
0.0005688621503853115
0.00013629700031645778
0.0005688621503853115
0.00037223903107506896
0.00015936648474612324
0.0027960871422496496
0.0001423345230565299
0.00038336167946734895
0.0002300198902574457
1.687126859938275e-05
0.0006531678641410843
0.00022451956922031388
1.9385453931672332e-05
3.707905239609991e-05
0.00011857130306413537
0.0002668338152491772
0.00022463481110893924
0.0001989579473946694
0.00010788429372174423
3.7079884976441055e-05
0.00020281790101113614
0.0001771050092022978
0.00010919637716926058
0.00027455372248211057
0.0004166805687750309
0.0005688621503853115
0.00021544405972606903
0.00018994582347604867
0.0003848651897900019
6.371381898730273e-05
0.0002668338152491772
0.0005688621503853115
0.0005688621503853115
0.0005688621503853115
0.00015885503608009096
6.416732457151621e-05
6.882618472854437e-05
0.0001050402978934747
0.001083305909392822
0.002275448601541246
0.00027238319632095413
0.00028559848923486917
0.001137724300770623
0.0001521815816102806
0.0005033211106152306
0.00043778007084514976
0.0005224497061246767
0.0017065864511559344
0.0007444780621501379
7.272594290592347e-05
8.324296436783399e-05
0.00016714256840964046
8.897536992462675e-05
0.0005688621503853115
0.0005688621503853115
0.0001423345230565299
0.00035113952900495
0.0005688621503853115
0.0005688621503853115
0.00037313694798486567
0.0002809850994961498
0.001137724300770623
0.00012924603146650018
6.882618472854437e-05
0.00011539265978734711
8.897536992462675e-05
5.1427585382805035e-05
7.889480827582006e-05
0.00016850310602710213
0.00036343679788203434
0.0005688621503853115
0.0009299641201829188
0.001137724300770623
0.00010788429372174423
0.0017065864511559344
0.0002765863653162485
4.091056392089451e-05
0.00010574331773458043
0.00013727686124105528
0.00022742916016824308
0.00017128435750466122
0.00027238319632095413
0.0001771050092022978
8.104389471742559e-05
0.00035113952900495
3.5052780578150506e-05
0.00014053962349541365
0.00016850310602710213
0.00028559848923486917
0.00020281790101113614
5.1031124705333726e-05
0.000319354811072926
0.00023824731479247724
0.0001252683123838693
0.00040173645838938464
0.00019344828807292539
0.0005033211106152306
0.00012186052977058908
8.15888860420074e-05
0.0003263314836518394
0.000127019394520907
0.00012880351788586923
0.00039944102032137853
0.00015334178920990327
9.763357303185246e-05
2.4594537754168606e-05
0.005688621503853114
0.0017065864511559344
0.00038689657614585077
0.0017065864511559344
0.00022742916016824308
0.0005688621503853115
4.985162001726631e-05
0.00011696862515288586
0.002275448601541246
9.814675827607491e-05
0.0003611019697976073
0.0005688621503853115
0.001137724300770623
0.000638648300039842
0.00043778007084514976
0.0005688621503853115
4.5275449618941304e-05
0.0003848651897900019
5.673880657704615e-05
0.00011617735917093633
0.0005711969784697383
0.0004600397805148914
9.959673835285732e-05
0.00043778007084514976
0.0005688621503853115
4.510399929833773e-05
0.0005688621503853115
9.737329516882344e-05
0.00018171839894101717
0.00010434246643795296
0.0004220906510923353
0.0005688621503853115
0.00019344828807292539
0.0002765863653162485
5.507258314388144e-05
0.00015103543747956922
0.0005033211106152306
0.0005688621503853115
0.0005033211106152306
0.0005033211106152306
0.0004649820600914594
0.0001002602900798343
5.590202471731173e-05
5.063631940085552e-05
3.080604085800063e-05
0.00016714256840964046
0.0005808971285725697
0.00011516611960443057
0.0003263314836518394
0.00034212740508632924
0.0005033211106152306
0.00039944102032137853
0.0005688621503853115
0.0005730720945405913
0.0015099633318456918
0.00026835894078121693
0.0005688621503853115
0.0005033211106152306
0.0005033211106152306
0.00025378311024984023
0.0005688621503853115
0.001137724300770623
0.00010645160369097533
7.836508289567653e-05
1.995335793940762e-05
0.0004649820600914594
0.0004649820600914594
0.0005033211106152306
0.0001324760467966673
0.00037223903107506896
0.0005447663926419083
5.73083276831419e-05
0.00012880351788586923
0.000553172730632497
0.00014027888268360554
0.00031135323458866045
0.000319324150019921
0.00018492398501127763
0.00019524940411167784
0.0004166805687750309
0.00030669799130498816
0.0010717075992442606
0.00012440478370596788
0.00026079044388175866
7.272594290592347e-05
0.00022742916016824308
7.423084044921326e-05
7.942751804004548e-05
0.00012440478370596788
3.241691002260575e-05
0.000319324150019921
0.001137724300770623
0.0004166805687750309
0.0005688621503853115
0.002275448601541246
0.0003606590635883413
0.0005688621503853115
0.0005688621503853115
0.00020281790101113614
0.0005688621503853115
0.0009299641201829188
0.0001423345230565299
0.00023268360817972126
3.453770848048531e-05
2.4594537754168606e-05
0.00012440478370596788
6.326247811578842e-05
4.753585366721516e-05
0.00027238319632095413
8.436198018590739e-05
0.00013926758178097904
0.0004649820600914594
0.0005688621503853115
6.646806418604889e-05
0.00018015545867819909
0.00017861793320737677
0.0005033211106152306
0.0003848651897900019
0.0004649820600914594
0.00016988350620803376
0.001137724300770623
0.0007697303795800038
0.001137724300770623
0.00013669966484216364
0.00011431998187919559
0.00043778007084514976
0.0005033211106152306
0.00028559848923486917
0.0013133402125354494
0.00014443584804590086
0.00036031091735639817
0.0001507294671096454
0.00023714260612827073
0.0003848651897900019
7.783830864716511e-05
6.416732457151621e-05
0.00023824731479247724
3.339677094720328e-05
0.0003611019697976073
0.0008429552984884495
0.0001989579473946694
0.0002572218795037553
5.843491901472345e-05
0.00044303422957293773
1.4691212770283346e-05
0.00011081648938902211
4.978799095245287e-05
0.0003611019697976073
0.00011516611960443057
0.00023268360817972126
0.0004166805687750309
0.00017561591176482654
0.000319324150019921
0.0004166805687750309
0.00033389998055129773
8.213703675423175e-05
7.836508289567653e-05
3.4055698582776504e-05
0.0001521815816102806
0.0003611019697976073
0.00024880956741193575
0.0005688621503853115
0.0002522795999271873
0.0007022790580099
0.0003263314836518394
0.00020684215655087333
0.00034212740508632924
0.00013826698267600427
0.00034212740508632924
0.0002249075245162041
0.00013154445568426253
0.00024709813974878206
0.00030669799130498816
0.000270654378849223
1.9102775894380633e-05
0.0001071652352523156
0.001137724300770623
0.001137724300770623
0.0001882420704797594
0.00020892038818732674
5.886374393588705e-05
0.00039944102032137853
0.00039944102032137853
7.836508289567653e-05
0.0002809850994961498
0.00010227935041707825
3.112602672361692e-05
4.3797986230460546e-05
0.0004649820600914594
2.1677826399258984e-05
0.00039944102032137853
0.0004166805687750309
0.00014248924350618842
0.00017561591176482654
0.000129708364341597
0.0003542100184045956
4.1624195482234797e-05
0.00039944102032137853
0.0004166805687750309
8.182112784178902e-05
0.00037223903107506896
2.674186311667774e-05
0.0005033211106152306
0.001137724300770623
3.914969863821679e-05
0.00026079044388175866
5.063631940085552e-05
0.00024415897297745757
0.0005688621503853115
0.00029044856428628486
0.00024725943871109794
0.0005688621503853115
0.0008333611375500617
0.0005688621503853115
0.0005033211106152306
0.0004649820600914594
0.00039944102032137853
0.0005688621503853115
0.00011231740555446962
0.00011696862515288586
0.00013629700031645778
0.00029556093002752656
0.0005688621503853115
9.634708062808145e-05
0.00026079044388175866
4.639889728689252e-05
0.0005688621503853115
7.783830864716511e-05
0.00014337934841724594
0.00016317461280193328
0.0002644989871647502
0.0004166805687750309
0.00016100405313888136
0.00016188812039816226
0.00011307689343729597
0.0001324760467966673
0.00012270103070967858
0.00012354906987439103
5.886374393588705e-05
0.00015813044449101973
0.00016188812039816226
0.00017561591176482654
0.0003009655857481954
0.0005688621503853115
0.000319324150019921
0.0005688621503853115
4.343219957293351e-05
0.00039944102032137853
8.050202656944068e-05
9.828344317107783e-05
0.00023268360817972126
0.0005688621503853115
3.606048886947882e-05
0.0003009655857481954
0.0004649820600914594
0.00014337934841724594
0.0003263314836518394
0.0003848651897900019
0.00015103543747956922
0.0003128004784811788
6.281328138951508e-05
0.0005688621503853115
0.00016061889687089817
0.00043778007084514976
0.00011938294524119679
0.00016988350620803376
0.0003611019697976073
0.00025378311024984023
1.8820940415826577e-05
0.00012270103070967858
0.0005688621503853115
0.00011081648938902211
8.380081691836751e-05
2.2551999649168864e-05
0.00026835894078121693
0.00010296206625702132
0.00014337934841724594
0.0007417783161332938
0.00044303422957293773
0.00013436722449862518
9.962440792657336e-06
0.00014878400413791481
0.00023542454597811458
0.0001324760467966673
2.46237261270045e-05
2.7355863540724795e-05
9.634708062808145e-05
0.00022005744946478837
0.0005688621503853115
0.0003263314836518394
0.0001334169076245886
0.0005688621503853115
0.0004649820600914594
0.0003263314836518394
4.602292966213616e-05
0.00011858904501616247
0.0001334169076245886
0.00027238319632095413
0.00013249558026678053
0.0001465849344875064
0.0004649820600914594
9.129690204394407e-05
0.00029556093002752656
3.2742403400997034e-05
0.00018171839894101717
0.00018994582347604867
0.00030669799130498816
0.0003263314836518394
0.0003848651897900019
0.00034212740508632924
0.00010364974734668597
0.00014130111678079254
0.00019524940411167784
0.0003611019697976073
0.0002572218795037553
0.0003848651897900019
0.0004166805687750309
0.0002224513933579874
0.00043778007084514976
0.0002765863653162485
0.00035113952900495
0.00023542454597811458
0.00035113952900495
0.00026835894078121693
2.3434330154545944e-05
5.2627039940779284e-05
0.0005688621503853115
0.00039944102032137853
0.00015451640969470757
0.0005033211106152306
7.423084044921326e-05
0.0005033211106152306
0.00023824731479247724
0.00013926758178097904
0.00028559848923486917
0.00019524940411167784
0.0005688621503853115
0.0005688621503853115
0.00011081648938902211
0.0005688621503853115
0.00034212740508632924
0.001137724300770623
0.00012020161471067358
4.639889728689252e-05
0.0005688621503853115
0.0003848651897900019
0.0005688621503853115
0.0005688621503853115
0.0005688621503853115
0.00011384253108650939
0.00017414990204155887
0.00017128435750466122
7.272594290592347e-05
0.0005033211106152306
0.0005688621503853115
0.0005033211106152306
5.466057494059276e-05
5.7583059802215284e-05
0.00011081648938902211
0.00018015545867819909
0.00024115695153490734
0.0002572218795037553
0.0002300198902574457
0.0001002602900798343
0.0002249075245162041
6.192123955606309e-05
0.00030669799130498816
0.00020684215655087333
0.0005033211106152306
0.0004649820600914594
0.0004166805687750309
0.00019524940411167784
0.00016061889687089817
0.00016317461280193328
0.00033389998055129773
0.000319324150019921
0.00043778007084514976
0.00020086822919469232
0.00020684215655087333
9.07651217745486e-05
0.00016317461280193328
0.00026079044388175866
0.00018656847399243283
0.00020281790101113614
0.0005033211106152306
0.0004166805687750309
0.00016580132984991513
8.436198018590739e-05
0.00018015545867819909