8.621514227803518e-05
0.00027174325904127505
0.0001220835681606234
0.00015640128189774492
0.015047778151053934
0.00546270508574418
0.0012609109204790826
0.0005625447676075314
0.017798916102380456
0.010144130500531838
0.0011765396670176656
0.006323159612619469
9.966692144171181e-05
0.0004330987321864193
0.009961192337112802
0.008813520791938064
0.0006528533919954122
0.0005370744832695884
0.0002749206563290794
0.0003908166238454766
0.000667648152474936
0.0004781502505733629
0.0005295361892608818
0.00012065170195959541
0.008479340439664338
2.97130604649221e-05
0.00010098231649665265
0.0001583482297211893
9.207701741877383e-05
0.0006215688342959382
0.0008046183193517478
0.00026426874624374145
0.00013687251909538946
0.0004316362868749477
0.0001050052108941166
9.92627393992386e-05
0.0014042536707760307
0.0001120078962408736
0.00037464248727530497
0.00011875687523473462
0.0001541458457310924
0.0018255024093827854
0.0003256676639527395
0.00011121258333192856
0.0002724936956931541
0.00023358436134263954
7.957721463563312e-05
0.0017404301256821934
0.0013687450981970735
5.633552460843932e-05
0.00022906786015208905
0.00012357617473831371
6.31510229752056e-05
0.00010367941646170951
0.003617475184321243
0.00030465643083818126
0.0012551452513083507
0.00030096682549460253
0.00030902849953172776
0.0003521647682075733
0.001441162843998664
0.0005202995366911926
0.0002824060999717594
0.00025593773720325523
0.0003612855143293063
0.0009109199981472666
0.00014426987428596953
7.161545799237964e-05
0.0022168752160966502
0.00028386440269426486
0.00017731193465689285
0.0048209587979970705
0.0022625591633868513
0.0028343894045603666
0.0004424945492739652
0.0008283851008424159
0.00019432661403870528
0.007472691420752295
0.00508596680396872
0.0006414815314345186
0.00794976958923604
0.0007634177772362895
0.0002051096107165359
0.00027023635306180693
0.0005306625884954989
0.00029334209068483506
0.0003316641178096868
0.00010612946630255211
0.0007391311781068836
0.0004301188974869586
8.012720671181559e-05
6.286175508907867e-05
0.0001172556959769908
0.00021560864265621798
0.00017196751511771495
0.0001439418298329747
0.00024141398894772547
0.0001120078962408736
0.00017665292582634036
6.018360215721473e-05
0.0012007775962064227
0.00039779657601868724
0.00041626943030589436
7.433267806339836e-05
0.00014749818309132173
0.00020851423769159848
5.202995366911926e-05
2.9865705554150243e-05
0.0003689330495226964
0.00012781893259274205
0.00012111988766583381
0.00023419109676368406
8.660527922459803e-05
0.000339392475839405
0.00016682012038417795
0.0006528533919954122
6.516995598555976e-05
0.00111026563693681
0.0007378660990453928
8.471429426921254e-05
0.0003689330495226964
1.7783133240551193e-05
7.975339727823808e-06
0.00019518990897224816
0.00013282773210731685
0.0005852103376207443
0.00019518990897224816
2.7018043502095892e-05
0.0003264266959977061
0.0002217880647724826
0.00010928194944683425
0.00029386010915433277
0.0003754688771960628
5.639175649595421e-05
0.00030902849953172776
0.006031241462863804
0.0006497519677044786
3.8455202185769155e-05
0.00020166476541795905
0.00033775525982638623
9.298804677780438e-05
0.0015912610833818818
0.0005181114392363998
8.663731655493062e-05
9.57040767338857e-05
0.0022849868719839427
2.8583764580871824e-05
0.0002150594487434793
8.323087313102908e-05
0.00042357147134606274
0.00038978114682725485
0.0016495239379744765
0.0008782202640260695
0.0013057067839908243
9.721894530610758e-05
0.00024960262873559427
0.00021624139818870216
0.00014286832780561847
5.32696144891537e-05
0.00021739460723302004
2.5981583767379408e-05
0.0001929864250227175
0.00026228844899682004
4.502068242651654e-05
0.0003639090133667328
0.0008990454869743861
0.00010839957874971458
0.0011067991485680891
0.00013972529883109786
0.0025825313466588747
0.00019890763542273522
7.043780067959597e-05
0.0001399357698570944
0.00020166476541795905
0.00010317763314441937
0.0002618270229112429
0.00018376457614793817
0.0004736959387809412
9.67279951737973e-06
0.00021074127082463918
3.001378828434436e-05
1.3979212130581197e-05
0.0008288094771806293
0.00017404301256821933
5.776444264554812e-05
0.0007807596358889926
0.004579358434244066
0.00024664930678568436
0.00024829008094180255
0.000541000675351689
4.3410404867708525e-05
0.00020437027176986556
0.0002463770593689612
0.00020437027176986556
0.00024868826394855914
0.006489668347125451
0.00020329332151360765
6.878508876294624e-05
6.459302728814934e-05
0.00017196751511771495
7.024709027487974e-05
0.001948541301807091
0.00028732790404243193
4.4985711725665346e-05
0.0001569836219664679
0.00015171897637029222
0.00019590673943622184
0.00017937887262037974
0.00026307331808645817
0.00016745265991492342
9.298804677780438e-05
7.579542023005502e-05
7.585948818514611e-05
0.00018376457614793817
0.00010096338650562819
6.26772674063288e-05
6.858071894123852e-05
8.323087313102908e-05
0.00010983865285674631
0.00017841174437867866
0.0002556803054230926
0.00010617470970119979
0.0001303399119711195
0.0005556709380354791
8.20572047404169e-05
0.0005030868328645086
4.571240071526477e-05
0.00012841867662828442
0.0001220835681606234
0.00023702866894395586
2.1659329138732654e-05
0.00029220606334067725
0.00022318459930683728
0.00027724138457352896
6.937327155882568e-05
0.0004980407635338332
0.0003336402407683559
4.6523951993248496e-05
4.765294007389415e-05
0.00013851151693913997
0.00020192677301125638
7.089975168092136e-05
3.548305033678311e-05
0.0008950422960420463
0.0001575078163411749
0.0003903798179444963
9.436616557039916e-05
0.00025092007543601986
0.00017806061103647753
0.0001412030499858797
0.0003360236887226208
0.0005892633481616011
0.0006232121386276713
0.00021654936609320964
0.0010362228784727995
7.043780067959597e-05
0.00023986327680225873
5.32696144891537e-05
0.00032951148208671327
0.0005544646388793477
0.002033216664670684
0.00032258917311521896
0.000649648098279629
0.0001730538991018739
0.00021164085066547567
0.0005967229062682056
3.995824503270175e-05
0.0002454222400025921
0.00044377045229074003
0.00024141398894772547
0.00015820568881408205
4.129721060282034e-05
0.0004491597786460606
0.00015915442927126624
0.0002610461790690773
0.00015069263221465987
0.0006180569990634555
0.00037719395417681184
0.00010869730361651002
6.689530989568679e-05
0.0003015620731431902
9.928803548641534e-05
0.0005377727077812242
8.903030551823877e-05
0.0001161781226770076
0.0003689330495226964
0.00014561118065926316
0.0001302722079484922
0.00011172578861842275
4.342678067950153e-05
0.0007849181098323395
0.0026446899511003035
7.637699088020477e-05
0.0004953743810786999
0.0002839203424727158
0.00019508962384823836
0.0003689330495226964
0.0002816776230421966
4.305304385665368e-05
6.374129546523024e-05
0.0002217880647724826
0.00013828232153913425
0.0004853848479370736
6.857936435398587e-05
6.0048451833277666e-05
0.00010050488226599211
0.0004163611648010503
0.0001231885296844806
0.0001696962379197025
9.366984204216741e-05
5.619034293589913e-05
0.0004683821935273681
0.00024713361156503496
0.0001070172627925146
8.531257906775174e-05
8.180741333419737e-05
0.00040243971690405027
0.0001516830330751891
0.00013807744020125662
7.795622936545097e-05
0.0001862175607063519
0.00011785266963232022
0.00012497095208268232
0.00023826470036947075
2.483076894481923e-05
0.0001531084043914434
0.0009689591013266705
0.0009418451382332714
0.0002150594487434793
0.0002358304545092534
0.0002185638988936685
0.00011646596401317322
5.9257167235988965e-05
7.161545799237964e-05
0.00037620853186825316
0.0004191758964932936
0.000895070338282221
8.652694955093695e-05
0.00037991895024171
0.0003118249174618039
0.00027023635306180693
6.07929276474609e-05
0.0007956305416909409
0.000298356779427407
0.0005841951579419433
7.016061509920202e-05
0.00022012472145323082
0.00048282797789545094
0.0002336780631767773
6.194510709043367e-05
0.0003689330495226964
5.656541263990083e-05
0.00013584035204355243
6.374129546523024e-05
0.0010599175549580423
0.00025092007543601986
0.00012546003771800993
7.753385062863351e-05
0.00023626172451176233
0.00015913162269204042
0.00013414657230135008
0.0007534765635509214
0.00013282773210731685
0.00013900949179439898
6.057658589918519e-05
9.649321251135876e-05
0.000298356779427407
7.305151583516931e-05
0.0001231885296844806
0.00015370242238978949
0.00013414657230135008
0.0005004603611525339
6.12548587159794e-05
4.191097306732811e-05
0.0019890202697470023
0.0002392291019801282
0.00030181186454940974
0.00015069263221465987
0.0010819130191139488
0.000641436092629242
8.808958208124715e-05
5.168877781493945e-05
0.00014866535612679673
0.00027023635306180693
0.00024141398894772547
0.00013687251909538946
0.0005648121999435188
0.0004518985265918922
0.00023860613304119965
7.685121119489474e-05
0.00018297543639077813
8.416798798909605e-05
0.0008069427630608583
0.00018522364601182635
0.00014234728934943395
0.00037491285624804694
8.800645712471014e-05
0.00018836914088773035
0.0006996788492854719
0.00010599633493020288
9.981274946140232e-05
0.00010441847162763091
0.00014502005056572312
0.00015611027633134381
8.903030551823877e-05
0.00019739339292177883
1.2572351017815733e-05
0.00017404301256821933
0.00023422090473877995
0.0007378660990453928
0.0007378660990453928
0.0005678406849454315
0.001135681369890863
0.0005678406849454315
0.0007378660990453928
0.0006031241462863804
0.00048282797789545094
0.0006031241462863804
0.0006528533919954122
0.0006528533919954122
0.0010362228784727995
0.0002839203424727158
0.0007378660990453928
0.000621288825631812
0.0004554599990736333
0.0010442580754093161
4.8142085594921844e-05
0.00012134199200408812
5.921020489802812e-05
0.00019055843053914547
0.0007378660990453928
0.0003258497799277988
0.00035717081951404617
0.0004683821935273681
0.0006031241462863804
0.0008107090591854208
0.00032951148208671327
0.0007378660990453928
0.000998410514942377
0.000998410514942377
0.0008465634026619027
0.00036446330471217626
0.0007378660990453928
7.066422328680192e-05
0.0001002109389618458
2.984796892660144e-05
0.00015652933368368285
0.00028282706319950415
0.00020709627521060396
0.00022772999953681665
0.00015919419945382816
0.0007670409162692778
0.0005181114392363998
0.00044377045229074003
0.0007378660990453928
0.0003833694864773876
0.0005404727061236139
0.00016361482666839473
0.0010809454122472277
0.0006528533919954122
0.00018873233114079832
7.637699088020477e-05
0.00012582247436143516
7.029529557455275e-05
0.00015787888477458644
0.00012922308438105586
2.1689137113828543e-05
1.8951900752032216e-05
8.09855675726791e-05
0.00039779657601868724
0.00025414288280763765
0.0002794505976621957
0.0005651074226631911
0.00046920384569323475
0.0005161332123037089
0.00019767967567417286
0.00036625070448187023
7.313000168641105e-05
1.8545782013192666e-05
0.00016025441342363119
0.0007066117033053614
0.00041419255042120793
0.00013900308543176663
3.8455202185769155e-05
8.068217615949033e-05
5.3449167368820784e-05
0.00014569430060706304
0.0001002838977267865
0.00021654936609320964
0.0003364871603620193
7.849181098323395e-05
0.00016088156438615435
5.586289430921138e-05
0.0002824060999717594
8.610608771330737e-05
0.0003227287046379613
0.00017895459978089975
0.0007378660990453928
0.0006528533919954122
0.000343079313201835
0.0009792800879931181
8.353495589519873e-05
0.00017404301256821933
0.00025864542683410555
5.732250503923832e-05
0.00024087007131408484
0.00027605424522311945
0.004471315209992223
7.534631610732993e-05
0.00043714741499470004
0.00013549440030279466
0.0001002838977267865
0.0001583482297211893
0.0001225097174319588
0.00019507011254024808
0.00015611027633134381
0.0008268514707019984
0.0002426924239685368
0.0007378660990453928
0.0016321334799885303
0.0007771671588545997
0.00042328170133095134
0.0007378660990453928
0.0005678406849454315
0.00018597609355560876
0.0006528533919954122
0.0003264266959977061
0.00013652414258570982
2.3826470036947077e-05
0.0014008316557265444
0.00011785266963232022
7.637699088020477e-05
4.546665382531637e-05
0.00016458992168561371
0.00019566166710460357
5.32696144891537e-05
0.0011386499976840832
0.00019518990897224816
0.00019507011254024808
0.0001259026621088407
9.029370525388811e-06
0.00013414657230135008
0.0002765646430782685
0.0013057067839908243
0.0007378660990453928
0.00012497095208268232
0.0026114135679816486
0.0006528533919954122
0.0005404727061236139
0.0006528533919954122
0.0007378660990453928
0.0005441486072977077
0.00013687251909538946
0.00035694287423882176
0.00405826354474966
0.0016321334799885303
0.0018446652476134817
0.0011067991485680891
0.00066565567843611
0.0007787425459584326
0.00013298395099266966
0.0007378660990453928
0.0006528533919954122
0.0003508557778299742
0.0006528533919954122
0.00015460671634211345
0.00010416868022141138
0.00012221183341797916
0.00016361482666839473
0.0003833694864773876
0.0014757321980907855
0.0004057307533646016
0.0005181114392363998
0.0004992052574711885
0.00044515152759119384
0.0009792800879931181
3.679770384190525e-05
0.0003264266959977061
6.633282356193736e-05
0.00024141398894772547
5.921020489802812e-05
0.00021679915749942916
0.0001659073683860393
0.0012687363225150352
0.0002463770593689612
4.58884674935766e-05
0.00016682012038417795
0.00017553170884700384
0.00011773064227915892
0.00022772999953681665
0.00016088156438615435
0.00011017720192226759
6.621831074458457e-05
0.0001248463096965436
0.00043263474775468477
5.1859812045408874e-05
0.00015640128189774492
0.000159832980130807
7.186954755207267e-05
0.0001641144094808338
0.0007378660990453928
0.0011709554838184204
3.995824503270175e-05
5.563734603957799e-05
0.0006528533919954122
0.00023419109676368406
0.0003689330495226964
0.0014757321980907855
0.00014667104534241753
0.0006528533919954122
0.0007378660990453928
0.00030902849953172776
0.0007378660990453928
0.0009792800879931181
3.789771011502751e-05
0.0003587577452407595
0.0001916847432386938
9.721894530610758e-05
5.1689233752422345e-05
0.0001241906761787409
0.0006528533919954122
0.0001583482297211893
0.0006972570689473665
0.00042328170133095134
0.00039799694137162417
0.00014130653561013944
4.4850114648770315e-05
0.00012903330307592723
4.105196823272652e-05
0.00016039083812582837
0.00021164085066547567
0.00024960262873559427
0.00014372648502004873
0.00017553170884700384
0.00011486067597658201
0.00010821598455740921
0.00016217774042679881
0.0003006328168855374
0.0001939677541883112
0.00029499636618264346
8.180741333419737e-05
0.00014372648502004873
0.0004191758964932936
0.000621288825631812
0.0006085961300469024
0.0001231885296844806
0.0002338686880963529
2.0186647944305634e-05
0.00013282773210731685
0.00020478621387856475
0.0002240157924817472
0.000998410514942377
4.617050564637999e-05
0.0006672804815367118
0.00013153665904322908
0.001998042094815705
0.0001832804375527196
0.00010839957874971458
0.00021560864265621798
0.00033858767868142785
2.8927969572151755e-05
4.4947420299088185e-05
0.0007378660990453928
0.0001867262028181127
8.531257906775174e-05
0.00013023121460312557
0.0007807596358889926
3.7497010381978226e-05
3.182632453840808e-05
0.00032951148208671327
0.00010371962409081775
0.00022772999953681665
4.132131751040405e-05
0.0002003267877655319
0.00010233376289490018
5.0481693252814096e-05
0.00013992239253412446
0.0001334125386406233
7.579542023005502e-05
6.69044041420045e-05
2.516449487228703e-05
0.0003927405343668644
0.00031280256379548983
8.471429426921254e-05
0.0001220835681606234
0.00013972529883109786
0.00025092007543601986
0.0001785476794454698
0.00010839957874971458
0.0002392291019801282
7.747172073288074e-05
0.00040705408304391697
6.633282356193736e-05
4.1613712535773564e-05
5.032898974457406e-05
0.0006878834787746711
4.58884674935766e-05
0.0003870999092277817
5.4712591781117295e-05
9.851988774701896e-05
0.00039781527084547044
5.694279047968152e-05
2.8643142246320388e-05
0.0001715396566009175
0.00010098231649665265
0.0005986992221443494
0.0002291309726406143
0.0005770794971438781
2.607301082899558e-05
0.0001458627873627401
9.577596801414399e-05
8.09855675726791e-05
8.180741333419737e-05
0.00015874234125569332
0.00016243799192611964
5.4712591781117295e-05
0.00012005515313737744
0.00018597609355560876
3.271793522917835e-05
0.0003332571536369284
0.00015640128189774492
9.506701554661352e-05
0.00013091351145562145
0.000115409170873711
0.00015350064434235027
0.0003166964594423786
0.0002019646329933053
7.974303399337607e-05
0.0001785476794454698
7.957721463563312e-05
8.382194613465623e-05
4.4020596025946665e-05
8.325388606117888e-05
0.00022588830840917254
0.00021164085066547567
0.00010164666075680383
0.0003689330495226964
0.0003264266959977061
0.00024960262873559427
0.00011108571787897614
0.0005967229062682056
4.674812344054058e-05
0.0003789061378512336
0.0009390260061094505
0.00010869730361651002
0.00023419109676368406
0.0003336402407683559
7.016061509920202e-05
0.000343079313201835
0.00016243799192611964
0.0001886643636074027
3.8175822634500036e-05
0.00022772999953681665
8.295368419301965e-05
3.8175822634500036e-05
3.2078167625165674e-05
0.0001715396566009175
0.0004551569291108767
0.0008472182999152782
3.8111686107829095e-05
0.00010928194944683425
9.093330765063274e-05
1.1428100178816192e-05
8.714327338635773e-05
0.00016475574104335663
0.00020217554925941843
0.0002993496110721747
7.343592356047779e-05
0.0002556378651854841
0.0003264266959977061
0.0003382689942809708
0.0007378660990453928
0.0011067991485680891
8.664666396832219e-05
0.00015090593227470487
0.00010083402035143953
0.00017665292582634036
0.0001849869800892633
6.459302728814934e-05
0.00019518990897224816
0.000180145355499833
6.878508876294624e-05
0.00016025441342363119
0.00013549440030279466
9.506701554661352e-05
0.00019890763542273522
0.0004992052574711885
0.00013414657230135008
0.00012620682801692626
0.0002004218779236916
0.00010098231649665265
9.298804677780438e-05
0.0001220835681606234
9.506701554661352e-05
0.00018836914088773035
8.839482101856687e-05
0.0002556378651854841
0.00028853974857193906
5.814987504180688e-05
0.00019590673943622184
0.0001220835681606234
7.599115955932613e-05
0.0001598088434674611
0.00011108571787897614
0.00013972529883109786
0.0001291860545762987
0.00023546128455831784
0.0001916847432386938
9.23104298783736e-05
0.00016682012038417795
0.0003015620731431902
0.0003015620731431902
0.00016942858853842509
0.00010667203618871322
3.361134011714651e-05
2.9865705554150243e-05
0.00022188522614537002
0.000343079313201835
8.903030551823877e-05
0.00014667104534241753
0.00017428654677271546
5.8698500131381065e-05
0.0002917255747254802
0.0003689330495226964
0.00021110297387257087
0.00017937887262037974
8.531257906775174e-05
3.465517307169112e-05
0.00019650529904603547
6.98378627022976e-05
0.00011785266963232022
0.00022188522614537002
0.00016458992168561371
0.00021654936609320964
0.0002765646430782685
0.00013153665904322908
5.2914113751897775e-05
4.331865827746531e-05
0.00018951900752032215
0.0002824060999717594
0.0002185638988936685
0.0002770993755477141
3.0336606615037823e-05
0.00024960262873559427
0.00041419255042120793
0.0004335983149988583
0.0003689330495226964
0.0001458627873627401
0.00018836914088773035
0.00010795637237473103
0.00024960262873559427
0.00013282773210731685
4.9133865251369534e-05
0.00013266564712387471
0.0002481491308832248
0.0001659073683860393
0.00024960262873559427
5.9316891020554843e-05
0.0003689330495226964
5.965153326029991e-05
6.0673213230075645e-05
8.237787052167832e-05
7.747172073288074e-05
0.0007378660990453928
6.248547604134116e-05
0.00018836914088773035
0.0002377666888103901
8.967244442684096e-05
0.00021164085066547567
0.00016458992168561371
7.28429601400281e-05
0.00010797371797273695
9.09772533416832e-05
0.00012099816450822423
0.0001283313653274459
0.00024141398894772547
8.074659177722254e-05
0.0001691344971404854
8.124221389143064e-05
4.716609090185068e-05
6.04479562132359e-05
0.00014716691247342522
0.0004730459581946091
0.00018134386863970768
0.00021164085066547567
0.0004800555504779011
9.032137858232657e-05
0.0005146189698027525
0.00027096413574697974
0.00013828232153913425
0.00020709627521060396
0.00017937887262037974
0.00013671953347524037
0.0003183088585425325
0.0003097011395045563
0.00010638762338305658
0.0001231885296844806
0.0001231885296844806
0.00016824358018100965
0.0001793448888536819
0.00010176352076097924
0.0002051096107165359
9.23104298783736e-05
8.531257906775174e-05
0.00015268355544725788
8.776585442350192e-05
0.00018836914088773035
0.00022188522614537002
4.432798366422321e-05
0.0002028653766823008
0.00015090593227470487
9.649321251135876e-05
0.0003689330495226964
0.00014271729248683607
0.00012546003771800993
2.816776230421966e-05
8.865596732844643e-05
0.0002794505976621957
7.524170637365063e-05
9.577596801414399e-05
0.00010416868022141138
0.0001458627873627401
0.0002839203424727158
0.00012580246313797215
7.908918802740646e-05
3.71670642542602e-05
0.00025092007543601986
0.00010928194944683425
0.0005013049560758814
0.0002263173447013738
0.00018522364601182635
8.920587218933933e-05
4.9804076353383325e-05
0.0002715570053910699
0.00014426987428596953
5.2209235813815456e-05
0.0007378660990453928
0.0005181114392363998
4.781502505733629e-05
0.00010752972437173965
4.1613712535773564e-05
8.742948299894002e-05
0.0004475351691411105
0.00011785266963232022
0.0001583482297211893
0.0001033564338377498
0.0001033564338377498
0.00016458992168561371
0.00015090593227470487
9.298804677780438e-05
2.2086673763159063e-05
0.00012009690366655533
8.989484059817637e-05
8.591675839269879e-05
5.0823330378401914e-05
0.00041767477947599366
0.00027068339358910924
7.524170637365063e-05
0.00029237981485831185
0.00029237981485831185
3.826869099692839e-05
8.180741333419737e-05
0.00068615862640367
0.0005458635200500992
7.147941011084123e-05
8.068217615949033e-05
0.00020709627521060396
0.00021164085066547567
0.0003264266959977061
2.6622399559968377e-05
0.00015090593227470487
0.00011078415666842955
0.00012221183341797916
8.295368419301965e-05
0.0004480315849634944
6.459302728814934e-05
0.00010839957874971458
5.032898974457406e-05
0.0001420249581731893
0.0003689330495226964
9.16402187763598e-05
0.00013004674169349873
6.950154271588331e-05
1.1929092583405239e-05
0.00028853974857193906
0.0009158716868488132
0.00010416868022141138
0.000994538177113676
0.0002306966937193902
0.0006085961300469024
0.00032258917311521896
0.0002336780631767773
0.0011067991485680891
0.00011993163840112937
8.26426350208081e-05
0.00011389492837275464
0.0001583482297211893
8.012720671181559e-05
0.00010499182956633144
3.3870637355214476e-05
0.0001474015957541086
7.534631610732993e-05
4.6523951993248496e-05
0.00014344507517200888
0.0008517610274181473
0.00014271729248683607
7.68988979064634e-05
3.3870637355214476e-05
0.00017196272190736562
0.002031055347285766
0.0006774720015139733
0.00013298395099266966
7.433267806339836e-05
0.00022188522614537002
0.0002590557196181999
0.0007972644986092824
9.298804677780438e-05
0.00012099816450822423
5.4712591781117295e-05
0.000621288825631812
0.00012023728300994558
0.00017404301256821933
7.186954755207267e-05
7.903211144257493e-05
0.00013972529883109786
3.361134011714651e-05
6.248547604134116e-05
0.00025414288280763765
0.00014149827270555203
0.00018836914088773035
0.0005404727061236139
0.0003200161085661397
0.00042958379196349395
0.00036268773727941535
6.950154271588331e-05
0.00027023635306180693
0.0005833136718366455
7.747172073288074e-05
0.0008875409045814801
0.0006031241462863804
0.0006528533919954122
0.00018522364601182635
5.507870454280602e-05
0.0008107090591854208
0.0001916847432386938
0.00031450615784493036
0.00031280256379548983
7.186954755207267e-05
6.0048451833277666e-05
4.6523951993248496e-05
0.0010362228784727995
0.0003305316057668028
6.374129546523024e-05
0.0003597949152033881
0.0003767382817754607
0.0005678406849454315
0.0011386499976840832
0.0005967229062682056
0.0013417932026708566
0.0014976157724135657
0.0002336780631767773
4.631213762009086e-05
0.0017750818091629601
0.00018534598905919865
5.619034293589913e-05
0.00011785266963232022
0.0002839203424727158
0.00024141398894772547
7.28429601400281e-05
4.633649726479966e-05
0.0001458627873627401
0.00013807744020125662
0.0004330987321864193
7.903211144257493e-05
0.0001793448888536819
0.0001220835681606234
0.0004554599990736333
7.483740276804368e-05
0.00021164085066547567
0.0004755333776207802
3.361134011714651e-05
7.585948818514611e-05
9.032137858232657e-05
0.00013004674169349873
7.081883088653118e-05
0.0003695655890534418
0.0002590557196181999
0.0001832804375527196
0.00021164085066547567
0.0002765646430782685
0.0002794505976621957
0.0003264266959977061
0.00023570533926464045
5.32696144891537e-05
6.207252023545064e-05
0.00012431376685918764
8.237787052167832e-05
0.00021654936609320964
0.0003382689942809708
0.0002577502751780964
0.00013671953347524037
7.957721463563312e-05
0.00013828232153913425
0.00019890763542273522
0.00013153665904322908
0.00010752972437173965
0.0009046862194295706
0.00012546003771800993
0.00010233376289490018
9.869669646088941e-05
3.0091801078607366e-05
9.368836189551199e-05
8.967244442684096e-05
0.0003264266959977061
0.0007242419668431764
6.0048451833277666e-05
9.16402187763598e-05
2.6302258592934236e-05
0.00010512132404324647
0.0002028653766823008
9.721894530610758e-05
0.0032642669599770606
0.000161655246215267
2.4047456601989114e-05
9.497939919415173e-05
0.0007488078862067829
0.00018836914088773035
0.00022772999953681665
0.0010354813760530199
0.00010928194944683425
0.0018446652476134817
6.722158847265303e-05
7.71621779475707e-06
0.0003149754886989943
7.795622936545097e-05
0.0025825313466588747
4.4448454542744114e-05
3.9301059809207095e-05
0.00023570533926464045
0.002745628916091537
0.0003689330495226964
5.886532113957946e-05
0.00016883176297688906
0.00010752972437173965
0.00043571636693178866
4.9804076353383325e-05
0.0006031241462863804
0.00020352704152195848
0.00014766414721274716
9.577986585715409e-05
0.00016458992168561371
0.00011294415420458627
0.00013807744020125662
0.00011389492837275464
0.00018873233114079832
9.16402187763598e-05
6.950154271588331e-05
7.617109538774206e-05
6.677559592184396e-05
2.187262919877763e-05
0.0001231885296844806
8.295368419301965e-05
0.00024960262873559427
0.00024960262873559427
0.00010098231649665265
0.00010499182956633144
7.091134515962813e-05
0.0001491783897137035
7.016061509920202e-05
0.0003689330495226964
0.0001427771496955287
6.857936435398587e-05
0.00010928194944683425
0.00018223165235608813
7.849181098323395e-05
6.018360215721473e-05
0.0001566286004069164
0.00012748259093046049
0.00027023635306180693
0.0005047307405430289
6.085008031275952e-05
0.00024960262873559427
0.0001819545066833664
0.0006031241462863804
0.0003015620731431902
0.0011067991485680891
0.0002709888006055893
0.0001002109389618458
7.791353906756763e-05
8.295368419301965e-05
1.527119067680594e-05
2.9190891313572153e-05
0.0005057130864230922
8.967244442684096e-05
0.0001002109389618458
6.677559592184396e-05
7.805232252764415e-06
6.767084839727731e-05
7.617109538774206e-05
7.333552267120876e-05
0.0001161781226770076
3.283996258233965e-05
0.00017404301256821933
8.295368419301965e-05
3.49189313511488e-05
3.465517307169112e-05
9.09772533416832e-05
0.00014321571123160194
0.00013861615971983693
0.0014757321980907855
7.637699088020477e-05
0.00018836914088773035
0.0002839203424727158
9.506701554661352e-05
0.0014757321980907855
1.1599837591371905e-05
0.011067991485680889
0.0002590557196181999
0.0007378660990453928
5.0481693252814096e-05
5.2209235813815456e-05
0.0004839926580328969
0.00010617470970119979
8.591675839269879e-05
0.00010667203618871322
0.00021654936609320964
5.0481693252814096e-05
0.0011067991485680891
0.0011067991485680891
0.0007378660990453928
0.0009792800879931181
0.0013057067839908243
0.00012695182564623675
0.000621288825631812
0.0004992052574711885
0.0003015620731431902
0.00010582617856527529
0.001996821029884754
0.00027023635306180693
0.0003704472920236527
0.0006682796471615899
8.591675839269879e-05
0.00010416868022141138
0.00019890763542273522
9.649321251135876e-05
0.0003689330495226964
0.00018836914088773035
0.00023570533926464045
0.0003264266959977061
0.0015543343177091993
0.00024960262873559427
0.0007378660990453928
0.0003264266959977061
0.00014749818309132173
0.00010255480535826796
9.928803548641534e-05
0.0002370963343277248
0.00014182269031925626
0.0002839203424727158
0.00027023635306180693
0.00027023635306180693
0.0003264266959977061
7.383207360637358e-05
0.00044377045229074003
0.00015382080874307662
0.0002839203424727158
0.00011888334440519504
2.9122236131852634e-05
0.00010098231649665265
0.0006528533919954122
0.00021654936609320964
0.0003015620731431902
0.00017404301256821933
0.0002463770593689612
0.00017404301256821933
0.00013004674169349873
1.543243558951414e-05
0.0013057067839908243
0.00012781893259274205
0.0009792800879931181
0.0003908166238454766
0.0001916847432386938
0.0002839203424727158
0.00013687251909538946
5.151236802568892e-05
0.0005181114392363998
3.789771011502751e-05
0.0003689330495226964
0.00015451424976586388
0.00024960262873559427
0.001135681369890863
0.0007378660990453928
0.00024141398894772547
0.0001220835681606234
0.0003015620731431902
1.9979122516350875e-05
8.682080973541705e-05
0.00021654936609320964
0.0002839203424727158
0.0002028653766823008
0.00011294415420458627
0.0002590557196181999
5.32696144891537e-05
0.0002839203424727158
4.015874799223352e-05
0.0003689330495226964
0.00044377045229074003
0.00032519873624914375
0.0003689330495226964
8.012720671181559e-05
4.463691986136745e-05
0.0003689330495226964
0.0003689330495226964
0.00017665292582634036
5.116688144745009e-05
0.00015090593227470487
0.00013972529883109786
8.068217615949033e-05
0.00010238200236097547
6.857936435398587e-05
0.00011785266963232022
5.507870454280602e-05
5.3627188128718116e-05
0.0007378660990453928
2.960510244901406e-05
3.4131035646427456e-05
7.138857484776435e-05
0.00012903330307592723
7.138857484776435e-05
0.0002067128676754996
0.00405826354474966
9.298804677780438e-05
0.00021739460723302004
0.0001231885296844806
0.00015451424976586388
0.0003264266959977061
0.00012748259093046049
7.585948818514611e-05
0.0009792800879931181
0.00017665292582634036
0.0005004603611525339
6.290123156898607e-05
7.143416390280923e-05
0.00013687251909538946
8.379434146381707e-05
0.00024960262873559427
0.00018522364601182635
0.00017311375631056652
5.3064733151276057e-05
7.50344707108609e-05
0.00020709627521060396
6.265144016276655e-05
9.506701554661352e-05
6.774127471042895e-05
0.00020709627521060396
0.00024960262873559427
0.00010752972437173965
0.0001458627873627401
5.886532113957946e-05
0.00017404301256821933
2.239927916561268e-05
5.434865180825501e-05
8.652694955093695e-05
0.0002028653766823008
0.00015485056975227815
0.00016243799192611964
0.00020709627521060396
7.28429601400281e-05
0.0002028653766823008
0.0002028653766823008
0.00048282797789545094
8.652694955093695e-05
0.00023419109676368406
0.0003903798179444963
0.00015090593227470487
9.649321251135876e-05
9.649321251135876e-05
0.0011067991485680891
0.0002765646430782685
0.0001266238222326668
0.0005579282806668263
3.309601182880511e-05
5.2914113751897775e-05
6.12548587159794e-05
7.483740276804368e-05
1.2023998284156579e-05
5.5817553304974474e-05
8.903030551823877e-05
0.00010752972437173965
1.6750813710998688e-05
0.00024095248795340113
3.9301059809207095e-05
0.00010416868022141138
0.0002839203424727158
8.967244442684096e-05
0.00017404301256821933
0.00011930306652059983
0.0003689330495226964
9.436616557039916e-05
5.2914113751897775e-05
7.617109538774206e-05
0.00012903330307592723
9.506701554661352e-05
0.00024960262873559427
0.00018223165235608813
0.0003689330495226964
0.0003903798179444963
0.00012748259093046049
0.0003689330495226964
0.0003689330495226964
7.742528487613907e-05
0.00012099816450822423
7.483740276804368e-05
0.0001603590231573105
0.000461552149391868
7.742528487613907e-05
2.5180532421768145e-05
0.00021654936609320964
0.0002839203424727158
0.0003689330495226964
0.0003689330495226964
0.0003689330495226964
0.00024141398894772547
0.00011039311152571576
7.849181098323395e-05
5.80890613385038e-05
7.957721463563312e-05
6.545675572781073e-05
0.00014149827270555203
0.0003264266959977061
3.465517307169112e-05
0.0004683821935273681
0.0005464097472341712
8.012720671181559e-05
3.625501264143078e-05
9.944914400467181e-05
0.00024141398894772547
0.00014271729248683607
5.656541263990083e-05
8.967244442684096e-05
0.00032917984337122743
1.424745774369685e-05
0.00022772999953681665
5.80890613385038e-05
2.699518919089303e-05
0.00016942858853842509
5.965153326029991e-05
0.0002150594487434793
0.00012546003771800993
5.014194886339325e-05
5.619034293589913e-05
0.0007378660990453928
5.544701619312065e-05
2.6302258592934236e-05
4.4947420299088185e-05
8.124221389143064e-05
0.00010499182956633144
0.00011294415420458627
9.795336971811092e-05
0.00012662814361549511
0.00022188522614537002
6.459302728814934e-05
9.721894530610758e-05
1.5198231911865225e-05
0.00027023635306180693
0.00012546003771800993
8.323087313102908e-05
0.00020955486533664057
0.0004683821935273681
0.00018522364601182635
0.00010416868022141138
0.00013972529883109786
0.00021164085066547567
0.00024960262873559427
0.00011017720192226759
0.00013972529883109786
0.00010096338650562819
8.124221389143064e-05
0.0001730538991018739
0.00011017720192226759
0.0002028653766823008
0.00019890763542273522
0.00024960262873559427
0.00018836914088773035
0.0001603590231573105
9.649321251135876e-05
8.903030551823877e-05
3.652575791758466e-05
0.00011486067597658201
0.0001603590231573105
0.0003118249174618039
4.463691986136745e-05
0.00011286255956047596
7.483740276804368e-05
4.946805520888252e-05
9.506701554661352e-05
0.0002670909165547163
0.0002028653766823008
0.00012781893259274205
0.0003689330495226964
0.00027023635306180693
0.0003689330495226964
0.00027023635306180693
0.000634922551996427
0.00020998365913266288
0.00024960262873559427
0.00024960262873559427
0.0002769312896351208
9.944914400467181e-05
0.00017665292582634036
7.333552267120876e-05
7.483740276804368e-05
0.0003264266959977061
0.0003689330495226964
2.5390365129247352e-05
9.506701554661352e-05
0.00014271729248683607
6.085008031275952e-05
4.4947420299088185e-05
0.0001412030499858797
6.374129546523024e-05
4.9133865251369534e-05
0.00022010298012973333
0.00028543458497367214
0.00025325628723099023
0.0003533058516526807
0.0006528533919954122
0.00030902849953172776
0.0002917255747254802
0.0002709888006055893
0.0002377666888103901
0.00014087560135919193
0.0003533058516526807
0.00042328170133095134
0.0003587577452407595
0.00013807744020125662
0.000320718046314621
0.000343079313201835
0.0005161332123037089
0.00016942858853842509
0.0004057307533646016
0.0004057307533646016
0.0004683821935273681
0.0002463770593689612
0.00019013403109322704
0.0001730538991018739
0.0002709888006055893
0.0004937697650568411
0.0003587577452407595
0.0003336402407683559
0.00048282797789545094
0.0004992052574711885
0.0005381366178611392
0.0004992052574711885
0.0004683821935273681
0.0006831899986104499
0.0002605444158969844
0.00018873233114079832
0.00044377045229074003
0.0004683821935273681
0.0005404727061236139
0.0003166964594423786
0.0005181114392363998
8.471429426921254e-05
0.00044377045229074003
0.0004554599990736333
0.0004330987321864193
0.0004554599990736333
0.0005678406849454315
0.00048282797789545094
0.00048282797789545094
0.00029499636618264346
0.0003533058516526807
0.000320718046314621
0.0006528533919954122
0.0003533058516526807
0.0003903798179444963
0.00032917984337122743
0.00034808602513643867
0.00039781527084547044
0.0004992052574711885
0.0003533058516526807
0.00048282797789545094
0.0003903798179444963
0.0002377666888103901
0.00048282797789545094
0.0005181114392363998
0.0006031241462863804
0.0003903798179444963
0.00028543458497367214
0.0002486275337183753
0.00048282797789545094
0.00012497095208268232
0.00031280256379548983
0.0004683821935273681
0.0003336402407683559
0.0002855542993910574
0.0004330987321864193
0.00039781527084547044
0.00044377045229074003
0.000298356779427407
0.0001730538991018739
0.00028853974857193906
0.00019507011254024808
0.00048282797789545094
8.295368419301965e-05
0.0007378660990453928
0.0014982178939966513
0.0007043463611022141
9.628417118984369e-05
0.00023986327680225873
0.0005750542297160814
7.637699088020477e-05
3.5183828978761814e-05
0.0001912238863956907
0.0011225131621011735
0.0004330987321864193
0.0003015620731431902
0.0014757321980907855
0.0004148469646174028
0.0003689330495226964
0.0003689330495226964
0.00023419109676368406
0.0003689330495226964
0.00011683903158838865
0.00013549440030279466
0.00017404301256821933
0.0003015620731431902
0.0004683821935273681
0.0003015620731431902
0.0021727259005295293
0.0005466949570682644
0.001989076354227352
0.0014757321980907855
0.0014757321980907855
0.0014757321980907855
0.0014757321980907855
0.0014757321980907855
0.00017665292582634036
0.0003689330495226964
0.00024960262873559427
7.28429601400281e-05
0.00011017720192226759
4.5573177825080126e-05
0.00013972529883109786
0.00016458992168561371
0.0003264266959977061
9.721894530610758e-05
0.0008661974643728386
7.637699088020477e-05
0.0001583482297211893
0.00010233376289490018
8.839482101856687e-05
0.00030902849953172776
0.0006031241462863804
8.237787052167832e-05
0.00011584187619619904
6.857936435398587e-05
7.957721463563312e-05
4.620538657327898e-05
0.0005404727061236139
0.0006031241462863804
9.032137858232657e-05
0.0006583596867424549
0.0001225097174319588
0.0001715396566009175
7.483740276804368e-05
0.00020604947210275568
6.290123156898607e-05
0.00011888334440519504
5.2209235813815456e-05
0.00016458992168561371
0.0001120078962408736
7.333552267120876e-05
5.633552460843932e-05
7.383207360637358e-05
0.00012546003771800993
0.0003689330495226964
0.0003689330495226964
0.00016682012038417795
3.0091801078607366e-05
8.295368419301965e-05
3.309601182880511e-05
4.0447330668029376e-05
0.00023419109676368406
2.1659329138732654e-05
8.839482101856687e-05
0.0005770794971438781
0.0004057307533646016
8.012720671181559e-05
0.00018522364601182635
1.8748505190989113e-05
3.873586036644037e-05
0.0007378660990453928
0.0007378660990453928
9.298804677780438e-05
0.00015159084046011004
0.00021679915749942916
0.000320718046314621
0.0001002838977267865
0.0001603590231573105
0.0001458627873627401
0.00011785266963232022
8.652694955093695e-05
9.869669646088941e-05
0.00018836914088773035
0.0003597949152033881
0.0003015620731431902
0.0003689330495226964
0.0003264266959977061
0.0003689330495226964
0.0003015620731431902
0.00024960262873559427
0.0003689330495226964
0.0003689330495226964
0.00010839957874971458
4.102860237020845e-05
3.439254438147312e-05
6.374129546523024e-05
9.298804677780438e-05
0.00018223165235608813
0.00024960262873559427
0.00011017720192226759
6.502337084674936e-05
0.00012099816450822423
0.00018223165235608813
6.165833829243696e-05
0.00012099816450822423
9.298804677780438e-05
2.6532366575638028e-05
9.367323497244037e-05
0.00018734646994488074
0.00012170016062551903
0.0002336780631767773
7.383207360637358e-05
0.0001715396566009175
0.00010752972437173965
0.00019890763542273522
0.0002839203424727158
7.483740276804368e-05
8.237787052167832e-05
0.00016935318677607238
0.0013757669575493422
0.00030902849953172776
4.8142085594921844e-05
0.0001458627873627401
0.00014749818309132173
0.0005404727061236139
0.0005181114392363998
0.00014373909510414533
0.0001458627873627401
0.0007378660990453928
0.0007378660990453928
0.00022772999953681665
9.869669646088941e-05
3.5183828978761814e-05
9.944914400467181e-05
0.0001412030499858797
6.207252023545064e-05
0.00011108571787897614
4.620538657327898e-05
0.00020709627521060396
0.0003689330495226964
0.0001603590231573105
0.00018522364601182635
1.714517973530963e-05
0.0003689330495226964
0.0003689330495226964
0.00010161191206564343
6.677559592184396e-05
0.0001263020459504112
0.0002765646430782685
0.0007378660990453928
7.691040437153831e-05
0.00044377045229074003
0.0007378660990453928
0.0006528533919954122
0.0010827468304660482
0.0001916847432386938
0.0001685710288076974
9.869669646088941e-05
0.0003689330495226964
0.0003015620731431902
0.00012047624397670057
0.0003264266959977061
0.00024141398894772547
0.0003264266959977061
0.0003689330495226964
0.00015090593227470487
0.0002839203424727158
3.734524056362254e-05
0.0003689330495226964
0.00041419255042120793
0.0004124671142017605
7.305151583516931e-05
0.0003689330495226964
0.0003689330495226964
0.0003689330495226964
0.0003689330495226964
0.0003689330495226964
0.0003689330495226964
0.0003689330495226964
0.00018836914088773035
0.0003689330495226964
0.0003689330495226964
0.0001715396566009175
0.0003485730935454309
0.00034458202792974604
0.00019518990897224816
0.00015090593227470487
0.0002590557196181999
0.00010795637237473103
4.015874799223352e-05
0.0004330987321864193
0.00018223165235608813
0.0004748969959707587
0.00010170365709476702
0.00012903330307592723
0.00015640128189774492
0.0003689330495226964
0.0003264266959977061
0.0003015620731431902
0.0001412030499858797
0.00011389492837275464
8.14745556119861e-05
0.0001603590231573105
2.6763341257120538e-05
0.00017731193465689285
0.00013153665904322908
0.0003689330495226964
0.00012781893259274205
0.00018836914088773035
0.00013828232153913425
0.0001293241969722136
0.00021654936609320964
8.308811750132216e-05
0.00048282797789545094
0.0006031241462863804
0.00014182269031925626
9.795336971811092e-05
9.944914400467181e-05
9.795336971811092e-05
0.0003689330495226964
0.0003689330495226964
0.0003689330495226964
0.00011389492837275464
0.0002150594487434793
0.0001715396566009175
8.379434146381707e-05
0.0003264266959977061
0.0004554599990736333
0.0005678406849454315
0.00016676567330077912
6.903872010062831e-05
0.0001002109389618458
0.00013004674169349873
0.0006528533919954122
0.00011369313034508252
0.0003689330495226964
2.888222132277406e-05
4.590080440564089e-05
0.0003264266959977061
0.00021679915749942916
0.00042328170133095134
0.00013414657230135008
0.0006528533919954122
0.0003015620731431902
0.0003689330495226964
5.619034293589913e-05
0.00011108571787897614
8.295368419301965e-05
7.742528487613907e-05
0.00015451424976586388
0.0002839203424727158
5.77045854368555e-05
0.00023986327680225873
0.00013282773210731685
0.0003264266959977061
0.00024141398894772547
0.0003689330495226964
0.0003689330495226964
9.367323497244037e-05
6.085008031275952e-05
0.00015090593227470487
0.00023419109676368406
0.0003689330495226964
0.0003689330495226964
0.0003689330495226964
0.0003689330495226964
0.0003264266959977061
0.0003689330495226964
0.0003689330495226964
0.00020709627521060396
6.812342392328852e-05
0.00027023635306180693
6.633282356193736e-05
0.00010098231649665265
9.563005011467258e-05
0.00044377045229074003
0.00041419255042120793
0.0003833694864773876
0.0003689330495226964
0.00020709627521060396
0.0003689330495226964
8.412179009050482e-05
0.0003689330495226964
0.0003689330495226964
0.00021654936609320964
0.00011486067597658201
0.00022772999953681665
0.00021654936609320964
0.0003689330495226964
0.0003689330495226964
0.00027023635306180693
0.0003689330495226964
0.0003689330495226964
0.0003689330495226964
0.00014426987428596953
0.0003689330495226964
0.0003689330495226964
0.00017404301256821933
7.903211144257493e-05
0.0003264266959977061
0.00011388558095936304
9.367323497244037e-05
0.0003689330495226964
0.0003689330495226964
3.439254438147312e-05
0.00024141398894772547
0.0001916847432386938
0.0004166747208856455
7.28429601400281e-05
4.20476892781215e-05
0.00011108571787897614
0.00018522364601182635
0.00011486067597658201
0.0003264266959977061
0.00023570533926464045
6.857936435398587e-05
4.015874799223352e-05
5.0481693252814096e-05
0.00013549440030279466
7.903211144257493e-05
7.795622936545097e-05
0.00012170016062551903
0.0002917255747254802
9.577596801414399e-05
0.00010928194944683425
0.00012662814361549511
0.0002839203424727158
0.00015640128189774492
0.00024960262873559427
7.795622936545097e-05
0.00012781893259274205
0.00027023635306180693
0.00024141398894772547
0.00011017720192226759
7.28429601400281e-05
6.589322522472429e-05
0.00019890763542273522
7.637699088020477e-05
0.00013534169679455462
0.00019890763542273522
9.298804677780438e-05
0.00010839957874971458
0.0003689330495226964
0.0003689330495226964
2.4939453498867476e-05
0.00022772999953681665
3.23310492430534e-05
6.767084839727731e-05
7.585948818514611e-05
9.298804677780438e-05
3.283996258233965e-05
7.28429601400281e-05
0.00022772999953681665
9.09772533416832e-05
5.680998326927571e-05
0.0002590557196181999
3.361134011714651e-05
0.00022772999953681665
0.0001458627873627401
8.967244442684096e-05
0.00024141398894772547
0.0003689330495226964
0.00021654936609320964
0.0003264266959977061
0.00023419109676368406
0.0003015620731431902
0.00023419109676368406
0.0003689330495226964
0.0001603590231573105
2.7696039167107387e-05
0.0003264266959977061
0.0003264266959977061
0.0001916847432386938
0.00023419109676368406
0.0003264266959977061
0.0003264266959977061
0.00012431376685918764
0.00019518990897224816
0.0003015620731431902
0.00017665292582634036
9.795336971811092e-05
9.628417118984369e-05
0.0001302722079484922
0.0003264266959977061
0.0003689330495226964
0.0003264266959977061
0.0003689330495226964
0.00018522364601182635
4.5573177825080126e-05
0.00014271729248683607
0.0003689330495226964
4.8470899816692906e-05
2.793144715460569e-05
8.531257906775174e-05
5.0823330378401914e-05
8.903030551823877e-05
0.00024960262873559427
0.0003264266959977061