0.00010465115669226309
0.005471949625097162
0.006714351662846234
0.014400724077395812
0.0003983721973213431
0.0006380995989545257
0.00017967871767992857
0.00018482406597437328
0.00023492402100180207
0.0015807621974289951
0.00014646823025990684
0.0005485397734932664
0.00048547223011620585
0.0017148454392008378
0.00028194601732893477
0.00045024708887122784
0.00040476396386837876
0.0005446319731339941
0.00016627609451136627
0.0003700134622493514
0.00018398472588516872
0.00045735032151922507
9.71162905479155e-05
0.0007285311595319365
0.0002097061805745624
0.00020369999206563396
0.0006881401849206298
0.00311054531720232
0.008175986539135323
6.973445240942295e-05
0.0002721475233732486
0.002781673140708057
0.0006813259443629501
0.00031222113941999096
0.0007967443946426862
0.0003983721973213431
0.0008873106475146109
0.0003983721973213431
3.767965519277195e-05
0.00016661450590935669
0.00012743264105925936
0.0001524049684004658
5.485397734932664e-05
9.251584430528494e-05
9.250097640345504e-05
0.0007612791388052553
0.0007948523984150412
0.006071079026948688
0.00014809157197842346
3.1348190493893695e-05
0.0008735870933298858
1.3946890481884589e-05
3.295914018243037e-05
0.00031198989433199164
0.0004606590967220863
0.00038580417938053805
0.0003005692120960086
0.0004764207945343654
0.0006727806726949339
8.587691774171674e-05
0.00010312808511381197
0.0007129536633715048
0.0001515070095838226
3.8102122911650925e-05
8.712284802203466e-05
0.0003306855091091005
0.00017801141824968556
4.727336948391016e-05
0.0006507161610808072
0.00020934755265340302
3.569923639105035e-05
0.0004764207945343654
0.00011287205371024603
0.00010787732594407902
0.0002124026563860295
5.519600791396278e-05
0.00016016056521014283
0.00014099182588859962
0.00013336804514604172
0.0007120456729987423
0.00022988630979957028
0.0002364886192941618
0.00046365431769977423
0.00024809982818531264
0.0004510190421637902
7.346315361112476e-06
0.00045024708887122784
0.000524265451436406
0.00012743264105925936
8.654043536455048e-05
0.00045024708887122784
0.00012828784054267467
7.62024842002329e-05
0.0002522730533996016
0.00013122962398770638
0.0001715063705697094
7.060757556780241e-05
5.857694002391527e-05
8.596252014697546e-05
0.000460493201126185
0.0003983721973213431
0.00033386348633412564
0.0002802169211700167
9.318505288052701e-05
0.0002704900743667317
0.00021894090087374899
5.183038387757345e-05
0.0002851814653486019
0.00033385712131128097
0.0022053985871497636
5.377820585372798e-05
8.313804725568313e-05
7.779008348867146e-05
0.00021558780298158579
0.00045024708887122784
0.0002582871798057726
1.9489363105519847e-05
0.00017052120736202567
0.0005716151464002793
0.0001760674219702285
0.00045024708887122784
0.00014508561865889905
0.0004678653633005099
0.00045024708887122784
0.0003010116130718967
0.00045024708887122784
0.00010865287328626001
4.796314071494134e-05
0.00011516477418052158
0.00029336250797849973
0.00017830461318099915
5.284668167056723e-05
0.0003555911381779624
9.219121003496225e-05
0.0003006793614425268
0.00012591831775439908
0.0005285550958718285
0.0006275671742658956
1.4452379190432663e-05
3.9425719938544845e-05
0.0003428743827951384
0.0006114887728138824
0.0002124026563860295
0.002566633188137417
0.0018499428355513998
0.0003911500106379996
0.0003843971068354778
4.311942351517587e-05
0.0008796803365217725
0.00015859869270429567
4.9942706826718456e-05
1.0150065496443409e-05
0.00012090066200817245
8.804278183109782e-05
0.00020038998363616182
8.73997369467573e-05
0.005846388300564222
8.203744435004801e-05
0.0001275687133501158
8.264604781251537e-06
0.00019087263112180412
0.0032756620812372382
0.00012156211226422907
0.0002350110289045228
0.0004550728707022756
0.00045024708887122784
0.00023552125831654064
0.00045024708887122784
0.00012978942996836595
0.00016703966573040633
4.7310863926253804e-05
0.0002582871798057726
0.0005467791977789879
0.0003983721973213431
0.0006252631141159682
0.00011776062915827032
0.00011591316648164441
8.203744435004801e-05
0.00018266361757824756
0.00045024708887122784
0.0009004941777424557
0.0005797460776592086
0.00014367885724987135
0.0021663155906414063
0.002528749407795273
6.721607926787484e-05
0.00045024708887122784
6.132824196172291e-05
6.976743779484206e-05
0.00016627609451136627
0.0002961723203077553
8.981607396462966e-05
0.00012712779481785893
3.23801861259122e-05
8.425507767579693e-05
9.733130441573014e-06
5.2608619473810534e-05
0.00012957595969393363
5.009995502742878e-05
3.976681270805912e-05
0.00010338559917535123
0.00045024708887122784
6.632727074031742e-05
0.00018856969099463172
0.00045024708887122784
0.00027887835474891734
0.00029462241422157357
0.00045024708887122784
0.00021730574657252003
0.00018266361757824756
0.00012136805752905146
7.701161089228603e-05
0.000911525051427106
0.00010157101918950485
0.00017052120736202567
0.0001261365266998008
0.000194232581095831
2.9348252920350466e-05
8.660725917115214e-05
7.166987423739356e-05
0.00030211692666012803
0.00013229119708865734
7.625747739527451e-05
0.0001503396807212634
0.00032979732076231547
0.0002779224292124307
0.00018482406597437328
0.00045024708887122784
0.0001605277648361448
0.00021558780298158579
0.0003429573583016488
0.00021269986631817521
0.0010213462218720826
7.935473243782163e-05
0.0002937637861306535
0.00026458239417731467
0.00045024708887122784
0.0032399029398784878
0.0027571945545407546
0.003020707867849942
0.0003983721973213431
0.0013922411251444773
0.0003680273310356837
0.0003983721973213431
0.0004606590967220863
0.00036971743861586795
7.328332515651773e-05
0.00013446061416741323
6.824110309066071e-05
0.00020532501031223679
0.0002380641973134649
0.0003680273310356837
0.0025352555698364373
0.000316152439485799
0.00045024708887122784
0.00024757756292677135
0.00022604753766254594
9.454673896782032e-05
3.8840949574531454e-05
0.000186335505717298
4.761746042929621e-05
0.00021119553910726706
0.0002098638629239985
9.130856953936555e-05
0.00011939306621013289
0.00023729263162428185
0.00013446061416741323
0.00011767929261300404
0.0002124026563860295
0.00024757756292677135
0.00010943654169065787
0.00014137380100318482
0.00045024708887122784
0.00034649730577145836
0.0001760674219702285
7.525290326797417e-05
7.86981057867577e-06
0.0002213126447882836
0.00045024708887122784
0.00010886713542045512
0.00025291114058373647
0.00018812008951707673
0.00045024708887122784
0.0002779224292124307
0.00025031643341280493
0.0003525165433567842
0.0002477571678525855
0.00019886362324455817
0.0034356081231668857
0.00045024708887122784
0.00019967606452965213
0.00042539973263635043
6.0781056132114534e-05
0.00018020980364650614
4.101938836974523e-05
0.00024273611505810293
7.524803580683068e-05
0.0002851814653486019
0.00021695291661137712
0.0001545514392332581
9.71405583777366e-05
0.00017506083445944628
0.0008123683464905274
0.0007891383447847809
0.0002427475226716889
0.0003068897238629857
1.1373517181776786e-05
0.0005632797384099964
0.00045024708887122784
0.00014137380100318482
0.0015934887892853724
0.0003034258476294216
0.0004911387342951031
0.00045024708887122784
0.0008629666789620111
0.0011951165919640294
0.0003703166605736376
0.0005415788976603516
0.00010744575600749758
0.001166851252330072
0.00013122962398770638
0.00013982473437080197
0.0003555911381779624
0.00045024708887122784
0.0007360546620713674
0.00011631160489516399
0.0002124026563860295
0.001039491917314375
0.0001566160140012014
0.00045024708887122784
0.00012515821670640247
5.677798173637529e-05
0.00018642145421802862
0.0006655210947896254
7.706971302953749e-05
4.6592526440263504e-05
0.0005054819303951395
0.0007360546620713674
0.00029539436751413597
0.0004520950753250919
0.00045024708887122784
0.00020086607364768502
0.0005165743596115452
0.00029462241422157357
0.000316152439485799
7.078239688272948e-05
6.160802199145775e-05
0.0011951165919640294
7.183942862493568e-05
0.000316152439485799
0.00015976727350141496
0.00024757756292677135
0.004843508686393407
0.0001219129292269489
0.00011939306621013289
0.00015344486193149284
0.0009004941777424557
0.0006623579374571562
0.0001760674219702285
0.00021730574657252003
0.00011739301168140186
6.5890032689955e-05
0.00010573246180286378
4.727336948391016e-05
0.00010123694493451062
0.0004809359607267883
0.00013635051438836289
0.0001937296675465828
0.0004469735462934008
0.0018841279738806272
0.00015599063943163864
0.000353281887474811
0.0001029463277461277
0.00014137302844619644
0.005970765227145961
0.00020358781536459556
0.003518697702258901
0.0002779224292124307
8.53890334420078e-05
0.00011776062915827032
5.078761360623366e-05
0.00019324869255306953
0.0001760674219702285
0.00013714975311805534
0.00045024708887122784
0.0003983721973213431
0.00045024708887122784
8.783353772851342e-05
0.00045024708887122784
0.00017052120736202567
0.0003983721973213431
9.579166041414144e-05
0.00032979732076231547
7.049591294429981e-05
0.00029462241422157357
0.00014084572602578342
0.00019051748698579646
0.00027567482339372045
0.00021126858903867515
0.00014213543979687965
0.00013783741169686023
0.00011102893471752546
0.0006440768830628756
3.72740211522108e-05
0.00028274760200636964
0.00045024708887122784
0.00021983872710349517
0.00040213688025816013
4.6030013738499573e-05
7.377088159609453e-05
1.8782211556531856e-05
0.0002595788599367319
0.00011821966695396313
6.371632052962968e-05
0.00043117560596317157
0.00011200486878838857
0.00016876019320009457
0.00045024708887122784
5.494338668698779e-05
8.203877673949047e-05
0.0003983721973213431
0.0005415788976603516
0.00013899773957191938
0.00013556936998430276
0.00034649730577145836
0.00041869510530680604
0.0007050330867135684
0.00032597261438462786
0.000542277479937211
4.1972772584799694e-05
7.676486678813705e-05
0.00019087263112180412
3.9148299693507375e-05
0.00045024708887122784
0.00017770957227763336
8.949890945330008e-05
0.0009004941777424557
0.0001284506016397979
0.0007967443946426862
0.00024089953621782482
0.002287724321858236
8.177098928229722e-05
0.00020922938828645698
0.00020641228825588788
9.701870290914571e-05
0.00020532501031223679
4.2376037377410475e-05
6.0609780720293104e-05
0.00022988630979957028
0.0005755576885792961
6.817525719418144e-05
0.00016685296158394834
9.206002747699915e-05
0.00016851015535159386
4.00601774997234e-05
0.00018635959048597566
0.00045024708887122784
0.0005716151464002793
0.00045024708887122784
0.00035862782923160166
0.0003983721973213431
0.0002330456974471887
0.00020934755265340302
0.00045024708887122784
0.0003579013143725321
0.0003487139402100258
0.0001712674688530639
0.00045024708887122784
0.0003680273310356837
0.0003446493193175943
0.00013875146460518256
0.00017232465965879716
0.00023393268165025494
0.00018416608863854207
4.070427359352464e-05
0.00011954260974386722
0.0001707780668840156
0.00031494532220703657
0.0005165743596115452
0.0005716151464002793
0.0001517129238147108
7.545899115155777e-05
0.0001401763410763663
0.0001726849504223194
0.00045024708887122784
0.0003337059231678967
0.0016675345752745843
0.0002721475233732486
5.561765386131612e-05
0.0002709943560498531
0.00045024708887122784
0.00045024708887122784
0.002706114252982741
0.000388465162191662
0.0003983721973213431
0.0005054819303951395
0.00019823985159758386
0.0002097061805745624
0.000480146509338828
0.0007726869835300159
0.0034494048477053726
0.0003046158567474545
5.5643914389020944e-05
0.00034649730577145836
0.00034649730577145836
0.00020358781536459556
0.0001823431683963436
0.00022531189536399853
1.8547971463006983e-05
0.000330342890470114
0.00011512330028154625
0.00010970795469865327
8.313804725568313e-05
0.000313186397548059
3.4803372230405514e-05
0.000316152439485799
0.0005165743596115452
0.00045024708887122784
0.0005021668706065083
1.412534579247016e-05
0.00016371291143170105
7.706971302953749e-05
0.0003905486956514563
3.0986483860990816e-05
8.77098286685815e-05
7.426163514991606e-05
0.00013572419699409236
0.0011951165919640294
0.0006896589293987108
0.0009484573184573969
0.00045024708887122784
0.00020934755265340302
0.00026427754793591424
5.08016561334886e-05
0.0002779224292124307
0.0013507412666136835
0.0014226750419785523
0.0008562423138540606
0.00020203260240097705
0.00047817043897546886
0.000180007260495044
0.00020934755265340302
0.0015807621974289951
0.0009428484549731587
5.561765386131612e-05
0.000609231713494909
0.00045024708887122784
0.00045024708887122784
0.00016371291143170105
0.00016900167963247847
0.00014766655196402618
7.525290326797417e-05
0.00034649730577145836
0.000742732688780314
0.004052223799841051
0.0005992254577012317
0.00020459314924199047
0.001827695140484727
0.0022512354443561394
0.0001261365266998008
0.0022298145106732694
0.00015898462462368116
0.0032494733859621096
7.183942862493568e-05
0.00036411558020074035
0.00016851015535159386
0.0004764207945343654
0.0003680273310356837
0.00029533310392805236
0.00031344513799121495
0.0004074657679807849
0.0001741726461126612
0.00012915311169772186
0.0001048530902872812
0.00018856969099463172
0.00018856969099463172
0.00045024708887122784
0.00045024708887122784
0.0011040819931070513
0.0002779224292124307
0.00025626473789031853
3.8430495831262e-05
0.0004510190421637902
7.891383447847808e-05
3.893252176629206e-05
5.254207420176139e-05
0.0009004941777424557
0.0007585646190735541
4.625048820172752e-05
0.0001517129238147108
4.233168267961429e-05
9.273985731503492e-05
8.596252014697546e-05
2.231502477101534e-05
0.00014178415729770253
0.0007967443946426862
0.00017052120736202567
0.0003062236729687907
0.00021575465188815803
4.693085333096969e-05
0.00045024708887122784
8.77098286685815e-05
0.000180007260495044
0.00034649730577145836
0.0001261365266998008
2.1165841339807144e-05
4.039048005714247e-05
0.00015453739670600315
0.00045024708887122784
0.00011102893471752546
7.606874839586613e-05
0.00048547223011620585
0.0002721475233732486
0.00013025571877719433
0.00018856969099463172
0.00014808616015387765
0.0003983721973213431
0.00012229775456277646
5.705156129689959e-05
0.00013714975311805534
0.0003383462839134468
0.00031234724364526166
0.0005198314460494124
0.000330342890470114
6.789999735521133e-05
0.0003034258476294216
0.00034649730577145836
0.00017232465965879716
0.00017899781890660016
8.203877673949047e-05
0.0004854950453433778
0.00017746212950292217
3.408762859709072e-05
0.0003174189297512865
0.00020086607364768502
0.000200285757012453
0.00045024708887122784
8.25857226175285e-05
0.00020086607364768502
0.00026427754793591424
0.00026427754793591424
0.00012136805752905146
0.00021984997546955318
0.0002427475226716889
0.00018416608863854207
0.0005787062690708071
0.0007949231231184059
0.001264609757943196
0.0009428484549731587
0.00010411574788175388
0.00045024708887122784
0.00045024708887122784
0.0002382103972671827
0.0002707894488301758
0.0003983721973213431
4.4245734883097146e-05
0.0004011853796572481
0.00032979732076231547
0.00014137380100318482
0.00013899773957191938
0.00029462241422157357
0.00045024708887122784
0.00015453739670600315
0.000494324320804447
0.001765805413197593
0.0005415788976603516
0.00013783741169686023
0.0004510190421637902
0.0002427475226716889
0.00045024708887122784
0.0004967701216813752
0.0004067081099529083
0.000810516972931258
7.779008348867146e-05
0.00019692957834275732
0.00019087263112180412
0.0005131616176972403
0.00010338559917535123
0.00045024708887122784
0.0018344663184416473
0.002183868952042941
0.0001950606867631182
0.0003725775912610313
0.00041282457651177577
0.0002779726639166669
0.00019570267137688658
8.04163055387726e-05
8.313804725568313e-05
0.000180007260495044
5.7561650140773127e-05
0.00045024708887122784
0.00017076174115572453
0.00045024708887122784
0.00022988630979957028
0.00022205786943505092
0.0005871080141306597
0.00045024708887122784
0.00036833217727708415
0.00016483016006096335
0.00045024708887122784
0.00045024708887122784
0.00045024708887122784
0.00016876019320009457
0.00018856969099463172
0.00045024708887122784
0.00035602283649937113
0.0003983721973213431
0.00045024708887122784
0.00011602009376203978
8.425507767579693e-05
6.760067185299138e-05
0.0004857167566420545
0.0001036607677551469
0.0002779224292124307
0.000540021781485132
0.00020934755265340302
0.00034649730577145836
0.0007967443946426862
9.983803226482607e-05
0.00014285238128788864
0.002407916472542172
0.0002995140967944782
0.000316152439485799
0.00045024708887122784
2.3519649818188472e-05
0.00034649730577145836
8.481990789486224e-05
7.676486678813705e-05
0.0002223960989119104
0.0009484573184573969
1.8839827596385974e-05
0.00010123694493451062
0.00025274096519756976
6.371632052962968e-05
3.583493711869678e-05
0.00045024708887122784
4.330362958557607e-05
7.089207864885126e-05
0.00019570267137688658
0.0002742698867466332
7.89062918698156e-05
0.0003046158567474545
4.101938836974523e-05
0.00036971743861586795
3.64482038143188e-05
0.00045024708887122784
0.00021730574657252003
3.63957580887799e-05
0.00011864631581214093
0.00026136854406610396
0.0009484573184573969
0.00045024708887122784
0.00045024708887122784
0.00045024708887122784
0.0005592643626540859
0.0003983721973213431
0.00024757756292677135
0.0001545321228763995
0.0002876555596540037
0.0004710425166330813
0.000162294044620039
0.00019823985159758386
0.0005844265082510492
0.0001902760697453468
0.00011688530165020983
0.0002851814653486019
9.010490182325307e-05
0.00010465115669226309
8.203877673949047e-05
0.00021887308338131573
0.0003680273310356837
0.0003680273310356837
0.00034649730577145836
0.00020641228825588788
5.4475041609202875e-05
0.0003210555296722896
0.000609231713494909
0.00045024708887122784
0.00019324869255306953
0.00013556936998430276
0.00011776062915827032
0.00010053422006454003
0.000316152439485799
0.00045024708887122784
0.00045024708887122784
0.00022531189536399853
0.000424805312772059
0.00025274096519756976
0.00045024708887122784
0.0003228827792443047
0.0003983721973213431
0.0003983721973213431
7.108174264545246e-05
0.00045024708887122784
0.00025274096519756976
0.00014382777982700185
0.00034490190769981304
0.000566047612511553
0.0001291506111665138
0.0006929946115429167
0.00011670722297296418
2.4635850549986643e-05
9.51380348726734e-05
4.468959813711432e-05
0.00045024708887122784
4.165362647733917e-05
0.0003983721973213431
0.005152382634499572
0.0002803526821527326
0.00045024708887122784
0.00013520134370598275
9.846478917137866e-05
0.0003983721973213431
0.00026427754793591424
8.915230659049957e-05
0.0004724179833105548
0.0003983721973213431
0.00045024708887122784
0.0002979823641956005
0.0005054819303951395
7.882953976472059e-05
0.00021269986631817521
4.57614729493658e-05
0.00045024708887122784
0.00026427754793591424
0.00014099182588859962
0.00045024708887122784
9.213249320293127e-05
0.0005524982659156262
0.0003983721973213431
0.00045024708887122784
5.494338668698779e-05
0.0003555911381779624
0.00010411574788175388
0.0001232391462052893
0.00011200486878838857
5.297819873739647e-05
0.00046361219011800946
0.0003680273310356837
0.000360014520990088
0.00018856969099463172
0.00045024708887122784
0.0001291506111665138
0.00027567482339372045
0.00010559776955363353
0.00013669479944474698
0.00032595861985878
0.00011670722297296418
0.00033071561018245446
0.0003446493193175943
0.00018642145421802862
5.561765386131612e-05
0.00017424569604406932
0.00045024708887122784
0.0015230792837372727
0.00032979732076231547
0.00020934755265340302
0.0009004941777424557
5.409801487334633e-05
0.000742732688780314
0.00020823149576350777
0.0003983721973213431
0.00045024708887122784
0.00014766655196402618
0.0001503396807212634
0.00045024708887122784
1.9489363105519847e-05
0.00019765721282515673
0.00014137380100318482
0.00014259073267430095
0.00011930043812417737
3.071083106764376e-05
0.00019087263112180412
0.00015311183648439536
0.00011097530325379649
0.00034649730577145836
0.0004951551258535427
5.561765386131612e-05
0.00045024708887122784
0.0003101567975260537
0.0012051964418861101
0.00045024708887122784
0.00010140100777948707
0.00025425558963571785
3.613016294053378e-05
4.4245734883097146e-05
0.0001741726461126612
0.00027567482339372045
0.00019823985159758386
0.00018856969099463172
0.0003983721973213431
0.00012743264105925936
0.00016535780509122723
0.00012229775456277646
0.0003046158567474545
0.0005558448584248614
0.000316152439485799
0.00011776062915827032
0.0003101567975260537
0.0003428743827951384
0.0002124026563860295
0.00010559776955363353
0.000226965827082685
0.0001261365266998008
0.000186335505717298
0.00022988630979957028
0.0007360546620713674
0.0003680273310356837
5.7561650140773127e-05
0.002683359747326543
0.00029336250797849973
0.0011951165919640294
0.00032138827776730626
0.00016210339458625156
0.0001566160140012014
0.000180007260495044
0.00019324869255306953
0.00045024708887122784
8.53890334420078e-05
2.8541413988887852e-05
0.00045024708887122784
0.00025788756044092635
0.0004447921978238208
0.00013443645892543586
0.0002707894488301758
0.000186335505717298
0.0003379678430459978
0.00032979732076231547
0.00026136854406610396
0.00022400973757677714
9.846478917137866e-05
0.0004678653633005099
0.00011431911943388292
0.00045024708887122784
0.00023393268165025494
0.00045024708887122784
0.0002707894488301758
8.53890334420078e-05
0.00017801141824968556
0.00034649730577145836
0.0004764207945343654
0.00034649730577145836
0.00019324869255306953
0.000632304878971598
0.000316152439485799
0.0003680273310356837
0.00019570267137688658
0.00026427754793591424
0.00032979732076231547
0.0002979823641956005
0.0003046158567474545
9.115250514271059e-05
0.0003680273310356837
4.391676886425671e-05
4.764508776016555e-05
0.00021887308338131573
9.19528882771171e-05
0.00026427754793591424
0.00017801141824968556
5.372287800374879e-05
0.0001517129238147108
9.77875026594999e-05
0.00024757756292677135
0.0002189145572802911
0.00013975175952535648
0.00016876019320009457
0.00022726051437573394
0.0001605277648361448
0.000316152439485799
0.00045024708887122784
0.00013669479944474698
0.00013122962398770638
0.00020086607364768502
0.0002427475226716889
0.00024757756292677135
0.00014508561865889905
0.00045024708887122784
6.142166213528752e-05
0.0011951165919640294
0.001039491917314375
0.00045024708887122784
0.00045024708887122784
0.00028580757320013965
0.00045024708887122784
0.00045024708887122784
0.00045024708887122784
0.00045024708887122784
0.00045024708887122784
0.0005415788976603516
0.0005054819303951395
0.000316152439485799
0.00019570267137688658
6.202495704632816e-05
0.0003680273310356837
0.00022988630979957028
7.042286301289171e-05
4.101938836974523e-05
4.8310425091182174e-05
0.00036971743861586795
4.625792215264247e-05
0.00013229119708865734
9.25791651434094e-05
0.00029462241422157357
0.00010865287328626001
0.00015599063943163864
0.000316152439485799
0.00029462241422157357
0.0002257587098039225
0.0005558448584248614
0.0002464782924105786
0.00016703966573040633
3.554087132272623e-05
0.00015128600927555476
0.00010271888522122663
0.00015558016697734292
0.00016738895686883607
0.00026458239417731467
0.0003680273310356837
0.0003964797031951677
4.101938836974523e-05
0.000632304878971598
0.00012712779481785893
0.00010266250515611839
0.0001261365266998008
0.0001741726461126612
0.000186335505717298
0.00022093936609564668
6.903261284090602e-05
6.995657085781246e-05
0.00045024708887122784
0.00011864631581214093
2.800874520082274e-05
0.00017052120736202567
0.000186335505717298
0.00011954260974386722
0.0003306855091091005
2.9077901223790998e-05
0.00045024708887122784
0.00031494532220703657
0.00011776062915827032
4.039048005714247e-05
0.00020086607364768502
0.0002631294860057445
0.00019114896158888903
0.00032979732076231547
0.00045024708887122784
0.00045024708887122784
0.00015311183648439536
5.87527572261307e-05
0.00012743264105925936
0.0003680273310356837
5.795658324082221e-05
0.00045024708887122784
0.0002124026563860295
6.632727074031742e-05
0.00016963981578972448
0.00013018289855048544
6.677142426225619e-05
0.00020358781536459556
0.00017052120736202567
7.882953976472059e-05
0.00045024708887122784
9.15229458987316e-05
0.00045024708887122784
0.00013556936998430276
0.0003046158567474545
0.00013669479944474698
0.00045024708887122784
0.0003983721973213431
7.344826304969751e-05
0.00018856969099463172
0.0001282012356029715
0.0002223960989119104
0.00014182010845173047
0.00011688530165020983
0.00045024708887122784
0.00038174526224360824
4.261517694792965e-05
0.0001241925304203438
0.00018856969099463172
6.54467941284821e-05
0.00019503123030097525
0.00024757756292677135
1.5365201672493707e-05
0.00014182010845173047
6.242838353339808e-05
0.00011688530165020983
0.0003983721973213431
0.000101946330802998
0.0002851814653486019
0.00045024708887122784
0.00016371291143170105
7.625747739527451e-05
0.00034649730577145836
0.0003983721973213431
0.0005061847246725531
0.00026427754793591424
0.00045024708887122784
0.0002380641973134649
0.00045024708887122784
0.0003680273310356837
0.000316152439485799
0.00011022850303636684
6.495544437836411e-05
0.0004678653633005099
0.0007226986086534744
0.0003680273310356837
0.0003983721973213431
0.00045024708887122784
6.119339683793744e-05
0.000186335505717298
0.00034549432254156476
0.0001401763410763663
0.00028927055548183615
0.00013229119708865734
0.00043117560596317157
2.8809176881981377e-05
7.232671723171091e-05
0.00012743264105925936
6.350832149488096e-05
3.466554381466574e-05
0.00034649730577145836
0.0002124026563860295
3.4376028371270656e-05
0.00012978942996836595
0.00011516477418052158
8.095279277367575e-05
0.0005862666012521418
0.00018358019051381233
0.00039368887196311917
4.039048005714247e-05
4.4245734883097146e-05
0.0004642908951822219
0.0002707894488301758
5.2608619473810534e-05
6.903261284090602e-05
9.846478917137866e-05
0.00025274096519756976
3.7022892994605866e-05
6.0478407501561425e-05
0.0007748615394173178
0.00012515821670640247
0.0009004941777424557
0.00037000390561382014
0.00022988630979957028
0.00045024708887122784
0.0006929946115429167
0.0009004941777424557
0.00041354239670140494
0.000316152439485799
0.00045024708887122784
0.0003046158567474545
0.0003680273310356837
4.133583555912957e-05
4.693085333096969e-05
0.00019087263112180412
0.00016703966573040633
0.00017424569604406932
0.0001605277648361448
9.801973230432457e-05
9.645104484513451e-05
0.0003983721973213431
4.4530822911148975e-05
0.00013783741169686023
0.00013354284852451238
0.0001743569701050129
0.00015898462462368116
0.00014178415729770253
0.001840136655178419
1.379105251201754e-05
0.00011265594768199927
4.8310425091182174e-05
9.71162905479155e-05
0.0003046158567474545
0.00045024708887122784
0.00019087263112180412
0.00014367885724987135
0.0001747809179635025
0.00045024708887122784
0.00023393268165025494
0.0003046158567474545
0.00018856969099463172
0.00019823985159758386
0.0003983721973213431
0.0002382103972671827
0.00018020980364650614
0.00045024708887122784
6.632727074031742e-05
0.0005377458357017434
0.00011516477418052158
0.000316152439485799
3.945691723923904e-05
0.00020641228825588788
0.0003046158567474545
0.0003983721973213431
0.0009004941777424557
0.00017308087072910095
0.00013122962398770638
0.00010595639747479293
0.00045024708887122784
0.0003680273310356837
0.0003046158567474545
0.00029462241422157357
0.000424805312772059
0.00045024708887122784
0.0003680273310356837
0.00030371083480353186
0.00045024708887122784
0.0007391843868754347
0.00019087263112180412
0.0005393866297203952
7.779008348867146e-05
0.00013773783332884554
0.0008567075557311243
4.8310425091182174e-05
0.00018856969099463172
0.00026245924797541276
5.677798173637529e-05
0.00032979732076231547
0.00045024708887122784
0.0003680273310356837
0.00017801141824968556
8.77098286685815e-05
9.846478917137866e-05
0.00013672875771406588
0.00012712779481785893
6.457655584886093e-05
0.00015311183648439536
4.693085333096969e-05
0.0003046158567474545
0.00023204018752407955
0.00023393268165025494
0.00045024708887122784
0.00012712779481785893
7.882953976472059e-05
0.00016703966573040633
0.00020641228825588788
0.00045024708887122784
0.0002707894488301758
0.00013783741169686023
0.0009004941777424557
9.010490182325307e-05
0.00010819602974669266
5.7561650140773127e-05
0.00014656665031303546
0.00041282457651177577
0.00012136805752905146
9.914826103379489e-05
0.00045024708887122784
0.0005892448284431471
0.000609231713494909
0.0002427475226716889
0.00020358781536459556
0.0002707894488301758
0.000323811171094703
7.390755164995993e-05
9.213249320293127e-05
0.000316152439485799
5.08016561334886e-05
5.6549211378478574e-05
6.277209868281722e-05
0.00041646299152701553
0.00013446061416741323
6.371632052962968e-05
0.00024757756292677135
0.00017232465965879716
0.0001048530902872812
8.596252014697546e-05
0.00013899773957191938
0.00011123530772263223
6.0781056132114534e-05
4.261517694792965e-05
0.00045024708887122784
0.0002189145572802911
0.0002582871798057726
3.380033592649569e-05
0.00014899118209780026
9.914826103379489e-05
5.2608619473810534e-05
0.00020986971257343738
0.00045024708887122784
0.00016685296158394834
8.482381706771786e-05
0.0003046158567474545
0.00015599063943163864
0.00019570267137688658
0.00014259073267430095
8.149315359615697e-05
0.0002223960989119104
0.00045024708887122784
0.00025274096519756976
0.00034649730577145836
0.0003983721973213431
0.00025274096519756976
0.00015898462462368116
0.0017677344853294415
0.0012935268178895147
9.250097640345504e-05
0.0002223960989119104
0.00045024708887122784
8.88977845444906e-05
0.00015311183648439536
0.00040010413543812516
0.00024757756292677135
0.00045024708887122784
0.00032979732076231547
0.00045024708887122784
0.00045024708887122784
0.00045024708887122784
0.00016535780509122723
0.00045024708887122784
0.0003680273310356837
0.0003983721973213431
0.0001760674219702285
0.00045024708887122784
0.00028580757320013965
0.00036833217727708415
0.00010595639747479293
0.0002522730533996016
0.0005715955971694147
0.00018769532826936884
0.0018009883554849114
0.0005937393552640357
0.000215518285874807
0.0003046158567474545
0.00033071561018245446
0.0003274258228634021
4.9009866152162286e-05
0.0003046158567474545
0.00034649730577145836
0.00017052120736202567
7.108174264545246e-05
6.677142426225619e-05
0.00045024708887122784
4.5266664903474215e-05
0.00023393268165025494
0.00025274096519756976
4.5241398998030785e-05
0.0003680273310356837
7.377088159609453e-05
0.00045024708887122784
9.611152467070485e-05
0.00016876019320009457
0.0003046158567474545
0.0002189145572802911
0.0001605277648361448
0.00016876019320009457
9.51380348726734e-05
0.00014899118209780026
0.00012117144017142742
0.0003046158567474545
0.00014899118209780026
0.00010411574788175388
0.0003668932636883294
6.817525719418144e-05
0.0003680273310356837
0.0003062236729687907
0.00011864631581214093
0.00012515821670640247
7.779008348867146e-05
9.25791651434094e-05
6.142166213528752e-05
0.00045024708887122784
5.677798173637529e-05
9.883504903493248e-05
8.267167111825915e-05
0.00020709783852271806
0.00045024708887122784
0.0003046158567474545
0.00018266361757824756
0.0001760674219702285
0.00013018289855048544
5.078761360623366e-05
0.00011837075171771712
0.00017899781890660016
0.0002779224292124307
0.00019603946460864915
2.4382585845389776e-05
0.00010865287328626001
6.857487655902767e-05
2.8576592183738195e-05
6.766771819398249e-05
0.00020934755265340302
0.0002382103972671827
0.00015870946487564326
9.3185052880527e-06
6.244422788399818e-05
0.00045024708887122784
4.070427359352464e-05
8.596252014697546e-05
0.00012229775456277646
0.00021839677333247145
0.00045024708887122784
0.00014259073267430095
0.0003983721973213431
6.202495704632816e-05
0.00045024708887122784
4.826035064708706e-05
0.00016210339458625156
0.00029157538534137423
0.00042777219802290285
0.0002779224292124307
0.00026427754793591424
0.00026427754793591424
0.00017801141824968556
0.00028580757320013965
0.00026427754793591424
0.0004520950753250919
0.0005558448584248614
0.00045024708887122784
0.00015599063943163864
0.00045024708887122784
0.0003046158567474545
0.00019087263112180412
0.00013783741169686023
9.645104484513451e-05
0.0002382103972671827
0.00013556936998430276
0.0002707894488301758
0.00024757756292677135
0.00045024708887122784
0.00045024708887122784
0.00018416608863854207
3.0436189846455188e-05
0.000203892661605996
0.00013899773957191938
0.0004951551258535427
0.00020934755265340302
0.00045024708887122784
8.654043536455048e-05
3.613016294053378e-05
0.0003983721973213431
0.0002779224292124307
3.6163358615855455e-05
0.0003983721973213431
0.0003983721973213431
0.0003983721973213431
0.00045024708887122784
0.00045024708887122784
0.00045024708887122784
6.995657085781246e-05
1.9051061455825462e-05
4.4245734883097146e-05
0.00013018289855048544
4.490803698231483e-05
0.00020641228825588788
0.0003983721973213431
8.274631507210523e-05
0.00017043814298545363
0.00045024708887122784
5.2608619473810534e-05
0.00024757756292677135
0.00045024708887122784
0.00045024708887122784
0.00043525685597669715
0.00018020980364650614
0.0003983721973213431
0.00012712779481785893
0.0003983721973213431
0.00012515821670640247
0.00015050580653594835
0.0001261365266998008
9.295945158297246e-05
0.00016703966573040633
0.00045024708887122784
0.00019324869255306953
0.00034649730577145836
0.00045024708887122784
9.645104484513451e-05
0.0003983721973213431
0.0002779224292124307
0.00045024708887122784
1.579282664409774e-05
5.007143925311325e-05
0.000316152439485799
0.00045024708887122784
0.00045024708887122784
0.0013191892830492619
0.0009004941777424557
0.0004854950453433778
0.00034649730577145836
0.00017052120736202567
0.00019570267137688658
0.00045024708887122784
0.0003680273310356837
0.00020086607364768502
0.00032979732076231547
0.00014508561865889905
0.00045024708887122784
2.721678385511378e-05
0.00021887308338131573
5.007143925311325e-05
0.00026427754793591424
0.00036833217727708415
0.00013669479944474698
0.00019324869255306953
0.00025274096519756976
0.0005165743596115452
0.0001232160439829155
6.414520221215504e-05
0.00034649730577145836
0.0007967443946426862
8.77098286685815e-05
0.0001839057765542342
0.00019290208969026902
0.00013229119708865734
9.449006849781438e-05
8.654043536455048e-05
0.00012229775456277646
7.988363675070748e-05
5.443356771022756e-05
4.007799672723236e-05
0.00013783741169686023
9.384766413468442e-05
0.00013002082020065016
0.0004135122350905806
0.0007360546620713674
0.00013783741169686023
6.286586082335497e-05
0.00016876019320009457
0.00045024708887122784
0.0002707894488301758
0.00033407933146081267
0.00023393268165025494
5.915404316764072e-05
4.625048820172752e-05
0.00021887308338131573
0.00014766655196402618
0.0001241925304203438
0.00017801141824968556
0.00016703966573040633
0.0003006793614425268
0.00045024708887122784
6.252631141159682e-05
0.00013556936998430276
7.935473243782163e-05
8.095279277367575e-05
8.015599345446472e-05
0.0001362398457714386
0.00010865287328626001
0.00016703966573040633
0.0003983721973213431
0.00045024708887122784
0.00018266361757824756
0.000628042657960209
0.00010865287328626001
0.00020934755265340302
0.0006107634460937866
0.0001741726461126612
0.00025274096519756976
0.00045024708887122784
0.0002779224292124307
6.54467941284821e-05
0.00025274096519756976
0.0002582871798057726
0.00032979732076231547
0.00045024708887122784
0.00045024708887122784
0.0003983721973213431
0.00020358781536459556
0.00045024708887122784
0.00011954260974386722
0.00016535780509122723
0.000316152439485799
0.00045024708887122784
8.095279277367575e-05
9.733130441573014e-06
0.00026673609029208344
0.0001001428785062265
0.00023393268165025494
0.00020641228825588788
0.00022531189536399853
0.00013336804514604172
0.0003680273310356837
2.7743825813449123e-05
6.160802199145775e-05
2.8274605689239287e-05
0.0003680273310356837
0.00020086607364768502
0.00019898181222095224
0.0016992326587018222
0.00010865287328626001
0.00015870946487564326
2.1408433606632986e-05
0.0001134829135413425
1.22703106622703e-05
0.00045024708887122784
9.182522221923036e-05
0.00034649730577145836
0.000101946330802998
4.490803698231483e-05
0.00029902251209827055
0.00023029460036441115
0.00045024708887122784
0.00034649730577145836
0.00045024708887122784
0.00045024708887122784
0.00016535780509122723
0.00021126858903867515
4.293845887085837e-05
0.00020435976865715793
0.0004390948801430974
0.00045024708887122784
0.0007967443946426862
3.6724131524848754e-05
0.00019570267137688658
0.00022604753766254594
0.00015453739670600315
0.00014259073267430095
0.00029744478310138463
0.0002382103972671827
0.0003680273310356837
0.00019324869255306953
0.00012591831775439908
0.0002742698867466332
0.0002761304513636241
0.00016371291143170105
0.0001777955690889812
0.00021887308338131573
0.00012229775456277646
0.0007360546620713674
0.00018266361757824756
0.00045024708887122784
0.0001605277648361448
0.00045024708887122784
0.0003680273310356837
0.00045024708887122784
0.0002707894488301758
0.0001760674219702285
9.133180878912378e-05
0.0002427475226716889
0.00011123530772263223
9.872410676925176e-05
6.5890032689955e-05
0.0002142194661475928
3.613016294053378e-05
0.00034649730577145836
0.0001777955690889812
8.425507767579693e-05
0.00013446061416741323
0.00017232465965879716
8.25857226175285e-05
0.00019324869255306953
0.0002707894488301758
4.796314071494134e-05
0.0001261365266998008
0.0003983721973213431
0.00032979732076231547
0.0003983721973213431
0.0003680273310356837
0.00020086607364768502
0.00022988630979957028
0.001218463426989818
0.001264609757943196
0.00045024708887122784
0.0006929946115429167
0.00045024708887122784
0.00021558780298158579
0.00045024708887122784
0.00017801141824968556
0.00011837075171771712
0.00019087263112180412
8.369447843441803e-05
0.0002582871798057726
0.00012044976810891241
0.00045024708887122784
0.00014259073267430095
0.0003680273310356837
0.00045024708887122784
0.00017052120736202567
0.0002124026563860295
0.00025274096519756976
0.0002667480607437934
0.0006595946415246309
4.591261110961518e-05
0.0002582871798057726
0.00014508561865889905
6.632727074031742e-05
0.0002427475226716889
0.00029462241422157357
0.00015453739670600315
0.00024757756292677135
7.676486678813705e-05
8.77098286685815e-05
7.013403515426833e-05
0.0006595946415246309
7.183942862493568e-05
0.00013783741169686023
0.00019324869255306953
0.00019087263112180412
1.5567744823955816e-05
0.00011017239457454627
0.00010338559917535123
0.000372671011434596
0.00014636496004769915
0.0001261365266998008
0.00045024708887122784
6.0781056132114534e-05
0.00029462241422157357
0.00023393268165025494
0.0002427475226716889
0.00020934755265340302
0.00020086607364768502
0.00045024708887122784
0.00045024708887122784
0.0001261365266998008
0.00015311183648439536
6.95505743517912e-05
0.00013018289855048544
0.00010559776955363353
0.00045024708887122784
0.00010943654169065787
0.00045024708887122784
2.413017532354353e-05
0.00014259073267430095
7.676486678813705e-05
6.244422788399818e-05
0.00015292004109347326
0.00013122962398770638
0.00045024708887122784
6.588573760838557e-05
0.00015050580653594835
0.00019692957834275732
0.00016876019320009457
4.4576153295249787e-05
6.037097483875684e-05
4.936205338462588e-05
0.00034104241472405133
7.779008348867146e-05
0.00045024708887122784
9.629808479501649e-05
0.00020038998363616182
0.00045024708887122784
0.0002223960989119104
5.042866975851826e-05
0.00027963218132704293
0.00016535780509122723
0.00014137380100318482
0.00045024708887122784
0.00016298630719231393
9.801973230432457e-05
5.869518788739855e-05
9.384766413468442e-05
5.2938986400183946e-06
0.0002544597236845867
0.00045024708887122784
0.00045024708887122784
0.00011602009376203978
4.4576153295249787e-05
3.756442311306371e-05
0.00040173214729537004
0.00018416608863854207
0.00032979732076231547
9.914826103379489e-05
0.00013336804514604172
0.0003983721973213431
7.988363675070748e-05
0.0003983721973213431
0.0001605277648361448
0.00014636496004769915
2.7743825813449123e-05
0.00012229775456277646
0.00023393268165025494
0.00045024708887122784
0.0002213126447882836
0.00010338559917535123
0.0002779224292124307
6.414520221215504e-05
0.0001741726461126612
6.903261284090602e-05
0.0001241925304203438
0.00045024708887122784
0.00011688530165020983
2.6433115450715945e-05
0.0004678653633005099
9.010490182325307e-05
0.00024757756292677135
9.133180878912378e-05
0.00015747266110351828
0.000180007260495044
6.328988263063684e-05
0.0003680273310356837
2.7479840887936897e-05
0.0002223960989119104
0.00021558780298158579
6.160802199145775e-05
0.00014766655196402618
0.00015599063943163864
0.000180007260495044
4.591261110961518e-05
6.202495704632816e-05
0.00026427754793591424
0.00041973942514687476
3.209936159833883e-05
0.00048624844905691627
0.00015558016697734292
0.0001517129238147108
0.00020358781536459556
6.286586082335497e-05
0.00033407933146081267
5.977982522470199e-05
0.0003983721973213431
0.0001175055144522614
0.0001134829135413425
8.25857226175285e-05
0.00013336804514604172
0.00014382777982700185
0.0002427475226716889
0.0002582871798057726
0.00045024708887122784
0.00020934755265340302
0.00025274096519756976
1.8314462228995928e-05
0.0003680273310356837
0.00045024708887122784
0.00045024708887122784
0.00010819602974669266
0.00032979732076231547
0.0003680273310356837
0.00019570267137688658
0.00045024708887122784
0.00019570267137688658
0.0003983721973213431
0.00016851015535159386
0.0003046158567474545
0.0003680273310356837
0.00045024708887122784
0.00045024708887122784
0.00045024708887122784
0.0002707894488301758
0.00045024708887122784
0.00022604753766254594
0.0001261365266998008
5.561765386131612e-05
0.00043117560596317157
0.00021558780298158579
0.0001741726461126612
0.00045024708887122784
0.00045024708887122784
0.00045024708887122784
0.00045024708887122784
0.00022988630979957028
0.0003983721973213431
0.0002242668840737029
0.0003983721973213431
0.00045024708887122784
3.0162552800163284e-05
7.279892444415715e-05
5.561765386131612e-05
1.2485676706679614e-05
0.00045024708887122784
0.00045024708887122784
0.00011102893471752546
0.00034649730577145836
0.0003983721973213431
0.00045024708887122784
0.00045024708887122784
0.0002427475226716889
5.4475041609202875e-05
0.00045024708887122784
7.935473243782163e-05
0.00045024708887122784
2.6954648214835856e-05
0.00013783741169686023
0.00011992625666386317
0.0005054819303951395
0.000632304878971598
0.0006595946415246309
0.00015453739670600315
0.00034649730577145836
0.00034649730577145836
0.00045024708887122784
0.00022988630979957028
0.00034649730577145836
1.534333791283319e-05
0.0003983721973213431
0.00045024708887122784
0.00045024708887122784
0.000316152439485799
0.0001401763410763663
0.0005169739789763915
0.00045024708887122784
0.00029462241422157357
0.0002707894488301758
0.0003983721973213431
0.00028580757320013965
0.00011864631581214093
0.00013669479944474698
0.00016210339458625156
0.0002779224292124307
0.00016703966573040633
0.00012712779481785893
0.0002779224292124307
0.00014636496004769915
0.000316152439485799
0.00020934755265340302
0.0004071756307291911
0.00013229119708865734
4.229328548918085e-05
0.000101946330802998
0.00045024708887122784
0.00016210339458625156
0.00025425558963571785
2.4382585845389776e-05
5.87527572261307e-05
0.00015747266110351828
9.645104484513451e-05
0.00010943654169065787
0.00015453739670600315
3.4376028371270656e-05
0.0002427475226716889
0.0002464782924105786
8.830144952648156e-05
8.88977845444906e-05
0.0001760674219702285
5.7561650140773127e-05
0.00021558780298158579
5.9963128331931584e-05
0.00029462241422157357
0.00026427754793591424
0.0003680273310356837
0.00019570267137688658
0.00045024708887122784
0.00045024708887122784
0.00045024708887122784
0.00045024708887122784
0.00045024708887122784
0.000316152439485799
0.000352134843940457
0.0003983721973213431
0.00045024708887122784
0.00045024708887122784
0.00045024708887122784
0.0005054819303951395
0.00045024708887122784
0.00045024708887122784
0.00045024708887122784
0.00017801141824968556
0.00028580757320013965
0.0007360546620713674
0.00045024708887122784
0.00011431911943388292
0.00022988630979957028
0.0005415788976603516
6.371632052962968e-05
6.119339683793744e-05
0.00017232465965879716
0.0001503396807212634
0.00010787732594407902
0.00029462241422157357
0.00045024708887122784
0.00045024708887122784
0.0003680273310356837
0.0001707780668840156
0.00034649730577145836
6.532413675096592e-05
0.00013122962398770638
2.28807364746829e-05
0.00045024708887122784
0.0005716151464002793
0.0002427475226716889
0.00011512330028154625
0.00014367885724987135
0.00012136805752905146
0.00023393268165025494
6.54467941284821e-05
0.00015599063943163864
0.00012044976810891241
0.00034649730577145836
0.00034649730577145836
0.00026427754793591424
0.0001134829135413425
0.00012712779481785893
0.00045024708887122784
0.00045024708887122784
0.00032979732076231547
9.010490182325307e-05
0.0003046158567474545
9.77875026594999e-05
0.00028580757320013965
0.00010634993315908761
0.00045024708887122784
0.00045024708887122784
0.00017052120736202567
9.449006849781438e-05
0.00013122962398770638
0.0002124026563860295
5.9963128331931584e-05
6.949316597916672e-05
0.00029462241422157357
0.00010943654169065787
0.00010411574788175388
8.949890945330008e-05
0.000609231713494909
0.00045024708887122784
0.00017052120736202567
5.795658324082221e-05
6.632727074031742e-05
0.00041869510530680604
4.971590581113954e-05
0.00019823985159758386
4.477348720006263e-05
0.00026427754793591424
4.165362647733917e-05
6.202495704632816e-05
0.00013669479944474698
0.0001261365266998008
0.00032979732076231547
0.0003983721973213431
0.0003983721973213431
0.0004071756307291911
0.0003983721973213431
0.00011265594768199927
1.7849618195525174e-05
6.632727074031742e-05
0.00045024708887122784
0.0001401763410763663
0.000316152439485799
0.0003983721973213431
0.0004764207945343654
0.00045024708887122784
0.00045024708887122784
5.6002434394194284e-05
0.00010559776955363353
9.19528882771171e-05
0.0003983721973213431
7.779008348867146e-05
0.00028274760200636964
0.00045024708887122784
0.00022988630979957028
0.0003046158567474545
0.00022988630979957028
0.00045024708887122784
5.078761360623366e-05
0.0001048530902872812
0.00011688530165020983
0.00010053422006454003
0.0005165743596115452
7.57535047919113e-05
0.00019324869255306953
5.835361148648209e-05
0.0003983721973213431
8.481990789486224e-05
2.1165841339807144e-05
0.0003680273310356837
0.00034649730577145836
5.234741132627523e-05
0.00045024708887122784
0.0003983721973213431
0.00029462241422157357
0.00045024708887122784
0.000316152439485799
4.133583555912957e-05
0.00013446061416741323
0.0007360546620713674
0.0001605277648361448
4.358924252625322e-05
0.00014382777982700185
0.00045024708887122784
0.00045024708887122784
0.0002223960989119104
0.0003046158567474545
0.0003983721973213431
0.0003210555296722896
0.00028580757320013965
0.00018416608863854207
0.00029462241422157357
0.0003034258476294216
0.00034649730577145836
0.00045024708887122784
0.0001232391462052893
8.712284802203466e-05
0.0002189145572802911
0.00041869510530680604
0.0003983721973213431
0.00045024708887122784
0.00045024708887122784
0.00029462241422157357
0.00011433758037980627
0.00011183801988181631
0.00012515821670640247
2.0924032894272407e-05
7.57535047919113e-05
6.995657085781246e-05
8.04163055387726e-05
9.449006849781438e-05
8.369447843441803e-05
0.00026427754793591424
0.00015453739670600315
0.00045024708887122784
0.000180007260495044
0.0002876555596540037
0.00013018289855048544
0.00012136805752905146
0.00045024708887122784
0.0001741726461126612
0.00024757756292677135
0.00011688530165020983
0.00028580757320013965
3.6724131524848754e-05
0.00045024708887122784
0.00013669479944474698
0.00013018289855048544
0.00034649730577145836
0.0003983721973213431