0.0005261721194456018
0.0010485182584137006
0.00023883946504096244
7.241048936275636e-05
0.00178677883600547
0.0015311561118854348
0.0003311093469420524
0.0001751786763834066
5.0800604695649295e-05
3.7359271390525205e-05
0.00017382293949761161
0.00025481230077199
0.00027064536839438257
0.00014578454680278535
5.4974896645110386e-05
4.26209672470525e-05
0.00015391982316188132
6.29676183161258e-05
2.3782348370792575e-05
0.00013916864446283152
0.003377336795933106
0.00023462754864612297
0.001977632604266884
5.720641927319231e-05
0.0006499913330608763
0.00020438269632742814
0.0010239831647895232
0.002813152256874562
0.00022431739517160212
0.00010706099819500176
0.0003311093469420524
0.0003888582247686134
0.00012050315202494058
0.0007589725692237469
0.005967674986352066
2.0775410374782496e-05
0.0003651795401425064
0.00011207781417157562
5.4250719288066985e-05
0.0001859895258911954
0.00015980550593845317
0.010354037749501999
0.0030263342617997623
6.779693218006412e-05
0.00013409420937827678
0.0003891450091017507
0.0002754570343259225
0.0004588587913429472
3.630059508186339e-05
2.893708705364054e-05
0.00021606589724586852
6.996401170524949e-05
9.188560901285365e-05
0.0010519170138606029
0.0006212483657024311
0.00015386619442736153
0.00017450375634465946
4.796945929615876e-05
0.00010968244889952203
0.0003222311648013647
0.00021637764121487717
0.0003311093469420524
0.00021740490291456978
0.0006349320580241486
0.00038466360316286523
0.0038602230794609563
0.0006770332837288312
9.133053529707959e-05
0.00011870403172378225
0.0012052406699846513
0.0003220806552742088
0.00012355168931295506
0.0019150308484046424
0.0010719264465098783
0.00019471665236659997
0.0001974510853722597
0.0007291818085724026
8.965412853934664e-05
0.0012610883390802767
0.000686886331270819
4.8475957541159156e-05
2.6352824749689195e-05
0.0003091050805125346
0.00020616989158944463
0.0002384199718119422
0.003484432988987394
3.672760457678966e-05
0.00023971855040856617
0.0003311093469420524
0.0005914587038748203
0.0002506602742743159
0.0001268195267001657
5.5337010744777405e-05
0.00014010556038253415
0.0005355457638057828
0.0002363472533118335
0.0008188405520284221
5.047912068023757e-05
2.461552821179864e-05
1.1613961857267671e-05
0.0006622186938841048
0.002550790499389146
0.0013910099654469103
0.000101971436196429
0.0002929608238570212
0.00011055901244778756
0.00023970825890767974
0.000200380135600471
0.00028046734000558945
0.0011718432954280849
0.0001022182084318652
0.0002160323470936741
0.0009007811300154062
0.001655546734710262
7.472589829117612e-05
0.0019434832222432017
5.732950150872218e-05
0.00034640219541525423
0.00012431105854302234
0.00016275215786420096
0.00016098861689234942
0.00044698069792758924
0.0005322045905591107
8.791100802733007e-05
0.000551311788625875
0.0001943483222243202
0.00044802580578012384
0.0006488680557638455
0.00012728276426827688
0.00027064536839438257
3.8974586335347845e-05
0.00021018138984671279
2.48266251923312e-05
4.979652974753489e-05
7.765604571280389e-05
0.00016602177075049582
8.595683759677705e-05
0.0003311093469420524
0.0001520584544454602
0.0003311093469420524
0.00033167703734336267
5.461161687681699e-05
8.050399491638357e-05
9.00026059689649e-05
5.835705390149271e-05
0.00014771585671999953
0.0002929608238570212
0.00013709335937488534
0.0003311093469420524
3.682227372776786e-05
0.00011259764125192578
2.7545703432592246e-05
8.236779287530337e-05
0.00016098861689234942
6.153882052949658e-05
0.00012540040125736093
0.0003311093469420524
3.4841885571803016e-05
0.0001720328667616816
0.0003311093469420524
0.0005029453357603337
5.986741849276987e-05
0.0004389905422575792
0.0003110539471416336
0.0014869150384402457
0.0003311093469420524
6.808223233141614e-05
0.000360591761918094
0.00017161925781957694
0.0008119361051831478
0.00019878801620086339
0.00018464544101695399
0.0005613850373368356
0.0003910459144102049
0.00041692500379633777
0.0016098861689234942
0.0001147146978357368
0.0001520584544454602
0.00034764587899522323
0.00021132135562565037
0.00018588222623976036
0.00025800539133888155
0.0010445230362570973
0.0017089188518595532
0.0010387357885999456
0.0005363768375131071
6.605026957505335e-05
0.0007520358969037541
0.0003742566915578905
0.0020680705623361555
9.106532918299438e-05
0.0005462017225943686
0.0016695140729681497
0.0013663359118905693
0.0014172500404734888
0.0002929608238570212
0.0004917160389792191
2.4310987984084483e-05
0.00018712834577894525
0.00010353810995296558
4.003016010929547e-05
0.0001938207373969377
0.0005010435249193004
0.00028371836940124985
0.00025980164656144066
0.00013916987204460335
0.0001858643798050307
4.938928137535739e-05
0.0012610883390802767
0.0005305166734439652
0.0006133092505911912
0.0003842569504720972
0.00025036421769626557
0.00010621944618181218
8.165009607981249e-05
2.485658970744576e-05
0.00030409472820056265
0.00020972095341755632
0.00018206724086478952
9.88816302133442e-05
0.00013524334321939185
0.00012026791301613757
0.00012813937069366802
0.0005513755502712817
7.782624337530152e-05
7.143665698466678e-05
7.522836427900588e-05
0.0003270978486847842
0.0001520584544454602
0.0002572284759142604
8.006032021859094e-05
0.00048825647359260286
0.0005334760138623693
7.737620550158981e-05
0.00043332755537391754
0.00024253121941245935
0.0003311093469420524
8.224509306478015e-05
0.0002929608238570212
0.0003116791152179564
0.0002384199718119422
0.0001991371399773806
2.2564234194148747e-05
0.0001036846490472112
0.0002714889869961582
1.4181409657382617e-05
6.173311349881958e-05
0.00025481230077199
7.157693062026132e-05
0.00010763602371775417
0.0001751786763834066
0.00035703050920385523
0.0013939599798416641
0.0003543125101183722
3.3356627683268375e-05
7.191241641529312e-05
0.000762224136500583
0.0002929608238570212
0.00010566067781282518
0.0001370301532983754
0.00014971741129904298
0.00020715441594921336
0.00024320652463423944
6.393390935297242e-05
0.00021154038938945427
0.00013867316142971082
0.00021339040554494774
0.0004545839630388728
4.561282799896621e-05
0.00013709335937488534
0.00014829579986268618
3.1815488620218294e-05
1.16793158565556e-05
9.755345383501761e-05
9.807816068717275e-05
0.00024253121941245935
0.0006305441695401384
4.441106215755647e-05
3.978339631352539e-05
0.0003311093469420524
8.532056825511556e-05
6.279464720111155e-05
3.887754884311358e-05
8.284659287779011e-05
0.0005481206131935016
0.00042036277969342557
0.0003311093469420524
0.000150994935349374
0.0001961563213743455
0.0006622186938841048
0.0017491536362169704
0.00025481230077199
0.00014391871777975833
0.00014211407462748227
8.284659287779011e-05
6.808223233141614e-05
0.00021018138984671279
0.0006622186938841048
0.00032721609902093383
8.180186170503548e-05
0.0008320389685782648
0.00011156888821401177
0.00013992802341049898
0.0002694608642017947
0.00020407419822680888
0.0001751786763834066
8.71244580684414e-05
0.00037348944589655803
0.00029543171343999905
0.000706014462223866
0.0002618173260937588
7.516744563508597e-05
0.0005295055798518517
0.00011805127605425781
0.00027734632285942164
0.0003735659682014473
0.0003311093469420524
0.00011055901244778756
0.0001370301532983754
0.0003311093469420524
0.00017851525460192762
7.393233798435254e-05
6.196074207992012e-05
0.00013543477536046887
0.00019612489305981967
0.0003311093469420524
0.00012039361614981135
0.00040165303102995115
0.0007597721477191223
6.237899004485703e-05
0.00010282637606814903
0.001153254336243012
0.0003311093469420524
0.0006086869770558827
7.553892927877052e-05
0.00012947905838211078
9.371329566175163e-05
3.8688102750794906e-05
6.297459902131099e-05
0.0001798742541446691
4.1642402647114854e-05
6.657773575842375e-05
0.0003311093469420524
9.04963289987194e-05
0.00016712618995341327
0.0003086741710971125
0.0003311093469420524
4.694690207657923e-05
8.236779287530337e-05
0.00014578454680278535
0.00011020554828729421
3.604159843885411e-05
6.58170284574199e-05
0.00017851525460192762
0.00030790618376573255
0.00022401290289006192
0.00024253121941245935
0.00040501172686034203
0.0007195935888987915
0.0003041169088909204
7.933241952268287e-05
7.141881054993712e-05
3.76381118902963e-05
0.00021666377768695877
0.0009386594656479374
0.0004267808110898955
0.0007272272601996889
0.00010054961107777524
0.0010763602371775417
0.00023383291767614293
0.0013083913947391369
0.0001888456168852214
8.224509306478015e-05
5.076622130474942e-05
8.469157072228701e-05
3.7359271390525205e-05
0.00022111802489557512
0.00022134804297910962
1.943877442155679e-05
8.180186170503548e-05
5.353594709788924e-05
0.00016095811720463508
0.00011606430825238471
0.00010669520277247387
6.836189298390436e-05
0.00013228970993924688
0.0008119361051831478
8.857812752959305e-05
0.0002929608238570212
0.00044802580578012384
7.342036512898057e-05
0.0017836861054039298
0.0001589164724256955
8.345473923208854e-05
3.978339631352539e-05
5.2480898462211746e-05
3.253808129851892e-05
0.000284140793901469
0.00027064536839438257
0.0002085346508170239
9.204069592539014e-05
2.722644126824203e-05
1.3850273583188332e-05
0.00010111980364388982
0.0005559771360845443
4.35622290342207e-05
0.00011906451817656581
0.0001174920147166026
0.00016137743137082397
4.519795478670941e-05
0.00012440497315117035
0.00012672665061462426
6.033088599914627e-05
0.0001943483222243202
6.901507983444098e-05
0.00025481230077199
0.00012160326231711972
8.582587947181742e-05
0.00014072004376581968
0.0003886966444486404
7.003526115098364e-05
7.054368408789877e-05
4.350157299478129e-05
0.00014771585671999953
0.00020013586087124085
0.00012540040125736093
7.656617475070559e-05
0.0003311093469420524
8.857812752959305e-05
0.0003035890276894988
0.00021018138984671279
0.0003982742799547612
0.0007809989956964449
0.00021018138984671279
0.0004088728337274608
0.00010956733363496832
0.0003311093469420524
0.0001062577056938612
0.00013683848399689862
0.00015854213923484253
0.0003311093469420524
0.0005435923199896272
0.0003311093469420524
0.0014598707632956275
0.0026981138121700363
0.0036708703307435776
0.0003311093469420524
0.00024253121941245935
5.013572646025028e-05
4.7786043260346226e-05
0.0008862951403199972
0.0004142329643889506
0.0003311093469420524
0.00023970825890767974
0.0003311093469420524
0.0001309086630468794
2.9244305429586506e-05
3.205530026357211e-05
0.0002849355622285693
0.00014283762109987424
0.0003311093469420524
8.95304573204813e-05
5.7970829965108815e-05
0.00011156888821401177
9.728625227543767e-05
0.0001520584544454602
0.0009933280408261573
0.00010308494579472232
0.0003311093469420524
0.0006861372678561324
0.00043826933453987326
0.0001682380463787016
0.0003311093469420524
7.497079681279906e-05
0.0006622186938841048
0.0001798742541446691
0.0003270978486847842
2.6787899624659916e-05
0.0003409379722791546
7.241048936275636e-05
8.413186780039594e-05
0.0004172736961604426
0.00025980164656144066
2.2584584043281808e-05
8.910884137812615e-05
0.0001403667315168964
8.345473923208854e-05
0.00015854213923484253
0.00015331472899902593
0.00016330019215962498
4.409656997974896e-05
7.990275296922658e-05
0.0002617556345169892
0.0021553432863601276
4.561282799896621e-05
6.716493301270882e-05
0.0009933280408261573
0.00027610162654124153
8.284659287779011e-05
8.123882533601811e-05
0.00021133405349762878
0.00016712618995341327
0.00020104927668935921
0.00014438768710971298
0.0010219134816371407
0.0003982742799547612
8.939613958551785e-05
0.003247744420732591
3.328886787921187e-05
0.00015640098811276794
0.00011020554828729421
0.00032335303704215365
0.001278627494159114
0.00034734389115492363
0.0003717287596100614
1.1946510815086556e-05
0.00010859320758424078
0.00040165303102995115
0.0001210179814566503
0.00020171841777824744
0.0002929608238570212
6.852393255545032e-05
0.0001751786763834066
9.907540436258002e-05
0.0028532615736870945
0.00011580456879783508
0.00023249684530935138
0.0003311093469420524
0.00010566067781282518
0.00013867316142971082
0.00039757603240172677
5.318201221204839e-05
0.00027064536839438257
0.0005859216477140424
0.000727593658237378
0.0008788824715710637
6.140540679765327e-05
0.0004850624388249187
0.00033876628288914804
0.00021527204743550834
0.00025481230077199
0.0004087653926548563
0.00021018138984671279
0.00017582201605466014
7.765604571280389e-05
0.0003739564533407859
0.00018697822667039296
0.00010279169849176876
0.0002294674848569689
9.339817847631301e-05
0.0001938081030751294
0.0004146832438372344
0.00019350404350416115
0.0001441823899128907
0.00012808565015736572
0.0005572781775097816
0.00015849101671923775
0.00033779292375577734
5.607934879290053e-05
0.000384418112081004
9.604565392175749e-05
0.00036710182564490286
0.00050962460154398
8.102020095248918e-05
0.0011005071078500986
0.00012121523493014452
5.803281985535526e-05
0.0001403667315168964
7.092959235031246e-05
0.0015766080874506593
0.0002929608238570212
0.0002929608238570212
0.00027064536839438257
0.00028422814925496454
0.00036118084844943404
0.00022401290289006192
0.0007446321640908495
0.0002647527899259259
5.070933831405258e-05
0.0001751786763834066
0.0008666551107478351
0.0005481914604436026
0.00017450375634465946
0.0002929608238570212
0.0003347066646420353
0.000156199799139289
0.0012879089351387953
0.00014578454680278535
0.0003311093469420524
0.0003311093469420524
0.00014391871777975833
0.00011906241640872448
0.0008827034461845547
8.345473923208854e-05
8.791100802733007e-05
0.0003327248254580613
7.208319687770822e-05
4.119496854654021e-05
0.0003311093469420524
0.0003311093469420524
0.0001192099859059711
0.00027064536839438257
0.001059021693335799
0.00010136490940018755
0.0002929608238570212
0.00027064536839438257
0.0003311093469420524
2.3605702110652676e-05
0.0002929608238570212
0.00028951673095957176
0.0003311093469420524
0.00044802580578012384
0.00037620120377208276
0.00043332755537391754
0.00012475223051929682
0.0001635489243423921
4.780831451174585e-05
8.234108843898079e-05
4.26209672470525e-05
0.00025481230077199
0.00023249684530935138
0.0002929608238570212
0.0003311093469420524
0.0003311093469420524
0.0001644901861295603
9.728625227543767e-05
1.557242114207413e-05
8.660054885381356e-05
0.0003311093469420524
0.00016330019215962498
6.537496435327322e-05
0.0002929608238570212
0.0003311093469420524
6.556213853056256e-05
0.0003311093469420524
0.0003311093469420524
0.00016905718613191058
0.000156199799139289
0.00025481230077199
0.00027064536839438257
0.00012160326231711972
2.7006733650829726e-05
0.00025617130031473144
0.0001720328667616816
0.0003311093469420524
0.00012672665061462426
0.0003955265208533768
0.00023383291767614293
0.00013867316142971082
5.2480898462211746e-05
0.00015854213923484253
4.762443798977785e-05
0.0001943483222243202
0.00025481230077199
0.00013867316142971082
7.901504525554538e-05
1.943877442155679e-05
4.26209672470525e-05
0.0003311093469420524
0.00014971741129904298
0.00018838394160333467
0.0006622186938841048
0.00025080080251472186
0.00040165303102995115
9.27601399618482e-05
0.00042036277969342557
0.0009299873812374055
0.00036852028142195464
0.00013252534413390893
0.000727593658237378
0.0012262961779645688
0.00101924920308796
0.0007393233798435253
0.00011628354821255404
0.00023762357700833639
0.00016813936131664496
4.276747200650341e-05
0.00025592571409888473
0.0008023866557992724
0.001859974762474811
4.910335508729853e-05
0.00023970825890767974
0.0003440657335233632
0.00015854213923484253
0.0004828059743727933
0.00036532214118831837
0.00021018138984671279
0.00012639975455486227
0.00019891698156762692
0.00010566067781282518
0.0001309086630468794
0.0001943483222243202
0.00010308494579472232
0.00015028510170035327
9.204069592539014e-05
0.0003174465783955445
6.004524016394321e-05
0.0003311093469420524
0.00014971741129904298
0.0001403667315168964
4.233053551728634e-05
0.0010282834993937673
9.204069592539014e-05
4.175422988419539e-05
3.5527233152215207e-05
8.345473923208854e-05
0.00019423859953080497
9.69040515375647e-05
0.00023050590999404644
0.0009933280408261573
5.986741849276987e-05
0.0001403667315168964
4.812922903657099e-05
0.0003311093469420524
0.00031708427846968506
6.996401170524949e-05
0.00013867316142971082
0.0003311093469420524
0.0003311093469420524
0.0002294293956714736
0.00018206724086478952
0.0001520584544454602
0.0005859216477140424
0.00011906451817656581
0.00017006183185567405
0.0003311093469420524
5.3892172840358947e-05
4.3961769836389014e-05
3.7348944589655804e-05
0.0003311093469420524
0.0003311093469420524
0.0003311093469420524
0.00013237639496296294
0.0001751786763834066
0.00014578454680278535
0.00023249684530935138
5.213366270425598e-05
0.0001751786763834066
0.00025481230077199
0.00025481230077199
4.584682695409409e-05
5.7242189338116595e-05
0.00032197723378469883
0.00027064536839438257
0.00043175615333927497
0.00014211407462748227
0.00011055901244778756
0.00012947905838211078
0.00022969852425211678
0.00010707189419577848
0.005199930664487011
0.0003311093469420524
1.4681815821381388e-05
2.0792996681619008e-05
5.625147735035111e-05
0.00021018138984671279
0.00037988607385956117
0.00018098971850082196
8.180186170503548e-05
0.0002929608238570212
0.0008666551107478351
0.0003311093469420524
0.00035709405274968555
0.00025481230077199
0.00014391871777975833
0.00011055901244778756
6.948750063272296e-05
0.00010859320758424078
0.00025481230077199
0.0003311093469420524
0.0003311093469420524
0.0009933280408261573
0.0009933280408261573
0.0002073692980944224
0.0006622186938841048
4.500130298448245e-05
0.0006622186938841048
0.00010052463834467961
8.595683759677705e-05
9.062942154724293e-05
0.0003311093469420524
0.00027064536839438257
6.42733080093819e-05
5.9929637602141544e-05
0.00025481230077199
0.0002929608238570212
8.350845976839079e-05
0.00012540040125736093
0.00011292292021640904
0.00015854213923484253
0.00023342821560597084
0.0002929608238570212
0.00020972095341755632
8.01213195940196e-05
3.1576717377720335e-05
0.00013709335937488534
0.00016905718613191058
0.000182870619662737
9.061243229411467e-05
0.0003311093469420524
9.969700342401585e-05
8.791100802733007e-05
8.224509306478015e-05
0.00011290496058080328
8.641293883746965e-05
0.00029664489064003263
0.0006549529372551724
9.88816302133442e-05
0.0006622186938841048
0.0003311093469420524
7.876793575304025e-05
0.00010669520277247387
0.00029543171343999905
0.0003982742799547612
5.3188688391283545e-05
0.0005236346521875176
0.0003311093469420524
0.0002929608238570212
0.0002044364168637304
0.00011805127605425781
0.0001039655515424511
0.00014833991666895525
4.0920242706816445e-05
6.173311349881958e-05
0.00025481230077199
0.00025481230077199
0.00015395309188286627
0.0003311093469420524
0.0002929608238570212
0.00023160913759567015
0.00012947905838211078
7.956679262705078e-05
5.7173688564483354e-05
0.0004137560035345323
0.00015536581196191003
9.650557698652392e-05
0.0006675296250102985
0.0003311093469420524
4.711994066354922e-05
0.0001001900678002355
0.00010956733363496832
9.204069592539014e-05
8.925343275137318e-05
0.0001720328667616816
9.616590079071631e-05
0.0003311093469420524
0.00013237639496296294
0.00030257762666737115
0.0003311093469420524
0.00027064536839438257
0.00011671410780298542
9.232454407714824e-05
0.00021666377768695877
0.00027064536839438257
0.0010153244260949882
0.00013252534413390893
0.0004980653122514875
0.00036439864276987806
0.000489900576478875
8.725187817232973e-05
0.0001517945138447494
0.00012540040125736093
9.27601399618482e-05
0.0003311093469420524
4.3206469418734826e-05
0.00031902216725822026
5.178860398730334e-05
6.279464720111155e-05
5.795874856028793e-05
0.0003886966444486404
0.0005684562985099291
2.59211622618028e-05
4.275550643385592e-05
0.0004829658506770483
7.098081733748479e-05
0.0001370301532983754
0.00021018138984671279
7.876793575304025e-05
0.00021666377768695877
0.00027064536839438257
0.00018994303692978058
4.910335508729853e-05
4.971317941489152e-05
4.203015193061279e-05
0.00021154038938945427
9.062942154724293e-05
0.0010859320758424078
7.710841248727573e-05
0.0002872074617748576
5.9532259088282904e-05
5.1306607720627104e-05
0.00010153244260949885
0.00010437648334712363
5.594055847689915e-05
0.00012699160655185902
5.461161687681699e-05
0.00011204683376896742
5.803281985535526e-05
0.00012039361614981135
0.0004589349697139378
0.0003311093469420524
0.0003376389333026193
0.0001517945138447494
9.625845807314198e-05
0.00012766019221905267
0.00031708427846968506
0.00013867316142971082
0.00014508204963838814
5.7970829965108815e-05
0.0002929608238570212
0.00010577019469472714
0.00020438269632742814
0.00018206724086478952
0.0001720328667616816
6.113928376944991e-05
9.062942154724293e-05
0.0003311093469420524
0.0001136459907597182
0.00019510690767003523
0.00010566067781282518
0.00011691645883807146
4.654304763725582e-05
0.0002079311030849022
4.8039027444665476e-05
5.889061968790134e-05
0.00018994303692978058
0.00013237639496296294
0.0001858643798050307
7.710841248727573e-05
8.84194455739942e-05
7.693712006429019e-05
7.444911816689458e-05
0.00021018138984671279
0.0010219134816371407
0.00016623417324239693
0.0007644369023159699
0.00010396498340809504
0.0001022182084318652
0.00037620120377208276
0.00013237639496296294
0.00016186913416879397
7.876793575304025e-05
0.00017507116170447813
3.761418213950294e-05
8.582587947181742e-05
0.0017990381677663132
0.00022111802489557512
0.00014771585671999953
0.0003311093469420524
0.0002929608238570212
0.00022401290289006192
6.996401170524949e-05
7.268277652385164e-05
0.00011805127605425781
5.986741849276987e-05
0.00016623417324239693
8.047905860231754e-05
0.00019612489305981967
0.00033381895692835415
0.0001039655515424511
2.722644126824203e-05
3.9891516293462655e-05
0.00015866483904536575
0.00013867316142971082
0.0001592263100273083
0.00013237639496296294
8.036369887397974e-05
0.00022401290289006192
4.379826743336987e-05
7.291311098455351e-05
0.00018125884309448586
0.00010669520277247387
0.00011055901244778756
0.00017851525460192762
0.00014771585671999953
0.00018995704148571285
0.0003311093469420524
5.2188241673561814e-05
0.00022111802489557512
7.444911816689458e-05
0.00014971741129904298
0.00018341785130834975
0.0001798742541446691
0.00014211407462748227
6.714784299036097e-05
3.278106926528128e-05
8.224509306478015e-05
0.00018994303692978058
6.876826866053634e-05
0.00016623417324239693
0.0003427333984372133
8.345473923208854e-05
3.4263899497256255e-05
5.7970829965108815e-05
0.00010052463834467961
9.728625227543767e-05
8.317198672647603e-05
0.0007194970165786764
0.00039272598914063823
0.0005412907367887651
0.00018098971850082196
0.00022401290289006192
0.00044877420369000945
0.00021018138984671279
0.0001520584544454602
0.0001762380220749039
0.0002864416989477151
3.950752262777269e-05
0.00012284009380731823
8.819313995949792e-05
5.9532259088282904e-05
6.033088599914627e-05
0.00023653351630079073
0.00027064536839438257
0.00020013586087124085
3.5490408668742395e-05
0.0003169820334384755
8.589231674431358e-05
0.00012900269566944078
0.00028237529006551736
0.0002384199718119422
0.0004850624388249187
0.0002384199718119422
0.000226492403024061
0.00025481230077199
0.00012947905838211078
0.0003311093469420524
5.353594709788924e-05
0.00041668774551468796
0.0006081894564011253
0.000448487797427838
0.00025229118907197875
0.00042036277969342557
9.807816068717275e-05
7.933241952268287e-05
6.0733107128313005e-05
0.00014088936899841917
0.00022401290289006192
0.00044802580578012384
0.00027064536839438257
0.00013543477536046887
5.803281985535526e-05
5.4560323609088595e-05
0.00020438269632742814
0.00010778434568071789
7.928922752031047e-05
0.0001855202799236964
9.910938556759444e-05
0.00010859320758424078
9.204069592539014e-05
9.650557698652392e-05
2.2566820405061723e-05
9.033833617312723e-05
0.00018994303692978058
7.710841248727573e-05
0.00011055901244778756
0.00027064536839438257
0.00017450375634465946
7.497079681279906e-05
6.474619984360166e-05
3.302513478752668e-05
6.12079918370721e-05
0.0003311093469420524
0.00010203709911340444
0.00014416639375541644
0.00012900269566944078
8.224509306478015e-05
0.00027612208777617046
0.0002098920351157485
0.0002929608238570212
9.348911333519648e-05
0.00012039361614981135
0.0001977632604266884
0.00043735364040835604
0.0001858643798050307
0.00018206724086478952
0.0001517945138447494
0.00014684073025796114
0.00011691645883807146
8.791100802733007e-05
0.0001822983812904116
0.0003982742799547612
7.576140827539782e-05
0.0001136459907597182
0.00021666377768695877
0.00023249684530935138
0.000156199799139289
0.0003311093469420524
0.0001136459907597182
0.0001943483222243202
0.0003311093469420524
0.00010577019469472714
0.00023132523746182722
0.00029909101027204756
0.00012159262640964589
0.0001147146978357368
0.00022653108073528665
0.0001675826851296254
0.00020438269632742814
0.000727593658237378
0.0001001900678002355
0.00024253121941245935
0.0008094341436510109
5.660532292503924e-05
4.971317941489152e-05
6.556213853056256e-05
0.0003311093469420524
9.969700342401585e-05
0.0003145814301263345
0.0003717287596100614
0.0010710747494132031
0.0005859216477140424
9.650557698652392e-05
0.0004903908034358637
0.00017930825707869328
5.4351225728642445e-05
0.00012699160655185902
9.886386657512412e-05
4.943193328756206e-05
8.469157072228701e-05
0.00018492489689921627
0.00023249684530935138
0.0004850624388249187
0.0005698291107893418
0.00019612489305981967
0.00035309722388711433
0.00040165303102995115
0.0004840719258266012
0.0005598406846390694
0.0008334516272359606
0.00015551019537245433
0.0002929608238570212
0.00018994303692978058
2.680381786015613e-05
9.969700342401585e-05
8.047905860231754e-05
6.355835259642806e-05
9.204069592539014e-05
0.00023249684530935138
0.00014391871777975833
0.00046380069980924094
0.0001720328667616816
6.196074207992012e-05
0.0001771562550591861
0.0001039655515424511
0.00012039361614981135
0.00020438269632742814
0.00017851525460192762
0.0003311093469420524
0.00021154038938945427
0.0003311093469420524
0.0003311093469420524
0.0002929608238570212
8.925343275137318e-05
5.5340590250165275e-05
0.00028586844282241675
0.00010735144469796401
5.720641927319231e-05
0.00014971741129904298
0.00021573724924587936
0.00011441283854638462
0.00021339040554494774
0.0003311093469420524
0.00021018138984671279
9.401693264307532e-05
0.0001403667315168964
2.4715176022777706e-05
8.925343275137318e-05
6.897228205325619e-05
0.00014971741129904298
0.00028684988707047506
0.00012355168931295506
0.0002929608238570212
0.0001751786763834066
0.0003311093469420524
0.0005355457638057828
0.0005080723226136148
4.5306216147057334e-05
0.00010486047670877816
6.237611525964841e-05
5.283033890641259e-05
0.00023213127942142104
0.00017450375634465946
0.00012947905838211078
0.00030790618376573255
0.0003035890276894988
0.0008788824715710637
8.067865430443354e-05
8.406968065832248e-05
0.0004082504803990624
0.00020450465426258865
1.804704417010634e-05
7.933241952268287e-05
8.532056825511556e-05
5.042960444456186e-05
4.6231224224804067e-05
4.0920242706816445e-05
0.00031708427846968506
0.00033167703734336267
0.00010308494579472232
0.00022313777642802353
0.00012699160655185902
0.0001695931452223205
0.00012672665061462426
0.000495685936639361
0.0001492874548268966
5.009503390011775e-05
0.0005859216477140424
0.0004829658506770483
0.0001943483222243202
0.0003311093469420524
0.00010859320758424078
5.835705390149271e-05
0.0003311093469420524
6.537496435327322e-05
0.0001485737158449968
0.0002929608238570212
0.0003311093469420524
0.00023249684530935138
0.00012185823800402716
0.00011906451817656581
0.00044802580578012384
4.4698069792758925e-05
0.00018206724086478952
0.0005274660481639804
4.685664783087582e-05
0.0003229080711532625
0.00025481230077199
0.00044216076282475257
0.00010496179692442349
0.0001977632604266884
8.245989616121112e-05
0.0005575931394150921
0.000195791954669147
0.00012410536068180824
0.0003311093469420524
0.0005412907367887651
0.0003387148817424099
0.0010219134816371407
0.00014668433263290118
0.00011597489337050279
0.0005123426006294629
0.0002929608238570212
0.00019510690767003523
0.0003311093469420524
0.00035703050920385523
4.762443798977785e-05
0.00018994303692978058
0.00021718641516848156
0.00033246834648479386
0.00011699978626976725
0.00043735364040835604
5.603890708578781e-05
8.180186170503548e-05
4.5306216147057334e-05
5.076622130474942e-05
0.0001855202799236964
0.00023428323915437906
0.00024253121941245935
0.00010577019469472714
0.00030387503997235735
5.7970829965108815e-05
0.00013848681611572234
9.308609527451164e-05
0.0003311093469420524
0.0003311093469420524
9.348911333519648e-05
0.0001192099859059711
3.5490408668742395e-05
8.993712707233455e-05
0.0009812935460543526
7.876793575304025e-05
6.734179718341362e-05
0.00023249684530935138
7.990275296922658e-05
0.000502623191723398
3.604159843885411e-05
0.00012252743350551224
0.00010922323375363398
2.3812218994888926e-05
0.0002294293956714736
0.0003311093469420524
8.819313995949792e-05
0.00013284966135085384
0.00027064536839438257
0.0005859216477140424
0.00031077548712775844
5.2506062293059235e-05
0.0006622186938841048
0.00021573724924587936
0.00011441283854638462
0.0001904977519591114
0.0004087653926548563
0.0006622186938841048
0.000494408151066721
6.537496435327322e-05
0.0003311093469420524
0.00024335211529665627
0.00038283087375352794
0.0003438273503871082
0.0005609346800111789
5.720641927319231e-05
0.0005412907367887651
1.5854898913861716e-05
0.0002349840294332052
0.00010052463834467961
0.0001338843436766504
7.77634867854084e-05
8.595683759677705e-05
0.0005287384243813433
0.00016905718613191058
4.5306216147057334e-05
4.4698069792758925e-05
7.054368408789877e-05
0.00024253121941245935
7.60292272227301e-05
5.2480898462211746e-05
7.291311098455351e-05
0.000284930045595975
0.00017546583257751903
8.636836261111012e-05
0.00023132523746182722
0.0001287388192077261
0.00022872296349780907
0.00014056994349262745
6.267795509538354e-05
5.144569518285208e-05
0.00022111802489557512
0.00021527204743550834
0.0003648097869513592
0.00025800539133888155
0.00015331472899902593
0.0003311093469420524
0.0001682380463787016
0.0003311093469420524
0.00033811437226382115
0.00045538354153424823
0.00015693209950538414
0.0003311093469420524
0.0003311093469420524
0.0003311093469420524
0.00024253121941245935
0.00024253121941245935
0.0003311093469420524
0.0003311093469420524
0.00025481230077199
0.0001039655515424511
0.0001858643798050307
0.00018994303692978058
7.342036512898057e-05
0.00016905718613191058
0.0002929608238570212
0.0001991371399773806
0.0007697654594143313
0.0003440657335233632
0.00010052463834467961
0.0001635489243423921
0.00014391871777975833
0.00017851525460192762
0.00018206724086478952
0.00016098861689234942
0.0003995137648461329
5.4974896645110386e-05
6.58170284574199e-05
9.184231514658257e-05
0.00023249684530935138
0.00012039361614981135
0.00014391871777975833
0.00021018138984671279
0.00021666377768695877
0.0001943483222243202
0.00024253121941245935
0.00027064536839438257
0.00027064536839438257
0.00025481230077199
0.00018206724086478952
0.00015395309188286627
0.00012392148415984024
0.00014391871777975833
0.00021666377768695877
0.0001720328667616816
0.00022401290289006192
0.00027064536839438257
0.00021018138984671279
0.00022431739517160212
9.4976681865325e-05
8.725187817232973e-05
0.00020438269632742814
0.00014211407462748227
0.0001370301532983754
0.0006622186938841048
0.00014578454680278535
0.00013237639496296294
0.00011594165993021763
0.0007296195739027184
0.00028783743555951667
0.00016623417324239693
0.00011893384128046571
0.00014246778111428465
0.00016932214206914536
0.0005412907367887651
0.0003659119842860125
9.371329566175163e-05
0.00011935018894057616
0.00016492468993533116
0.00010994979329022077
0.00012947905838211078
7.79197788044891e-05
0.00012900269566944078
0.000312399598278578
0.0002929608238570212
0.00025481230077199
0.0002929608238570212
0.0003311093469420524
0.00011055901244778756
0.0001858643798050307
5.8946297049329464e-05
4.233053551728634e-05
5.8946297049329464e-05
0.00014994159362559812
0.0001077468754934618
2.8114148981923253e-05
8.595683759677705e-05
0.00010956733363496832
0.00016098861689234942
1.7008916629817785e-05
0.00014211407462748227
0.00010691868001625851
8.284659287779011e-05
0.000156199799139289
0.00015854213923484253
0.00010812479531656233
0.00015212801494215775
0.00047982675781209865
0.0005859216477140424
6.315343475544067e-05
0.00012813937069366802
0.0002929608238570212
0.00029664489064003263
0.00022882567709276924
0.00013252534413390893
7.647857714732175e-05
5.055990182194491e-05
7.8209182882041e-05
0.0003553635491332459
0.00012146621425662601
0.00014578454680278535
0.0006771738768023443
4.5306216147057334e-05
2.971474316899936e-05
0.00018206724086478952
6.459232282835679e-05
0.0009825671206182746
0.0001298728454193822
2.278729766130145e-05
0.00021700287715226794
0.00048641250442906073
0.00028371836940124985
0.00010085920888912372
5.445288253648406e-05
0.0005412907367887651
0.0005546926457188433
0.0004850624388249187
0.0001961563213743455
2.9702947126042048e-05
0.00028783743555951667
0.00019301115397304784
0.0001136459907597182
0.00018266107059415919
6.996401170524949e-05
0.00012284009380731823
4.2997126131541635e-05
0.00017859677726484872
5.66766626169568e-05
0.00013543477536046887
9.761424389555675e-05
0.0001943483222243202
0.000156199799139289
0.0002929608238570212
7.393233798435254e-05
4.291293973590871e-05
7.241048936275636e-05
8.641293883746965e-05
0.0001136459907597182
3.7348944589655804e-05
0.0003578381489932133
9.659791426714656e-06
3.4764587899522326e-05
4.233053551728634e-05
0.00022401290289006192
0.00029943482259808595
0.0003311093469420524
0.0001991371399773806
0.00022401290289006192
0.00016095811720463508
6.996401170524949e-05
6.854667968744267e-05
0.00021718641516848156
0.00010763602371775417
0.0003311093469420524
0.0003311093469420524
5.1413188034074514e-05
0.00012284009380731823
0.0005981820205440951
6.321638631515634e-05
0.0006882881870144208
0.00046859939741786694
5.5708729984471094e-05
0.0004850624388249187
7.291311098455351e-05
0.00012039361614981135
0.00013237639496296294
6.671195362374695e-05
4.77678930081925e-05
6.58170284574199e-05
3.623415048576163e-05
0.00013237639496296294
0.0002618173260937588
0.00014416639375541644
0.00018219932138493903
5.3792477123607986e-05
0.00029943482259808595
0.0003311093469420524
0.00028783743555951667
0.00010763602371775417
8.725187817232973e-05
0.00019753761313886343
0.00011805127605425781
9.728625227543767e-05
6.762167160969593e-05
5.9532259088282904e-05
0.00015849101671923775
0.00023428323915437906
0.0001720328667616816
0.0003311093469420524
0.00011055901244778756
0.0006622186938841048
0.00027064536839438257
0.00011805127605425781
0.0003409379722791546
0.0002450548670110245
0.00024253121941245935
9.981086239471778e-05
7.656617475070559e-05
4.748926037142821e-05
5.7970829965108815e-05
0.00014185918470062492
0.00014771585671999953
5.720641927319231e-05
0.0003311093469420524
0.0002740603065967508
0.0006622186938841048
0.0006080163115855985
8.406968065832248e-05
0.0006305441695401384
6.901507983444098e-05
5.283033890641259e-05
0.00013776347271987385
5.9405894252084097e-05
0.00010486047670877816
0.00013237639496296294
0.0001751786763834066
0.00012284009380731823
0.0002741867187497707
0.00012160326231711972
6.321638631515634e-05
0.00017450375634465946
0.0005908634268799981
0.0001858643798050307
0.00015313234950141118
0.0005412907367887651
0.0001751786763834066
5.09857180982145e-05
3.365274712015838e-05
7.656617475070559e-05
0.00014211407462748227
0.00025481230077199
0.00022401290289006192
4.877672691750881e-05
5.3141019162388004e-05
0.0003311093469420524
0.0003311093469420524
7.772634488260085e-06
0.00015395309188286627
7.710841248727573e-05
7.044468449920958e-05
0.0001309086630468794
4.500130298448245e-05
0.00021844646750726797
0.00028783743555951667
0.000494408151066721
0.0001719136751935541
0.0005334760138623693
0.0004160194842891324
0.00027064536839438257
0.000284930045595975
0.00011259764125192578
0.000860164333808408
9.058537621440407e-05
0.0003801799518438728
0.00016938314144457402
0.00015421682497455147
0.00029943482259808595
0.00014971741129904298
8.106146282093991e-05
5.9532259088282904e-05
0.0005412907367887651
3.110226025772608e-05
0.00016905718613191058
0.0002929608238570212
0.0004994294716537673
6.901507983444098e-05
0.0006928043908305085
8.532056825511556e-05
9.119446980723441e-05
0.00011055901244778756
0.00014582622196910702
0.00027064536839438257
5.009503390011775e-05
6.220452051545215e-05
5.835705390149271e-05
9.650557698652392e-05
0.0002079311030849022
0.00027064536839438257
0.00023249684530935138
0.0001858643798050307
5.87460073583013e-05
7.60292272227301e-05
8.469157072228701e-05
6.062559244938455e-05
0.0003503573527668132
5.283033890641259e-05
0.00012726195448087318
0.00010812479531656233
6.716493301270882e-05
6.952917579904465e-05
0.00012410536068180824
0.00022111802489557512
6.948750063272296e-05
8.345473923208854e-05
3.0165442999573135e-05
0.00012160326231711972
0.00023249684530935138
0.0003311093469420524
0.0003311093469420524
0.0003311093469420524
0.00020438269632742814
0.00021666377768695877
0.00024253121941245935
0.0001943483222243202
9.688848424253519e-05
0.0004850624388249187
0.00027064536839438257
0.0002929608238570212
0.00011906451817656581
4.976248494229888e-05
0.0007434575192201228
0.0002929608238570212
0.00021666377768695877
0.00035703050920385523
9.4976681865325e-05
0.00024320652463423944
0.00046499369061870277
5.720641927319231e-05
4.1468324383723445e-05
0.00016623417324239693
0.00020438269632742814
8.857812752959305e-05
0.0001943483222243202
0.00010289139036570416
0.00023249684530935138
0.00013867316142971082
0.0003311093469420524
0.00011156888821401177
2.4019513722332738e-05
0.00010890178524559017
0.00023249684530935138
0.00028046734000558945
0.00025481230077199
0.0003311093469420524
5.5340590250165275e-05
9.122565599793242e-05
0.000156199799139289
9.422787187793173e-05
0.00016623417324239693
0.00025481230077199
9.56166290234917e-05
4.1468324383723445e-05
5.607934879290053e-05
7.342036512898057e-05
8.284659287779011e-05
4.561282799896621e-05
4.561282799896621e-05
0.0003311093469420524
0.0003311093469420524
0.00027064536839438257
0.0001039655515424511
0.00023971855040856617
4.175422988419539e-05
0.0001147146978357368
0.00042036277969342557
0.0001771562550591861
0.0002929608238570212
5.835705390149271e-05
7.191241641529312e-05
0.00025481230077199
0.00010486047670877816
5.913772919040646e-05
7.260119016372678e-05
9.88816302133442e-05
8.993712707233455e-05
0.0002929608238570212
0.00025481230077199
0.00025481230077199
0.00021666377768695877
0.0001635489243423921
0.0009933280408261573
0.00025481230077199
0.0003311093469420524
0.00014088936899841917
0.0003311093469420524
0.00012672665061462426
0.0003311093469420524
0.0002929608238570212
0.00043332755537391754
0.0019866560816523145
0.0003311093469420524
0.00013543477536046887
0.0003311093469420524
3.351653702592508e-05
0.000312399598278578
0.00046499369061870277
9.728625227543767e-05
0.00021666377768695877
2.506786323012514e-05
0.0001943483222243202
0.00011580456879783508
0.0007965485599095224
2.7624679676227187e-05
0.0003982742799547612
0.0001943483222243202
0.000156199799139289
0.0001943483222243202
0.0002929608238570212
0.00027064536839438257
0.0004054596376007502
3.895988940224455e-05
0.00025481230077199
0.0001022182084318652
0.0003311093469420524
0.00024253121941245935
5.9532259088282904e-05
0.0004087653926548563
0.0002807334630337928
0.00016905718613191058
5.8946297049329464e-05
0.00021018138984671279
0.0003311093469420524
0.0002929608238570212
0.0003311093469420524
0.0003311093469420524
0.00021573724924587936
0.00010956733363496832
0.0003543125101183722
8.993712707233455e-05
0.0001309086630468794
0.00011691645883807146
0.0001309086630468794
0.0006622186938841048
0.00011691645883807146
7.5497467674687e-05
0.00014971741129904298
0.0003311093469420524
0.0001943483222243202
0.0003311093469420524
0.00012808565015736572
0.00012039361614981135
0.00014578454680278535
0.00012410536068180824
0.00042634222388244683
7.497079681279906e-05
0.0001943483222243202
0.00030790618376573255
4.685664783087582e-05
2.2566820405061723e-05
8.284659287779011e-05
0.00012284009380731823
0.0005859216477140424
3.113049735012061e-05
5.076622130474942e-05
0.00012284009380731823
0.00025481230077199
5.9532259088282904e-05
0.00022401290289006192
0.00022401290289006192
0.00031062418285121557
0.0006622186938841048
0.0006622186938841048
0.00044802580578012384
6.079631320482294e-05
0.0003311093469420524
0.0006622186938841048
0.00025481230077199
0.0006622186938841048
7.990275296922658e-05
6.948750063272296e-05
5.461161687681699e-05
0.0001635489243423921
0.00029227960918936773
8.660054885381356e-05
3.623415048576163e-05
0.00012947905838211078
1.5565248675060305e-05
0.0001606078412936677
5.4250719288066985e-05
0.0002485397786333704
3.401236637113481e-05
0.0003982742799547612
5.835705390149271e-05
2.6136570306143753e-05
9.650557698652392e-05
0.0001517945138447494
5.401346730165945e-05
0.00016098861689234942
8.466107103457268e-05
0.00014211407462748227
0.00029909101027204756
6.716493301270882e-05
0.0001403667315168964
0.00010486047670877816
0.0003311093469420524
7.765604571280389e-05
0.00013867316142971082
4.409656997974896e-05
5.913772919040646e-05
0.0003311093469420524
0.00012672665061462426
7.141881054993712e-05
0.0002929608238570212
0.0003311093469420524
6.321638631515634e-05
8.725187817232973e-05
1.6165402279545736e-05
9.755345383501761e-05
0.00013962914291176746
5.009503390011775e-05
0.00018838394160333467
0.00015395309188286627
0.0002929608238570212
0.0003311093469420524
0.0001943483222243202
0.0003311093469420524
0.00016905718613191058
0.00013867316142971082
0.00020438269632742814
0.0003311093469420524
0.00027064536839438257
2.278729766130145e-05
0.0002929608238570212
0.0002929608238570212
0.0003311093469420524
5.461161687681699e-05
0.0003440657335233632
0.00018464544101695399
7.710841248727573e-05
0.0003311093469420524
0.0008119361051831478
0.0007140610184077105
8.725187817232973e-05
0.0001517945138447494
0.00015854213923484253
0.0001338843436766504
0.0003311093469420524
0.00024253121941245935
0.00014684073025796114
6.58170284574199e-05
0.0003311093469420524
0.00025080080251472186
0.00023610255210851561
0.0008119361051831478
0.0002929608238570212
5.013572646025028e-05
0.00011259764125192578
0.00023249684530935138
0.00014211407462748227
0.00015854213923484253
0.00037231608204542474
0.00027064536839438257
8.791100802733007e-05
4.204162837054973e-05
0.0001230969606779693
0.0003311093469420524
4.780831451174585e-05
9.57358205916192e-05
0.0001338843436766504
9.544646586065488e-05
0.0002929608238570212
0.0003270978486847842
0.0003311093469420524
3.376389333026193e-05
0.00025481230077199
0.00013543477536046887
0.0001403667315168964
0.0001943483222243202
0.0006409705567521568
8.532056825511556e-05
1.2617698219718225e-05
0.0003311093469420524
0.000156199799139289
8.165009607981249e-05
0.0003311093469420524
0.0002294293956714736
0.00011156888821401177
0.00023249684530935138
0.0003311093469420524
0.00021018138984671279
0.00011156888821401177
0.00018206724086478952
0.0003311093469420524
8.224509306478015e-05
0.0002929608238570212
0.0001192099859059711
0.0003311093469420524
0.00011985927520428309
9.969700342401585e-05
2.8789454203703374e-05
0.00012540040125736093
0.00012672665061462426
0.00011691645883807146
0.00012160326231711972
0.00027064536839438257
4.5921157573291285e-05
9.952496988459776e-05
6.808223233141614e-05
5.213366270425598e-05
0.0001517945138447494
0.00022519528250385156
0.00022111802489557512
0.00045538354153424823
0.00023296813713841167
0.00018266107059415919
0.00017391248989532645
9.422787187793173e-05
0.00012039361614981135
3.5120413798879794e-05
0.00013237639496296294
0.0001751786763834066
0.0008580962890978847
6.996401170524949e-05
0.00014211407462748227
0.00012947905838211078
0.00010735144469796401
0.00011259764125192578
0.0003035890276894988
0.00010669520277247387
0.00019301115397304784
0.0001147146978357368
5.9929637602141544e-05
0.00017851525460192762
0.0001991371399773806
3.886317244130042e-05
7.191241641529312e-05
9.422787187793173e-05
8.791100802733007e-05
5.318201221204839e-05
0.0002929608238570212
0.000156199799139289
0.00018994303692978058
0.0001517945138447494
0.00015854213923484253
0.0002929608238570212
0.0003311093469420524
6.450134783472039e-05
3.302513478752668e-05
0.00010669520277247387
0.00015866483904536575
0.00016938314144457402
0.00015854213923484253
0.00014971741129904298
0.00023249684530935138
9.27601399618482e-05
0.00012039361614981135
0.00013867316142971082
0.00016623417324239693
0.0002929608238570212
0.0004756264177045276
6.852393255545032e-05
9.4976681865325e-05
0.00010052463834467961
4.976248494229888e-05
0.00011068118050033055
4.877672691750881e-05
0.00011805127605425781
0.0002929608238570212
9.650557698652392e-05
0.00027064536839438257
6.321638631515634e-05
6.626267206695447e-05
7.141881054993712e-05
0.0002027298188003751
4.1183896437651684e-05
0.0003891450091017507
0.00010956733363496832
0.0001635489243423921
7.241048936275636e-05
0.00025481230077199
0.00023249684530935138
0.00014971741129904298
0.0003311093469420524
7.656617475070559e-05
0.00010486047670877816
0.00023249684530935138
9.27601399618482e-05
9.755345383501761e-05
0.00014382483283058623
8.047905860231754e-05
0.00014482097872551273
0.0001309086630468794
0.00016492468993533116
0.0001961563213743455
0.00033204354150099164
0.00027064536839438257
7.098081733748479e-05
0.0003311093469420524
0.00015421682497455147
0.0001635489243423921
0.0003311093469420524
0.00025481230077199
0.0001338843436766504
0.00014578454680278535
0.0003311093469420524
8.660054885381356e-05
0.00011805127605425781
0.00014211407462748227
8.067865430443354e-05
0.00020438269632742814
0.00012813937069366802
4.233053551728634e-05
5.835705390149271e-05
4.717204517008437e-05
6.126371675275612e-05
0.0001039655515424511
8.165009607981249e-05
5.9929637602141544e-05
2.4019513722332738e-05
6.0733107128313005e-05
0.0003311093469420524
4.971317941489152e-05
3.2296161414178394e-05
0.00011805127605425781
7.970979681051231e-05
0.00016098861689234942
8.791100802733007e-05
7.765604571280389e-05
0.00025481230077199
0.000156418365764082
0.00014578454680278535
0.00017851525460192762
0.0001858643798050307
0.00022431739517160212
5.68281587802938e-05
0.00011141745996894219
7.444911816689458e-05
0.00017851525460192762
0.00020438269632742814
0.00013867316142971082
5.318201221204839e-05
0.00013709335937488534
8.047905860231754e-05
0.00010859320758424078
0.0003311093469420524
5.178860398730334e-05
0.0003311093469420524
9.728625227543767e-05
0.0001858643798050307
0.0003311093469420524
0.0003311093469420524
0.00021018138984671279
0.0003173105840841814
0.0003311093469420524
7.044468449920958e-05
0.00027064536839438257
9.886386657512412e-05
0.00016212292564187983
0.00033811437226382115
0.00027064536839438257
0.00027064536839438257
0.00021666377768695877
0.00020438269632742814
0.00018206724086478952
0.00022401290289006192
9.27601399618482e-05
4.6231224224804067e-05
0.00018994303692978058
0.00023249684530935138
5.9405894252084097e-05
0.00010669520277247387
7.444911816689458e-05
0.00012808565015736572
5.4974896645110386e-05
0.0001977632604266884
7.157693062026132e-06
5.283033890641259e-05
4.717204517008437e-05
0.00017851525460192762
0.00044915223389712896
0.00010486047670877816
0.0001370301532983754
3.682227372776786e-05
0.0009933280408261573
8.345473923208854e-05
9.728625227543767e-05
6.996401170524949e-05
8.993712707233455e-05
9.56166290234917e-05
0.00011906451817656581
6.032990616694065e-05
0.00018994303692978058
0.0001338843436766504
0.00027064536839438257
9.422787187793173e-05
0.0001720328667616816
5.283033890641259e-05
7.191241641529312e-05
0.00027064536839438257
5.87460073583013e-05
7.241048936275636e-05
8.345473923208854e-05
9.062942154724293e-05
0.00020972095341755632
0.0001403667315168964
0.00015854213923484253
8.595683759677705e-05
0.00010486047670877816
0.0002407872322996227
6.032990616694065e-05
0.0001403667315168964
0.0003311093469420524
0.0002929608238570212
0.0001991371399773806
0.0001147146978357368
0.00014771585671999953
0.0003982742799547612
8.345473923208854e-05
8.532056825511556e-05
0.0003311093469420524
0.0001039655515424511
0.000163834850630451
5.5340590250165275e-05
0.00012039361614981135
0.0001751786763834066
0.00012160326231711972
1.9057896188161117e-05
5.645248029040164e-05
0.00021666377768695877
0.0002929608238570212
0.0003311093469420524
9.27601399618482e-05
5.5708729984471094e-05
0.00025481230077199
0.0005859216477140424
3.086655674940979e-05
6.450134783472039e-05
0.0002929608238570212
0.0003311093469420524
0.0001338843436766504
0.0002929608238570212
0.00010085920888912372
6.032990616694065e-05
7.444911816689458e-05
0.00014971741129904298
0.0001403667315168964
0.0003311093469420524
0.00012146621425662601
0.00010136490940018755
3.5120413798879794e-05
0.00020438269632742814
2.485658970744576e-05
3.9233024876346034e-05
3.841765166567441e-05
0.001126920318246446
9.246244844960813e-05
0.0001943483222243202
0.00015421682497455147
0.00012947905838211078
7.291311098455351e-05
0.00012728276426827688
0.00040209855337871843
6.459232282835679e-05
0.00016167651852107683
4.943193328756206e-05
6.0733107128313005e-05
0.00024253121941245935
5.645248029040164e-05
7.241048936275636e-05
8.224509306478015e-05
0.00027086955072093774
0.0002929608238570212
7.497079681279906e-05
2.901363653025852e-05
7.092959235031246e-05
0.00010220981933268396
0.00011691645883807146
0.00014578454680278535
0.00010956733363496832
4.748926037142821e-05
0.00023462754864612297
0.0003311093469420524
0.0003311093469420524
8.857812752959305e-05
0.0002929608238570212
6.808223233141614e-05
5.68281587802938e-05
3.978339631352539e-05
7.60292272227301e-05
0.0003311093469420524
5.758729750658799e-05
0.0001403667315168964
0.0003311093469420524
0.00014971741129904298
0.0002929608238570212
0.0001991371399773806
0.0002718882646417288
0.0005412907367887651
9.969700342401585e-05
0.0003311093469420524
8.224509306478015e-05
0.0002929608238570212
9.422787187793173e-05
0.0001403667315168964
1.886844097501308e-05
0.00018994303692978058
0.00012410536068180824
0.00011259764125192578
0.00025481230077199
0.0003311093469420524
0.0001858643798050307
6.154848033898465e-05
6.364138213413844e-05
0.0006622186938841048
0.00011580456879783508
0.00011156888821401177
0.00012160326231711972
0.0001943483222243202
0.00014771585671999953
5.042960444456186e-05
0.00016905718613191058
9.886386657512412e-05
0.00023160913759567015
9.57358205916192e-05
5.758729750658799e-05
6.762167160969593e-05
2.5706594017037257e-05
9.88816302133442e-05
0.00016905718613191058
0.0003311093469420524
0.00025481230077199
6.626267206695447e-05
0.00013543477536046887
0.0001517945138447494
0.0003311093469420524
0.0002929608238570212
7.60292272227301e-05
0.00025481230077199
0.00014391871777975833
9.133053529707959e-05
4.233053551728634e-05
0.0003311093469420524
0.00011691645883807146
2.506786323012514e-05
6.802473274226962e-05
0.00014211407462748227
0.00023249684530935138
0.0002929608238570212
3.682227372776786e-05
6.450134783472039e-05
3.451270331765519e-05
4.5306216147057334e-05
7.444911816689458e-05
3.4764587899522326e-05
8.595683759677705e-05
9.969700342401585e-05
7.990275296922658e-05
4.1183896437651684e-05
4.943193328756206e-05
0.00018994303692978058
4.812922903657099e-05
0.0001720328667616816
4.500130298448245e-05
9.807816068717275e-05
2.9473148524664732e-05
0.00020438269632742814
0.0001338843436766504
5.5340590250165275e-05
0.0002929608238570212
5.178860398730334e-05
4.5921157573291285e-05
0.00012284009380731823
0.00018994303692978058
9.062942154724293e-05
0.0002929608238570212
0.00044802580578012384
0.00027064536839438257
0.0001943483222243202
0.00016905718613191058
9.348911333519648e-05
9.807816068717275e-05
8.165009607981249e-05