0.0005669225975979992
0.0007147579426296416
0.004200437292528567
0.00600408102148138
0.002942845002653059
6.122268918258046e-05
0.022145054672580492
0.011447868083222552
0.00013686575008128155
3.2768855044113416e-05
0.0006856291416897737
0.0006856291416897737
0.00026314781631659145
0.00010624293175543767
0.00021309333663195726
0.0006609912107706818
0.0006249760637519046
0.0006223224591122788
0.0005471017693300769
0.0006609912107706818
0.0005471017693300769
0.0005020917937471664
0.0003847031917869363
6.245775038122011e-05
0.0002690970545175926
0.00044645837422166944
0.0003618670560194477
0.0011443695698961345
0.0007602932670684051
0.00031646997597777277
0.00041288463502535015
0.0005689729403154461
0.00041288463502535015
0.0005057376822277012
9.581795088184666e-05
0.00036460145652709416
0.004551639140049311
0.0002621666729811419
0.00014064418589430078
0.0008821040158200198
3.620759461333007e-05
0.00041637047440603377
0.0006609912107706818
2.3591895434294443e-05
0.0006159645775996496
0.0023760006707071453
0.0007549406538974222
0.0004822304285584962
0.0024000772026828796
0.0014586357872818998
0.00011766272099676309
0.0010942035386601538
7.481151174497036e-05
0.0021359596631674582
0.0007375431970547262
0.0009187878981632637
0.0013420857543289448
0.00021150260941053627
0.0019797886000266223
0.00031227674331150534
6.011796134921171e-05
0.00015542994318182805
0.00011631211395151254
0.0012827173045589944
0.0032244479982554996
0.00014523474799507194
0.00010197543423589781
0.0006834862474356221
0.0004432807115304612
0.0009504002682828581
8.661931263769974e-05
0.0001780740819495858
0.00020381966799146102
0.0003713690077465572
0.00016012096414257787
0.00017204549841636115
0.0016547228339698341
0.00011404399006026078
4.511607120265256e-05
0.0001824834481848557
8.739402147030165e-05
0.00012195100113039038
0.001881501300887196
0.0008086610512905402
0.002634566965562668
0.0001387901581353446
0.0038297123853105386
0.010575859372330909
0.0064692884103243215
0.009155661205614368
0.0002496452747557562
4.3338720954046155e-05
0.0004135317310639511
0.008905691264670156
0.0033612165932935425
0.0005678219146815511
7.946703792219523e-05
0.000769492765121932
0.0006856291416897737
4.484950908626543e-05
6.330668257749486e-05
0.0006159645775996496
0.00013980133583010773
0.00010445005311151915
7.744413947959318e-05
0.0043165171286800325
0.003586258751054074
0.00022240684388208248
0.00032906285909697095
0.00020138998471312813
0.00923978466451482
0.00046026130423321523
0.0005268903230576397
0.0025577227114897566
0.0023452140531409226
0.0042028993266745975
0.0008093884122050661
0.00010252294978490635
0.00024550910590463227
0.004954615620304202
0.0007682952847808434
0.0007128002012121436
0.0013903301886680753
0.0029410645191318497
9.913414853751965e-05
0.000907068927564242
0.00034331087096884033
0.00048634824251362127
0.0003062626327210879
0.00031971533893621957
2.6388528653999197e-05
2.184590336274228e-05
0.00023662860698169146
6.655631589482736e-05
0.0002652147945054918
0.00017442458497355422
0.0014916533564237008
0.0007154917552014095
0.0006392800098958718
0.00023569344104013004
0.0009285051067780873
0.00030383152062391986
0.00015178070541013478
0.0003940793940676478
0.0007323980905599472
0.0005678219146815511
0.00023666662664281122
0.0018699587897177895
0.00023013065211660761
0.00022478896055315803
0.0003062626327210879
0.00019375181753435178
0.0003307693631598452
0.0004746526185924205
0.0003346657194916374
0.0004991593490311778
0.0002850482899019987
3.331286858552446e-05
0.0003371584548184675
0.0005092995758579807
0.00018699587897177895
0.00039317894642449064
0.0008086610512905402
0.0008086610512905402
0.0019829736323120455
0.00017204549841636115
0.0008086610512905402
8.802360052027167e-05
0.0003274267950127822
0.000927837816897901
0.0010156510891011841
9.124172409242785e-05
0.00012398522201045425
0.0003661990452799736
0.00042783501558076796
0.0016173221025810804
8.35366638859937e-05
0.00014848149411923796
0.0010969545891928952
0.00011018974431005037
0.0003607631771518156
0.00013552724408928807
0.0005697601431974538
0.0005570535116198359
0.0001830995226399868
0.0012446449182245576
0.009018399753255989
0.0021464752656042284
9.244777776397076e-05
0.0002882584267334575
0.00025464978792899036
0.00010058252144522112
0.0003236637234790081
0.0004951225627216836
0.0004625760389207398
0.009301392817618322
0.0003948589933920821
0.0010654666831597863
0.001360562018902697
0.003304956053853409
0.0005035241765807204
0.0005133213702508234
0.00560090213201051
0.0008086610512905402
0.00026759388106268494
0.00012328404249079377
5.7048270766994885e-05
0.0003232999482057383
0.0002883140264141592
0.0005471017693300769
0.0003607631771518156
0.0008086610512905402
8.397561250391398e-05
0.0006125252654421758
0.00021798168921110668
0.000127458190976811
7.000728820880946e-05
0.00042783501558076796
5.270940503103897e-05
0.00022134223628266604
0.0002395341275092789
8.802360052027167e-05
0.00015439198527171112
4.228277191463135e-05
0.0002373744490258506
0.0008086610512905402
0.00035148950851131934
0.00018965764677181536
0.00045393247324094626
0.0001610502905194734
5.078227694665911e-05
0.0010969545891928952
0.0002883140264141592
0.00035148950851131934
0.0008649420792424775
0.00014396324048785477
7.367239576280767e-05
0.00010769607976174528
0.0004746526185924205
0.00018728321117587133
0.00017442458497355422
0.00037599623895007665
0.00023381348198343147
0.0005133213702508234
0.0008086610512905402
0.00037599623895007665
0.0015874594890694445
0.0008086610512905402
0.0022169359814598194
3.4155597875364526e-05
0.00022134223628266604
0.0002096106514738815
0.00019741939544747487
0.00015439198527171112
0.0002083765410402714
0.00011215222977741923
0.0004326648123404635
8.306765182130138e-05
0.00027559286096826154
0.00023352238304685018
0.0004869755828034101
0.00014539432264489024
1.97913964904994e-05
0.00015732968231879724
0.0001818254383952229
9.057182624843127e-05
0.0006125252654421758
7.257166151240295e-05
0.0008649420792424775
0.0005923286451203084
0.0005678219146815511
0.0006223224591122788
0.0008786058430551432
5.9170513726370916e-05
0.00021798168921110668
3.84503683748967e-05
0.0007304633742051151
0.00010990568921403621
0.0002667534935159164
0.00040599005294204713
0.0005233879688967908
0.0004746526185924205
0.00037599623895007665
0.00041288463502535015
0.0008086610512905402
0.002425983153871621
0.0002258189974360439
0.0008086610512905402
0.025042211432049336
0.0007154917552014095
0.0003607631771518156
0.00015753021843509086
0.00025103173249538464
0.00014832712731337603
9.12165031745509e-05
0.00013971397538989802
0.00012348133249055006
9.682316533004796e-05
3.373357278321088e-05
0.0001626013348405205
0.0004765052950864277
0.00035604638156012974
9.12165031745509e-05
0.00015697328180192902
0.0004947648695804956
3.671595874382318e-05
0.0005996202027141328
0.00025391277227529603
7.828795245430129e-05
0.00034708206836442666
0.00020684035424622927
6.489115925221837e-05
0.00011616620921938978
0.00023760006707071452
6.489115925221837e-05
3.382621753170508e-05
7.627674078189027e-05
3.796586737657711e-05
0.0006615387263196904
3.758036610506431e-05
8.006048207128894e-05
0.00022134223628266604
7.481151174497036e-05
0.00019655222885511843
0.00035263486195690033
0.0003753063315305933
0.0001883201742299885
0.0006061995674033728
0.002425983153871621
0.0005649605226899655
0.0005229986487767799
0.0008086610512905402
6.43609223459602e-05
0.0008086610512905402
0.0004010622223830055
0.00027001583634338953
9.436758173717777e-05
0.00046972771472580775
0.00016292913217115046
5.5114447482619015e-05
0.0007154917552014095
0.0007254285229699715
1.4162021219645665e-05
0.0006053014122595477
4.6081977014493405e-05
0.0002283263984302183
0.0006256415137058329
0.00048634824251362127
0.0005166404248443775
0.0008086610512905402
0.001430983510402819
0.004043305256452701
0.0006076690942118236
0.0004163689910820072
0.00217346781062256
0.0008086610512905402
0.00013249533454105124
8.428961370461688e-05
0.00015307698658547557
0.00035148950851131934
0.00025832021242218876
0.0015259332900131593
0.00029351779615432154
0.00012681391551221216
0.0003386784019937629
0.00031971533893621957
0.00010567826292684346
0.00025322673030997943
0.0004746526185924205
0.002213566929078506
0.0009482882338590769
0.00019443745162882851
0.0004746526185924205
0.0004991593490311778
9.716211089756385e-05
0.0007154917552014095
0.0007154917552014095
0.0007154917552014095
0.0004991593490311778
0.00012384629793753913
0.0006693314389832748
0.0005923286451203084
0.006813862976178613
0.0003460504059969097
4.8882388335260064e-05
0.0026202952612368186
0.0018799811947503833
0.00026218206441090496
0.00012161696571890988
0.0026439648430827273
0.0008086610512905402
0.00010445005311151915
0.022642509436135126
0.0008086610512905402
0.00013426397691939523
5.132465628048058e-05
0.0001245212941853948
7.946703792219523e-05
5.073932629755762e-05
8.865614230609223e-05
0.0009739511656068202
0.0002901714091879886
2.826896365710647e-05
0.0001747880429406033
0.0002479704440209085
0.0007426838440825254
0.0003030997837016864
0.0001798604531017123
0.00025832021242218876
0.0002547143575813655
0.00023310679730932456
0.0001903017562817157
0.0006256415137058329
0.0006061995674033728
0.00024149642340250667
0.00034884916994710845
0.0005678219146815511
0.0008100475090301685
0.00035148950851131934
0.00031622384701121515
0.00012072651983044018
0.00015132535306488693
0.0007519924779001533
0.0008086610512905402
0.0007154917552014095
0.0008086610512905402
0.0008086610512905402
0.0001287218446919204
0.00013696135602747696
2.5957027682476244e-05
0.0004393029215275716
0.00038450368374896697
0.0008086610512905402
0.00043596337842221336
0.001430983510402819
0.0006223224591122788
1.127901780066314e-05
0.00011754495398563345
4.176833194299685e-05
0.0002628770854709991
0.0010681391446803893
0.00043042223218603116
0.0005478454241099078
0.00032698277807256213
3.3472786249811095e-05
7.602932670684052e-05
0.0003707243914419429
0.0003232999482057383
2.0120442999663557e-05
0.00046942793599987664
0.0008086610512905402
0.00019941222784456835
0.0003656515297309651
4.3338720954046155e-05
6.546237286737604e-05
0.0008086610512905402
0.0008086610512905402
0.00021150260941053627
0.00027372517227728353
7.142272180280628e-05
0.00012153381884236471
0.0002492029554639042
0.0003656515297309651
8.246081159674927e-05
0.0009591460168086587
0.00036948933024330327
0.0007154917552014095
0.00016844948241480796
0.0002261541312066784
0.000446109101844169
0.00018765316576529664
0.0002969629882384759
0.0003512602153717598
0.0005678219146815511
0.0001607434761861654
2.1267660900482786e-05
0.00030950170225936243
0.0016173221025810804
0.00030950170225936243
0.0008397219504502231
0.00011912632377160692
0.00030950170225936243
0.00014158087875415463
0.00014252414495099936
2.8364522753234043e-05
0.00011215222977741923
0.00011992404054282658
4.424693306764856e-05
0.0007154917552014095
0.000147342398503042
0.00014832712731337603
0.0006856291416897737
0.0004746526185924205
0.0004201520741616928
0.0002517620882903602
0.00016980957172091035
0.00020381966799146102
0.00020381966799146102
0.00027001583634338953
0.0005678219146815511
0.000529981338164205
0.0013034330573692037
0.0002480077748408991
0.00013515710234108765
0.0008893176092009
0.00010842858774042278
7.254285229699715e-05
0.00012732489396449518
0.0002496452747557562
0.00015542994318182805
0.0005166404248443775
8.929167484433388e-05
5.319553533101757e-05
0.00015076942080445227
0.00011676119152342509
0.00020395086847179562
4.562535309622955e-05
0.0001378726468497553
0.0007323980905599472
0.00012564468606867402
0.00011139920326209914
0.0005678219146815511
0.00023760006707071452
7.367239576280767e-05
0.00025832021242218876
0.00039317894642449064
0.0002855424873696137
0.0005133213702508234
0.0002724822336418344
0.00019797462182607144
0.00044465880460045
9.742616993863009e-05
0.0002475612813608418
0.00023195945422447526
0.00031971533893621957
0.00037195566603136275
0.0003586258751054074
0.0008805533884629647
0.0013179087645827149
5.431077046294661e-05
0.00015202120714863734
4.154050174122319e-05
6.070670052041303e-05
0.00013515710234108765
0.00020535468243392628
0.00023760006707071452
0.0005923286451203084
0.00024348779140170504
0.00011215222977741923
0.0009983186980623555
0.00032971706764210864
0.00042783501558076796
1.0019660224868618e-05
0.001430983510402819
0.0005291531630231481
7.367239576280767e-05
0.00033941557876373683
0.00035604638156012974
0.00020086537585087592
0.00021798168921110668
0.00031971533893621957
0.000282826942860946
8.490478586045517e-05
5.664858456122795e-05
0.0008086610512905402
1.5995813392348964e-05
0.0007629666450065796
0.00027372517227728353
9.989144084098342e-05
0.00022130074380466073
0.0005570535116198359
0.0007120927631202595
9.308935860153474e-05
5.664858456122795e-05
0.0014059580340452774
0.00015893407584439045
0.0001910085614739045
0.00011520724495114075
0.0006609912107706818
0.0004991593490311778
0.00039317894642449064
0.0004163689910820072
1.7481075813199693e-05
0.00039317894642449064
8.006048207128894e-05
0.00025609842826028115
0.0003520944020810867
0.00013161966446402737
0.0003346657194916374
0.00044268447256533207
0.00017322977816041957
0.00040466881114122055
0.0005471017693300769
6.546237286737604e-05
0.0003386784019937629
0.0003707243914419429
0.00016970778938186842
0.0001830995226399868
0.0002911439179152021
0.0001818254383952229
0.00019655222885511843
0.0003902894606500569
7.711912003329964e-05
0.00023569344104013004
0.0004991593490311778
0.0001883201742299885
0.00018438579926368154
0.0002475612813608418
0.00045393247324094626
2.5164017232274945e-05
0.00040599005294204713
0.00043598386693401755
0.0011356438293631023
0.001430983510402819
0.00043598386693401755
0.0007154917552014095
0.00034708206836442666
0.0005063858677065331
0.00041288463502535015
0.0008086610512905402
0.0007154917552014095
0.0005923286451203084
0.00034884916994710845
0.00021798168921110668
0.0001818254383952229
0.0002605793392378803
0.0005609876369153369
0.0006941641367288533
0.00027001583634338953
2.6355294289197426e-05
0.00021150260941053627
0.00021470311493149535
0.0017439354677360702
0.00012648216467465512
0.001430983510402819
5.9170513726370916e-05
0.0006941641367288533
0.00039317894642449064
0.00036112663511886464
0.00010480532573694075
0.00044465880460045
0.00014443077098158383
0.00044465880460045
5.815605697575627e-05
2.958113374569749e-05
0.0005923286451203084
0.00010916510948147963
0.00030950170225936243
0.0008055838615163715
0.00031622384701121515
0.00031282075685291644
4.935484886186872e-05
0.00016515091633305805
0.00019797462182607144
4.288690580113904e-05
9.581795088184666e-05
0.00014539432264489024
0.0005993486450459006
0.0001607434761861654
0.0003814833225032898
0.0006609912107706818
6.649453669071428e-05
0.00010624293175543767
0.0001883201742299885
0.0003346657194916374
6.921008119938193e-05
0.00023760006707071452
2.398320540915041e-05
6.662573717104891e-05
0.00021309333663195726
0.00023013065211660761
0.0003561481638991716
0.0008086610512905402
0.00024018144621386678
0.0009726964850272425
4.5620862046213926e-05
0.00037443717936592807
0.0002496452747557562
0.00035369308050851774
0.00017204549841636115
0.00015132535306488693
0.0007414487828838858
0.0001503184953125744
0.0001780740819495858
0.0003386784019937629
0.00034281457084488686
3.273118643368802e-05
0.00011139920326209914
8.614364146357307e-05
0.00033941557876373683
7.77749806515314e-05
0.00018438579926368154
0.00024550910590463227
0.00014962302348994072
0.0001554045315395497
0.0007120927631202595
0.00025391277227529603
0.0008257692700507003
0.0003006369906251488
0.00014396324048785477
0.0003902894606500569
0.00013074966219419498
2.9993813991970415e-05
6.22606470926974e-05
0.0008086610512905402
0.0009486715410336454
0.0003902894606500569
0.0002475612813608418
0.00010445005311151915
0.00019514473032502844
0.0001818254383952229
0.00041986097522511153
0.00011598197263724544
0.0010942035386601538
0.0008556700311615359
0.00014252414495099936
0.0003656515297309651
1.5627048054243515e-05
5.2225026555759574e-05
0.000264070801560815
0.0003994319288102186
0.00024149642340250667
0.0001607434761861654
2.2424754543132715e-05
0.00034281457084488686
0.0003656515297309651
0.0005923286451203084
0.00011754495398563345
0.0004991593490311778
0.0001387901581353446
0.0002911439179152021
0.0004765052950864277
0.00038299661334406746
0.00019514473032502844
5.126147489245318e-05
0.0009809483342176864
0.00012564468606867402
0.0002667534935159164
0.0001662757336203048
0.0004452233137612621
0.00025832021242218876
0.00013191589925019953
0.00013515710234108765
0.00035604638156012974
0.00031622384701121515
3.2058599315578024e-05
9.716211089756385e-05
7.69007367497934e-05
0.00011031566244849072
0.0001503184953125744
0.00020993048761255577
0.0002855424873696137
0.00027001583634338953
5.565291422015776e-05
7.198162024392739e-05
8.676737753145471e-05
0.00010197543423589781
0.00044957792110631605
0.00018056331755943232
8.802360052027167e-05
0.00022788109163761976
0.0003129519573332511
8.306765182130138e-05
0.001026642740501647
3.758036610506431e-05
0.00027001583634338953
0.0005923286451203084
0.00048634824251362127
0.00034281457084488686
0.00015335962584336733
4.3792059938346296e-05
3.628583075620148e-05
7.596036387920659e-05
0.0002479704440209085
4.424693306764856e-05
0.0004746526185924205
0.0003656515297309651
0.0005923286451203084
0.00042783501558076796
0.0004991593490311778
6.070670052041303e-05
3.585707479000945e-05
0.00025609842826028115
0.0002283263984302183
0.0005133213702508234
0.00011065037190233036
5.078227694665911e-05
0.0001387901581353446
0.0004746526185924205
0.00031622384701121515
0.0006609912107706818
0.0002749947344843535
0.0004746526185924205
8.490478586045517e-05
7.887620232723049e-05
0.0008086610512905402
0.00023760006707071452
3.2475389979543365e-05
0.003174918978138889
0.0008086610512905402
0.022895736166445104
0.0021464752656042284
0.0006559747806090231
0.0008086610512905402
0.0016173221025810804
0.0052879296861654546
0.003704072141162037
0.0005268903230576397
0.0008086610512905402
0.0016173221025810804
0.0008086610512905402
0.0006223224591122788
0.0021464752656042284
0.002179857869134675
0.0030853311376039818
0.0008086610512905402
1.0213636676857116e-05
0.008895271564195943
0.004851966307743242
0.002425983153871621
0.0016173221025810804
0.0016173221025810804
0.0064692884103243215
0.001123311538097784
0.024259831538716206
0.027494475743878366
0.022642509436135126
0.02830313679516891
0.004172468228979938
0.017790543128391886
0.017790543128391886
0.011186009577813289
0.0016332964353116175
0.0026439648430827273
0.0032346442051621608
0.002425983153871621
0.0015982847890115282
0.003145431571395925
0.0016173221025810804
0.002425983153871621
0.002425983153871621
0.0038297123853105386
0.004832332136803287
0.0016173221025810804
0.0008086610512905402
0.0008086610512905402
0.003174918978138889
0.0024604265595792353
0.007277949461614862
0.014555898923229725
0.0008795128024807181
0.0006609912107706818
4.8882388335260064e-05
0.00014832712731337603
0.002425983153871621
0.0014534117051870205
0.00039143976227150643
0.0008086610512905402
0.0008086610512905402
0.0007154917552014095
0.0008086610512905402
0.0008086610512905402
0.0008086610512905402
0.001815729892963785
0.002425983153871621
0.0005291531630231481
0.0008086610512905402
0.004043305256452701
0.000890966892241775
0.0016173221025810804
0.0016173221025810804
0.0008086610512905402
0.0008086610512905402
0.0016173221025810804
0.00048634824251362127
0.0005291531630231481
0.0006223224591122788
0.004356257213785952
0.0008086610512905402
0.0008086610512905402
0.0008086610512905402
0.0008086610512905402
0.00017204549841636115
0.0006223224591122788
0.0008086610512905402
0.0007154917552014095
0.0008086610512905402
0.0018669673773368364
0.0008086610512905402
0.0008086610512905402
0.0008086610512905402
0.0008086610512905402
7.711912003329964e-05
0.0008086610512905402
0.0008086610512905402
0.0008086610512905402
0.0008086610512905402
0.0008086610512905402
0.0008086610512905402
0.0008086610512905402
0.0008086610512905402
0.0008086610512905402
0.0007154917552014095
0.0008086610512905402
0.0008086610512905402
0.0008086610512905402
0.0007154917552014095
0.0008086610512905402
0.0008086610512905402
0.0008086610512905402
0.0008086610512905402
0.0008086610512905402
0.0008086610512905402
0.0008086610512905402
0.0008086610512905402
0.0008086610512905402
0.0008086610512905402
0.0008086610512905402
0.0008086610512905402
0.0007154917552014095
0.0008086610512905402
0.0008086610512905402
0.0008086610512905402
0.0008086610512905402
0.0008086610512905402
0.0008086610512905402
0.0008086610512905402
0.0008086610512905402
0.0008086610512905402
0.0008086610512905402
0.0005923286451203084
0.0006223224591122788
0.0008086610512905402
0.0008086610512905402
0.0008086610512905402
0.0008086610512905402
0.0008086610512905402
0.0008086610512905402
0.0008086610512905402
0.0008086610512905402
0.0008086610512905402