3.269656407909634e-05
0.00028855950141827504
0.005036253158857902
0.014438086545463998
0.00676336669665002
0.014468124186074224
0.0024282963155863994
0.00015419549137403546
8.862097265813092e-05
0.010353754171428746
0.011193247752895943
0.00018687397819974115
0.0002034970600917128
2.2678841308242573e-05
0.0001566683876623508
0.0004420293614219644
0.0009208493631428297
0.0004888750199762551
0.00034523600582165074
0.0001104442948943881
5.781449309535089e-05
0.001295252862849173
0.00021535009803917455
0.00020522791780305488
0.0001973204090632444
0.002115712324565104
0.00015695710913883956
0.000228731134411489
0.0003696216746773415
0.00017500679568145043
5.9944887355287096e-05
0.00046154039710288413
0.00022999669759527313
0.0022023621581500133
7.184891475480444e-05
0.0001907337546938959
2.3166021714285024e-05
0.0002780319286169777
0.0002743993314780832
8.982042863614332e-05
2.2010099448029318e-05
0.0001498597428722056
6.863462728482286e-05
8.066488830528304e-05
6.24483350351378e-05
0.00015590135811273235
5.2605817746304735e-05
0.0002094600902870942
0.00021535009803917455
0.00027859331737502713
0.00011276084953303784
7.105000000801356e-05
3.9205649934096066e-05
0.00021535009803917455
8.495661574144444e-05
0.00024297744876765378
0.00010613956539873004
0.0004280927606932332
0.0001999168131269133
0.0005479915958208039
0.0004475022523948765
0.00018932053300904772
6.73653214771075e-05
6.516680764025842e-05
8.566675592555208e-05
4.4648624216611516e-05
0.00019700095251048083
8.842322453042767e-05
0.0002753268719226445
0.00025456743675755984
0.00010504518778625799
0.0004361715813269024
7.264785370037113e-05
0.000686193403234467
0.00016052698986964746
0.00013505678990685807
0.00011745225821844637
7.105000000801356e-05
8.566675592555208e-05
7.318891838978716e-05
0.00012926902694002695
0.0002071037759006098
2.9380675068558494e-05
5.9128843993373006e-05
0.00011446029906495231
0.00013401976959682337
0.00016851430952530985
6.333649306305358e-05
0.000133432514098528
0.00017091921828294622
0.001095343011914514
8.566675592555208e-05
2.214093309229067e-05
0.00017920162075530695
0.0001437247419056575
0.0006597002111746584
0.00021309843026241706
0.0001508690022559506
9.976894284504105e-05
0.0002976753804130143
6.119644120825858e-05
0.00018519777866842348
0.00010597992570652619
0.0001508690022559506
0.00014470163331304587
0.00012840579525416062
0.00022375112619743825
9.343698909987057e-05
7.543095617876038e-05
0.00035216047307016894
0.00047826943979786173
0.00019829131266644063
0.00023439432726611286
0.00010277084105648407
0.0005742717155108635
6.531041160818708e-05
0.00011586202193715542
0.0002011391632601983
0.00019031980017541957
0.00032623990917881983
0.0004475022523948765
0.00029084727876891903
0.0007253045091625144
1.426805586662462e-05
0.0002115908794946162
0.0010353367205017763
0.00010488544512585936
0.00391972938009502
0.00012604263642376854
0.0010767504901958728
0.0013848381042065425
4.507398398041733e-05
0.00022261046263812826
0.0003125403695162806
0.0006567672337782083
0.002095710414285685
0.0015751111236236104
0.00456193725509108
0.00025041599388743647
0.0006786436504608111
0.00026066723056103366
0.0012864637276223682
0.0003160426660931928
0.00024819967922578374
0.0015954507012956086
0.0002131500000240407
2.4196789526592355e-05
0.0021973146017707505
0.001225776080074753
4.4648624216611516e-05
0.00017332452528734792
0.00044444784276898903
0.0011235549350324136
4.753993871389318e-05
0.00010117536291686407
0.0003552621500011589
0.00027983119382239853
0.00022552169906607568
0.00032850007725653
0.0006005259520646154
0.0006243957749208673
6.900513100201353e-05
1.6989578563871585e-05
3.265520580409354e-05
0.0005052737222311119
9.051290214360806e-05
0.0003234437589166284
0.002338359641541572
0.00042542852581466703
0.0014556066335038606
0.001502545865075514
0.00017028975679660017
0.0002727365368389354
8.249694747561725e-05
8.814202520567549e-05
0.00012074684808096937
0.00011162429839742931
4.0599332287228795e-05
9.81533394191916e-05
0.00020497095987830315
0.00011880087266592931
1.426805586662462e-05
0.0002853495579619759
0.0014855438755847193
2.0192763594698085e-05
0.0015449303755570487
0.0005921319372462957
0.00016713611310131712
0.00430646146785247
9.343698909987057e-05
0.00016233998569874518
0.0001605388255717854
4.928500662755852e-05
9.873679579039351e-05
0.00024478576483303433
0.0001526956861394767
0.00018310955014756255
0.00010156966899160467
0.00036902948196506025
3.45830175858936e-05
4.5849033512063466e-05
0.00038936866240789364
0.00011819292785188262
9.072617008799763e-05
0.00038779637169189204
0.0008747564642265569
0.00011187556309871912
5.414735858111461e-05
0.00014087132276113093
5.7915054285712566e-05
0.0003572104564956171
0.0009240664351565712
0.0002881376822592705
5.414735858111461e-05
0.0002884286619261505
0.0007051362016454039
0.001453425781650388
0.00027983119382239853
0.0007031829817983386
3.3411656333774434e-05
0.000132427906088056
0.00013901596430848884
0.0002094600902870942
0.00013448892805399112
5.5600237443874996e-05
0.0011863969679703737
1.7572832474526678e-05
0.0002574637851057979
9.880987219569689e-05
7.543095617876038e-05
0.00016376716914594518
0.00020456654268035556
0.00021906810689502614
0.00013350363700486177
0.00023910434116073358
0.00041390190795361105
3.383078006023889e-05
0.00021888132594639876
0.0003288732671759565
0.0005288609363055853
0.00010244290659031492
0.00023890504562132137
3.284452112394791e-05
0.0005921966093355302
0.00024967887445164746
0.00029633633773781787
0.0002333423942419339
0.0008850810839480993
5.887613783395941e-05
3.409206710486692e-05
0.0027508682112782784
0.0001999168131269133
0.00011709062819088339
8.762724275801045e-05
0.00011314997921735549
0.00045260700676785174
4.3991672818943896e-05
0.0001616173973705415
0.00012010519041292305
0.0001552378084656063
0.0001106351354935124
4.7863165685759436e-05
4.2973031367105545e-05
0.00016244207574334384
5.793101096857771e-05
0.0003213023455071222
0.00011187556309871912
2.5102919114447658e-05
0.00047406399913978923
0.00016052698986964746
0.00045784119625980925
2.9611700146968053e-05
0.00010843251202848399
2.9600864739251143e-05
0.000319120905200083
5.6549658524880104e-05
0.00042862705015537313
0.00027876635499190274
0.00155724190891113
0.0015511854867675682
0.000714378416925622
0.00014795828820927888
3.553073679683066e-05
8.411176366706231e-05
0.00012261352186960703
8.638790647272659e-05
0.00016052698986964746
0.0008568062546856592
0.00015419549137403546
0.0008614003921566982
0.0001716166872938964
0.00014697905727364475
2.9167799280241738e-05
4.0675564563305305e-05
0.00018358932362477575
0.0001570799851174357
9.7337766868263e-05
0.00017763107500057946
0.0001367751261403923
0.0002927556735591486
9.203977639400143e-05
8.373182133716599e-05
0.0001071007818357074
0.0001648911436675857
9.120055247766615e-05
0.00015840026048342766
0.00017277581294545318
3.265520580409354e-05
3.7587683274238083e-05
2.5493789301663442e-05
5.2971162435222396e-05
8.62147484178244e-05
0.00021166918554359735
0.00027983119382239853
0.000249339055173076
3.0245986908240446e-05
0.0001570799851174357
0.0001453905271089675
0.0016177183014910665
0.00045583623571452184
0.00011580860444227057
0.00020298468036143334
0.00016829722304396598
0.00018310955014756255
0.0005442267006094159
0.00019330115721979344
0.00021535009803917455
3.3498716753047766e-05
0.00023164714653317272
0.0010218976642497354
0.0003017917072129987
0.00010277084105648407
0.00013505678990685807
8.208049722989953e-05
0.00010942693045873794
7.718638256712594e-05
0.0004019672338124052
9.579855300640592e-05
0.00013497340330113612
3.0678804304485806e-05
5.0987578603326883e-05
7.543095617876038e-05
0.001036344066337178
0.00014457668270464533
0.0002486472638097096
0.00014048986409507917
7.814299889856033e-05
0.00018932053300904772
0.00014106058632974415
0.0007427719377923596
0.000196490586519877
0.00013780192424484874
0.0001170396771949411
0.0001437478431250853
4.546175827164942e-05
0.0002191299267839104
5.61893461625279e-05
8.938980468416962e-05
0.00010424709771428262
6.119644120825858e-05
0.00010514209518848301
0.00010685241606788018
0.00042288475075298614
0.0003975202945474807
0.0003135783504076016
0.00017332452528734792
6.801544944102898e-05
0.0003882512701881661
0.00017717087362413762
0.00014287568338512439
6.229512140086248e-05
0.00020149641186334325
0.00011200144484959572
5.267390915735526e-05
0.00010597992570652619
2.9471451064119022e-05
0.0005665181400269355
7.707138923089715e-05
0.0007898380058103912
0.00010592830071164052
0.0011029467608488562
3.8548872843508866e-05
0.00010488544512585936
0.00010717927441266013
0.00036639807634083603
0.0001453905271089675
3.989988119420804e-05
3.4566696514642546e-05
0.00033155607410623547
0.00017101102118814514
0.00018687397819974115
8.638790647272659e-05
0.0005657498960867774
9.354023726337242e-05
7.001632905629664e-05
5.1327508659046576e-05
3.1205065832596614e-05
0.00014287568338512439
0.00011676909432869762
0.00010597992570652619
7.765549327625878e-05
0.0001412437362024616
0.00023919970553955386
0.00039100084584155046
4.347841712411757e-05
0.0001282864419780355
0.0002427282939772305
0.00011862845436433858
5.600072242479786e-05
6.950798215424442e-05
0.00012300982732168676
0.00018938878981919713
0.000196490586519877
0.00016233998569874518
4.67670934761742e-05
0.0008203801454313951
9.787017804259576e-05
0.00011719716363305643
0.0002351837628057012
0.00021885386091747587
0.00010488544512585936
7.318891838978716e-05
0.00025306203117933984
0.0006505536296710387
0.0004963993584515675
0.00019031980017541957
0.0001300440857721568
0.0001023775997911023
0.0001271139608539686
0.00065700015451306
0.0004829873923238775
0.0007701796196192631
0.00022978154613771895
0.00043770772183495174
4.177652196338783e-05
0.00022360460557579458
6.425475334845916e-05
0.0001803431177203794
0.000164250038628265
0.0003514408676022672
6.963039451660035e-05
8.221975117334032e-05
0.00019412563509408305
0.00021887641125237686
0.000228731134411489
8.244557183379286e-05
0.000164250038628265
9.787017804259576e-05
0.000157867629079273
0.00019389818584594602
0.00021535009803917455
0.00011081735785470044
0.0002427282939772305
0.00010062237340080782
4.977822798758526e-05
8.786464252131108e-05
0.00022892059812990462
0.0002070153930060406
0.0005545910066415343
0.00013130466126072955
0.0005271878551278664
0.0003552621500011589
0.000988098721956969
0.00021535009803917455
0.00027983119382239853
2.2765090353403314e-05
8.402842428251236e-05
6.950798215424442e-05
7.029912171172651e-05
8.90441850552513e-05
9.976894284504105e-05
0.0002354062270041027
0.0006044892355900297
0.000686193403234467
0.0008394935814671956
5.431944666402834e-05
0.0007264489723424737
0.0026646224784179413
0.0001498597428722056
0.0002824874724049232
0.0001570799851174357
5.96187438296679e-05
0.0001543727651342519
0.0002960983046677651
0.0003141599702348714
9.66386583404387e-05
0.0008212501931413252
3.828974527326008e-05
0.0010001297836958708
0.0006320853321863856
0.00010732470464825098
0.0002102794091676558
0.00027983119382239853
0.00024759064593078657
0.00037959304676900974
0.0004534506450858607
9.605462159907858e-05
0.001496623426675894
1.2616649903793746e-05
2.679897340243821e-05
0.00042250839009819814
0.00026534891349682516
0.0003288732671759565
0.00024193645356799368
0.00029049180946311544
0.000380043841559276
5.8094479676422284e-05
4.564852420235564e-05
0.00022415834588634343
0.00013505678990685807
4.3813621379005225e-05
0.0002034970600917128
0.0003526514658243604
0.00010197350103102252
5.0205838228895316e-05
2.3760174533185857e-05
0.0007490172915056042
0.0002790663231294795
0.0005493286504426876
0.00010806106432895725
0.00014804915233388255
4.2729804570736556e-05
6.142655987466138e-05
0.00032127376674229586
0.00020033449355623064
0.0002613612425616859
0.00011429851358511525
0.00012943985993788115
5.451217047914518e-05
0.00033982646296577774
0.0006150524976491776
4.601988819700072e-05
0.00012672047930808555
0.00022458070183228618
0.0003017380045119012
0.0001975575584918786
0.00013200949073665302
6.0578290784094254e-05
0.0004712399553523071
0.000228731134411489
0.0003319054064805372
3.814389628710336e-05
8.753644084048637e-05
0.00018097982587531066
0.00015419549137403546
5.44427764348328e-05
0.0001821840573560126
0.0002464144497848943
0.00017133351185110417
0.0006910465325943742
0.00022705300906213357
0.0003544838906325237
9.429046769805791e-05
9.259888933421174e-05
0.00033659444608793196
0.00028575136677024877
0.00012239288241651717
0.00025306203117933984
0.00011446029906495231
0.00021649863240693433
7.001632905629664e-05
0.00017273041198669116
0.00014210000001602712
9.169806702412693e-05
0.0003141599702348714
0.0001538709004673936
8.214167771259755e-05
7.543095617876038e-05
7.057569412363411e-05
0.00011880019536257075
0.0004074422638869936
0.00013398907793746838
3.828974527326008e-05
0.00026818555101359775
0.0009424799107046142
0.001536734305382776
0.00018932053300904772
0.00010488544512585936
0.00011665374209565679
0.00028420000003205424
8.89370074873138e-05
0.00016443950234668064
0.00020124698037511941
8.695683424823514e-05
0.00011862845436433858
0.00011124818925939818
0.00010503553035314047
4.6461059165317124e-05
4.677011863168621e-05
5.998817924494939e-05
7.210716548153763e-05
0.00020497095987830315
6.493599427949806e-05
0.0002698421099045621
0.0004712399553523071
0.00027983119382239853
9.478893463099026e-05
3.385655633053489e-05
4.494583467551396e-05
0.00012320722489244715
8.080869868527075e-05
9.60458940864235e-05
0.00038063960035083914
0.00011200144484959572
5.721584443065504e-05
0.00011314997921735549
7.83945876019004e-05
0.00010488544512585936
0.00020852394646273323
0.001796010187692497
0.0003052455901375692
6.291935219609779e-05
0.00037864106601809543
6.652733223695578e-05
0.00195881835675679
5.80526656614002e-05
0.0001570799851174357
0.0002602214518684155
0.000228731134411489
0.0003662191002951251
0.0001570799851174357
5.777484176244931e-05
0.0002108642713993298
0.0002334650822802921
0.0003745183116774712
0.00011745225821844637
0.0002446799318841149
8.81196813536005e-05
3.726743426263243e-05
5.031263322969266e-05
2.9167799280241738e-05
0.00021535009803917455
0.00035588536309301574
0.0004307001960783491
0.0002053100346361863
3.415475778834085e-05
0.0003662191002951251
2.4522704373921406e-05
9.787017804259576e-05
0.00011862845436433858
0.0004283337796277605
0.00012010519041292305
0.000380043841559276
0.00014287568338512439
0.0002369723365774757
8.155997729470496e-05
0.003536830557357786
8.638790647272659e-05
0.0006460502941175236
0.00014804915233388255
6.223938352486157e-05
0.0001216303525757816
0.00010041167645779063
0.0011193247752895941
0.0005263824498098271
0.00048387290713598736
9.947128605523612e-05
0.00016148075130240845
0.0001648911436675857
5.096873569161476e-05
0.00016829722304396598
6.035834144259973e-05
0.00021535009803917455
0.0008303991805503701
7.963501520710712e-05
0.00010943820562618843
5.9944887355287096e-05
0.0001282864419780355
0.00016379348199270066
8.09094313257435e-05
0.0009855002317695901
8.545960914147311e-05
0.00014894443956228623
3.803205332018325e-05
0.00018932053300904772
6.791795521201393e-05
0.00014309960619766798
8.221975117334032e-05
0.00011719716363305643
0.00020497095987830315
0.0012439842623832437
0.00027983119382239853
0.00010755318440704404
2.6285523797120752e-05
0.00011276084953303784
0.00012112752929349008
0.00011314997921735549
5.177594397515245e-05
9.169806702412693e-05
4.997920328172833e-05
0.00012010519041292305
5.3785385714949815e-05
0.00010824931620346716
3.15735258158546e-05
0.0004099419197566063
0.00011314997921735549
0.00011665374209565679
0.00011446029906495231
0.0008572541003107463
0.0002212702709870248
0.00024759064593078657
0.0002212702709870248
0.00014804915233388255
6.077550368780957e-05
6.425475334845916e-05
7.105000000801356e-05
0.0001017485300458564
0.0005596623876447971
0.0003662191002951251
3.1564798303199524e-05
0.00015501234493672355
3.0898725652998046e-05
0.0001538709004673936
8.862097265813092e-05
8.47426405693124e-05
0.0002446799318841149
6.539312815819268e-05
0.00012359490261199218
0.0004307001960783491
0.0010177336897627726
0.00017859449686644606
0.0001105009839802247
0.0006149128796349095
0.00033284662152042446
0.00027983119382239853
0.00020497095987830315
0.000228731134411489
0.00024759064593078657
0.0001567891752038008
6.950798215424442e-05
7.600876831185519e-05
7.414591864995194e-05
0.00010403321374208588
0.00016991323148288887
0.00012653101558966992
4.5849033512063466e-05
4.0948370498175164e-05
7.778656223061514e-05
0.00016052698986964746
5.167078164557452e-05
0.00018310955014756255
0.00012320722489244715
0.00011227553579517916
0.00027983119382239853
0.00032850007725653
0.00018932053300904772
6.983928856803644e-05
7.90106665232982e-05
0.00012010519041292305
0.00013822047359813818
0.00015927003041421424
0.00011409615996054974
6.728364637600353e-05
0.0001533476748265183
0.0004595630922754379
9.947128605523612e-05
1.8407922743334878e-05
7.657949054652017e-05
7.154980309883399e-05
6.562963015098377e-05
4.024894936032312e-05
5.271606784983245e-05
0.0001646395988868499
0.00023172404387431083
0.00028575136677024877
5.0225776662005766e-05
0.0001538709004673936
0.00435631319430955
9.478893463099026e-05
2.633695457867763e-05
0.0002432607051515632
4.3768220420243186e-05
0.00013313864860816976
0.00043268534625269804
9.541962556957466e-05
6.636048408942621e-05
0.00013913491818676418
0.0001538709004673936
0.00016443950234668064
5.638042476651892e-05
0.000164250038628265
9.694909292297301e-05
0.0001400326581125933
0.0002159373467222215
0.00013822047359813818
0.0007375102652873938
3.342346884108209e-05
0.00018310955014756255
0.00016829722304396598
0.000164250038628265
7.83945876019004e-05
0.0001216303525757816
6.380534619481151e-05
0.00022892059812990462
0.00018310955014756255
0.00013011072593420775
0.0004358693834054842
9.60458940864235e-05
2.688829610176101e-05
3.9482266862624066e-05
7.94567436528336e-05
0.00013200949073665302
6.724446402699556e-05
0.0001127451013971785
0.00026721745074408424
0.00017724194531626184
0.00017763107500057946
0.00019086960767434588
0.0001150497204925018
1.790507159110399e-05
0.00016851430952530985
0.0001453905271089675
0.0001304352513723527
0.0001365905421204199
8.862097265813092e-05
0.0009466026650452387
0.00027644094719627636
0.001507450686274222
8.990295386004464e-05
8.712041418722863e-05
0.00019597207636485965
9.00756335452919e-05
0.00024759064593078657
0.0001474787556298284
0.0005097396944486667
0.00017379303290573312
8.938980468416962e-05
6.162122296017048e-05
0.0009848423741286414
0.0001567891752038008
7.318891838978716e-05
8.288901852655887e-05
0.00021649863240693433
0.00047145233849028964
0.000785962346079508
0.00022629286853628115
0.00021535009803917455
9.629140293741552e-05
5.3907293152771397e-05
0.0005425137234340225
9.354023726337242e-05
0.00010917811276396345
7.01506402142613e-05
0.00020554168211296814
3.269656407909634e-05
8.09094313257435e-05
7.648136790499033e-05
0.00011719716363305643
0.00037716187079223166
3.5774901549416996e-05
0.00014804915233388255
5.3221865789564625e-05
0.00018461615884115363
0.00010265501731809315
0.0001823265110634287
0.000196490586519877
0.00013142761898560378
0.000228731134411489
0.00027983119382239853
0.00015318769742514595
0.00014048986409507917
0.00017273041198669116
0.00012653101558966992
4.86688834341315e-05
8.61793512933513e-05
0.0003273908304218035
0.0001939303762457258
5.098675051551126e-05
5.031263322969266e-05
3.613405818459431e-05
0.0003678405656088211
0.00011276084953303784
0.00013605667515235399
0.0004951812918615731
0.0003526514658243604
0.000256572883956071
0.0002732760860340189
0.0002881376822592705
0.00029591657641855776
0.0005956209443922606
0.00035588536309301574
9.515990008770978e-05
0.00037864106601809543
0.00017572928504262217
0.00019761974439139377
0.00010488544512585936
9.396920818559521e-05
0.00017724194531626184
0.0004263000000480814
0.0004029928237266865
8.938980468416962e-05
0.0003052455901375692
0.00021885386091747587
6.442577222695914e-05
0.00017507288168097274
0.00018310955014756255
0.00010277084105648407
3.1576634005337403e-05
0.0003319054064805372
8.712041418722863e-05
9.798603818242983e-05
0.00027983119382239853
0.00020497095987830315
6.470854503136102e-05
7.053029316487208e-05
0.0003002398101008995
0.0005283004187949321
0.0004140307860120812
0.00131400030902612
0.0001047300451435471
0.0012258218131861397
0.00014048986409507917
0.000408170025457062
0.00024080823835767807
0.0002179346917027421
7.963501520710712e-05
6.913339302928509e-05
0.00010074820593167162
0.00011719716363305643
0.00020977089025171872
4.29041718234741e-05
0.0008394935814671956
9.60458940864235e-05
0.00022512547948332824
7.543095617876038e-05
0.00021649863240693433
4.5933974748282905e-05
5.832687104782839e-05
0.0002145208591173705
0.00017523109548675254
0.00019389818584594602
0.00010062526645938532
5.832687104782839e-05
1.4066748229348873e-05
6.609710422214688e-05
0.00012324244592034096
0.00012359490261199218
8.532306764223083e-05
5.167078164557452e-05
0.00037039555733684696
8.523937210496682e-05
0.00044326943141880177
0.00017273041198669116
3.602035477631908e-05
0.00012320722489244715
0.00017273041198669116
8.29976598466044e-05
7.885657139136226e-05
2.1327247863724216e-05
0.00032850007725653
0.0002740306321602385
0.00018310955014756255
9.60458940864235e-05
0.000403136665893686
4.4648624216611516e-05
0.0018725915583873562
0.0002671126580749742
0.001229825759269819
0.0015146750073956937
0.000669945389687342
6.913339302928509e-05
8.623484514339449e-05
0.00019057930175852956
0.0002635939275639332
8.425715476265492e-05
0.0001508690022559506
7.83945876019004e-05
9.694909292297301e-05
8.425715476265492e-05
0.0001282864419780355
0.00013398907793746838
0.00018275950730277247
0.00022121813344474258
0.00014804915233388255
0.0015815635653835996
0.0008940019657850451
0.00017617838732766954
5.189569080435708e-05
0.00026586291797439275
5.3785385714949815e-05
3.8548872843508866e-05
2.31963703142336e-05
0.00021885386091747587
0.00018310955014756255
5.451217047914518e-05
0.0001071007818357074
0.0001453905271089675
0.00012202669368991592
8.938980468416962e-05
0.0002960983046677651
4.677011863168621e-05
2.208885897887762e-05
6.752839495342903e-05
8.495661574144444e-05
0.0002193919882468427
0.000256572883956071
0.0002780319286169777
7.761890423280315e-05
0.00017724194531626184
0.00016239732914891518
9.984277706947556e-05
4.714295886474664e-05
0.00041814953248785414
0.00013200949073665302
0.00016800216727439358
0.00042478307870722225
0.00011081735785470044
0.0001440814191052763
6.061567769553255e-05
3.920530411110647e-05
0.0003648910577273448
7.60641066403665e-05
0.00029642961658709065
0.00011187556309871912
0.0001282864419780355
2.8534955796197588e-05
4.28560981724525e-05
4.261968605248341e-05
2.1613043962913372e-05
0.00016052698986964746
0.00022400288969919144
0.0003210539797392949
0.00020497095987830315
0.0003052455901375692
0.00014859285945028626
0.00018193335400167035
0.000228731134411489
0.00019389818584594602
0.00010824931620346716
0.00039602847220995905
0.00010403321374208588
0.0001567891752038008
6.900513100201353e-05
0.00013901596430848884
0.00017617838732766954
4.708124540082054e-05
0.00014804915233388255
0.00014408193239861787
4.615403971028841e-05
6.380534619481151e-05
8.026785869115129e-05
5.793101096857771e-05
6.562963015098377e-05
0.0001453905271089675
8.8706601641922e-05
8.288901852655887e-05
0.00011862845436433858
8.155997729470496e-05
0.00018687397819974115
6.801544944102898e-05
0.00018310955014756255
5.342620803394009e-05
0.0001282864419780355
7.75992095200405e-06
0.00028855950141827504
3.8115860351705904e-05
5.562409462969909e-05
0.00010370008954392762
0.00013313864860816976
7.318891838978716e-05
2.413987687490693e-05
8.080869868527075e-05
0.00024759064593078657
1.9258280587483103e-05
0.000196490586519877
0.00015559845881215392
4.964814652076208e-05
0.00027983119382239853
0.00023703199956989462
0.00016052698986964746
0.000715118437473357
0.00024759064593078657
0.00027983119382239853
0.00010334156329114903
0.0003454608239733823
8.288901852655887e-05
0.0007427719377923596
0.00020977089025171872
0.0001216303525757816
5.676325226553339e-05
0.00033155607410623547
0.00028097972819015834
0.00012483943722582373
0.00039602847220995905
0.0005317258359487855
9.60458940864235e-05
0.000164250038628265
3.701532915462372e-05
3.9600065120856916e-05
0.00010488544512585936
0.0002534409586161711
0.00011580860444227057
0.00021535009803917455
0.00020497095987830315
0.00012653101558966992
0.00033659444608793196
5.626699291739549e-05
0.000228731134411489
0.0002464144497848943
0.00016851430952530985
0.000196490586519877
0.00038893281115307573
0.00032850007725653
0.00024759064593078657
0.0005493286504426876
0.00011187556309871912
7.90106665232982e-05
4.2055881833531154e-05
6.850765804005963e-05
0.00015557312446123027
0.000196490586519877
0.00032850007725653
0.00016052698986964746
0.00010824931620346716
0.00020497095987830315
3.4328776412472895e-05
0.0002900819456901106
0.00013409277550679888
0.00010685241606788018
7.210716548153763e-05
0.00017763107500057946
0.00023703199956989462
0.00014048986409507917
0.000196490586519877
0.0002432607051515632
0.000246659253520021
0.00016027862410182027
3.448589936712975e-05
0.0001508690022559506
3.989988119420804e-05
3.0898725652998046e-05
0.0002070153930060406
3.2014205456847176e-05
0.000196490586519877
0.00027983119382239853
4.554601433900315e-05
0.00025324235317473434
0.00011825768798674601
0.0006037515987563119
0.0003515914908991693
0.000228731134411489
0.00016829722304396598
9.787017804259576e-05
0.0005493286504426876
0.0002402103808258461
3.5774901549416996e-05
0.00035640058608771226
0.00010613956539873004
0.00013011072593420775
0.0002705146765805691
0.0003282807913762138
0.00011187556309871912
6.135760860897161e-05
0.00026401898147330603
3.553073679683066e-05
0.0003662191002951251
6.752839495342903e-05
5.167078164557452e-05
0.00012483943722582373
8.127290598045864e-05
0.0002960983046677651
0.00011486923581978024
7.095462156046534e-05
2.7498982491872418e-05
6.950798215424442e-05
4.78389850274697e-05
0.00012121304802790611
9.694909292297301e-05
2.2639318404004644e-05
0.00011719716363305643
7.83945876019004e-05
4.708124540082054e-05
0.0007572821320361909
0.00021535009803917455
0.0001570799851174357
6.562963015098377e-05
4.345094428369733e-05
0.00014106058632974415
7.778656223061514e-05
6.506844338146625e-05
0.00014287568338512439
0.00015449362826499026
7.530875734334298e-05
0.0016789871629343913
0.0005358963720633006
0.00020404634832308694
4.708124540082054e-05
7.057569412363411e-05
0.0001657854767587269
0.0002228892891754294
0.0001453905271089675
0.00012409983961289187
0.00011825768798674601
3.284452112394791e-05
0.0004080926966461739
0.0002228892891754294
8.249694747561725e-05
5.9944887355287096e-05
3.602035477631908e-05
6.380534619481151e-05
0.0011193247752895941
0.00017261547456159517
0.0002312932370610532
0.0001508690022559506
5.748989676226299e-05
0.00013601163627773773
0.00042862705015537313
5.525049199011235e-05
0.00017273041198669116
0.0001384324128560166
0.00011187556309871912
6.818413420973384e-05
0.00014106058632974415
3.651518155544998e-05
0.00011719716363305643
0.00018932053300904772
7.778656223061514e-05
7.60641066403665e-05
0.0002960983046677651
0.00012320722489244715
0.00013043161578108208
3.362223201349778e-05
5.7538491520531724e-05
0.00018687397819974115
0.000164250038628265
0.00010942693045873794
0.00021739208562058786
9.259888933421174e-05
0.00012653101558966992
0.00011719716363305643
6.119644120825858e-05
0.0002643884168885875
8.87835887987167e-05
0.00019389818584594602
0.00011352650453106678
0.00022978154613771895
7.157557936912999e-05
9.429046769805791e-05
0.00016052698986964746
9.416249080164108e-05
7.825896946864923e-05
8.09094313257435e-05
4.997920328172833e-05
0.0001474787556298284
0.00014048986409507917
5.236502257177355e-05
8.467385937792206e-05
0.00013822047359813818
0.00017877960936833924
0.00011719716363305643
0.00018310955014756255
8.425715476265492e-05
6.204991980644594e-05
0.00018932053300904772
6.516680764025842e-05
6.077550368780957e-05
0.00017424082837445726
0.00010836387464061153
0.0003136451994727685
0.00021195985141305237
5.177594397515245e-05
5.9128843993373006e-05
4.201421214125618e-05
0.0002212702709870248
9.976894284504105e-05
3.1564798303199524e-05
0.00010488544512585936
9.343698909987057e-05
0.00014804915233388255
6.380534619481151e-05
3.362223201349778e-05
1.3154693937549624e-05
5.031263322969266e-05
4.834699094835177e-05
0.0001580213330465964
0.00015920934809809508
8.8706601641922e-05
9.343698909987057e-05
0.00041108336422593627
0.00026586291797439275
4.233692968896103e-05
9.137975365138623e-05
0.00014804915233388255
0.00041674553257821996
0.00012885545920334414
8.938980468416962e-05
0.00010086669604049334
0.00020554168211296814
0.00013200949073665302
0.00013605667515235399
0.00026401898147330603
9.478893463099026e-05
3.722422897499856e-05
0.00019389818584594602
0.00013603089888205796
0.00016934771875584413
0.0001453905271089675
5.337300563941119e-05
0.000379513792099694
0.0001821840573560126
0.00035966932413172256
9.259888933421174e-05
0.00032850007725653
0.0001216303525757816
0.000192091788172847
8.425715476265492e-05
0.00027625245995056174
0.00018355124794842967
0.00026797815587493675
0.00014697905727364475
5.451217047914518e-05
2.5690463076965716e-05
8.495661574144444e-05
0.00015229958941897709
7.001632905629664e-05
0.00030403507324742074
0.0002131500000240407
9.429046769805791e-05
0.000103816127260742
0.00022995958704905196
0.00013801026200402705
5.342620803394009e-05
0.00016443950234668064
0.00013605667515235399
2.770433946367511e-05
0.00012320722489244715
0.00017273041198669116
1.6428335542519506e-05
0.000256572883956071
7.983279868434693e-05
6.950798215424442e-05
7.318891838978716e-05
0.00025277146428796473
9.88612248666026e-05
0.0001453905271089675
0.00010829471716222922
1.9258280587483103e-05
0.00011200144484959572
0.00011314997921735549
0.0002464144497848943
2.679897340243821e-05
0.00013605667515235399
4.494583467551396e-05
5.306978269936502e-05
5.098675051551126e-05
8.288901852655887e-05
0.0001054321356996649
5.167078164557452e-05
0.00022375112619743825
0.00032814815075491886
0.00025277146428796473
2.11856601423281e-05
0.00017763107500057946
0.0007024493204753959
5.451217047914518e-05
0.00018932053300904772
0.0006149128796349095
0.00012357653108325325
0.00013545484330076442
0.0011497502703978553
0.00018355124794842967
0.00018932053300904772
5.098675051551126e-05
9.343698909987057e-05
4.29041718234741e-05
5.487986629561663e-05
8.356805655065856e-05
6.752839495342903e-05
0.0001453905271089675
8.026785869115129e-05
0.0001460066503023945
6.291935219609779e-05
0.0004616127014021808
9.478893463099026e-05
8.786464252131108e-05
0.00011580860444227057
6.847278630353346e-05
7.154980309883399e-05
6.077550368780957e-05
6.609710422214688e-05
7.486023394409539e-05
2.4522704373921406e-05
6.142655987466138e-05
0.0001567891752038008
4.770981278478733e-05
0.0001216303525757816
0.00016934771875584413
8.786464252131108e-05
0.00027983119382239853
6.516680764025842e-05
0.00011314997921735549
6.609710422214688e-05
0.0005596623876447971
0.0001538709004673936
0.00018519777866842348
0.00014106058632974415
0.0001054321356996649
9.096667700083518e-05
0.0001106351354935124
9.515990008770978e-05
0.0005596623876447971
6.818413420973384e-05
0.00021885386091747587
7.356811312176422e-05
0.0006034760090238024
7.600876831185519e-05
9.798603818242983e-05
0.00027983119382239853
0.00014972046788819078
0.00011187556309871912
8.566675592555208e-05
0.00010488544512585936
0.0003319906393864176
3.726743426263243e-05
1.3456729275200705e-05
3.828974527326008e-05
0.0001508690022559506
7.90106665232982e-05
0.00021535009803917455
0.00027983119382239853
0.000392981173039754
7.47261267028369e-05
4.834699094835177e-05
0.00031241302293805607
8.695683424823514e-05
0.00019031980017541957
0.00012183967153518165
0.0004099419197566063
0.0004106200692723726
0.00012583870439219558
0.00016311995458940991
0.000164250038628265
8.814202520567549e-05
0.0004214695922852375
0.00036031557123876917
2.8744948381131495e-05
1.7738655390116335e-05
5.600072242479786e-05
0.00011314997921735549
0.00011187556309871912
0.0016479859513280632
0.00021760266089068583
0.00045260700676785174
0.0005493286504426876
0.0001156466185305266
9.863885880618592e-05
0.00024759064593078657
2.4908708900945635e-05
0.00012483943722582373
3.4328776412472895e-05
0.0021649863240693437
0.00010685241606788018
0.00010829471716222922
5.414735858111461e-05
4.931942940309296e-05
0.0001508690022559506
6.847278630353346e-05
8.02694127858927e-05
0.00016052698986964746
0.00011745225821844637
0.0001105009839802247
6.162122296017048e-05
2.980937191483395e-05
5.5549692190141244e-05
0.00045260700676785174
9.177562397421483e-05
0.0008723431626538048
4.6461059165317124e-05
7.264489723424737e-05
0.0004927501158847951
9.515990008770978e-05
5.217264631243282e-05
0.00016052698986964746
4.491021431807166e-05
8.288901852655887e-05
0.0008394935814671956
2.30553450572624e-05
0.00017724194531626184
0.00011187556309871912
6.470854503136102e-05
4.3190408287148385e-05
0.0001216303525757816
0.00021535009803917455
0.0004307001960783491
0.00014859285945028626
0.00016851430952530985
8.155997729470496e-05
9.259888933421174e-05
0.0001071007818357074
0.00014804915233388255
1.9602824967048033e-05
2.227162258753319e-05
8.638790647272659e-05
2.811779355098775e-05
7.157557936912999e-05
5.714925679255763e-05
0.00024759064593078657
7.648136790499033e-05
0.00010156966899160467
0.00013822047359813818
0.0002301539660821269
0.00014528979446849473
0.00011862845436433858
3.9600065120856916e-05
0.00019031980017541957
6.752839495342903e-05
0.00033659444608793196
0.0004307001960783491
0.00013901596430848884
1.2556444165501442e-05
0.0001017485300458564
7.157557936912999e-05
4.122278591689643e-05
6.035834144259973e-05
0.00025486984722433335
0.0008394935814671956
8.411176366706231e-05
0.0001453905271089675
4.931942940309296e-05
2.895589331664659e-05
0.0001017485300458564
6.162122296017048e-05
0.00011580860444227057
6.801544944102898e-05
9.177562397421483e-05
8.221975117334032e-05
8.566675592555208e-05
0.00011825768798674601
6.119644120825858e-05
9.60458940864235e-05
7.157557936912999e-05
0.00012010519041292305
0.00014972046788819078
1.1382545176701657e-05
0.0001538709004673936
7.659384871257298e-05
9.429046769805791e-05
0.00022375112619743825
3.7492405247798554e-05
0.000392981173039754
0.0003454608239733823
9.605462159907858e-05
0.00011719716363305643
0.00011580860444227057
3.777578116468466e-05
8.221975117334032e-05
0.00027983119382239853
0.0004205588183353116
9.429046769805791e-05
0.000228731134411489
0.00014804915233388255
0.0001508690022559506
8.221975117334032e-05
0.00027983119382239853
4.615403971028841e-05
7.555156232936932e-05
0.00017273041198669116
0.00020149641186334325
5.1327508659046576e-05
6.336023965404278e-05
0.0003474258133268117
7.659384871257298e-05
0.00013505678990685807
7.264489723424737e-05
9.694909292297301e-05
0.0003990757713801642
0.0001474787556298284
0.00027983119382239853
3.480583986178745e-05
7.83945876019004e-05
0.000196490586519877
0.00016135615714484944
8.355304392677566e-05
2.6686502819705596e-05
8.026785869115129e-05
0.0004283337796277605
0.0002464144497848943
7.659384871257298e-05
0.0001216303525757816
0.0007318891838978716
3.134171260669181e-05
0.00014048986409507917
0.00027983119382239853
6.0919835767590826e-05
0.00015086191235752077
0.00017763107500057946
0.00013605667515235399
7.83945876019004e-05
0.00027983119382239853
3.385655633053489e-05
4.866179353570168e-05
0.00024967887445164746
0.00016443950234668064
5.8726129109223184e-05
8.750339784072521e-05
0.00017763107500057946
0.00027983119382239853
0.00018310955014756255
0.0002055229741201789
6.470854503136102e-05
6.585251949729286e-05
5.342620803394009e-05
0.0001282864419780355
8.862097265813092e-05
9.416249080164108e-05
6.516680764025842e-05
0.00033659444608793196
7.543095617876038e-05
5.953507608260285e-05
5.638042476651892e-05
5.8726129109223184e-05
5.8726129109223184e-05
5.3785385714949815e-05
0.00011837811839828893
0.0001538709004673936
9.01715588601897e-05
0.00017763107500057946
0.00012324244592034096
0.00011862845436433858
7.053029316487208e-05
0.0001538709004673936
4.013470639294635e-05
0.0002881376822592705
9.343698909987057e-05
4.4648624216611516e-05
3.480583986178745e-05
5.031263322969266e-05
0.000196490586519877
0.000164250038628265
0.00018310955014756255
0.0001508690022559506
7.157557936912999e-05
7.600876831185519e-05
3.8173921534869174e-05
3.4566696514642546e-05
0.00013822047359813818
0.00013200949073665302
0.0001508690022559506
0.00011988977471057419
4.615403971028841e-05
0.00027983119382239853
0.0001106351354935124
0.000228731134411489
3.777578116468466e-05
4.122278591689643e-05
0.00011862845436433858
4.405984067680025e-05
9.880987219569689e-05
0.00011314997921735549
0.00023439432726611286
0.0002983378023673839
6.470854503136102e-05
0.00022375112619743825
4.345094428369733e-05
0.0001538709004673936
7.486023394409539e-05
0.00018687397819974115
7.37393778149142e-05
6.291935219609779e-05
7.001632905629664e-05
6.900513100201353e-05
0.00011719716363305643
6.950798215424442e-05
0.00013011072593420775
2.6485581217611198e-05
0.00018932053300904772
0.00012010519041292305
6.380534619481151e-05
4.677011863168621e-05
0.00012653101558966992
4.834699094835177e-05
6.291935219609779e-05
6.380534619481151e-05
6.752839495342903e-05
0.00013398907793746838
0.00014804915233388255
1.7738655390116335e-05
6.204991980644594e-05
8.09094313257435e-05
0.0001824913312459221
9.177562397421483e-05
0.00013200949073665302
0.00014048986409507917
0.00021535009803917455
0.0004099419197566063
6.609710422214688e-05
0.00011862845436433858
0.0002432607051515632
7.053029316487208e-05
6.425475334845916e-05
8.221975117334032e-05
6.900513100201353e-05
2.811779355098775e-05
0.00027983119382239853
0.0004927501158847951
0.00010277084105648407
0.00012320722489244715
3.9071499449280164e-05
9.60458940864235e-05
6.96116797235749e-05
0.000164250038628265
6.562963015098377e-05
0.00013200949073665302
8.695683424823514e-05
0.00037864106601809543
0.00021535009803917455
5.582121422477733e-05
0.00018932053300904772
0.000196490586519877
0.00043299726481386866
0.00012583870439219558
4.2055881833531154e-05
0.00016052698986964746
6.609710422214688e-05
5.7538491520531724e-05
0.0002402103808258461
7.157557936912999e-05
5.676325226553339e-05
0.00014804915233388255
0.000196490586519877
0.0004815809696089424
5.6651814002693535e-05
0.00011726729839722045
0.00010488544512585936
5.236502257177355e-05
5.0987578603326883e-05
6.380534619481151e-05
0.00037864106601809543
0.00013398907793746838
2.282426210117782e-05
0.00012653101558966992
8.066488830528304e-05
0.00013003728609042625
6.724446402699556e-05
7.37393778149142e-05
3.986661758992564e-05
0.0003077418009347872
3.409206710486692e-05
0.0006460502941175236
0.00013313864860816976
0.00027983119382239853
0.0001282864419780355
0.0001017485300458564
0.00018310955014756255
0.00013822047359813818
7.963501520710712e-05
0.001372386806468934
0.0003017380045119012
0.0005596623876447971
0.00011187556309871912
0.00018932053300904772
0.00013011072593420775
0.00013605667515235399
6.850765804005963e-05
8.355304392677566e-05
0.00010129694126989373
0.00015201753662371037
0.00012320722489244715
0.00027983119382239853
6.850765804005963e-05
0.00027983119382239853
0.00017273041198669116
0.00013605667515235399
0.0001861497594193378
0.000392981173039754
0.000785962346079508
3.5287847061817054e-05
4.554601433900315e-05
9.787017804259576e-05
8.81196813536005e-05
0.0001017485300458564
3.553073679683066e-05
3.362223201349778e-05
1.943023375396253e-05
5.525049199011235e-05
4.4648624216611516e-05
0.000103816127260742
0.00027644094719627636
5.031263322969266e-05
5.031263322969266e-05
0.00017763107500057946
0.00020497095987830315
0.00020497095987830315
0.00022375112619743825
0.00037864106601809543
0.00037864106601809543
0.00021535009803917455
0.00018932053300904772
9.694909292297301e-05
4.3768220420243186e-05
0.00032850007725653
0.0001560498206131288
6.516680764025842e-05
6.900513100201353e-05
0.0004099419197566063
0.0003937777809059026
0.00027983119382239853
5.562409462969909e-05
9.429046769805791e-05
5.8726129109223184e-05
6.162122296017048e-05
0.00017572928504262217
0.00014287568338512439
0.00011446029906495231
3.651518155544998e-05
4.29041718234741e-05
0.00018310955014756255
0.00021535009803917455
0.0001282864419780355
0.00012010519041292305
0.00013011072593420775
3.726743426263243e-05
0.0001282864419780355
0.00014804915233388255
0.00021885386091747587
0.00010597992570652619
9.292211833063425e-05
6.425475334845916e-05
6.516680764025842e-05
3.7520913247221376e-05
0.00017572928504262217
5.451217047914518e-05
0.00021535009803917455
4.677011863168621e-05
0.0003017380045119012
4.261968605248341e-05
0.00021535009803917455
0.0001453905271089675
2.895589331664659e-05
3.269656407909634e-05
0.00010488544512585936
0.00016052698986964746
0.00018932053300904772
0.0004951812918615731
0.0004712399553523071
6.035834144259973e-05
0.00016052698986964746
4.834699094835177e-05
0.00011719716363305643
2.8534955796197588e-05
0.0003612123575365171
0.00011862845436433858
8.938980468416962e-05
0.00012483943722582373
5.236502257177355e-05
0.0002053100346361863
0.00021535009803917455
4.6461059165317124e-05
0.00017877960936833924
0.00024759064593078657
7.210716548153763e-05
0.00033562668929615737
5.714925679255763e-05
0.00027983119382239853
0.00011719716363305643
3.0307838847766277e-05
0.00033659444608793196
8.938980468416962e-05
9.880987219569689e-05
0.00012239288241651717
0.00027644094719627636
7.761890423280315e-05
2.433089676785084e-05
0.000164250038628265
3.828974527326008e-05
9.343698909987057e-05
4.677011863168621e-05
0.000228731134411489
0.00017273041198669116
8.495661574144444e-05
5.236502257177355e-05
0.00017763107500057946
0.00024759064593078657
0.000196490586519877
3.9335031477518e-05
0.00024759064593078657
2.529794362891973e-05
7.184891475480444e-05
8.938980468416962e-05
0.00014048986409507917
7.486023394409539e-05
7.154980309883399e-05
6.96116797235749e-05
0.000457462268822978
0.0004099419197566063
3.504621909735051e-05
0.00027983119382239853
0.00021535009803917455
2.4908708900945635e-05
0.00010597992570652619
0.00011580860444227057
8.425715476265492e-05
0.00026797815587493675
4.013470639294635e-05
0.0003247479486104015
3.651518155544998e-05
8.288901852655887e-05
4.6461059165317124e-05
7.600876831185519e-05
0.00014048986409507917
5.201660687104294e-05
5.7538491520531724e-05
4.739446731549513e-05
7.657949054652017e-05
7.318891838978716e-05
3.1788959115649316e-05
0.00014804915233388255
8.425715476265492e-05
0.00014287568338512439
0.00010942693045873794
5.2571047594241504e-05
5.306978269936502e-05
0.0001508690022559506
7.429642972514313e-05
3.5145664949053356e-05
9.230807942057682e-05
0.0001071007818357074
0.0001282864419780355
0.00013011072593420775
0.0001106351354935124
0.00027983119382239853
0.00018310955014756255
0.00027983119382239853
8.155997729470496e-05
7.543095617876038e-05
9.01715588601897e-05
0.000196490586519877
2.4522704373921406e-05
0.00027983119382239853
0.00027983119382239853
0.00011745225821844637
0.00027211335030470797
7.963501520710712e-05
4.177652196338783e-05
0.00011719716363305643
0.00012320722489244715
6.609710422214688e-05
9.343698909987057e-05
2.5690463076965716e-05
0.00016829722304396598
0.00027644094719627636
0.0003454608239733823
0.00010334156329114903
8.786464252131108e-05
9.880987219569689e-05
0.00018310955014756255
0.00018310955014756255
0.00018932053300904772
0.00027983119382239853
0.0005596623876447971
0.000196490586519877
0.00011446029906495231
0.0001508690022559506
0.0001071007818357074
4.834699094835177e-05
3.676458311040153e-05
0.00021535009803917455
9.01715588601897e-05
0.00011719716363305643
0.00018932053300904772
0.00020497095987830315
3.783253929077422e-05
7.778656223061514e-05
1.3154693937549624e-05
9.429046769805791e-05
0.00021535009803917455
0.00027983119382239853
0.00027983119382239853
8.532306764223083e-05
0.00010824931620346716
6.801544944102898e-05
0.00010488544512585936
8.566675592555208e-05
0.0001538709004673936
3.4566696514642546e-05
0.00010942693045873794
0.00042391970282610475
0.00042391970282610475
5.8726129109223184e-05
6.35569804269843e-05
0.00020497095987830315
0.000228731134411489
0.00013605667515235399
0.00016829722304396598
0.00027983119382239853
6.516680764025842e-05
8.566675592555208e-05
3.1788959115649316e-05
6.704638775339944e-05
9.259888933421174e-05
0.00027983119382239853
6.493599427949806e-05
5.748989676226299e-05
0.00014287568338512439
0.00018932053300904772
0.00018932053300904772
5.793101096857771e-05
5.217264631243282e-05
0.00021004898716888993
0.00013200949073665302
8.566675592555208e-05
0.00014048986409507917
0.0001106351354935124
3.1564798303199524e-05
7.37393778149142e-05
7.318891838978716e-05
7.253422029689528e-05
0.00014210000001602712
2.770433946367511e-05
0.00014804915233388255
0.00027983119382239853
0.000164250038628265
0.00027983119382239853
0.00027983119382239853
0.00027983119382239853
0.0001538709004673936
0.0001508690022559506
0.00010806106432895725
0.0001071007818357074
8.566675592555208e-05
0.00013125926030196753
2.8325907001346767e-05
6.470854503136102e-05
7.318891838978716e-05
0.000196490586519877
3.2014205456847176e-05
0.00012850950669691832
0.00027983119382239853
4.615403971028841e-05
8.712041418722863e-05
0.00011862845436433858
8.026785869115129e-05
0.00011187556309871912
8.221975117334032e-05
8.566675592555208e-05
2.1544837823337826e-05
0.0001453905271089675
4.405984067680025e-05
0.0001570799851174357
6.291935219609779e-05
0.0001538709004673936
0.00021535009803917455
0.00021535009803917455
0.00027983119382239853
5.714925679255763e-05
0.0001538709004673936
9.880987219569689e-05
0.00011862845436433858
9.787017804259576e-05
9.60458940864235e-05