0.00019908567635561013
0.0060792985714032
0.0025904542692318138
0.00047840207685244493
0.004908525088544354
0.0005796895811799932
0.002261270538202631
0.00014480971084107248
0.0001233193972884047
0.0009706608087819324
6.68923932626021e-05
0.00011107267846524594
4.298208540099977e-05
0.00011044530668760594
8.864860943895382e-05
0.0003533527706680879
0.0014492873065764047
0.00040717318521549245
0.00020321792060767348
9.54139301245062e-05
0.0009365511135855703
0.0007170238134403412
7.793908645896416e-05
0.00026099564076212416
0.0002353237703037722
0.0002618528393621795
0.0004136659430592537
9.149794003520523e-05
0.0007738709720271251
0.0003132976246073764
0.0005154869905865491
0.000157794464011258
0.00019146510286697244
0.0004003237623172606
0.000557990311623402
0.00010752269417609446
0.00010794968494096212
0.000680331725511427
0.00037928823836869667
0.0001013956606824932
0.00027500922978101496
0.00029750726888924195
0.00015333261498556185
0.00041484141316579866
0.00012028572378836165
0.00016250654214364395
0.000831636369441757
0.001447213144449684
3.907014504773172e-05
0.00020013271112989713
0.00010493031416200116
0.0003052719941827751
3.138264606899009e-05
0.00017129950995119285
0.0002415478844294008
0.0008536437994409093
0.0008806224331443935
0.0002508525669533801
0.00033420248246903274
0.00026469991189612206
0.00023884493514888608
0.0003892792316485
0.000538484361732175
0.00027067877453185196
0.0005330301871746307
0.001149076004366002
0.000320436018338
9.2903005577133e-05
0.00031204943430482464
0.0003250130842872879
0.0003746204454342281
0.0006306502188558377
0.00020500986318049678
8.062521259157772e-05
4.8860782225859095e-05
0.00019801886729941626
0.00012861737015162775
0.0003470274788917581
0.0003892792316485
0.00019801778519750853
3.8289088836801595e-05
0.0011678376949455
0.000631177856045032
7.790230397229482e-05
0.0002813482561857389
0.00015809715850363448
3.058719539307599e-05
4.774571777671192e-05
0.0006864693538040014
0.0001645871350148378
0.0007609372721218523
0.00011041463172934436
0.00044282708335411335
0.00018988874101349482
0.00018141657744500942
0.0004370571863399329
6.381514806133599e-05
0.0007235532244329706
3.5578326157691814e-05
0.00011858593028713575
0.0005626965123714778
5.130524948822756e-05
0.00010129356948232533
0.0013395235613684027
0.0009264507293694345
0.0006306502188558377
6.478194135520753e-05
0.00041267049715853045
0.0004853304043909662
0.00044282708335411335
0.000320436018338
0.00037928823836869667
0.0006306502188558377
0.00024406173645757527
0.0006306502188558377
0.0006306502188558377
0.0006306502188558377
0.0006306502188558377
0.0006306502188558377
0.0006306502188558377
7.368762220770519e-05
0.0006044046560014392
0.00034677591061164713
0.0006680577673361489
0.00014996256709556607
0.0001432843404599651
0.00022378215981866067
0.00019010560346529516
3.666087713328207e-05
0.0020116747891502185
0.00023920471207529388
0.00013325754679365768
0.0001432843404599651
0.00011880519563453671
0.00020803295620321646
0.00012967339978933254
0.00017129950995119285
1.88248029923034e-05
0.0003540081634181746
0.00019801886729941626
0.0002353237703037722
0.0001794719133451024
0.00023884493514888608
0.0006306502188558377
0.00038869164813124516
0.0005782334099680992
0.00039983274898895764
0.0005267383604610861
8.74641212674008e-05
2.1177661038592866e-05
0.00011490973242077315
4.449021550764191e-05
8.629286787748718e-05
0.00019634161411203325
0.00028360028552013765
0.000491412151352912
0.0005090360032044951
5.397484247048106e-05
0.00019146510286697244
0.0006306502188558377
0.0016484687685869857
3.0789570211898484e-05
0.000778558463297
0.00023637832516054764
0.0002959188081562713
0.00011758049689094504
0.0011780496846721994
0.0004003237623172606
0.0011208826911630941
0.00110284075836799
0.0005042636411550763
0.0005159139813514168
0.00048791883436725703
0.0005703210680959441
0.00022527435242167387
0.00016797781014250496
0.0007128311738072202
0.0012317541951724037
1.6720935449160152e-05
6.478194135520753e-05
4.265085450822672e-05
0.0005703210680959441
3.702422615508198e-05
0.0005138985298535785
0.00022705430817861888
0.00014841056590543652
0.0002813482561857389
8.629286787748718e-05
0.00024406173645757527
0.00031661932441606424
5.745486621038658e-05
0.00011722883378105912
9.669231289301899e-05
0.00026412501009940816
0.0001780648306367452
0.00021250062681553629
0.00021250062681553629
0.0002813482561857389
0.0003701671761216777
0.00011881067111850513
8.76183589505621e-05
0.0001699973057786835
0.0008105798888288423
0.00013533449037129143
0.0008796841767181011
0.006837612701881539
0.0006142651891911399
0.00047275665032109527
0.0007306054725847023
0.00020683297152962685
5.380416685100229e-05
0.00016130851667138952
0.0002164567977516139
0.00017991765419158757
3.518465509432064e-05
0.0001883357335296884
0.0005177572072649231
0.0014360815789012011
2.610441042074334e-05
0.0005042636411550763
0.00012904775719445094
0.00031661932441606424
0.0001270634868561398
0.0017700408170908727
0.00046793684780765054
0.0003276638550848249
4.734331387435542e-05
0.00021250062681553629
0.0002813482561857389
0.0018964411918434832
0.0006306502188558377
0.0006306502188558377
0.0006306502188558377
0.0006306502188558377
0.0001513408018236982
0.0003892792316485
0.00010889634961678448
0.00034053822711528907
0.0012613004377116754
0.0006306502188558377
0.0006306502188558377
0.0006306502188558377
0.0006306502188558377
0.0006306502188558377
0.0006306502188558377
0.00021250062681553629
0.00011769351803068383
0.00027870901673139896
0.0006306502188558377
0.0006306502188558377
0.000557990311623402
0.0006306502188558377
0.0006306502188558377
0.0006306502188558377
0.0006306502188558377
0.000557990311623402
0.0006306502188558377
0.00022268592244538302
0.0001521874544243705
0.0006306502188558377
0.00041267049715853045
0.0006306502188558377
0.0006306502188558377
0.0006306502188558377
0.0010924615986263565
0.0016739709348702057
0.003621579697698866
0.0003019686267685596
0.00011115025641725295
3.170196191586542e-05
0.0003105615656949439
0.00019859364344643201
0.0004853304043909662
0.004048653920403844
0.0003617766122164853
0.0003701671761216777
5.220882084148668e-05
0.0002554036703364668
2.4949299092773112e-05
0.00023637832516054764
0.0013743912987842328
0.0006723582091972636
0.0013206250504970405
0.0003561296612734904
0.0005632634120536094
0.00046193913888093575
0.0003617766122164853
0.0003960377345988325
0.00010889634961678448
0.00020043563574922735
0.00013841657224091035
7.368762220770519e-05
0.0017066722826024412
0.0002157366053622669
0.00037928823836869667
0.0003837787736446671
0.0002424301937825182
0.00032988893603931585
0.00017667638533404396
0.00021791738087606109
7.57737823582015e-05
0.00048812347291515054
0.00028516053404797204
0.00034677591061164713
0.00031497028474878583
0.00014180014276006883
0.0008020520480809771
0.0003430970239925241
0.0002591694156425627
5.7898106142802054e-05
0.0005611507241040878
5.7013492556896824e-05
0.00013051468785784661
0.00038683053990255784
0.0018179293545803074
0.0003425990199023857
0.0008120363235955558
0.0002606305762055339
0.001370580016896057
5.079118856205124e-05
0.0002298157323501466
0.0004853304043909662
0.00031661932441606424
0.00083060393893199
0.000607628269812845
0.0001350966481381404
0.00011722883378105912
0.00021057715839379473
0.0004030848741039893
0.0006306502188558377
0.0013076377894948978
0.00033742215994980387
0.0002813482561857389
0.000306628331136261
0.0001315389496289577
0.000557990311623402
0.0005721414559962321
0.002426652021954831
0.0007411883337730907
0.0016099809989945767
0.00025758044848536683
9.059450204872034e-05
0.00013602844172086744
0.0006306502188558377
0.0003701671761216777
0.00016450223252818485
0.002623971062953836
0.00036121687502744284
0.0014740401087565632
0.0003473886368568123
0.0022600288023562607
5.997255139719587e-05
0.0003019686267685596
6.621466645308488e-05
0.0003348808903421007
0.0003179055502198458
0.0009706608087819324
4.110646576280157e-05
0.000320436018338
0.00010401647810160823
0.0074761162171517225
0.00026111602675047557
0.0003701671761216777
0.0007585764767373933
0.001115980623246804
0.0004827419744146754
0.001115980623246804
0.0003890201993679976
0.00023637832516054764
0.00014480971084107248
0.0003690789423885325
0.00033791152863251074
0.0006306502188558377
0.0006306502188558377
0.00021250062681553629
0.0012613004377116754
0.0006306502188558377
5.06531426617932e-05
0.0014686519018515395
0.0006306502188558377
0.0012613004377116754
0.0006306502188558377
0.0010403277318349414
6.290160236745667e-05
0.00027411600337921144
3.379855356083107e-05
6.963586807193888e-05
0.00010968413338751771
0.00011338862091857118
0.00012368170687959752
5.4834077509394957e-05
0.00012203086822878763
9.995818724723941e-05
9.54139301245062e-05
9.2903005577133e-05
0.00015580460794458964
0.0003400105899260948
6.197393181911967e-05
0.0008125327107182197
0.00027067877453185196
0.0006040500751424103
0.0008644605546821962
0.00013519421424332427
0.0006848429615412478
0.0002313516525945054
9.10585106956762e-05
0.00033365554799455986
0.00014896178183011958
0.00015431581117936085
0.0006745420849704187
0.003670211027940158
0.00012620775893804916
0.00014809690462032793
3.3069160599605715e-05
3.170196191586542e-05
0.00011402698511379365
0.00025213182057753816
0.0006306502188558377
8.11783858427447e-05
0.0006306502188558377
0.0001868053984992711
0.00027067877453185196
0.00014480971084107248
0.0004853304043909662
9.352512068401464e-05
0.0003995537173617045
1.483007183588064e-05
0.00013325754679365768
0.00022705430817861888
0.00016250654214364395
0.00057919659672475
0.0008253409943170609
0.00012620775893804916
0.00010968413338751771
0.0004827419744146754
0.00031661932441606424
8.629286787748718e-05
0.0005154869905865491
0.00016250654214364395
0.000339994611557367
0.0005873160953603097
0.0006306502188558377
0.0012613004377116754
0.00014379689051917816
0.00010038626121158457
5.745486621038658e-05
0.00018988874101349482
0.000941678667648442
3.497677138733372e-05
9.003580626470853e-06
0.00026111602675047557
6.447312810149964e-05
6.151315706475543e-05
0.0006673110959891197
0.00010121329256283734
0.0003972879987185093
0.00020718003101024223
0.00014180014276006883
0.000185806011154266
0.0004266680706506103
0.0003540081634181746
0.00033365554799455986
0.00023161268234235863
0.0006306502188558377
9.956247950073876e-05
0.0003892792316485
0.00015328511982401344
0.0005340600305633334
0.00011227256336380855
0.00012535896006698056
0.0007398401518415902
0.0002313516525945054
0.0004003237623172606
0.0015070263604622148
0.00030736888992207866
0.0003992866152615431
7.844125676792408e-05
0.00017530609016346937
0.00016250654214364395
0.00034677591061164713
0.00012487348181140938
0.00020145609614677574
0.0005840243912774866
0.00040312606295788854
0.0006673110959891197
0.0009059058803056788
0.0004374972374785067
0.0003276638550848249
0.00027067877453185196
0.0002413709872073377
0.0005154869905865491
0.0003179055502198458
0.00013843586520630296
2.638004075426964e-05
0.00021446004999250455
4.529725102436017e-05
0.00033365554799455986
3.863358808942206e-05
0.000315588928022516
0.0006306502188558377
0.0006306502188558377
0.0005154869905865491
0.0006306502188558377
0.0006306502188558377
0.0006306502188558377
0.0007610414923735829
0.0001500260152129473
0.0003019686267685596
0.00010470840198565437
0.0004254004282802065
0.0001245169789311318
5.6136281681904275e-05
0.00016871107997490194
0.00020321792060767348
0.00030736888992207866
0.00014811288298905567
6.16610831632128e-05
0.0006306502188558377
5.156018303631756e-05
2.472458128288423e-05
0.0001106031535308945
0.000320248056999673
0.00035168650134317735
0.0005950145377784839
0.00037928823836869667
0.0003115048423813218
0.00011338862091857118
0.000557990311623402
0.00035168650134317735
0.0005864561178120675
0.00022056815167359803
0.0001154710475544517
0.00018529708344327268
0.0005864561178120675
0.0001143656746641747
0.00022268592244538302
2.6684361483986283e-05
0.0002262958781285038
0.00010401647810160823
7.793908645896416e-05
0.00024661338394719675
8.603183812963396e-05
5.397484247048106e-05
0.00010264618293103365
0.00012879022424268341
8.007494315037604e-05
0.00014279376240641984
0.00041267049715853045
7.892336977737462e-05
0.0002579569906757084
0.00022056815167359803
0.00010470840198565437
0.00014444901711693238
7.063421931177443e-05
0.0005154869905865491
0.00031661932441606424
0.00034677591061164713
0.0002579569906757084
3.907014504773173e-06
0.00010245629664069288
0.0001279262578815557
0.00012119527912244392
0.0002136240122253334
0.00037977748202698965
0.0004546426941492089
0.0004266680706506103
0.0003582108511499127
0.00044282708335411335
6.197393181911967e-05
0.00014686519018515396
0.003058892476153799
0.000557990311623402
2.0265532160203318e-05
7.57737823582015e-05
0.00024395941718362852
0.00021057715839379473
0.000778558463297
0.0006230096847626436
0.00042115431678758946
0.00010895869043803054
0.00026099564076212416
0.0010200317697782843
0.0012613004377116754
0.00015905509438386958
0.00021849231972527133
0.0003019686267685596
0.0018088830610824263
0.0002245451267276171
0.0006306502188558377
0.0006306502188558377
0.0009706608087819324
0.0010309739811730982
0.0006306502188558377
0.0006306502188558377
0.0001479082444411623
0.0006306502188558377
0.0005879188713799938
0.0001601240284998365
0.00020145609614677574
0.0005782334099680992
0.000557990311623402
0.0006306502188558377
0.0009198849934087829
4.301591906481698e-05
4.616507131997187e-05
0.0004853304043909662
3.0327173845655078e-05
0.00022484736165680625
0.000557990311623402
0.00026412501009940816
6.826206867621145e-05
0.0006306502188558377
0.0001422739665734849
0.00013020605781703816
7.995453795680242e-05
0.0007090549863762774
0.00023161268234235863
0.00015683165070528538
0.00012620775893804916
5.659643696513974e-05
0.0003701671761216777
1.3632960645051463e-05
0.0015151975842612974
0.00016822683962408293
0.0003540081634181746
0.00011880519563453671
0.00039977264038097303
0.000538484361732175
0.0004406605359633041
0.0012088093120028783
0.0006306502188558377
0.0003168284563160137
3.0327173845655078e-05
7.630187459768388e-05
0.0008578401999700182
0.000557990311623402
0.000557990311623402
0.000306628331136261
0.0006306502188558377
0.0008554816021439161
0.000557990311623402
8.722145615584419e-05
4.072871368613545e-05
0.0002591277654208301
0.0001908278602490124
0.00021446004999250455
0.0001398407195831006
0.0006332386488321285
0.00010245629664069288
0.0003617766122164853
0.00029322805890603373
0.00046193913888093575
0.0008417260861561318
0.00019146510286697244
0.0003110310925251269
0.0002776697704129325
0.0005042636411550763
0.00043139067155753444
0.0005696662230404844
0.00029007693867905696
0.0003617766122164853
0.0001331845724539015
0.0002490339578622636
0.0006306502188558377
0.0024019425739035634
0.0002164567977516139
0.0006306502188558377
0.00047768987029777216
0.00047768987029777216
0.0006306502188558377
0.0006306502188558377
0.0006306502188558377
0.0006306502188558377
0.0006306502188558377
0.000557990311623402
0.00022056815167359803
0.0002164567977516139
0.0006306502188558377
0.0001388745736855206
0.0006306502188558377
0.00013791725116135903
0.0001589527751099229
0.00020683297152962685
6.51477096344788e-05
0.0002891167049840496
0.00041267049715853045
3.5578326157691814e-05
0.00029792356366023916
8.456016581928699e-05
0.00015580460794458964
0.00029322805890603373
0.00014387586071416323
0.0003115048423813218
0.0001883357335296884
0.0005721414559962321
0.00013791725116135903
0.000355435098759908
0.00021951751578119964
0.00034677591061164713
5.8615574649028625e-05
0.0001637184179281119
0.00022705430817861888
1.8398603463240488e-05
0.0024973304913041222
0.0002891167049840496
0.0006306502188558377
4.529725102436017e-05
4.4960800230547974e-05
0.00017530609016346937
0.0022141354167705667
7.695787423234132e-05
0.000557990311623402
0.00013828047105526626
0.00044282708335411335
0.0003766037997317424
7.995453795680242e-05
0.000122853037838228
0.00025500394785238914
0.0005413575490637039
0.0002824528497988068
0.0003400105899260948
0.0005494895895289952
0.0007833480802514266
0.00046793684780765054
0.0001821170213913524
0.0006494294003407652
0.0005558912503298179
4.8708904533362825e-05
0.00019306553224158338
7.624378310944981e-05
0.000413751753484077
2.565262474411378e-05
0.00032261703334277904
0.0007585764767373933
0.000613256662272522
0.0004720562063747523
0.0005864561178120675
0.000613256662272522
0.0009706608087819324
0.0006306502188558377
0.00018592179545735897
0.00026412501009940816
0.00028759378103835633
0.0004853304043909662
0.00026099564076212416
3.8289088836801595e-05
0.000557990311623402
0.0008120363235955558
0.00029322805890603373
0.001546460971759647
0.00017129950995119285
0.0002493362925664797
0.00028516053404797204
0.00024661338394719675
0.00021341094986022732
0.0006306502188558377
0.00013145015567790822
0.0003400105899260948
0.00025500394785238914
0.0004173766979066063
0.00014841056590543652
0.0009238782777618715
0.00265696250012468
0.0001279262578815557
0.000320248056999673
0.000557990311623402
0.0006306502188558377
0.00011579621228560411
0.0003115048423813218
0.0005108073406729336
0.0014801437754736017
0.000157794464011258
4.41785123623769e-05
0.0003219961997989154
0.0002572347403032555
0.00028516053404797204
0.00017637074533641755
0.0010200317697782843
0.00017236459863115972
0.000122853037838228
7.630187459768388e-05
0.0007281153467112577
0.0008856541667082267
0.0005154869905865491
0.0003022023280007196
0.0001566488123036882
0.00019146510286697244
8.924591070080644e-05
0.0003400105899260948
0.00047768987029777216
0.0003115048423813218
0.000557990311623402
0.0007235532244329706
0.0003892792316485
5.185707169869608e-05
9.352512068401464e-05
5.3273828981560605e-05
0.0001013956606824932
0.00132848125006234
0.00022056815167359803
0.00016494446801965793
0.0013344003781034374
0.00010062375194557125
0.00011338862091857118
0.00031661932441606424
0.0007272905813475545
0.0006306502188558377
0.00016321073887111225
0.000306628331136261
0.0001270634868561398
0.00017104047767069045
5.9690048715625344e-05
0.0001068120061126667
0.0011583931934495
0.00028360028552013765
0.00020515451127160018
0.0002606305762055339
0.00046318320283854944
0.00046193913888093575
0.00016579905194736
0.0001536652814666389
0.0004266680706506103
0.0006306502188558377
0.00011053270129824001
0.00016130851667138952
0.00044282708335411335
0.00022677724183714235
0.0001699973057786835
0.0003065702396480269
0.0001325355370871307
0.0006851980398047714
0.00044282708335411335
0.0002813482561857389
0.0006306502188558377
0.00034677591061164713
0.0002493362925664797
0.0003736107969985422
0.00020145609614677574
0.00011758049689094504
0.0003816557204980248
0.000792075469197665
0.0010085272823101526
0.0008020520480809771
0.0006306502188558377
0.004112679157280664
3.2745016171873776e-05
0.00023637832516054764
0.0006306502188558377
0.0003892792316485
8.629286787748718e-05
0.000557990311623402
0.00028516053404797204
0.00034677591061164713
0.0001980875293779891
0.00013145015567790822
0.002023816934888347
0.00012956388271041506
0.00027067877453185196
8.22935675074189e-05
0.0006306502188558377
0.0005619306681513422
0.0004853304043909662
5.921685613986032e-05
0.0006306502188558377
0.00021057715839379473
0.0003291742700296756
0.00010673497847307544
0.0005378284851332362
0.00028360028552013765
0.0006662877339682884
0.0005950145377784839
0.00025652624744113776
0.0009345145271439653
0.0003250130842872879
0.0006306502188558377
0.0004266680706506103
0.0005222320535009511
0.0006306502188558377
5.745486621038658e-05
0.00038613106448316675
0.0003019686267685596
0.000557990311623402
0.00013696859230824957
0.0006306502188558377
0.0003219961997989154
0.000304374908848741
0.00014379689051917816
0.0006306502188558377
0.00023637832516054764
0.0007403343522433554
0.0005626965123714778
0.0006306502188558377
0.0004266680706506103
0.0006306502188558377
0.0005154869905865491
0.000557990311623402
5.923918312665134e-05
0.001668277739972799
0.0005154869905865491
0.00022677724183714235
0.000557990311623402
6.995354277466744e-05
0.00021057715839379473
0.00037928823836869667
0.000557990311623402
0.00032988893603931585
8.22935675074189e-05
0.0003701671761216777
1.978503056570223e-05
0.000498555083749351
0.00019634161411203325
0.0014559912131728984
0.0003540081634181746
0.0004266680706506103
0.00021791738087606109
0.0008856541667082267
0.0007403343522433554
0.0004932267678943935
0.0006306502188558377
0.00012879618891434
0.0002891167049840496
0.00012879618891434
0.001226513324545044
0.00019972339408857553
0.00020665818291196555
0.0001601240284998365
0.0001270634868561398
0.0001637184179281119
9.229057680420199e-05
0.00011053270129824001
0.00024661338394719675
0.0002776697704129325
0.0019463961582424998
0.0012009712869517817
0.00011338862091857118
0.00028516053404797204
0.0005300291560021318
0.0004733833920337739
0.00019010560346529516
0.00017258573575497436
0.0005154869905865491
0.0006306502188558377
0.00017530609016346937
0.0006039372535371192
0.0012078745070742383
0.0005347013653873181
0.00044537184489076603
0.00041267049715853045
0.000557990311623402
0.00046193913888093575
0.0004105847317241346
9.914319312345623e-06
0.00023396842390382527
0.0006306502188558377
0.0006306502188558377
0.0004802558637123311
0.0007293761624798138
0.0001388745736855206
0.00015580460794458964
0.00014583241249283558
0.00013325754679365768
2.0865213451578923e-05
0.00023370691191688445
2.472458128288423e-05
0.00044282708335411335
0.00018529708344327268
0.00016346898742749486
0.00023884493514888608
0.00017129950995119285
6.81559457809666e-05
8.805469233838497e-05
0.000315588928022516
0.00029322805890603373
0.0002591694156425627
0.0005031187597278562
0.00013729387076080027
0.00026099564076212416
0.00024395941718362852
0.0007585764767373933
5.6136281681904275e-05
0.0001521874544243705
0.00021057715839379473
0.0014559912131728984
0.000297890465169648
0.00040808532516260223
0.0004003237623172606
4.41785123623769e-05
0.00012967339978933254
0.00026099564076212416
6.90136812655431e-05
0.00014480971084107248
0.0003892792316485
0.0003401658627557135
0.00021057715839379473
0.00010823823339012754
0.00016140927197309964
0.00010540492340430949
0.0006043682884403272
0.0002813482561857389
0.00031661932441606424
0.00041001972636099356
0.0004289200999850091
6.864693538040014e-05
0.0002579569906757084
0.00013417306429719112
0.00017129950995119285
0.0004266680706506103
9.166974326033832e-05
0.0006306502188558377
0.0006306502188558377
0.0003115048423813218
0.0006306502188558377
0.0006306502188558377
0.0006306502188558377
0.0006306502188558377
0.0004173766979066063
0.0006306502188558377
0.00012487348181140938
0.00022484736165680625
0.0001131479390642519
0.0002507179201339611
0.0007395412222058115
0.00029792356366023916
0.00019972339408857553
0.0003540081634181746
0.00023637832516054764
0.00020868834895330316
8.924591070080644e-05
0.0001536652814666389
0.0003617766122164853
0.0002164567977516139
0.00019306553224158338
5.060664628141867e-05
0.00028516053404797204
0.00031661932441606424
0.0013533938726592596
0.0003115048423813218
7.47776780042207e-05
1.658600346837072e-05
0.0009105851069567619
6.383755579811122e-05
0.0001601240284998365
7.57737823582015e-05
0.0021388054615492725
9.045082152810524e-05
0.0005619306681513422
0.0006306502188558377
0.0008253409943170609
0.0004853304043909662
0.0012987407865096832
0.00020258713896465066
0.000151547564716403
0.0002164567977516139
0.00016744044517105034
0.000557990311623402
0.0001589527751099229
0.0006439923995978308
5.354785170561341e-05
0.0007675575472893342
0.00020500986318049678
5.102179964716181e-05
5.060664628141867e-05
0.00010781380719321375
3.518465509432064e-05
0.00021849231972527133
0.0003132976246073764
0.0016739709348702057
0.00038613106448316675
0.0004853304043909662
9.10585106956762e-05
0.000157794464011258
0.0003837787736446671
4.774571777671192e-05
0.00027411600337921144
0.001115980623246804
0.0006306502188558377
0.0003219961997989154
0.0003019686267685596
0.00018089814062256326
0.00034677591061164713
0.00029322805890603373
0.0006306502188558377
8.062521259157772e-05
0.0004003237623172606
0.00021057715839379473
0.00011227256336380855
0.00018988874101349482
8.062521259157772e-05
0.0006306502188558377
0.00033365554799455986
9.045082152810524e-05
4.1866078418892794e-05
0.0006306502188558377
0.00018988874101349482
4.298208540099977e-05
0.000122853037838228
0.0003336829624105447
0.0006332386488321285
0.0008533361413012206
0.0005347013653873181
6.151315706475543e-05
0.00046193913888093575
0.00011140082748967758
0.00030187125583671374
2.208906133752119e-05
0.0008253409943170609
0.00024661338394719675
0.00012904775719445094
9.2903005577133e-05
0.00042161969361723795
0.0001566488123036882
0.0001479082444411623
0.0005154869905865491
0.00019467479709249554
0.00018089814062256326
0.0002493362925664797
0.00010610610386373676
0.00044282708335411335
0.000557990311623402
0.0006306502188558377
0.0006306502188558377
0.0006306502188558377
0.00012040562500914764
9.54139301245062e-05
0.0003892792316485
0.00018529708344327268
0.00018529708344327268
0.0002816317060268047
7.814029009546345e-06
0.0001868053984992711
0.00014480971084107248
0.00010470840198565437
0.00019597295712666461
1.1044530668760596e-05
4.734331387435542e-05
0.00026412501009940816
0.00018381016364968868
7.57737823582015e-05
0.0001279262578815557
2.9986275698597934e-05
9.54139301245062e-05
9.798647856333231e-05
0.00046193913888093575
0.0003115048423813218
0.00010470840198565437
0.0008749944749570134
0.00011880519563453671
0.00015551554626256345
0.0001388745736855206
0.0006306502188558377
0.0006306502188558377
0.0006306502188558377
0.0006306502188558377
0.0006306502188558377
0.0006306502188558377
4.6145288402100995e-05
6.197393181911967e-05
0.00012040562500914764
9.478053793861463e-05
0.00015439440094618315
5.143860372645362e-05
3.344619663130105e-05
9.605117274246624e-05
0.00029750726888924195
0.00046193913888093575
5.923918312665134e-05
0.00016494446801965793
0.0002012475038911425
0.00010895869043803054
0.0004596314647002932
0.00035404215478106416
0.0004136659430592537
0.0006306502188558377
0.0002164567977516139
2.5001528937637606e-05
0.000572948613320543
0.0008856541667082267
0.0002796814391662012
0.0001521874544243705
0.00011115025641725295
0.0002796814391662012
0.00031661932441606424
0.00019864399935925464
0.00033365554799455986
0.00047275665032109527
0.000557990311623402
0.0006306502188558377
0.0002776697704129325
0.0003400105899260948
0.0003276638550848249
0.0003892792316485
0.00016494446801965793
0.00013696859230824957
0.0005686832276316878
0.0002044678373428998
0.0003348808903421007
0.0003219961997989154
0.000157794464011258
0.0001156758262972527
0.0001245169789311318
0.0006306502188558377
0.0008253409943170609
0.000557990311623402
0.0005703210680959441
0.0008423086335751789
0.0003736107969985422
0.00014279376240641984
0.00046793684780765054
0.00044282708335411335
0.00015551554626256345
3.228250011060137e-05
0.00037977748202698965
0.00044537184489076603
0.0006230096847626436
8.74641212674008e-05
0.00011115025641725295
0.0006306502188558377
0.0006306502188558377
0.00011041463172934436
0.0003115048423813218
0.00010196769455695003
0.0001780648306367452
0.00021419140682245365
0.0006306502188558377
0.0006306502188558377
0.0006306502188558377
0.00016871107997490194
0.0003115048423813218
0.00010062375194557125
4.072871368613545e-05
0.00021057715839379473
0.0006306502188558377
1.3342180741993141e-05
0.0003829302057339449
0.00014686519018515396
0.00022484736165680625
0.0006306502188558377
0.00018988874101349482
0.00046322536468471726
0.0002958164888823246
0.00010752269417609446
0.0001883357335296884
0.00015328511982401344
0.00023884493514888608
0.0001068120061126667
0.00011644945407307007
9.711037931764677e-05
7.164217022998255e-05
0.00031661932441606424
5.9690048715625344e-05
0.00019306553224158338
0.0004003237623172606
0.00022484736165680625
4.3402019272346064e-05
0.00013417306429719112
0.00021446004999250455
0.00010752269417609446
0.0004853304043909662
0.0006306502188558377
0.0011406421361918882
0.00023637832516054764
0.00018988874101349482
0.00025500394785238914
0.0001380273625310862
0.0003219961997989154
0.00027411600337921144
0.0002293087195361239
9.711037931764677e-05
0.0006306502188558377
0.00012620775893804916
0.00026099564076212416
0.000748008877699439
0.00012535896006698056
0.0008006475246345212
0.00013696859230824957
0.0005154869905865491
0.0006306502188558377
6.151315706475543e-05
0.000306628331136261
0.00020145609614677574
0.0005282500201988163
0.00040643584121534697
0.0007585764767373933
9.166974326033832e-05
0.0004853304043909662
0.0005950145377784839
0.0010694027307746362
0.0009059058803056788
0.0016212887763965105
0.0017700408170908727
8.062521259157772e-05
9.798647856333231e-05
0.0001589527751099229
0.00017261809447967512
8.173449371374743e-05
0.00016494446801965793
0.0002493362925664797
9.2903005577133e-05
0.0006306502188558377
0.0002813482561857389
0.00044282708335411335
2.7265921290102926e-05
0.00022056815167359803
0.0009659885993967461
0.0005154869905865491
0.0005154869905865491
0.0002413709872073377
0.00044282708335411335
0.00029322805890603373
0.0005154869905865491
0.0005154869905865491
4.896228177370046e-05
0.000557990311623402
0.00011644945407307007
5.795038213413308e-05
0.0012613004377116754
0.00016618502791645038
0.00013791725116135903
0.0004003237623172606
0.0006306502188558377
0.0006306502188558377
0.00034677591061164713
0.0003617766122164853
0.0001601240284998365
0.0003276638550848249
0.00022705430817861888
0.0005154869905865491
0.0006306502188558377
0.00037928823836869667
0.00029322805890603373
0.0005154869905865491
0.0001270634868561398
0.0004853304043909662
0.00010264618293103365
0.00020683297152962685
0.0006306502188558377
0.000557990311623402
0.0005154869905865491
0.0006306502188558377
0.0006306502188558377
0.000557990311623402
0.0006306502188558377
0.0004853304043909662
0.0006306502188558377
0.0006306502188558377
0.0003540081634181746
0.00022484736165680625
0.00018089814062256326
0.0006306502188558377
0.00018089814062256326
0.0005154869905865491
0.0006282504119139262
0.0006306502188558377
0.00014686519018515396
4.2631235741969456e-05
8.984663491120825e-05
6.621466645308488e-05
2.5979695486321393e-05
9.669231289301899e-05
0.00024406173645757527
0.0002958164888823246
0.0002293087195361239
0.00017395347671476106
0.00013136864052190307
0.0006306502188558377
0.00018381016364968868
0.00011960235603764694
0.0001868053984992711
0.0003019686267685596
5.9690048715625344e-05
0.00012620775893804916
0.00019146510286697244
0.00021849231972527133
0.00025213182057753816
0.000778558463297
0.00021221220772747352
0.00018988874101349482
0.00043698463945054266
0.00029750726888924195
0.00018988874101349482
0.00020868834895330316
0.0004173766979066063
4.9370960996351896e-05
0.00019634161411203325
4.734331387435542e-05
4.734331387435542e-05
0.00044282708335411335
0.00010332909145598277
0.0001589527751099229
0.00027067877453185196
0.00029322805890603373
0.00044282708335411335
0.00015328511982401344
4.9370960996351896e-05
2.3711345416232066e-05
0.00041267049715853045
0.00031661932441606424
0.00010968413338751771
0.00016618502791645038
0.00016871107997490194
0.00022484736165680625
0.00044282708335411335
0.0001780648306367452
0.00010752269417609446
0.00021250062681553629
0.0006306502188558377
3.923117267689461e-05
0.0002891167049840496
0.000557990311623402
4.4568926548623386e-05
0.001891950656567513
0.0012613004377116754
0.00013417306429719112
0.00015328511982401344
0.0002579569906757084
0.00025213182057753816
0.0004003237623172606
0.00041267049715853045
0.00020683297152962685
0.0003400105899260948
0.0006306502188558377
0.00029166482498567116
3.5578326157691814e-05
0.0003701671761216777
6.430868507581388e-05
0.0006306502188558377
6.573491235327471e-05
0.00026735068269365906
0.00026735068269365906
0.0005154869905865491
6.864693538040014e-05
0.00018529708344327268
0.0004003237623172606
0.00021057715839379473
0.00023161268234235863
0.0003533527706680879
6.430868507581388e-05
0.0003019686267685596
0.00034677591061164713
9.669231289301899e-05
0.00019801886729941626
0.0001245169789311318
0.00029750726888924195
0.0003892792316485
0.00025213182057753816
0.0002776697704129325
0.00025213182057753816
0.00026735068269365906
0.00023396842390382527
2.5979695486321393e-05
0.00023396842390382527
0.00027067877453185196
0.00027411600337921144
0.0006306502188558377
0.00041267049715853045
0.0005154869905865491
3.886010649178018e-05
2.7298280014803687e-05
6.718081235066489e-05
0.0003276638550848249
0.000157794464011258
0.00013055801337523779
0.00016871107997490194
7.31725052603999e-05
7.013385517398412e-05
0.0006306502188558377
3.2048494753218655e-05
0.0003274368358562238
9.798647856333231e-05
0.0006306502188558377