0.000621456390942608
0.0007019399268478399
0.003190967088184834
0.0038787960290381524
0.00135707123224929
0.0017687393235575088
0.0030375201646670024
0.0030978089923552918
0.001171747660057805
0.0008368910568516706
0.004564605981826314
0.001604434118509348
0.0001745386841902213
0.0015369316804233737
0.00019085395124671703
0.00026553873793221203
0.00011149293104878096
0.0002928419313288133
0.0017017810652832268
0.00011870646557748363
0.000329830047907489
0.0002601254344191886
0.0001178224271516993
0.0004743481931528633
0.00045282017894830815
0.00031758602271162557
0.00014284960339466208
9.651619812626799e-05
0.00021533126672626762
0.0004479561811768589
7.109293954352918e-05
0.0002687687801128578
0.0001497000399305231
0.00021655406090622043
0.0011387334370463085
0.000329830047907489
0.00013534532555338645
0.0014500854294213284
0.00034647861942324745
0.0007455038092049011
0.0012172960826933388
0.00017399839930876392
0.0001569346761874816
0.0008286258082728297
0.0001357451847910983
0.0002210614353984335
6.189055712134655e-05
0.0002895352503022856
0.0004408354424743819
5.244956782675352e-05
0.0002020310212405625
0.0015769866637613517
0.0011257728543433627
0.0009011527304701992
0.0008466805967156398
0.00016575465707339813
0.00012099609776449526
9.035439355301984e-05
0.00016579607654882515
0.0001467177954155584
0.00034799679861752784
7.513584339564432e-05
0.00011704117902118752
0.0006634670242093208
0.0020824651429912295
0.0001500573797632931
0.0019343431736820488
0.0006727616034897529
0.0005453702871345359
0.0027339103358903424
4.558219804527351e-05
0.0002299423575956232
0.0007432423374645894
0.0003008313972205028
0.000552669478194871
0.0007472712799397231
0.0007684658402116869
0.0009604593135569021
0.0003716211687322947
0.0005127609917396756
0.000271263959358628
0.00013477319561132234
0.00024289458387250973
0.00028477874590342715
0.0013598552123857376
3.1140050190450134e-05
0.0001965591719322255
0.00020403110715990042
0.000736484849945283
0.000784723679862886
0.00035229720845556396
0.0001715882585395664
8.52404493280727e-05
0.00026132587856439595
0.0005028511381552328
8.364830978852876e-05
0.0014521144991110244
0.00011626468014877328
0.0005951726455996411
0.001366997984470834
0.0011723536466233108
0.0002100313329790867
0.0005913893721740508
0.00018950026710758832
0.00013908963832897026
3.2515679302398575e-05
0.0002313850158879144
0.0003072300390155119
0.0007209221843761593
0.00038580995913404533
0.0003218440931887788
0.00025349427574997813
0.0003418893308769465
0.00029433320152676693
0.00019801900120621082
0.0002313850158879144
0.0006281360594117861
0.0006799276061928688
0.00017040002977434873
0.00019368863155306193
0.00032475648021536687
7.608100516833368e-05
0.00018813411856471668
0.0012507739290684482
0.0012334764782400331
8.839835274223016e-05
0.00022578994608984663
0.00012522640565940717
0.001995681841657305
0.00022945140327773657
0.00028190879314677524
0.0005741391534777502
0.0002100313329790867
5.23749352401006e-05
0.0003609598083668575
0.00032577467011759686
0.0001349402174919506
0.0005199075931486702
0.00039926804459306745
0.0008349339643856375
0.00013894523509601383
0.0007684658402116869
0.0006799276061928688
0.0001226130012677946
0.0002637499732505136
0.00010729723245821437
0.00018950026710758832
0.00019949570749299046
0.0017741681165221526
0.00027789047019202766
9.492624863447571e-05
0.0002518190740600803
0.00010586200757054185
0.0006421949965647856
0.0002313850158879144
0.0007684658402116869
0.0007684658402116869
0.0007495559109390638
0.0007177440946466063
0.00035730701413167577
0.0007684658402116869
0.0007684658402116869
0.0007684658402116869
0.0004904814753381731
0.0007684658402116869
0.0007684658402116869
0.00029758632279982053
0.0007684658402116869
0.0005395978253929681
9.023021703559096e-05
0.0001532949050637488
0.00014770416071190775
0.0007045944169111279
6.787259239554915e-05
0.0006799276061928688
0.00014380359286842635
0.0001301535709778759
0.0002662393178299409
0.0002620391305715055
6.629236187676648e-05
9.690665529887817e-05
0.00030141959506010144
0.00047849606309773745
0.0003504414808358559
9.233258244412612e-05
0.0006010113233489623
0.00035819821825401686
0.00017820350210562635
0.0001567240483935864
0.00027361484118603455
0.0007684658402116869
0.00022578994608984663
9.558297846750276e-05
0.00038737726310612386
0.00014573898854822683
0.00012590953703004015
5.23749352401006e-05
0.00027134934608565346
0.0014095439657338762
0.000329830047907489
0.0005199075931486702
7.001044432636222e-05
0.00026208081277284814
0.0002739831233365142
3.612511096908848e-05
0.000329830047907489
0.000336112453859712
0.00018047990418342875
0.0007684658402116869
0.00014991118218781276
0.00029103957832995146
0.00045105959137415014
9.497106917632017e-05
0.0007684658402116869
0.00021030079506848784
4.9695196279809345e-05
0.0005585113916582083
0.0016064484141454394
6.644865406170376e-05
7.273407994965757e-05
0.00012441701572617176
0.00028477874590342715
0.000414955845570189
0.00016349382511272436
9.362283251710073e-05
7.001044432636222e-05
0.0003625213573553321
2.5076863553256292e-05
0.00016461923918715163
0.0001178224271516993
3.6078740439329596e-05
0.00035229720845556396
0.0007684658402116869
0.0010150463460183346
0.00041362227489105495
0.0019839057543049763
0.00038455439082273047
0.0006241399485461346
0.0007747545262122477
0.00022578994608984663
0.0007684658402116869
0.00020873349109640937
0.0001567240483935864
0.00034557528909115595
0.00032475648021536687
0.0007684658402116869
0.00039603800241242164
0.0014284678186909645
0.0008300170577506041
0.00018348541773511537
0.0004491001197915693
0.0004743481931528633
0.0005395978253929681
0.00021676618422252527
0.0005199075931486702
3.214485554262915e-05
0.0001601758808745805
0.0012178399965479631
0.00018724566503420146
0.0005437438353432956
0.00013816736954871774
0.00022578994608984663
7.109293954352918e-05
9.651619812626799e-05
0.00039926804459306745
0.00019088118511005297
0.0003197328127154484
0.0006799276061928688
0.00012333137384936327
5.6229391132324825e-05
0.0001965591719322255
0.0015369316804233737
0.0004225566463717806
5.6221554783734465e-05
0.00038024141362496725
0.0006676010328624446
0.0003678390038033839
0.00015216201033666735
0.0006379513373920089
0.00023075688162524057
0.00034080005954869745
7.836519860392592e-06
0.00027603145339533965
0.00031594683536426154
6.491572749135458e-05
0.0005395978253929681
0.0008131381972596831
0.0002603071419557518
5.244956782675352e-05
0.000248501269734967
0.0009429845403259939
0.00017645489176898915
0.0005628864271716813
0.00013365334253661348
1.6072427771314574e-05
0.0004952540265162301
0.00030050566167448117
0.0006799276061928688
0.00047447287219755776
0.00041746698219281874
0.00019514734674823994
0.00010483232510913925
0.002086344574934554
0.00038737726310612386
0.0009734753196576099
0.00015430586032927148
0.0017254774365194085
0.0002973964041599218
0.00040656909862984156
0.0005028511381552328
0.00013101956528575274
0.0007985360891861349
0.0005628864271716813
0.00014450044387635393
0.0008345012910780558
0.0003218440931887788
0.00034740394870929833
0.00015903598582207601
0.00039926804459306745
6.893704581517581e-05
0.0007684658402116869
0.0015369316804233737
0.0005199075931486702
0.0007684658402116869
0.0005628864271716813
6.787259239554915e-05
0.0007684658402116869
0.0007684658402116869
0.0004408354424743819
0.0007684658402116869
0.00032844230156217863
0.0005206142839115035
0.0007684658402116869
0.0007684658402116869
0.00013543985656961144
0.0006799276061928688
0.0007684658402116869
0.0006799276061928688
0.0005768315862340958
0.0005395978253929681
9.420659821315471e-05
0.00032577467011759686
0.0004743481931528633
0.00020807668479528953
0.0004104222617790519
0.0003708897786353923
0.0006363551169571883
0.0001715882585395664
0.0003328724204225175
3.990076529413913e-05
0.00020873349109640937
0.003053695486220439
0.00016127231396847552
0.00025203205913154234
0.00024762701325811503
7.83620241967932e-05
0.0006799276061928688
0.0003218440931887788
0.000312584777396657
0.00021034022512626292
0.0002822268655718799
0.00010781855648905787
9.624310226822402e-05
0.0006223035145213524
0.0004206015901369757
5.768922040631014e-05
0.00010874876706865912
0.00013468734749370832
0.0001096174766640805
0.0005628864271716813
0.0003107298105742494
0.0001226130012677946
0.00022578994608984663
0.00022397809058842945
6.947261754800691e-05
0.00018023054609403983
0.00022115567473644026
0.0005523636374589623
0.0008699901365492729
0.0011182557138073516
0.00013680742059301728
0.0005628864271716813
0.00046816471608475006
0.00040656909862984156
4.8323558718879896e-05
0.0006799276061928688
0.00015026831263701787
0.000392361839931443
4.262022466403635e-05
0.00012131980957987077
0.0006799276061928688
0.00010110280862030455
6.572034970704938e-05
0.0002313850158879144
7.273407994965757e-05
0.0002333058591699608
0.000263758974436746
0.00041431290413641484
0.0007684658402116869
0.0005293100378527093
7.810406691916756e-05
0.00021604187582681506
0.0005199075931486702
0.00039469350446268354
0.00026132587856439595
0.0005325670361783358
0.00037970499453790285
0.00016579607654882515
0.00019080832008282333
0.00024129049531566998
0.00025686138340414024
0.0003373837012695571
0.00014991118218781276
0.0001497000399305231
0.00017306766121893044
0.0006799276061928688
9.169231207522183e-05
0.0002229858620975619
0.0007684658402116869
0.0006281360594117861
5.0212715811269294e-05
0.00012674713787498907
0.0007684658402116869
0.0007684658402116869
0.0002850974059510435
0.00014888740658969927
0.00017040002977434873
0.004362105836127458
0.005
0.0002501547858136896
0.0001096174766640805
7.503599375758553e-05
3.6797355096847875e-05
0.0007146140282633515
0.00013667819998742044
0.0002589382637931667
0.00010874876706865912
0.00022578994608984663
8.979053494309486e-05
0.0005028511381552328
0.0007684658402116869
0.00016575465707339813
0.0016187934761789043
0.0006799276061928688
7.810406691916756e-05
0.0004408354424743819
0.0007684658402116869
3.489095961802726e-05
0.00036422094035205475
0.0002350860725903796
0.0007684658402116869
5.314095483142094e-05
7.225022193817696e-05
0.000144774297189402
0.0003338005164312223
0.00018084263957241864
0.0003117638155313443
0.0005131889218973479
0.0009410241177375057
0.0007472712799397231
0.00021034022512626292
5.7785943564382026e-05
0.00012590953703004015
7.439658069995513e-05
0.0002322632304576842
0.0007489826601368058
0.0003383487820061115
0.00034283112511103415
0.0001867824268914375
0.0001486982020799609
0.0002563804958698378
8.32306739181158e-05
0.0001418970847719792
0.00043738360999338773
0.002032845493149208
4.70761633689634e-05
7.225022193817696e-05
0.000193148865025633
0.00036046109218807967
0.00041070254366746634
0.00018023054609403983
7.895138889758361e-05
0.0005395978253929681
0.0011257728543433627
0.0002947325786178587
0.00019730979913694385
0.00013269340484186416
1.9846100074679825e-05
0.0003554021676222457
0.00037900053421517665
0.0001917910109881636
0.0007472712799397231
0.0005628864271716813
0.0007684658402116869
3.653915888802683e-05
0.00022043397270055294
0.00011396311029231548
0.00019248620453644804
0.0002850974059510435
0.0005628864271716813
0.00034799679861752784
0.00011860848299326603
0.00032577467011759686
0.0013567467304282674
0.00013289730812340752
0.00011149293104878096
0.00022191494694834496
7.001044432636222e-05
0.00016849882105351998
0.0002060780982290035
0.00037363563996986154
0.0006799276061928688
0.0002116516356614373
0.00020098968558983607
0.00040656909862984156
0.0015369316804233737
0.0015369316804233737
0.00045105959137415014
0.00045105959137415014
0.0007684658402116869
0.0007684658402116869
0.0003107298105742494
0.00019511583825730078
0.0003679576531476889
0.0007684658402116869
0.0007684658402116869
0.0007684658402116869
0.00020873349109640937
0.0006214596211484988
0.0007684658402116869
0.00045105959137415014
0.0007684658402116869
0.0006281360594117861
0.0006281360594117861
0.0007684658402116869
9.233258244412612e-05
0.00018023054609403983
0.0013899059912479389
0.0002454801783341446
0.00038024141362496725
0.001406666524002739
0.00018544488931769614
7.32858461257621e-05
0.0018042383654966005
5.2368932948831705e-05
0.00010018112452752574
7.39091066132641e-05
0.00046488039185030045
0.0005628864271716813
0.0007684658402116869
0.0001537878662589228
0.0006799276061928688
0.00025659446094867394
0.0007591556246975389
0.00011472570163886829
0.0007684658402116869
0.00025429289109221617
0.00014614043415663196
6.267945154079334e-05
0.00012226552292071786
0.0005969970304233614
0.0010739156473505698
0.00020217765055502914
0.00026916170918044204
0.0005199075931486702
0.0007177440946466063
8.009992408224033e-05
0.0003679576531476889
0.00018466516488825223
0.0006799276061928688
0.0002791276769442181
2.466681071825904e-05
0.00014284678186909642
0.0007900542578341246
0.00045157989217969326
0.00020098968558983607
0.00012759026747840175
0.00013667819998742044
0.0001745961830957751
0.0007212733438015124
0.00044609460623988275
0.0007407804112153958
8.67064736890101e-05
0.00020521113088952595
0.0011659119083858146
0.00041431290413641484
0.0001964883857452391
0.00012674713787498907
0.0007684658402116869
0.00034283112511103415
0.0002909363197986303
0.00031731982207999364
0.0023738307699307138
7.608100516833368e-05
0.000373564853782875
0.000329830047907489
0.00031432818010866464
5.953830022403948e-05
0.0007684658402116869
7.89387008925367e-05
0.00016228931872838646
0.0004937167745473809
0.0010057022763104656
0.00017770108381112286
0.0007684658402116869
0.0003625213573553321
0.00028132629965699126
0.0006144600780310237
0.0005945434502304546
0.00011053071769921675
0.0005644023556941501
0.00015070979753005072
0.0002316492691637406
0.00014380359286842635
0.0016957394212453057
0.0007684658402116869
0.0007684658402116869
0.00019851654211959903
0.0003340184123529626
0.0002454801783341446
8.606987370843571e-05
0.00024762701325811503
0.0007684658402116869
0.0007428810397743452
0.0015432398365361813
0.0007494316439618807
0.0010057022763104656
0.0005199075931486702
0.0004225566463717806
0.00045105959137415014
3.2515679302398575e-05
0.00020250134431113348
0.0012562721188235722
7.384000608886545e-05
0.0001304992644802096
0.0006941550476637433
0.0007359153062953778
4.517719677650992e-05
0.0002794194191288709
0.0005395978253929681
0.0003490773683804426
3.292552930969504e-05
4.16153369590579e-05
0.0003467300255964399
0.0007045944169111279
0.0004239348553113264
0.0005381739050054984
0.0005628864271716813
0.00021697723333177508
0.0007684658402116869
0.00012759026747840175
8.93447140959927e-05
0.0003218440931887788
0.00013816736954871774
0.00035229720845556396
0.0016288733505879845
3.448221152155499e-05
0.0007684658402116869
0.00021315520847696556
0.0002763347390974355
0.00022641008947415407
0.00015588190776567214
0.0002313850158879144
1.7323773551723853e-05
0.0007684658402116869
0.0003474764978119847
0.00020714671701208402
0.0007528347880967588
8.967695782141805e-05
0.00010657760423848278
0.00037363563996986154
0.0002822268655718799
0.001281693761553977
0.0004911707745331846
7.39091066132641e-05
0.0003630286247777561
0.0002941176470588235
0.00019368863155306193
0.00021034022512626292
0.00011939940608467226
0.0007684658402116869
4.8258099063133996e-05
0.00031432818010866464
0.00039926804459306745
0.0006010113233489623
0.0007250427147106642
2.622478391337676e-05
0.00034080005954869745
0.0006680368247059252
0.00041431290413641484
0.00018544488931769614
4.483847891070902e-05
0.0001250773929068448
0.00010957211491480014
0.0003605857712327741
0.0005913893721740508
0.00022042970488214103
0.0001226130012677946
0.000676697564012223
0.00046217387398867946
0.0002333058591699608
9.558297846750276e-05
0.0004408354424743819
0.0002234045566632833
6.065990478993539e-05
8.305002452074841e-05
0.00019234089469862535
0.00037363563996986154
0.0003625213573553321
0.0006799276061928688
0.0005913893721740508
0.0007684658402116869
0.0007684658402116869
0.00016136903712654743
0.00028803394151180844
0.00018281111206683545
0.0004408354424743819
0.00017522074041792794
0.0002550752395433424
0.00022945140327773657
0.00010586200757054185
0.00024762701325811503
0.00011704117902118752
9.105523508801369e-05
0.00018985249726895142
0.00018956810121855693
0.0002198575383772863
0.00031121688417764176
0.0003091171473435053
4.665638089731442e-05
0.00017895955380502727
1.4282436258772283e-05
0.0001447676251511428
0.0018433802340930715
0.0004878062786118854
5.817956139674043e-05
0.0007386606595530089
3.808649669005942e-05
0.0003983081068983181
0.00010948076718739285
0.0001284389993129571
0.0003625213573553321
5.4679919378833355e-05
0.0002763347390974355
0.0002501547858136896
0.0011827787443481016
0.0003625213573553321
0.00020403110715990042
0.0005628864271716813
0.0007684658402116869
0.00035229720845556396
4.1184531588977384e-05
0.0007684658402116869
8.236906317795477e-05
0.004679168338338031
0.0001663586767797318
0.00023723643609877888
0.0003117638155313443
0.00020098968558983607
0.00010344663456466497
0.00041429343402416805
0.00022397809058842945
4.871347805221065e-05
2.6863829875326763e-05
4.335323684450505e-05
0.0001537878662589228
6.217156351123275e-05
0.00040656909862984156
2.8892971782191013e-05
0.00018402096893022643
0.00022043397270055294
0.0003008313972205028
0.0002972717251152273
8.409520043621911e-05
0.0005226517571287919
7.951799291103801e-05
0.0001601758808745805
0.0001447676251511428
0.0001465716922515242
0.0003075757325178456
0.0002781792766579405
0.0007045944169111279
0.0007045944169111279
0.0011770855197943291
0.000263758974436746
0.0002822268655718799
0.00017770108381112286
0.0006458561156814212
5.288663701333227e-05
0.00017770108381112286
3.245786374567729e-05
0.00024129181388867104
0.00022949263059220557
0.00039926804459306745
7.163764685576254e-05
6.166568692468163e-05
0.00019227719541136523
0.00045105959137415014
0.0005945434502304546
0.00013468734749370832
0.00022949263059220557
0.0001301535709778759
0.00018412121248632076
0.00011549287314108246
0.0003180308646110236
0.0010791956507859362
0.0011827787443481016
0.00024336882991440246
0.0007684658402116869
0.00011704117902118752
0.00010657760423848278
0.0001447676251511428
0.00040197937117967213
0.0003134480967871728
0.0001467177954155584
0.0008823529411764706
9.362283251710073e-05
0.00017770108381112286
0.0008286258082728297
0.0006799276061928688
0.000392361839931443
5.1611205695817785e-05
0.00022578994608984663
0.0006911505781823119
0.0005563346679530885
0.0002884461020315507
0.0004743481931528633
0.0009475013355379416
0.00022152001826659639
0.00025659446094867394
0.000263758974436746
0.00016819040087243822
0.0003752321787205345
0.0001250773929068448
5.9165926693089784e-05
0.0003038236059126251
3.990076529413913e-05
0.00014095439657338762
0.00012131980957987077
0.00018950026710758832
8.67064736890101e-05
0.0003679576531476889
0.0002518190740600803
0.00011549287314108246
0.00021154654805332908
0.00020714671701208402
3.882383541520628e-05
0.00018151431238887805
6.251695547933139e-05
0.0001467177954155584
1.661216351542594e-05
0.0001965591719322255
6.267945154079334e-05
8.245452847180299e-05
6.840371029650864e-05
2.1678752331458482e-05
0.00012929340832572392
0.0005760678830236169
0.00010874876706865912
0.0002509449293655863
0.00037957781234876944
0.0005628864271716813
0.0002455853872665923
0.00013908963832897026
0.0001572484876637089
0.00019088118511005297
0.0002005542648136685
0.0010057022763104656
0.00019381331059775635
0.00047051205886875283
0.0001345434762513746
0.0007684658402116869
0.00047447287219755776
3.366861850886323e-05
1.5904495937226418e-05
6.361798374890567e-05
4.379143168642006e-05
7.551705868429786e-05
0.0006281360594117861
0.0007684658402116869
0.00024336882991440246
0.00045105959137415014
0.0005199075931486702
0.00011396311029231548
8.424941052675999e-05
4.1184531588977384e-05
0.0005028511381552328
0.0002687687801128578
0.0007684658402116869
0.00035229720845556396
0.0002116516356614373
0.00028190879314677524
0.0001697067067188487
5.4118110658994405e-05
0.0007684658402116869
1.941191770760314e-05
0.0007684658402116869
0.00031388388863065326
0.0002568779986259142
8.068451856327372e-05
5.817956139674043e-05
0.00024336882991440246
0.0007684658402116869
0.0003107298105742494
0.0019546480207055816
0.0005028511381552328
0.0006799276061928688
0.00041746698219281874
0.0007684658402116869
0.0001447676251511428
2.7726446129955297e-05
0.0004225566463717806
0.0005199075931486702
0.000102342951091235
0.00045105959137415014
0.000659660095814978
0.00017895955380502727
0.00020098968558983607
3.9475694448791804e-05
0.000588235294117647
0.00021697723333177508
8.068451856327372e-05
0.0005395978253929681
0.0001226130012677946
9.824419287261954e-05
0.00024336882991440246
0.0001418970847719792
0.0001537878662589228
6.814953449795325e-05
0.00019949570749299046
0.0004438298938966899
0.0002800372291548992
4.690162255079347e-05
5.288663701333227e-05
0.0001486982020799609
0.0002662393178299409
0.00016127231396847552
0.00031545119260273184
0.00015216201033666735
0.0001447676251511428
0.0007684658402116869
0.00016461923918715163
0.0004743481931528633
0.0006281360594117861
0.0007684658402116869
0.002305397520635061
0.0007684658402116869
0.00022042970488214103
6.166568692468163e-05
0.00045898526118441115
0.0004878062786118854
0.0010057022763104656
0.0007684658402116869
3.8629773005126596e-05
8.009992408224033e-05
0.0007684658402116869
0.00042068045025252585
0.0005913893721740508
0.0005199075931486702
0.0006799276061928688
7.778793931516905e-05
0.00024762701325811503
0.000168056226929856
0.0002119674276556632
9.891825074896802e-05
0.0007684658402116869
0.0007684658402116869
0.0006799276061928688
0.00021697723333177508
0.00042286318972016286
0.0002333058591699608
0.0005199075931486702
0.00016127231396847552
0.0005199075931486702
0.0002136156269256628
0.0001301535709778759
9.824419287261954e-05
0.00034283112511103415
0.0007684658402116869
0.0006799276061928688
0.0006799276061928688
0.0007115543818285447
0.0018813814607900048
0.0004314107786052791
0.00016127231396847552
0.00037275190460245056
0.00023723643609877888
0.0001226130012677946
0.0007985360891861349
9.377543321899711e-05
0.000590816642847631
0.00014436937393748028
0.00022949263059220557
3.695455330663205e-05
0.00011021698635027647
0.0004225566463717806
0.00012674713787498907
9.824419287261954e-05
0.0008552922178531306
0.0002313850158879144
3.612511096908848e-05
4.871347805221065e-05
0.0001284389993129571
0.00017278764454557797
0.00027268514356726793
0.00037957781234876944
0.00021034022512626292
7.218468696874014e-05
0.00034557528909115595
0.00016349382511272436
0.00019368863155306193
0.0002739831233365142
0.0005395978253929681
0.00019801900120621082
0.00030050566167448117
0.0014500854294213284
0.00016849882105351998
0.00020714671701208402
0.00032577467011759686
0.00024039051415518272
0.0005603472806743127
0.0006360617292220472
0.00034283112511103415
0.00026132587856439595
0.00020250134431113348
0.00035730701413167577
0.00011396311029231548
0.00025429289109221617
0.0007684658402116869
0.00019511583825730078
0.00011734358390499036
0.0006799276061928688
0.00018544488931769614
0.0007684658402116869
0.0007684658402116869
0.0007684658402116869
0.001043667455482047
0.0013311965891497045
0.0005628864271716813
9.56016931351661e-05
9.169231207522183e-05
0.0001715882585395664
0.00010586200757054185
0.00015070979753005072
0.0001467177954155584
5.1611205695817785e-05
0.0004878062786118854
5.966198040836499e-05
0.00032254462793695105
1.3458085459022099e-05
0.00016473812635590953
0.0003218440931887788
0.0001497000399305231
0.00034557528909115595
0.0006799276061928688
0.0002313850158879144
0.0002454801783341446
0.0001284389993129571
0.0015369316804233737
0.000329830047907489
0.00012180199110744496
0.0003487940404463199
0.0008413609005050517
0.00011549287314108246
0.0007684658402116869
0.00037363563996986154
0.00013276936896610602
0.00011021698635027647
0.00035730701413167577
0.00023723643609877888
8.668250639910998e-05
0.00010802093791340753
0.0002822268655718799
0.0007684658402116869
0.00013725171207102862
2.241923945535451e-05
0.00028803394151180844
0.00019511583825730078
0.0007684658402116869
0.00014284678186909642
0.0006281360594117861
0.00010444272995604441
0.0007684658402116869
0.00016302069722762377
0.00024981054798729356
6.652751417725392e-05
0.00014095439657338762
0.0003072300390155119
0.0002822268655718799
0.00043136935912985213
6.217156351123275e-05
0.0003625213573553321
0.00029103957832995146
0.0006799276061928688
0.0005199075931486702
0.00020098968558983607
0.000168056226929856
0.00012019525707759136
0.00013725171207102862
0.0001867824268914375
0.0002136156269256628
0.0015597227794460105
0.0007684658402116869
0.00016690025821561116
0.00010515039753424392
0.00012099609776449526
0.00022397809058842945
0.00014573898854822683
0.0001447676251511428
0.00035229720845556396
0.00043136935912985213
8.979053494309486e-05
0.0001601758808745805
0.0005913893721740508
0.0005395978253929681
0.00040656909862984156
8.068451856327372e-05
0.00022490290314203617
0.0007684658402116869
0.00037363563996986154
0.00018950026710758832
5.6229391132324825e-05
0.0003340184123529626
0.0004743481931528633
0.00014284678186909642
0.00037957781234876944
4.735218270454272e-05
0.0005628864271716813
0.00019511583825730078
0.00037363563996986154
0.0007684658402116869
0.00026132587856439595
0.00015172760109167027
0.0001178224271516993
0.000392361839931443
0.00012342919363684523
0.00029103957832995146
9.824419287261954e-05
0.0005226517571287919
0.0002973964041599218
0.00029103957832995146
0.0002850974059510435
0.00013894523509601383
7.273407994965757e-05
0.00011704117902118752
0.0011257728543433627
0.0005028511381552328
5.6229391132324825e-05
0.00011704117902118752
9.233258244412612e-05
6.093019669919564e-05
0.00013634257178363397
0.0005199075931486702
0.00025659446094867394
0.00025429289109221617
0.00016575465707339813
0.00025429289109221617
0.0001242506348674835
0.0002662393178299409
0.0006281360594117861
0.00013680742059301728
6.31893670728523e-05
0.0003679576531476889
0.0005395978253929681
4.0755174306905944e-05
0.00040656909862984156
0.00022949263059220557
0.00018544488931769614
0.0006799276061928688
0.00010296076111726325
7.551705868429786e-05
0.0007684658402116869
2.0942533168574866e-05
0.0006799276061928688
0.00022762787234778824
4.423113494728805e-05
8.424941052675999e-05
0.0005199075931486702
8.305002452074841e-05
6.116180591170512e-05
7.001044432636222e-05
7.551705868429786e-05
0.0003383487820061115
0.0002074779227850945
0.00017278764454557797
0.0005040641182630847
0.00015865991103999682
0.0007684658402116869
0.00012929340832572392
0.00020714671701208402
0.0005913893721740508
0.0002117240151410837
0.0002589382637931667
9.362283251710073e-05
0.0002794194191288709
0.00016237824010768343
0.00026132587856439595
0.00030050566167448117
0.00010444272995604441
0.0002662393178299409
0.0007684658402116869
0.0003180308646110236
0.0002136156269256628
5.3832816681566905e-05
0.00022397809058842945
0.00037957781234876944
0.00014573898854822683
0.0003218440931887788
0.0004225566463717806
0.0005028511381552328
0.0005199075931486702
0.0005199075931486702
1.0718384268806646e-05
0.000659660095814978
0.00044438315311086293
0.00019949570749299046
0.00025659446094867394
0.0003383487820061115
0.0002850974059510435
5.194741461146454e-05
0.00032475648021536687
4.379143168642006e-05
8.245452847180299e-05
0.00011245145157101808
5.194741461146454e-05
0.00017770108381112286
0.00012929340832572392
0.00017645489176898915
0.0007684658402116869
4.2047600218109555e-05
8.668250639910998e-05
5.817956139674043e-05
3.820890385617109e-05
3.046509834959782e-05
0.00032577467011759686
0.0004408354424743819
0.0005913893721740508
0.000263758974436746
0.0004878062786118854
0.0007684658402116869
0.0004878062786118854
0.000271263959358628
0.0007684658402116869
0.0007684658402116869
0.000392361839931443
0.0006281360594117861
0.0006799276061928688
0.0002333058591699608
4.511510851779548e-05