0.3648105903579289
0.8803900968967668
0.3623638544108415
0.17981456584532973
1.8346326063360916
0.2683915830346248
0.5635658340495537
2.6127838567197355
0.6537424643986418
2.6127838567197355
0.15339136896050465
0.6443009081658003
0.0445821326527405
0.20285073338844098
0.36974580803344104
1.436692597664054
0.3979400086720376
0.02283425539402775
1.5713911715615103
0.4988405044128986
0.36974580803344104
0.44546652197155934
0.32498212678950944
0.05407528618656982
0.16253474840037438
0.4792449483495179
0.30958779929924657
0.6989700043360187
0.4514158544847605
0.019497789699278244
0.16717965344613794
0.1429618407415725
0.9500260250381612
0.09426991684184802
0.11723951917328697
1.4988405044128985
0.7615255080006602
0.24729587182883578
0.5999466320145632
0.6782854054761677
1.1214221628854626
1.4988405044128985
0.016186761093275253
0.1474010052713172
0.32274924535721744
0.7802749440134991
0.15641782359069248
0.6732646041011169
2.311753861055754
0.0364425065139426
0.04107502491104791
0.05648135595244821
1.181420092560748
0.6127838567197355
0.3648105903579289
0.9500260250381612
0.0504909922632608
0.2271775831214233
0.20966333554391756
0.11172459450198396
0.5874779914549652
0.08515395584839688
0.6782854054761677
1.6127838567197355
1.6585413472804105
0.24917187682759115
0.1961433493814545
1.4086638740638107
0.2968135112628177
0.6396560031200368
0.24356799930959264
0.4168842043105017
0.3409422501832365
0.0364425065139426
0.10763387839982952
0.7096938697277919
0.6782854054761677
0.5635658340495537
0.8203921672214816
0.17187477465451775
1.0564813559524482
0.19948409263848363
0.052877231683623
0.8967805130849363
0.989534566321835
0.18627259535516025
0.4395975883074614
1.3340302557669064
0.12423314021929123
2.311753861055754
0.0724543819288618
0.28237008337054464
0.9315426193441483
1.9138138523837167
1.4988405044128985
1.6585413472804105
0.03414464675166312
1.6127838567197355
2.010723865391773
0.38489715210606196
0.5483258674928169
2.135662602000073
0.44546652197155934
0.6489960293741801
0.786709054018909
1.1656258253775162
0.1703040876552869
0.22539403038100603
0.8967805130849363
0.055276654814077585
0.17981456584532973
0.5520860163661238
0.3979400086720376
0.07622541414820534
0.016186761093275253
1.8346326063360916
1.094269916841848
1.9138138523837167
0.40059625231577767
0.5793601012327857
0.016186761093275253
0.567460877933078
0.7042988378410857
0.06871581236945988
0.24171599444799924
0.6305126236801669
0.04575749056067514
0.20285073338844098
0.6041836849578178
0.37223460843713574
0.433806909426566
2.010723865391773
0.1640775368146556
0.6537424643986418
1.5713911715615103
2.311753861055754
0.720689254029255
0.7319702644389441
0.17821495268553675
0.06133385874686032
0.8803900968967668
1.1214221628854626
1.0330002601029253
0.13566260200007305
0.0445821326527405
1.2703611758975293
0.32498212678950944
0.32274924535721744
0.07370775792695884
0.5299984864032853
0.4032688421771045
2.6127838567197355
0.7932399211778668
0.016186761093275253
0.07120461277315455
0.6350602514308876
0.08258415851665331
0.16562582537751622
0.16099742119544527
0.6537424643986418
0.34561212831672167
0.4514158544847605
0.3386260074560556
0.25294837437984746
0.2343859557715978
0.6732646041011169
0.0637805946939477
0.07622541414820534
0.1488908677338282
1.4086638740638107
0.44546652197155934
2.311753861055754
0.3183176305581425
0.7998705000768799
1.0687158123694598
0.4280924259021366
1.4666558210414973
0.07622541414820534
0.7494609965992796
0.5264240260449872
0.32498212678950944
0.19781050874891748
0.4252631358832724
1.5336026106721106
1.2510560207021424
0.04575749056067514
0.12142216288546279
0.4113867323992839
0.5193621715575004
2.6127838567197355
0.49551256106397124
0.0724543819288618
0.08773904968289024
0.32948262801618583
0.24917187682759115
0.3386260074560556
0.9406859987840179
0.3900673855721522
0.515873843711679
1.8346326063360916
0.13421736112589214
2.6127838567197355
2.6127838567197355
2.6127838567197355
0.7042988378410857
0.42245215854944396
2.135662602000073
0.40866387406381066
1.2148438480476977
0.11309677410133168
0.2011641507565053
0.2398718537496289
0.03529205688251015
0.08002947772723779
0.05407528618656982
0.5957505174209551
0.06133385874686032
0.4113867323992839
1.4086638740638107
0.5597054132363156
0.005328833505066963
0.44546652197155934
2.010723865391773
2.6127838567197355
0.23620689966322353
0.9500260250381612
0.786709054018909
2.6127838567197355
0.08002947772723779
2.6127838567197355
1.6127838567197355
2.6127838567197355
1.436692597664054
0.2200869034600697
0.5089801357637785
0.32948262801618583
1.4086638740638107
0.5915945576497974
0.46356474406435555
0.2723397418796171
0.4824500882247293
0.0969100130080564
0.2905645619858162
0.09164577301569919
0.052877231683623
2.6127838567197355
2.135662602000073
0.13277691376258488
0.6585413472804106
0.46049551233667896
1.0813049396774803
0.005328833505066963
0.11309677410133168
0.15038585882077937
0.36974580803344104
0.35271246873466067
0.2045438914078859
0.09295586294401671
0.2644789936715748
1.1978105087489175
2.6127838567197355
2.311753861055754
2.6127838567197355
2.6127838567197355
0.720689254029255
2.311753861055754
0.8493558631567981
2.6127838567197355
2.6127838567197355
0.5999466320145632
0.6885045706578539
0.9138138523837166
1.1356626020000729
0.8419318450775912
1.4086638740638107
1.9138138523837167
1.9138138523837167
2.010723865391773
0.21311013523869735
0.16873906080165918
1.4086638740638107
0.23803551070963158
0.7676858167054786
0.10627882431486338
0.7377225933280354
0.7262931315472536
2.6127838567197355
0.37223460843713574
0.32948262801618583
0.14002740740252312
0.06747674025391141
0.5299984864032853
2.6127838567197355
1.3340302557669064
2.135662602000073
0.3340302557669065
0.20966333554391756
0.20795014009979743
0.35271246873466067
1.1978105087489175
0.2844042532809978
2.010723865391773
0.5372368953272048
0.4697690564656404
1.3823349353414613
2.6127838567197355
0.5834000790345258
1.3823349353414613
0.12282537729490085
1.0445821326527405
0.9315426193441483
2.6127838567197355
0.42245215854944396
0.2683915830346248
2.6127838567197355
0.0625555036646414
0.8967805130849363
1.4086638740638107
0.3363220525464913
0.7676858167054786
1.4988405044128985
0.14149214566079688
0.09033962321341561
0.30315368929383674
0.3363220525464913
1.1076338783998294
1.181420092560748
0.1474010052713172
2.311753861055754
0.7739347659824801
0.715156765429294
0.9595713429443917
1.1076338783998294
1.8346326063360916
1.9138138523837167
0.11862926270129269
1.1214221628854626
0.0724543819288618
1.010723865391773
0.32498212678950944
0.7494609965992796
0.6585413472804106
0.2325726150081294
2.135662602000073
0.14149214566079688
1.181420092560748
0.9315426193441483
0.7042988378410857
0.7319702644389441
0.29263757060868145
0.347966033710199
0.6732646041011169
1.0687158123694598
0.7096938697277919
0.14002740740252312
0.3161186664582043
0.06500915133191296
0.15490195998574316
0.1518860139631876
2.010723865391773
0.8724211672254916
0.20624367628578033
0.12142216288546279
0.5753573587791118
0.13134122821743044
1.4086638740638107
0.350332766989306
0.515873843711679
0.7042988378410857
0.14002740740252312
0.5228787452803376
0.46049551233667896
0.17345116288947285
0.2743273631151307
0.5635658340495537
0.3183176305581425
0.989534566321835
0.21311013523869735
1.2905645619858161
0.1035813343886326
0.3926757686796804
1.1656258253775162
1.1656258253775162
0.42245215854944396
0.013993349956620393
0.4252631358832724
0.9138138523837166
0.720689254029255
0.7319702644389441
0.864595829713535
0.4666558210414974
0.8967805130849363
0.6305126236801669
0.7042988378410857
0.14149214566079688
0.030720493808026744
0.2454279356937165
0.4792449483495179
0.08773904968289024
0.9793154011401488
0.8967805130849363
0.2325726150081294
0.11035673673530279
1.094269916841848
0.11447330293013498
1.0564813559524482
0.2011641507565053
0.989534566321835
0.10763387839982952
0.9793154011401488
1.2325726150081293
0.4729047703184989
0.7096938697277919
0.9138138523837166
0.0445821326527405
1.0564813559524482
0.11723951917328697
1.0445821326527405
0.8274540217089684
1.0
0.05407528618656982
0.05407528618656982
2.311753861055754
0.14149214566079688
0.27632412287120595
0.17981456584532973
0.5021941464204864
0.37223460843713574
0.755451360288467
0.5915945576497974
0.08903738990817102
0.5299984864032853
0.2343859557715978
0.2683915830346248
1.0687158123694598
2.010723865391773
0.7676858167054786
0.4824500882247293
0.3317504894720079
0.5055738870718671
0.2325726150081294
0.1640775368146556
0.8134433072661538
0.3926757686796804
1.0217192496932361
0.5089801357637785
0.7932399211778668
0.4988405044128986
0.7676858167054786
0.033000260102925345
0.40866387406381066
0.04224091683783795
0.8967805130849363
0.4425221413247781
0.36974580803344104
1.0217192496932361
0.8134433072661538
0.6396560031200368
0.4824500882247293
0.7377225933280354
0.06747674025391141
0.7739347659824801
0.3272265477119617
0.9315426193441483
0.21833217589351925
0.5445979949735738
0.4395975883074614
1.7676858167054785
0.2885014014220428
0.2271775831214233
0.5520860163661238
0.24171599444799924
0.11862926270129269
0.5021941464204864
0.755451360288467
0.25675799952661277
0.8724211672254916
0.4697690564656404
0.1879022200886685
0.3900673855721522
0.9225877766912218
0.3599308257398423
0.864595829713535
1.0687158123694598
0.3952999125058292
2.311753861055754
1.2325726150081293
1.0564813559524482
0.8203921672214816
0.6127838567197355
0.41965925836527385
1.0
0.989534566321835
0.4922099255138856
0.6633938500748227
0.3623638544108415
0.8134433072661538
2.135662602000073
0.3340302557669065
2.6127838567197355
0.45442136462448585
0.0625555036646414
0.4168842043105017
0.4697690564656404
0.1474010052713172
0.40059625231577767
1.1503858588207792
0.12282537729490085
0.09295586294401671
0.36974580803344104
1.9138138523837167
0.7932399211778668
0.6396560031200368
0.13856759264348023
0.3363220525464913
2.311753861055754
2.010723865391773
0.8493558631567981
0.05648135595244821
0.433806909426566
0.8203921672214816
2.311753861055754
0.21311013523869735
1.2905645619858161
0.2664308822690969
0.9315426193441483
0.715156765429294
0.2844042532809978
0.515873843711679
0.13134122821743044
0.0589008300758611
1.1356626020000729
0.21311013523869735
0.4697690564656404
0.27632412287120595
0.25294837437984746
0.3139307803100288
0.989534566321835
0.2644789936715748
0.4697690564656404
0.6585413472804106
0.3926757686796804
0.3183176305581425
0.02732312721123478
0.20795014009979743
0.6989700043360187
0.6305126236801669
0.31175386105575426
0.1474010052713172
0.2885014014220428
0.989534566321835
1.8346326063360916
0.055276654814077585
0.38747457499387267
0.22896849073930417
0.8967805130849363
0.03529205688251015
0.08515395584839688
0.5021941464204864
0.7262931315472536
0.15793899671122527
0.6732646041011169
0.4514158544847605
0.5228787452803376
0.8274540217089684
0.1049279850239046
0.969331180233548
0.17662120967897946
0.2783301055688046
0.30528781880652256
0.052877231683623
0.030720493808026744
0.23620689966322353
0.6350602514308876
0.23803551070963158
0.989534566321835
1.181420092560748
0.7262931315472536
0.1879022200886685
0.09426991684184802
0.44843100093529836
0.5055738870718671
0.5520860163661238
0.47606328956332866
0.10627882431486338
0.10627882431486338
0.6782854054761677
0.9225877766912218
1.4086638740638107
0.22896849073930417
0.19781050874891748
0.7998705000768799
0.4792449483495179
0.0625555036646414
1.3575113516164294
0.37725540981218647
2.6127838567197355
1.0445821326527405
0.6350602514308876
0.755451360288467
0.4309402687749629
0.22896849073930417
1.2148438480476977
0.6489960293741801
1.0330002601029253
0.15038585882077937
0.40595798068788574
1.1503858588207792
0.19948409263848363
0.15793899671122527
0.2011641507565053
0.755451360288467
0.8493558631567981
0.3139307803100288
1.094269916841848
2.6127838567197355
0.25294837437984746
0.9138138523837166
0.1961433493814545
0.1830315767173275
0.4824500882247293
1.2325726150081293
1.1214221628854626
0.6350602514308876
2.311753861055754
1.7096938697277917
0.25105602070214256
0.10763387839982952
1.8346326063360916
0.3317504894720079
0.11035673673530279
0.2664308822690969
0.4309402687749629
0.03414464675166312
0.2803453968041302
0.29472052175697394
0.6215577810272406
1.2905645619858161
0.6084624829370928
1.7096938697277917
0.10899317366255436
0.6350602514308876
0.09164577301569919
0.02732312721123478
0.37473775359094
1.2148438480476977
0.18953798278292763
0.43669259766405416
0.30958779929924657
0.2454279356937165
1.1356626020000729
0.350332766989306
0.40059625231577767
0.7615255080006602
1.436692597664054
1.3340302557669064
0.031858881044116195
0.43669259766405416
0.2454279356937165
2.6127838567197355
0.41965925836527385
1.6127838567197355
2.6127838567197355
0.5793601012327857
0.12564548124254898
0.5597054132363156
0.37473775359094
0.9052136806217991
0.6305126236801669
0.24729587182883578
0.8203921672214816
1.4988405044128985
0.9138138523837166
0.567460877933078
0.4252631358832724
1.0217192496932361
0.42245215854944396
0.9793154011401488
2.135662602000073
0.18142009256074818
1.2703611758975293
0.6633938500748227
1.4988405044128985
0.5753573587791118
0.3183176305581425
0.15793899671122527
0.8493558631567981
2.6127838567197355
0.5021941464204864
0.6041836849578178
2.6127838567197355
0.02732312721123478
1.1503858588207792
2.6127838567197355
0.2683915830346248
2.6127838567197355
0.9500260250381612
0.7262931315472536
0.355105281850551
0.2045438914078859
0.3575113516164294
0.1830315767173275
1.4988405044128985
0.05648135595244821
0.09823610405944945
0.3272265477119617
0.7377225933280354
0.25294837437984746
0.15038585882077937
0.37473775359094
1.7096938697277917
0.9793154011401488
0.22184874961635637
1.0217192496932361
0.3432709125018191
0.38489715210606196
1.0
0.12423314021929123
0.25867541757233453
1.6585413472804105
0.7435521369887592
0.3409422501832365
0.6885045706578539
0.6084624829370928
0.786709054018909
1.7676858167054785
0.6443009081658003
1.0
1.6127838567197355
0.15339136896050465
0.1035813343886326
0.6732646041011169
1.0687158123694598
0.45744781925467365
0.30528781880652256
0.7042988378410857
0.26253583838557265
0.49551256106397124
1.0330002601029253
0.5055738870718671
0.35271246873466067
0.15641782359069248
2.311753861055754
1.1978105087489175
1.0217192496932361
1.7676858167054785
0.18627259535516025
0.8134433072661538
0.6537424643986418
0.567460877933078
0.2664308822690969
0.08644457932989147
0.6885045706578539
0.3139307803100288
0.40059625231577767
1.2703611758975293
0.7042988378410857
0.37223460843713574
0.4141267697653129
0.355105281850551
0.864595829713535
0.4988405044128986
0.8203921672214816
0.6084624829370928
0.7096938697277919
0.9406859987840179
0.8274540217089684
1.6585413472804105
0.5915945576497974
0.2343859557715978
0.25105602070214256
0.16562582537751622
0.5713911715615104
0.17821495268553675
1.6585413472804105
0.5372368953272048
0.3648105903579289
0.44843100093529836
1.1214221628854626
0.989534566321835
0.4113867323992839
0.21138331593819137
0.6443009081658003
0.8419318450775912
0.7802749440134991
0.6171486621221854
0.3623638544108415
0.6350602514308876
0.38489715210606196
0.286447995790984
1.0813049396774803
0.7096938697277919
0.6585413472804106
0.2343859557715978