1.1214221628854626
1.1978105087489175
0.37725540981218647
1.4086638740638107
0.38747457499387267
1.2325726150081293
1.4086638740638107
0.2011641507565053
1.0687158123694598
1.3340302557669064
0.03529205688251015
2.135662602000073
2.311753861055754
0.6989700043360187
0.22361777235520303
0.44843100093529836
2.311753861055754
0.03529205688251015
0.1429618407415725
1.5336026106721106
0.8134433072661538
0.969331180233548
0.8493558631567981
0.40866387406381066
0.4141267697653129
0.055276654814077585
0.10627882431486338
0.2548490097192817
0.15339136896050465
0.2723397418796171
1.8346326063360916
0.3599308257398423
0.3139307803100288
0.0625555036646414
0.11035673673530279
0.567460877933078
0.8803900968967668
0.05648135595244821
0.4425221413247781
0.36727118890558563
0.6396560031200368
0.12142216288546279
1.0445821326527405
1.3823349353414613
1.4988405044128985
0.25867541757233453
0.04575749056067514
0.22896849073930417
0.08130493967748034
0.25294837437984746
0.2398718537496289
1.3823349353414613
0.4514158544847605
0.18953798278292763
0.2683915830346248
0.2644789936715748
0.5635658340495537
0.25867541757233453
0.0724543819288618
0.9052136806217991
1.1503858588207792
0.16562582537751622
0.12991027311098172
0.08644457932989147
0.35271246873466067
0.09295586294401671
0.6489960293741801
1.8346326063360916
0.5089801357637785
0.5372368953272048
0.0445821326527405
0.3926757686796804
0.13856759264348023
0.13134122821743044
0.32274924535721744
0.5336026106721106
1.4988405044128985
0.5999466320145632
1.7096938697277917
1.5336026106721106
1.0217192496932361
0.08258415851665331
1.436692597664054
0.7998705000768799
0.11862926270129269
0.5089801357637785
0.3340302557669065
0.5483258674928169
1.1503858588207792
0.2011641507565053
0.055276654814077585
0.19781050874891748
0.11309677410133168
0.3161186664582043
0.7998705000768799
0.3386260074560556
0.8493558631567981
0.6260121224534906
0.4395975883074614
1.5336026106721106
1.2325726150081293
1.094269916841848
0.23803551070963158
0.4729047703184989
0.6537424643986418
0.2644789936715748
0.5834000790345258
0.1961433493814545
1.0330002601029253
1.3823349353414613
0.20966333554391756
0.40595798068788574
0.10627882431486338
0.6937057643436615
0.08773904968289024
0.6885045706578539
0.12423314021929123
0.8803900968967668
0.4729047703184989
0.433806909426566
0.49551256106397124
0.6989700043360187
1.1214221628854626
0.44546652197155934
0.6215577810272406
0.37978774632758167
0.5483258674928169
2.6127838567197355
0.21833217589351925
1.2148438480476977
2.6127838567197355
1.1076338783998294
0.16562582537751622
0.07622541414820534
0.7802749440134991
0.05407528618656982
0.10627882431486338
0.1429618407415725
0.9225877766912218
0.38747457499387267
0.32498212678950944
0.3575113516164294
2.6127838567197355
2.6127838567197355
1.3823349353414613
0.9406859987840179
0.37223460843713574
0.29472052175697394
0.1429618407415725
0.15038585882077937
0.3386260074560556
0.5021941464204864
0.6937057643436615
0.5336026106721106
0.2743273631151307
0.25294837437984746
2.311753861055754
0.15490195998574316
0.3575113516164294
0.10090049574086109
0.26253583838557265
0.4280924259021366
0.2398718537496289
0.5264240260449872
1.2510560207021424
2.311753861055754
0.989534566321835
0.720689254029255
0.06747674025391141
0.16253474840037438
0.1961433493814545
0.7377225933280354
0.355105281850551
0.7319702644389441
0.11035673673530279
0.18953798278292763
2.135662602000073
1.2703611758975293
0.15339136896050465
1.6127838567197355
0.29472052175697394
0.17821495268553675
0.48893221575264967
1.7676858167054785
1.094269916841848
0.4792449483495179
1.3823349353414613
0.32274924535721744
1.0445821326527405
1.1503858588207792
0.4252631358832724
1.1076338783998294
1.5713911715615103
2.6127838567197355
0.37473775359094
0.7435521369887592
0.856909001047244
1.1076338783998294
0.052877231683623
0.02732312721123478
0.23803551070963158
0.6260121224534906
1.0445821326527405
0.6633938500748227
0.016186761093275253
0.10627882431486338
1.6127838567197355
1.0687158123694598
0.6084624829370928
0.7319702644389441
2.6127838567197355
2.6127838567197355
1.436692597664054
1.436692597664054
0.6443009081658003
2.6127838567197355
0.5021941464204864
0.3926757686796804
0.30528781880652256
0.7615255080006602
2.6127838567197355
1.2703611758975293
0.4856790583549279
1.0217192496932361
0.5874779914549652
0.2703611758975292
0.3340302557669065
0.40866387406381066
0.5915945576497974
1.0
0.6833649310054427
0.9793154011401488
0.2783301055688046
1.3340302557669064
0.8066038827358483
2.6127838567197355
0.6350602514308876
0.6350602514308876
0.42245215854944396
0.5874779914549652
0.15793899671122527
0.34561212831672167
0.21833217589351925
0.567460877933078
0.6585413472804106
0.37725540981218647
0.005328833505066963
0.04224091683783795
0.37473775359094
0.4729047703184989
0.03414464675166312
0.5793601012327857
0.07622541414820534
1.5713911715615103
0.21833217589351925
0.6633938500748227
0.7042988378410857
1.4086638740638107
1.3575113516164294
1.2703611758975293
0.48893221575264967
0.08515395584839688
0.12282537729490085
0.09295586294401671
0.22896849073930417
0.4988405044128986
0.12564548124254898
2.6127838567197355
0.7676858167054786
0.4514158544847605
0.7042988378410857
0.6537424643986418
1.0217192496932361
0.02732312721123478
0.0724543819288618
0.15793899671122527
0.7802749440134991
2.311753861055754
2.010723865391773
0.3599308257398423
0.786709054018909
0.5193621715575004
0.4697690564656404
0.09295586294401671
0.22896849073930417
1.5336026106721106
0.25867541757233453
0.19948409263848363
0.4141267697653129
0.40866387406381066
1.0687158123694598
0.09164577301569919
0.2844042532809978
0.04107502491104791
0.7435521369887592
2.6127838567197355
0.6127838567197355
0.7377225933280354
0.05648135595244821
1.6585413472804105
0.3363220525464913
1.8346326063360916
1.4086638740638107
2.6127838567197355
2.6127838567197355
0.005328833505066963
0.20795014009979743
0.10763387839982952
1.4666558210414973
1.1503858588207792
0.06133385874686032
0.13277691376258488
0.46049551233667896
0.715156765429294
0.055276654814077585
0.3952999125058292
0.6350602514308876
0.7615255080006602
0.2325726150081294
0.5874779914549652
0.32274924535721744
2.135662602000073
0.6585413472804106
0.15038585882077937
0.8724211672254916
1.0445821326527405
0.03414464675166312
1.0217192496932361
0.13277691376258488
0.2885014014220428
0.5089801357637785
0.7676858167054786
0.7615255080006602
0.5483258674928169
0.515873843711679
0.4425221413247781
0.06871581236945988
0.6084624829370928
1.5336026106721106
0.7615255080006602
0.21138331593819137
1.4988405044128985
0.18142009256074818
0.36974580803344104
0.25294837437984746
0.755451360288467
0.07622541414820534
0.7802749440134991
0.5999466320145632
0.4032688421771045
0.5409018494136101
1.1076338783998294
1.7676858167054785
0.7494609965992796
0.1474010052713172
0.2783301055688046
0.17821495268553675
0.3979400086720376
0.24917187682759115
1.2510560207021424
0.3979400086720376
0.6084624829370928
0.2454279356937165
0.4824500882247293
0.5713911715615104
2.6127838567197355
2.6127838567197355
0.2307668141448671
0.37473775359094
1.8346326063360916
2.6127838567197355
0.0516824730706795
0.30743248727311173
0.786709054018909
0.864595829713535
0.6443009081658003
1.1356626020000729
2.135662602000073
0.14002740740252312
0.3183176305581425
0.2743273631151307
0.5228787452803376
0.8274540217089684
0.38747457499387267
0.3575113516164294
0.28237008337054464
2.6127838567197355
1.2905645619858161
2.6127838567197355
2.6127838567197355
2.311753861055754
2.6127838567197355
0.4425221413247781
0.4697690564656404
0.31175386105575426
0.052877231683623
0.3979400086720376
0.4922099255138856
0.08515395584839688
2.6127838567197355
2.6127838567197355
2.6127838567197355
2.6127838567197355
0.09823610405944945
0.17345116288947285
1.2905645619858161
0.07748973667696497
0.23803551070963158
0.08903738990817102
0.14002740740252312
0.30743248727311173
0.42245215854944396
0.19117992984990442
0.5915945576497974
0.6633938500748227
0.5597054132363156
0.16873906080165918
0.1640775368146556
0.5445979949735738
0.5874779914549652
0.19781050874891748
0.19948409263848363
0.17187477465451775
1.2148438480476977
0.3272265477119617
0.720689254029255
0.2307668141448671
0.1879022200886685
0.25294837437984746
0.1488908677338282
0.4922099255138856
0.433806909426566
0.2664308822690969
1.436692597664054
0.030720493808026744
1.8346326063360916
0.21311013523869735
0.052877231683623
0.16562582537751622
0.18627259535516025
0.4514158544847605
0.3599308257398423
0.7096938697277919
0.37725540981218647
0.016186761093275253
0.8419318450775912
1.1214221628854626
1.5713911715615103
0.260601338608373
0.4168842043105017
0.32274924535721744
0.6084624829370928
0.8885079871189463
0.2844042532809978
0.38489715210606196
0.8134433072661538
2.010723865391773
2.6127838567197355
2.311753861055754
2.135662602000073
1.0217192496932361
0.3183176305581425
0.6489960293741801
0.45744781925467365
0.24171599444799924
0.37725540981218647
0.17345116288947285
1.181420092560748
1.6127838567197355
0.4168842043105017
0.355105281850551
0.864595829713535
0.3926757686796804
0.8203921672214816
0.45744781925467365
0.856909001047244
0.8203921672214816
0.720689254029255
0.10763387839982952
0.17821495268553675
0.0445821326527405
0.7435521369887592
0.4792449483495179
0.04575749056067514
1.2703611758975293
0.2905645619858162
0.2307668141448671
0.8967805130849363
0.7739347659824801
0.14149214566079688
0.350332766989306
0.8134433072661538
1.2325726150081293
0.3409422501832365
0.12282537729490085
0.1474010052713172
0.1035813343886326
0.4666558210414974
0.6084624829370928
0.4792449483495179
0.12282537729490085
0.1518860139631876
1.094269916841848
0.5483258674928169
0.9225877766912218
0.6683011845695668
0.1703040876552869
0.7042988378410857
0.02732312721123478
0.37473775359094
0.5445979949735738
0.11035673673530279
1.3575113516164294
2.010723865391773
0.3183176305581425
0.8274540217089684
0.5834000790345258
0.04575749056067514
0.06747674025391141
0.6782854054761677
1.5336026106721106
0.4824500882247293
0.47606328956332866
0.8346326063360918
0.260601338608373
0.13856759264348023
1.1076338783998294
0.567460877933078
0.6537424643986418
0.6833649310054427
0.12142216288546279
0.37223460843713574
1.6127838567197355
0.29472052175697394
0.5055738870718671
0.347966033710199
0.40059625231577767
1.0217192496932361
0.4697690564656404
0.7802749440134991
2.135662602000073
2.6127838567197355
2.6127838567197355
0.22184874961635637
0.433806909426566
0.1474010052713172
0.06133385874686032
0.7802749440134991
0.4113867323992839
1.0445821326527405
0.2398718537496289
0.46049551233667896
0.5299984864032853
0.4168842043105017
0.15793899671122527
0.15339136896050465
0.1049279850239046
0.2905645619858162
1.2510560207021424
0.030720493808026744
0.8724211672254916
1.5336026106721106
0.2548490097192817
2.311753861055754
0.8274540217089684
0.3272265477119617
0.1474010052713172
0.4168842043105017
0.19117992984990442
0.9315426193441483
1.2510560207021424
0.9225877766912218
0.5635658340495537
2.6127838567197355
0.25867541757233453
2.311753861055754
1.5336026106721106
0.1474010052713172
0.5753573587791118
0.1429618407415725
1.2905645619858161
0.3926757686796804
1.4988405044128985
0.5713911715615104
0.21311013523869735
1.2148438480476977
0.4856790583549279
0.45744781925467365
0.567460877933078
0.36974580803344104
1.0445821326527405
1.2510560207021424
0.10763387839982952
0.016186761093275253
0.6260121224534906
0.9406859987840179
2.010723865391773
1.3575113516164294
0.2045438914078859
0.15339136896050465
1.2325726150081293
0.3575113516164294
2.6127838567197355
0.3599308257398423
1.3117538610557542
0.6443009081658003
0.8803900968967668
0.4252631358832724
0.42245215854944396
1.0445821326527405
1.5713911715615103
0.7262931315472536
0.2703611758975292
0.7676858167054786
0.515873843711679
0.2325726150081294
0.6937057643436615
2.010723865391773
0.23803551070963158
0.755451360288467
0.07370775792695884
0.033000260102925345
0.46356474406435555
0.20624367628578033
0.44546652197155934
0.864595829713535
0.5483258674928169
0.6885045706578539
0.35271246873466067
0.5635658340495537
0.21484384804769785
1.3117538610557542
2.311753861055754
1.3823349353414613
0.22361777235520303
0.5299984864032853
0.031858881044116195
2.135662602000073
2.010723865391773
2.311753861055754
1.4086638740638107
0.9315426193441483
0.2783301055688046
0.6782854054761677
0.3648105903579289
0.5372368953272048
0.4988405044128986
0.4824500882247293
0.567460877933078
0.0625555036646414
0.19781050874891748
0.2844042532809978
0.7739347659824801
0.4395975883074614
0.6171486621221854
0.9500260250381612
1.2325726150081293
0.3317504894720079
0.30528781880652256
0.32498212678950944
0.6084624829370928
1.1214221628854626
0.715156765429294
0.8203921672214816
0.43669259766405416
2.6127838567197355
1.2905645619858161
0.6732646041011169
0.15793899671122527
0.7319702644389441
1.6127838567197355
0.7262931315472536
1.4988405044128985
0.0504909922632608
0.19948409263848363
1.2325726150081293
2.6127838567197355
0.5021941464204864
0.14149214566079688
0.4856790583549279
0.40595798068788574
1.3823349353414613
0.4922099255138856
0.12282537729490085
0.5874779914549652
0.4824500882247293
2.311753861055754
0.2343859557715978
0.9138138523837166
0.3139307803100288
0.16873906080165918
0.09426991684184802
0.43669259766405416
0.4395975883074614
0.1640775368146556
0.21484384804769785
0.23620689966322353
0.22539403038100603
0.9595713429443917
0.8134433072661538
2.010723865391773
0.7262931315472536
0.37978774632758167
2.6127838567197355
1.7676858167054785
0.24729587182883578
0.08903738990817102
0.47606328956332866
0.08386715644208075
0.43669259766405416
0.38489715210606196
1.7676858167054785
2.6127838567197355
1.1656258253775162
0.12423314021929123
0.40059625231577767
2.311753861055754
2.6127838567197355
2.6127838567197355
0.8274540217089684
2.6127838567197355
1.9138138523837167
0.5999466320145632
0.864595829713535
0.1961433493814545
0.45442136462448585
0.2200869034600697
0.6633938500748227
0.11309677410133168
0.05407528618656982
0.1830315767173275
0.17981456584532973
2.6127838567197355
1.2905645619858161
0.2723397418796171
0.30958779929924657
0.4395975883074614
0.8066038827358483
0.23620689966322353
0.4113867323992839
0.3386260074560556
1.0687158123694598
0.715156765429294
0.0724543819288618
0.350332766989306
0.5193621715575004
0.24729587182883578
0.5753573587791118
0.5999466320145632
1.6585413472804105
1.1503858588207792
0.6350602514308876
0.05407528618656982
0.43669259766405416
0.5558790053832628
0.3900673855721522
0.10899317366255436
1.2703611758975293
2.010723865391773
1.4988405044128985
0.4729047703184989
0.5874779914549652
0.4425221413247781
0.8967805130849363
0.7676858167054786
0.21311013523869735
0.14002740740252312
0.1035813343886326
0.5089801357637785
0.2968135112628177
0.46049551233667896
0.20624367628578033
0.5915945576497974
0.5124133116021725
0.6396560031200368
2.6127838567197355
0.07120461277315455
0.2454279356937165
0.1879022200886685
1.1503858588207792
0.11862926270129269
1.4666558210414973
0.7676858167054786
0.6585413472804106
0.347966033710199
1.3340302557669064
0.19117992984990442
0.355105281850551
0.40866387406381066
0.5957505174209551
0.7262931315472536
1.010723865391773
0.6350602514308876
0.2271775831214233
1.5336026106721106
1.2510560207021424
0.6396560031200368
0.3272265477119617
1.0
0.033000260102925345
0.09823610405944945
1.5336026106721106
2.010723865391773
0.4514158544847605
0.5372368953272048
1.4666558210414973
1.436692597664054
0.5520860163661238
0.7319702644389441
1.5713911715615103
0.6885045706578539
0.6833649310054427
2.135662602000073
0.25105602070214256
0.3340302557669065
0.7932399211778668
0.11447330293013498
0.8419318450775912
0.3161186664582043
0.17821495268553675
0.11723951917328697
1.4666558210414973
0.0364425065139426
0.38489715210606196
1.3575113516164294
1.3340302557669064
1.1978105087489175
0.9052136806217991
0.3161186664582043
1.436692597664054
1.6585413472804105
0.347966033710199
0.8493558631567981
0.02283425539402775
0.0637805946939477
0.37725540981218647
1.0564813559524482
1.436692597664054
1.2510560207021424
0.20624367628578033
0.4988405044128986
1.3575113516164294
0.8493558631567981
0.8803900968967668
1.7096938697277917
0.32274924535721744
0.8346326063360918
0.7932399211778668
0.786709054018909
0.2045438914078859
0.7096938697277919
0.5834000790345258
1.9138138523837167
0.4514158544847605
1.1656258253775162
0.786709054018909
2.6127838567197355
0.6305126236801669
0.6084624829370928
0.3340302557669065
0.7802749440134991
0.6732646041011169
0.3317504894720079
0.2325726150081294
0.260601338608373
0.5957505174209551
0.0445821326527405
0.9406859987840179
0.5336026106721106
0.9406859987840179
1.3575113516164294
1.094269916841848
0.17981456584532973
0.3979400086720376
0.6041836849578178
0.15793899671122527
0.6350602514308876
0.3623638544108415
0.3183176305581425
1.7676858167054785
1.436692597664054
0.5409018494136101
0.7676858167054786
0.12564548124254898
0.7615255080006602
0.9406859987840179
0.16717965344613794
0.8066038827358483
0.17981456584532973
0.6443009081658003
0.2343859557715978
0.3161186664582043
0.7096938697277919
0.2844042532809978
0.260601338608373
0.3979400086720376
0.49551256106397124
1.2703611758975293
2.010723865391773
1.7096938697277917
0.3317504894720079
0.3340302557669065
1.094269916841848
0.8274540217089684
0.350332766989306
0.43669259766405416
1.436692597664054
0.3139307803100288
1.5713911715615103
2.6127838567197355
0.9406859987840179
0.3979400086720376
1.5336026106721106
0.48893221575264967
0.7739347659824801
1.4666558210414973
1.2510560207021424
0.9138138523837166
0.8493558631567981
2.6127838567197355
0.8346326063360918
0.25675799952661277
0.2743273631151307
0.32274924535721744
0.9315426193441483
1.2703611758975293
2.311753861055754
0.1703040876552869
0.350332766989306
0.8803900968967668
0.35271246873466067
0.8724211672254916
0.40595798068788574
0.6350602514308876
0.5597054132363156
0.5055738870718671
0.2743273631151307
0.5483258674928169
0.32498212678950944
0.08773904968289024
0.3409422501832365
0.2968135112628177
0.13566260200007305
2.6127838567197355
0.1429618407415725
2.010723865391773
0.5597054132363156
0.2325726150081294
0.6537424643986418
2.135662602000073
0.5957505174209551
1.6585413472804105
1.9138138523837167
1.6127838567197355
2.6127838567197355
2.6127838567197355
1.8346326063360916
0.32052778536325943
0.8134433072661538
0.5793601012327857
2.6127838567197355
2.6127838567197355
2.6127838567197355
0.07622541414820534
1.5336026106721106
0.6585413472804106
1.2148438480476977
0.40866387406381066
0.5793601012327857
0.286447995790984
0.755451360288467
1.5336026106721106
0.24356799930959264
0.4032688421771045
0.24171599444799924
1.1214221628854626
2.010723865391773
0.7676858167054786
2.6127838567197355
0.4395975883074614
0.2683915830346248
1.4086638740638107
2.6127838567197355
1.9138138523837167
0.12564548124254898
0.7042988378410857
0.3979400086720376
0.4856790583549279
1.1076338783998294
0.1049279850239046
2.135662602000073
0.25105602070214256
0.5713911715615104
0.6305126236801669
1.2905645619858161
2.010723865391773
0.786709054018909
0.4729047703184989
0.8493558631567981
2.6127838567197355
0.3432709125018191
2.6127838567197355
2.6127838567197355
2.6127838567197355
0.9225877766912218
1.9138138523837167
0.17981456584532973
2.6127838567197355
0.3409422501832365
0.2683915830346248
1.2510560207021424
0.38489715210606196
0.2905645619858162
0.18142009256074818
0.8419318450775912
0.6350602514308876
0.8203921672214816
0.3317504894720079
0.5597054132363156
1.7096938697277917
2.6127838567197355
1.1978105087489175
0.3623638544108415
0.3575113516164294
0.49551256106397124
0.4922099255138856
0.8967805130849363
0.40059625231577767
1.6127838567197355
0.720689254029255
0.2844042532809978
0.3952999125058292
0.2743273631151307
0.5874779914549652
0.7494609965992796
0.567460877933078
1.0813049396774803
1.2905645619858161
1.0564813559524482
0.2844042532809978
0.23620689966322353
0.3363220525464913
1.3117538610557542
0.6084624829370928
1.3340302557669064
0.2664308822690969
0.7377225933280354
0.6489960293741801
0.4988405044128986
0.5713911715615104
0.8885079871189463
0.45744781925467365
0.7802749440134991
0.715156765429294
1.2703611758975293
1.0564813559524482
0.3340302557669065
1.0
2.6127838567197355
2.6127838567197355
0.06500915133191296
0.1846490626909467
0.44546652197155934
1.5713911715615103
0.2644789936715748
1.094269916841848
0.3952999125058292
1.1076338783998294
0.5228787452803376
1.0217192496932361
0.7676858167054786
1.2325726150081293
0.4824500882247293
0.5124133116021725
0.7676858167054786
0.969331180233548
0.08903738990817102
0.14002740740252312
2.010723865391773
0.2343859557715978
1.1656258253775162
0.15641782359069248
1.4988405044128985
0.38489715210606196
0.567460877933078
0.7262931315472536
0.6489960293741801
0.15038585882077937
1.6585413472804105
2.135662602000073
1.1503858588207792
0.2271775831214233
0.5713911715615104
0.11723951917328697
0.4792449483495179
0.016186761093275253
2.6127838567197355
0.786709054018909
1.1076338783998294
1.6585413472804105
1.5336026106721106
2.6127838567197355
0.5055738870718671
1.0687158123694598
0.7096938697277919
0.7262931315472536
1.7676858167054785
0.10899317366255436
0.20285073338844098
2.010723865391773
0.2989166363505821
1.1503858588207792
2.135662602000073
0.7615255080006602
1.4086638740638107
1.7676858167054785
2.311753861055754
0.1879022200886685
1.8346326063360916
1.0564813559524482
1.1214221628854626
0.36974580803344104
0.4309402687749629
1.0217192496932361
0.9500260250381612
1.3575113516164294
0.2683915830346248
0.1961433493814545
2.311753861055754
0.7739347659824801
0.13421736112589214
0.3926757686796804
0.7802749440134991
0.5793601012327857
0.1830315767173275
0.7932399211778668
1.4086638740638107
0.5445979949735738
0.24917187682759115
0.40059625231577767
1.3575113516164294
0.17662120967897946
1.6127838567197355
2.6127838567197355
1.7096938697277917
2.311753861055754
0.10763387839982952
0.24729587182883578
0.20795014009979743
0.5228787452803376
2.311753861055754
1.6585413472804105
1.7096938697277917
0.6489960293741801
0.22184874961635637
0.2325726150081294
1.4666558210414973
0.41965925836527385
1.1978105087489175
1.3823349353414613
1.2148438480476977
1.0445821326527405
0.6127838567197355
1.094269916841848
0.24171599444799924
0.47606328956332866
0.7739347659824801
0.8274540217089684
1.4988405044128985
2.311753861055754
0.786709054018909
0.4113867323992839
1.2703611758975293
1.181420092560748
2.311753861055754
0.4514158544847605
1.7676858167054785
1.7096938697277917
2.6127838567197355
2.6127838567197355
0.8274540217089684
1.2325726150081293
0.38489715210606196
0.6127838567197355
0.5055738870718671
0.350332766989306
0.720689254029255
0.45744781925467365
0.4729047703184989
1.3340302557669064
0.856909001047244
0.24356799930959264
0.23803551070963158
0.9793154011401488
0.989534566321835
0.433806909426566
0.46049551233667896
0.4425221413247781
0.4988405044128986
0.30958779929924657
0.21311013523869735
0.5483258674928169
0.25867541757233453
0.8419318450775912
0.8724211672254916
0.17187477465451775
1.0330002601029253
0.6305126236801669
0.08002947772723779
0.08002947772723779
0.15490195998574316
0.7676858167054786
0.0364425065139426
0.856909001047244
0.6633938500748227
0.48893221575264967
0.37473775359094
1.3340302557669064
0.16099742119544527
0.8493558631567981
1.0445821326527405
0.2723397418796171
1.9138138523837167
0.7262931315472536
2.010723865391773
0.6732646041011169
0.6782854054761677
0.11172459450198396
2.6127838567197355
0.6782854054761677
0.3575113516164294
0.5089801357637785
0.8967805130849363
0.755451360288467
0.013993349956620393
1.1214221628854626
0.3599308257398423
0.6305126236801669
2.6127838567197355
0.2454279356937165
0.7676858167054786
1.0813049396774803
0.0724543819288618
0.6041836849578178
0.05648135595244821
0.32498212678950944
0.5635658340495537
1.3117538610557542
0.2844042532809978
1.2703611758975293
2.010723865391773
1.1656258253775162
1.2148438480476977
0.4309402687749629
0.9595713429443917
0.7802749440134991
0.9793154011401488
0.5915945576497974
0.4168842043105017
0.6127838567197355
0.6833649310054427
1.181420092560748
0.8203921672214816
0.5957505174209551
0.6633938500748227
0.8274540217089684
0.7998705000768799
0.48893221575264967
1.0330002601029253
2.6127838567197355
2.311753861055754
2.6127838567197355
1.4086638740638107
0.5834000790345258
0.8724211672254916
0.715156765429294
0.6537424643986418
0.15641782359069248
1.8346326063360916
0.27632412287120595
0.4792449483495179
1.0687158123694598
0.5597054132363156
0.47606328956332866
0.6041836849578178
0.856909001047244
0.5228787452803376
0.6585413472804106
1.0217192496932361
0.7096938697277919
0.19781050874891748
1.2510560207021424
1.9138138523837167
0.6350602514308876
1.4666558210414973
0.20966333554391756
0.4666558210414974
0.20285073338844098
0.2703611758975292
0.6260121224534906
0.3386260074560556
0.6305126236801669
0.5445979949735738
2.135662602000073
0.22896849073930417
0.5409018494136101
0.6041836849578178
0.3900673855721522
0.6633938500748227
0.567460877933078
1.2148438480476977
0.12142216288546279
2.6127838567197355
0.8803900968967668
2.6127838567197355
1.181420092560748
0.16873906080165918
1.1656258253775162
0.44843100093529836
1.0813049396774803
1.1656258253775162
0.5793601012327857
1.2703611758975293
0.09164577301569919
0.786709054018909
1.4086638740638107
0.5483258674928169
0.5957505174209551
0.4922099255138856
2.6127838567197355
0.2664308822690969
0.09033962321341561
0.4168842043105017
0.3900673855721522
0.5228787452803376
0.6305126236801669
0.05407528618656982
1.094269916841848
1.4988405044128985
0.9138138523837166
0.25105602070214256
1.2148438480476977
1.3340302557669064
0.5635658340495537
0.3648105903579289
0.24356799930959264
0.6127838567197355
1.2703611758975293
0.28237008337054464
0.969331180233548
0.6937057643436615
1.0
2.6127838567197355
2.6127838567197355
1.5713911715615103
2.6127838567197355
2.6127838567197355
0.5999466320145632
1.9138138523837167
2.311753861055754
0.5635658340495537
1.7676858167054785
2.6127838567197355
0.5915945576497974
0.35271246873466067
0.44843100093529836
1.094269916841848
0.1640775368146556
0.36974580803344104
0.5753573587791118
1.5336026106721106
0.2968135112628177
1.3117538610557542
0.9406859987840179
1.2325726150081293
0.8274540217089684
2.6127838567197355
0.4514158544847605
0.23803551070963158
0.7676858167054786
1.181420092560748
0.6633938500748227
0.515873843711679
0.6260121224534906
1.4666558210414973
0.7676858167054786
0.3340302557669065
0.30743248727311173
1.3340302557669064
0.8724211672254916
1.1076338783998294
0.3575113516164294
2.135662602000073
1.1214221628854626
0.31175386105575426
0.36974580803344104
0.989534566321835
1.3823349353414613
1.181420092560748
0.45744781925467365
0.715156765429294
2.6127838567197355
1.436692597664054
1.3823349353414613
0.7615255080006602
0.515873843711679
1.0564813559524482
0.44843100093529836
0.0625555036646414
0.6537424643986418
0.6732646041011169
0.433806909426566
1.1503858588207792
1.5713911715615103
0.6443009081658003
0.4425221413247781
0.46356474406435555
0.8134433072661538
1.3117538610557542
1.4666558210414973
1.8346326063360916
0.7435521369887592
1.3117538610557542
0.8885079871189463
1.6585413472804105
1.1503858588207792
0.969331180233548
1.4086638740638107
0.5299984864032853
1.6585413472804105
1.4988405044128985
1.1978105087489175
0.37473775359094
1.094269916841848
1.4988405044128985
0.515873843711679
1.3117538610557542
0.786709054018909
0.7615255080006602
0.864595829713535
2.135662602000073
1.7676858167054785
0.3183176305581425
1.4666558210414973
1.3823349353414613
0.6041836849578178
0.755451360288467
1.6585413472804105
0.6127838567197355
0.6215577810272406
0.19948409263848363
0.3623638544108415
0.7042988378410857
0.5089801357637785
1.5713911715615103
0.2045438914078859
0.8203921672214816
0.46356474406435555
0.7932399211778668
0.4113867323992839
0.7615255080006602
0.7998705000768799
0.3386260074560556
2.135662602000073
0.7676858167054786
1.094269916841848
0.1640775368146556
1.1656258253775162
0.4168842043105017
0.29263757060868145
0.37223460843713574
0.3599308257398423
0.4792449483495179
0.8274540217089684
0.2325726150081294
0.3183176305581425
0.1961433493814545
1.0
1.0687158123694598
0.856909001047244
0.40595798068788574
0.30958779929924657
0.7615255080006602
0.7377225933280354
0.32948262801618583
0.6041836849578178
0.6127838567197355
1.0813049396774803
0.42245215854944396
0.5299984864032853
1.5713911715615103
2.6127838567197355
0.2045438914078859
1.1214221628854626
0.5409018494136101
0.3340302557669065
0.38489715210606196
2.135662602000073
0.6396560031200368
0.4922099255138856
0.40595798068788574
0.969331180233548
0.15038585882077937
0.4309402687749629
0.7377225933280354
1.0564813559524482
1.6127838567197355
0.8203921672214816
0.1879022200886685
1.1356626020000729
0.13421736112589214
1.0
0.25867541757233453
0.7494609965992796
0.6585413472804106
0.755451360288467
0.35271246873466067
1.3823349353414613
0.864595829713535
0.8203921672214816
0.6782854054761677
0.3340302557669065
0.6683011845695668
0.3599308257398423
1.5336026106721106
2.6127838567197355
0.6084624829370928
0.8967805130849363
0.09426991684184802
0.3900673855721522
1.0813049396774803
0.856909001047244
1.7676858167054785
0.5021941464204864
0.260601338608373
1.2325726150081293
2.311753861055754
0.37473775359094
0.22896849073930417
0.7932399211778668
1.4666558210414973
0.3340302557669065
0.7377225933280354
0.5089801357637785
1.4988405044128985
0.5834000790345258
0.6305126236801669
0.4280924259021366
1.7096938697277917
2.6127838567197355
0.9138138523837166
0.8203921672214816
1.5336026106721106
0.6989700043360187
0.9138138523837166
0.8066038827358483
0.0589008300758611
1.1214221628854626
0.43669259766405416
1.010723865391773
0.3623638544108415
0.8724211672254916
0.433806909426566
0.6833649310054427
1.6127838567197355
1.181420092560748
0.4856790583549279
1.7096938697277917
1.3575113516164294
0.48893221575264967
1.0330002601029253
0.9225877766912218
1.0217192496932361
0.5264240260449872
1.8346326063360916
0.567460877933078
0.6585413472804106
0.25867541757233453
0.3623638544108415
0.5915945576497974
0.40059625231577767
0.6127838567197355
0.9406859987840179
0.5635658340495537
1.8346326063360916
1.3117538610557542
2.311753861055754
0.9500260250381612
1.0445821326527405
0.8724211672254916
0.2844042532809978
0.6989700043360187
1.0330002601029253
0.6683011845695668
0.8493558631567981
0.3979400086720376
0.5558790053832628
0.5372368953272048
1.1076338783998294
0.7676858167054786
1.094269916841848
1.7676858167054785
1.7096938697277917
1.7096938697277917
1.2510560207021424
0.7932399211778668
0.48893221575264967
1.010723865391773
1.2510560207021424
0.7932399211778668
1.2905645619858161
1.1356626020000729
1.4086638740638107
1.1656258253775162
2.311753861055754
1.9138138523837167
1.9138138523837167
1.2510560207021424
0.8724211672254916
1.9138138523837167
1.2703611758975293
0.9595713429443917
1.2325726150081293
1.1076338783998294
1.6585413472804105
2.311753861055754
0.9138138523837166
1.3117538610557542
1.3575113516164294
1.4988405044128985
2.311753861055754
0.24171599444799924
0.5874779914549652
0.5597054132363156
0.786709054018909
0.6989700043360187
2.135662602000073
0.8066038827358483
0.48893221575264967
1.4666558210414973
2.6127838567197355
0.3183176305581425
0.5124133116021725
0.8134433072661538
0.35271246873466067
2.6127838567197355
0.3599308257398423
2.010723865391773
2.010723865391773
0.864595829713535
2.6127838567197355
1.7096938697277917
2.6127838567197355
2.6127838567197355
0.4168842043105017
2.6127838567197355
0.24356799930959264
0.5445979949735738
0.8274540217089684
1.1356626020000729
2.6127838567197355
1.6127838567197355
2.311753861055754
0.2989166363505821
0.24729587182883578
0.715156765429294
0.22896849073930417
2.6127838567197355
0.7042988378410857
1.2148438480476977
0.17981456584532973
1.2148438480476977
1.2703611758975293
0.7435521369887592
1.4086638740638107
1.0445821326527405
0.2011641507565053
0.4309402687749629
0.09956625665179651
0.8803900968967668
0.26253583838557265
0.1879022200886685
0.4280924259021366
0.8724211672254916
0.969331180233548
0.720689254029255
2.6127838567197355
1.9138138523837167
0.46049551233667896
0.3409422501832365
0.5299984864032853
0.36974580803344104
0.23620689966322353
2.6127838567197355
0.7096938697277919
2.6127838567197355
2.6127838567197355
2.6127838567197355
2.6127838567197355
2.6127838567197355
1.2905645619858161
1.3340302557669064
0.4856790583549279
0.3161186664582043
0.7096938697277919
0.6215577810272406
0.4141267697653129
2.6127838567197355
0.47606328956332866
1.6585413472804105
2.6127838567197355
0.5793601012327857
0.46049551233667896
1.8346326063360916
1.3117538610557542
2.6127838567197355
2.6127838567197355
2.6127838567197355
0.6443009081658003
0.8967805130849363
0.2548490097192817
1.2148438480476977
2.6127838567197355
0.8493558631567981
2.6127838567197355
1.1656258253775162
2.6127838567197355
2.6127838567197355
0.5915945576497974
1.3823349353414613
0.6633938500748227
0.6885045706578539
0.32274924535721744
0.9500260250381612
0.7377225933280354
0.32948262801618583
1.2325726150081293
0.4988405044128986
1.094269916841848
0.9052136806217991
0.8724211672254916
0.5193621715575004
0.4395975883074614
2.6127838567197355
1.9138138523837167
0.8803900968967668
0.7377225933280354
0.7615255080006602
2.6127838567197355
0.567460877933078
1.7676858167054785
2.6127838567197355
0.2664308822690969
2.6127838567197355
0.9406859987840179
1.1503858588207792
1.2703611758975293
0.2844042532809978
0.5915945576497974
2.135662602000073
1.0445821326527405
0.6171486621221854
0.3161186664582043
1.0330002601029253
1.5713911715615103
1.9138138523837167
2.311753861055754
2.311753861055754
0.13566260200007305
0.6443009081658003
0.7435521369887592
0.864595829713535
0.4729047703184989
0.4729047703184989
0.3139307803100288
2.6127838567197355
1.4086638740638107
2.311753861055754
2.6127838567197355
2.6127838567197355
1.6127838567197355
1.6127838567197355
0.7435521369887592
0.3599308257398423
0.8134433072661538
0.9500260250381612
0.2271775831214233
2.010723865391773
1.6585413472804105
0.0969100130080564
0.27632412287120595
0.6489960293741801
0.3409422501832365
1.1214221628854626
0.28237008337054464
0.4113867323992839
0.21658450962399914
0.7096938697277919
1.7096938697277917
0.6989700043360187
0.8134433072661538
0.12423314021929123
1.4666558210414973
2.6127838567197355
1.181420092560748
2.6127838567197355
2.6127838567197355
2.6127838567197355
0.9052136806217991
2.135662602000073
0.856909001047244
2.010723865391773
2.6127838567197355
2.6127838567197355
1.3575113516164294
0.2548490097192817
2.010723865391773
2.6127838567197355
2.6127838567197355
0.9595713429443917
0.5520860163661238
1.4988405044128985
1.0687158123694598
1.0564813559524482
0.6171486621221854
1.7676858167054785
1.5713911715615103
1.1356626020000729
1.2510560207021424
1.9138138523837167
2.6127838567197355
0.4514158544847605
0.5834000790345258
2.010723865391773
0.25675799952661277
0.5999466320145632
0.3648105903579289
0.45744781925467365
0.4032688421771045
1.6585413472804105
1.0445821326527405
0.7377225933280354
1.0564813559524482
0.46049551233667896
0.5193621715575004
0.864595829713535
2.6127838567197355
1.0
1.3117538610557542
0.19781050874891748
0.2398718537496289
0.9138138523837166
1.2325726150081293
1.4988405044128985
1.2148438480476977
1.9138138523837167
0.7739347659824801
1.1356626020000729
0.6537424643986418
0.9793154011401488
0.4856790583549279
2.6127838567197355
0.8885079871189463
0.6989700043360187
0.3139307803100288
2.135662602000073
2.6127838567197355
2.6127838567197355
1.2148438480476977
0.1488908677338282
0.5021941464204864
2.6127838567197355
0.9138138523837166
2.6127838567197355
0.8203921672214816
1.6585413472804105
0.3926757686796804
0.41965925836527385
0.5520860163661238
2.311753861055754
2.6127838567197355
0.4856790583549279
0.2683915830346248
1.1656258253775162
0.3363220525464913
1.1656258253775162
0.8885079871189463
1.4666558210414973
0.5021941464204864
1.4086638740638107
0.5372368953272048
0.6585413472804106
0.2885014014220428
1.3823349353414613
0.25867541757233453
0.8803900968967668
2.6127838567197355
1.7676858167054785
2.311753861055754
0.7615255080006602
1.8346326063360916
1.7096938697277917
1.4988405044128985
2.6127838567197355
1.0
0.24356799930959264
1.1214221628854626
0.6833649310054427
1.1076338783998294
1.0687158123694598
0.7319702644389441
2.6127838567197355
0.2803453968041302
0.864595829713535
0.46049551233667896
0.4856790583549279
1.2148438480476977
0.7262931315472536
0.5520860163661238
0.8885079871189463
0.8274540217089684
0.5520860163661238
2.135662602000073
1.9138138523837167
2.311753861055754
0.5483258674928169
0.4697690564656404
0.6489960293741801
2.6127838567197355
1.0330002601029253
1.8346326063360916
1.010723865391773
2.6127838567197355
1.9138138523837167
1.2148438480476977
1.4988405044128985
2.6127838567197355
0.8803900968967668
0.3648105903579289
2.6127838567197355
0.5834000790345258
1.0687158123694598
1.6585413472804105
2.6127838567197355
0.755451360288467
0.8274540217089684
0.31175386105575426
0.755451360288467
2.6127838567197355
0.8885079871189463
0.989534566321835
2.6127838567197355
1.8346326063360916
2.6127838567197355
2.311753861055754
1.2703611758975293
1.5713911715615103
0.6305126236801669
1.0445821326527405
0.6989700043360187
1.3575113516164294
1.1076338783998294
1.1503858588207792
1.7676858167054785
1.5336026106721106
0.7998705000768799
0.15946551667269782
1.5336026106721106
2.135662602000073
2.6127838567197355
0.22361777235520303
0.6127838567197355
1.7676858167054785
1.010723865391773
2.6127838567197355
1.1978105087489175
1.3117538610557542
1.5713911715615103
2.6127838567197355
1.2703611758975293
0.9406859987840179
1.4086638740638107
0.969331180233548
0.8274540217089684
0.9595713429443917
1.0
1.1214221628854626
0.7932399211778668
2.6127838567197355
0.7739347659824801
1.9138138523837167
2.6127838567197355
2.6127838567197355
0.8274540217089684
0.4168842043105017
0.6585413472804106
0.13277691376258488
0.6833649310054427
1.0813049396774803
2.6127838567197355
1.6585413472804105
0.9315426193441483
1.7096938697277917
1.7096938697277917
0.9138138523837166
1.0217192496932361
1.4666558210414973
2.6127838567197355
2.6127838567197355
2.135662602000073
0.5409018494136101
0.6127838567197355
0.5999466320145632
1.1656258253775162
0.5834000790345258
1.4988405044128985
0.6041836849578178
2.6127838567197355
1.0813049396774803
0.6989700043360187
2.6127838567197355
2.6127838567197355
2.6127838567197355
0.6732646041011169
0.8803900968967668
0.5520860163661238
1.436692597664054
0.9793154011401488
1.4666558210414973
0.16253474840037438
2.6127838567197355
1.4666558210414973
0.515873843711679
0.7042988378410857
1.1076338783998294
0.989534566321835
1.7096938697277917
2.010723865391773
0.7998705000768799
0.43669259766405416
2.6127838567197355
2.6127838567197355
2.6127838567197355
1.4988405044128985
1.9138138523837167
0.6937057643436615
0.8066038827358483
2.6127838567197355
2.311753861055754
0.6732646041011169
1.0687158123694598
0.38747457499387267
1.1356626020000729
0.5409018494136101
0.6885045706578539
1.7676858167054785
2.6127838567197355
1.6585413472804105
1.8346326063360916
2.6127838567197355
2.010723865391773
0.5124133116021725
1.3575113516164294
1.1076338783998294
1.0
1.3823349353414613
0.6127838567197355
0.5915945576497974
0.856909001047244
2.6127838567197355
0.7932399211778668