0.30528781880652256
0.38489715210606196
0.864595829713535
1.1214221628854626
0.8066038827358483
0.3161186664582043
0.37473775359094
0.05407528618656982
0.2803453968041302
1.7096938697277917
0.35271246873466067
0.09295586294401671
0.1474010052713172
0.08258415851665331
2.311753861055754
2.311753861055754
0.03529205688251015
0.18142009256074818
0.5635658340495537
2.6127838567197355
0.17345116288947285
0.5558790053832628
0.11309677410133168
1.1076338783998294
0.5597054132363156
0.6127838567197355
0.8803900968967668
0.5228787452803376
0.4309402687749629
0.6171486621221854
0.7435521369887592
0.016186761093275253
0.567460877933078
0.7262931315472536
1.181420092560748
0.2664308822690969
0.25867541757233453
0.0724543819288618
0.3183176305581425
0.6041836849578178
0.20966333554391756
0.4113867323992839
0.6782854054761677
0.005328833505066963
0.3979400086720376
0.433806909426566
0.03414464675166312
0.6683011845695668
0.14149214566079688
0.5021941464204864
1.010723865391773
0.20966333554391756
0.1429618407415725
0.03529205688251015
0.6633938500748227
2.135662602000073
1.6127838567197355
0.3272265477119617
0.08002947772723779
0.24356799930959264
0.3161186664582043
0.10627882431486338
0.013993349956620393
0.38489715210606196
0.5445979949735738
0.6885045706578539
0.4168842043105017
2.010723865391773
0.24917187682759115
0.28237008337054464
0.0625555036646414
0.7615255080006602
1.3823349353414613
0.5089801357637785
0.7932399211778668
0.37473775359094
0.4395975883074614
0.5713911715615104
0.04575749056067514
0.09295586294401671
1.0564813559524482
1.8346326063360916
0.4922099255138856
1.4086638740638107
1.3575113516164294
1.0687158123694598
0.15946551667269782
0.5915945576497974
0.12282537729490085
0.016186761093275253
0.21311013523869735
0.09164577301569919
0.5957505174209551
0.4425221413247781
0.7676858167054786
0.14149214566079688
0.8203921672214816
0.25294837437984746
0.05407528618656982
0.22896849073930417
0.29472052175697394
0.24356799930959264
0.12142216288546279
0.04575749056067514
0.15793899671122527
0.25867541757233453
0.2703611758975292
0.38747457499387267
0.2844042532809978
0.4792449483495179
1.3117538610557542
0.3139307803100288
0.7042988378410857
0.6350602514308876
0.030720493808026744
0.21833217589351925
0.3979400086720376
0.16099742119544527
0.09426991684184802
0.1846490626909467
0.6537424643986418
0.720689254029255
1.4988405044128985
1.436692597664054
2.6127838567197355
0.8134433072661538
0.055276654814077585
1.0217192496932361
0.19948409263848363
0.3363220525464913
1.4086638740638107
0.016186761093275253
2.6127838567197355
0.06500915133191296
0.12564548124254898
0.03414464675166312
0.7998705000768799
0.1640775368146556
0.0625555036646414
0.8066038827358483
1.3340302557669064
0.2989166363505821
0.02732312721123478
1.0
0.033000260102925345
2.6127838567197355
0.433806909426566
0.6305126236801669
0.7042988378410857
0.3900673855721522
0.30528781880652256
0.7932399211778668
0.6127838567197355
0.7932399211778668
0.5558790053832628
0.20285073338844098
0.05648135595244821
0.016186761093275253
0.005328833505066963
0.6989700043360187
2.6127838567197355
2.135662602000073
0.052877231683623
2.6127838567197355
0.37223460843713574
0.17981456584532973
0.6732646041011169
0.4697690564656404
0.13566260200007305
0.1474010052713172
1.9138138523837167
1.9138138523837167
0.019497789699278244
0.3386260074560556
0.8493558631567981
0.6260121224534906
0.4395975883074614