1.1214221628854626
0.1961433493814545
0.19781050874891748
1.7096938697277917
0.6833649310054427
0.08258415851665331
0.8134433072661538
0.7739347659824801
0.8885079871189463
2.010723865391773
2.135662602000073
0.24171599444799924
2.135662602000073
0.2723397418796171
0.515873843711679
1.3117538610557542
0.8134433072661538
0.07622541414820534
0.8346326063360918
0.40866387406381066
0.5264240260449872
0.10627882431486338
0.15641782359069248
0.20285073338844098
0.30315368929383674
0.0625555036646414
0.17981456584532973
0.433806909426566
0.7096938697277919
0.6084624829370928
0.18627259535516025
1.3823349353414613
0.16562582537751622
0.0504909922632608
0.7802749440134991
0.23803551070963158
0.7932399211778668
0.17821495268553675
0.09426991684184802
0.03414464675166312
1.7676858167054785
0.10763387839982952
0.02732312721123478
1.0445821326527405
0.3161186664582043
0.40595798068788574
1.1356626020000729
1.2325726150081293
0.22896849073930417
0.08130493967748034
0.05407528618656982
0.09295586294401671
0.06747674025391141
1.3340302557669064
0.02283425539402775
0.38747457499387267
0.4988405044128986
0.15793899671122527
0.5409018494136101
0.7435521369887592
0.4922099255138856
0.8493558631567981
0.3648105903579289
0.355105281850551
0.3979400086720376
0.2548490097192817
0.5753573587791118
0.16253474840037438
2.6127838567197355
1.0330002601029253
0.8885079871189463
0.32498212678950944
0.23620689966322353
0.13134122821743044
0.11862926270129269
0.44843100093529836
0.9138138523837166
0.9225877766912218
0.6732646041011169
0.6305126236801669
0.856909001047244
0.17187477465451775
0.23620689966322353
0.17981456584532973
0.7802749440134991
0.13421736112589214
0.055276654814077585
0.38747457499387267
0.5793601012327857
0.567460877933078
0.6989700043360187
0.25867541757233453
2.6127838567197355
0.1961433493814545
2.135662602000073
0.07622541414820534
0.567460877933078
1.010723865391773
0.23803551070963158
0.17821495268553675
0.3183176305581425
0.36974580803344104
0.30528781880652256
0.031858881044116195
0.7739347659824801
0.7615255080006602
0.32274924535721744
0.355105281850551
0.6989700043360187
0.06747674025391141
0.347966033710199
1.4666558210414973
0.016186761093275253
0.6833649310054427
1.7096938697277917
0.11309677410133168
0.3386260074560556
0.8493558631567981
0.6260121224534906
0.4395975883074614
1.5336026106721106
0.04575749056067514
1.2325726150081293
1.094269916841848
0.4856790583549279
0.06133385874686032
0.25675799952661277
0.04575749056067514
0.4824500882247293
0.016186761093275253
0.6489960293741801
0.11862926270129269
2.135662602000073
2.311753861055754
0.9225877766912218
0.07748973667696497
0.20966333554391756
0.3599308257398423
0.49551256106397124
0.04224091683783795
0.3340302557669065
1.2148438480476977
0.3952999125058292
0.37978774632758167
2.6127838567197355
0.46049551233667896
0.7377225933280354
2.6127838567197355
0.6585413472804106
0.6782854054761677
1.0
0.18953798278292763
0.4856790583549279
0.41965925836527385
0.04107502491104791
2.6127838567197355
0.25867541757233453
0.0724543819288618
0.5055738870718671
0.969331180233548
0.6215577810272406
0.2703611758975292
0.2844042532809978
0.5299984864032853
0.3599308257398423
0.433806909426566
0.005328833505066963
0.9406859987840179
0.6937057643436615
0.1035813343886326
0.15946551667269782
0.1640775368146556
0.8419318450775912
0.7494609965992796
0.2325726150081294
0.8967805130849363
0.7615255080006602
1.7096938697277917
1.5713911715615103
1.9138138523837167
0.3363220525464913
1.3340302557669064
0.38489715210606196
0.23803551070963158
0.0445821326527405
0.6683011845695668
0.6350602514308876
0.7096938697277919
0.3272265477119617
1.4666558210414973
0.2644789936715748
0.15490195998574316
0.3409422501832365
0.05648135595244821
0.43669259766405416
0.25294837437984746
0.7615255080006602
0.4856790583549279
0.37223460843713574
0.11723951917328697
0.2844042532809978
0.14149214566079688
0.0445821326527405
0.6305126236801669
2.6127838567197355
2.311753861055754
0.10627882431486338
0.350332766989306
0.3183176305581425
0.24729587182883578
0.4280924259021366
0.5089801357637785
0.350332766989306
1.1656258253775162
0.6885045706578539
2.6127838567197355
0.35271246873466067
1.5336026106721106
0.6171486621221854
1.4666558210414973
0.7802749440134991
0.12282537729490085
0.1474010052713172
0.9595713429443917
0.24729587182883578
2.6127838567197355
0.9595713429443917
0.3979400086720376
0.5336026106721106
0.12991027311098172
0.25867541757233453
0.06747674025391141
0.433806909426566
0.8724211672254916
0.033000260102925345
0.38747457499387267
0.11862926270129269
2.6127838567197355
1.3823349353414613
0.4168842043105017
0.16873906080165918
1.436692597664054
0.13856759264348023
0.7377225933280354
0.0516824730706795
0.9793154011401488
1.6585413472804105
0.12282537729490085
0.260601338608373
0.6782854054761677
1.2148438480476977
0.6396560031200368
0.13856759264348023
0.969331180233548
1.1214221628854626
0.5999466320145632
0.286447995790984
1.0
0.3979400086720376
1.2905645619858161
0.7802749440134991
0.9595713429443917
0.5957505174209551
0.2905645619858162
0.49551256106397124
0.09164577301569919
1.1076338783998294
0.48893221575264967
1.2325726150081293
0.5409018494136101
1.436692597664054
0.30958779929924657
0.22896849073930417
0.755451360288467
0.17981456584532973
1.2703611758975293
0.1429618407415725
0.3363220525464913
0.4252631358832724
0.07622541414820534
2.6127838567197355
0.15793899671122527
0.4168842043105017
0.18142009256074818
0.9406859987840179
1.1503858588207792
0.055276654814077585
0.3979400086720376
0.6443009081658003
0.3623638544108415
0.1049279850239046
1.181420092560748
0.3575113516164294
0.45744781925467365
1.5336026106721106
0.22539403038100603
0.3575113516164294
1.4086638740638107
0.24729587182883578
0.08773904968289024
0.6833649310054427
2.010723865391773
1.4666558210414973
0.8493558631567981
0.864595829713535
0.2703611758975292
0.09426991684184802
0.5635658340495537
1.2325726150081293
0.005328833505066963
1.181420092560748
0.09295586294401671
0.6937057643436615
0.4792449483495179
2.6127838567197355
2.6127838567197355
2.6127838567197355
0.5915945576497974
0.052877231683623
1.0564813559524482
0.08903738990817102
1.7096938697277917
0.4697690564656404
0.9595713429443917
2.6127838567197355
0.12564548124254898
0.11035673673530279
0.4988405044128986
0.8885079871189463
0.14002740740252312
0.3139307803100288
0.17821495268553675
0.7998705000768799
0.5874779914549652
0.6041836849578178
2.010723865391773
0.18142009256074818
0.22184874961635637
1.9138138523837167
1.5713911715615103
0.6127838567197355
0.08903738990817102
0.2325726150081294
0.6084624829370928
0.9138138523837166
1.7676858167054785
1.9138138523837167
2.311753861055754
1.7676858167054785
2.311753861055754
1.2325726150081293
2.311753861055754
2.135662602000073
2.6127838567197355
1.1978105087489175
1.8346326063360916
2.6127838567197355
0.2307668141448671
0.25294837437984746
1.6585413472804105
2.010723865391773
0.969331180233548
2.135662602000073
2.6127838567197355
1.9138138523837167
2.010723865391773
1.2148438480476977
0.1703040876552869
0.8724211672254916
0.15339136896050465
0.3952999125058292
0.1474010052713172
0.23803551070963158
0.11035673673530279
0.4697690564656404
0.4666558210414974
2.010723865391773
0.3926757686796804
0.3340302557669065
2.6127838567197355
0.06133385874686032
0.5409018494136101
2.311753861055754
0.7319702644389441
0.05407528618656982
0.7998705000768799
1.9138138523837167
0.04575749056067514
0.14149214566079688
0.43669259766405416
0.4425221413247781
0.8967805130849363
2.311753861055754
2.135662602000073
0.3979400086720376
0.7494609965992796
0.10627882431486338
0.21311013523869735
0.6127838567197355
0.5520860163661238
0.4514158544847605
0.2343859557715978
0.2844042532809978
0.5713911715615104
0.29472052175697394
1.5713911715615103
1.5336026106721106
0.6305126236801669
0.755451360288467
0.3952999125058292
0.2683915830346248
0.31175386105575426
0.4141267697653129
1.8346326063360916
0.9138138523837166
0.46049551233667896
0.969331180233548
0.720689254029255
0.567460877933078
0.5021941464204864
0.1879022200886685
0.6683011845695668
0.7932399211778668
0.7676858167054786
1.010723865391773
0.7932399211778668
0.4697690564656404
0.4729047703184989
1.9138138523837167
0.21833217589351925
0.4309402687749629
0.15038585882077937
0.2664308822690969
2.6127838567197355
0.6633938500748227
0.6885045706578539
1.010723865391773
0.4113867323992839
0.30743248727311173
1.3340302557669064
0.4666558210414974
0.6350602514308876
1.4666558210414973
0.1518860139631876
1.094269916841848
2.6127838567197355
0.016186761093275253
1.4666558210414973
0.8134433072661538
2.6127838567197355
0.016186761093275253
2.010723865391773
0.09033962321341561
0.24171599444799924
0.2548490097192817
2.311753861055754
2.010723865391773
0.1879022200886685
0.1474010052713172
0.4032688421771045
0.7998705000768799
1.1503858588207792
0.2664308822690969
0.5957505174209551
0.20624367628578033
0.30315368929383674
2.6127838567197355
2.6127838567197355
1.6127838567197355
0.12564548124254898
0.2045438914078859
0.9406859987840179
1.436692597664054
0.2454279356937165
0.5228787452803376
0.1830315767173275
0.11723951917328697
2.6127838567197355
2.6127838567197355
2.6127838567197355
1.0687158123694598
2.6127838567197355
2.6127838567197355
0.46049551233667896
0.1879022200886685
0.29263757060868145
1.2148438480476977
0.37473775359094
1.2703611758975293
0.07622541414820534
2.6127838567197355
1.1214221628854626
0.16562582537751622
0.8066038827358483
1.8346326063360916
1.4086638740638107
2.311753861055754
2.311753861055754
2.6127838567197355
0.9500260250381612
0.1429618407415725
0.3409422501832365
0.2307668141448671
0.786709054018909
2.311753861055754
0.11035673673530279
0.5915945576497974
0.09823610405944945
0.0445821326527405
0.350332766989306
0.08773904968289024
0.4697690564656404
0.20624367628578033
0.06871581236945988
0.055276654814077585
0.38489715210606196
0.9225877766912218
0.9793154011401488
0.5753573587791118
0.6350602514308876
0.49551256106397124
0.4425221413247781
0.22896849073930417
1.4086638740638107
0.2783301055688046
2.135662602000073
0.20285073338844098
0.24917187682759115
0.8346326063360918
1.0687158123694598
1.3823349353414613
1.3575113516164294
0.7435521369887592
1.7676858167054785
0.5793601012327857
0.9315426193441483
0.32498212678950944
1.2148438480476977
2.6127838567197355
2.135662602000073
2.311753861055754
0.864595829713535
0.6989700043360187
0.6350602514308876
0.3409422501832365
0.3979400086720376
0.3979400086720376
0.8066038827358483
0.37473775359094
0.6260121224534906
0.21311013523869735
0.7739347659824801
1.2703611758975293
0.38747457499387267
1.8346326063360916
0.15339136896050465
2.010723865391773
0.7676858167054786
1.6127838567197355
0.8803900968967668
0.3386260074560556
1.2703611758975293
1.6127838567197355
1.4666558210414973
0.755451360288467
0.3648105903579289
0.09295586294401671
0.4514158544847605
0.24917187682759115
0.6683011845695668
0.1429618407415725
0.6833649310054427
0.2803453968041302
0.25294837437984746
0.5915945576497974
0.08515395584839688
0.7042988378410857
0.2454279356937165
0.8885079871189463
0.4697690564656404
0.6782854054761677
0.8724211672254916
0.45744781925467365
0.8274540217089684
0.5483258674928169
0.44843100093529836
2.135662602000073
0.07120461277315455
0.6443009081658003
0.7676858167054786
2.311753861055754
0.5089801357637785
0.09956625665179651
0.15793899671122527
0.25867541757233453
0.12142216288546279
0.03529205688251015
0.25867541757233453
0.856909001047244
0.8493558631567981
0.25294837437984746
0.32498212678950944
1.3340302557669064
1.9138138523837167
0.6127838567197355
0.4856790583549279
2.6127838567197355
2.6127838567197355
1.1978105087489175
0.20966333554391756
0.34561212831672167
0.6937057643436615
0.36974580803344104
1.4086638740638107
0.8134433072661538
1.2510560207021424
0.6127838567197355
1.2510560207021424
1.436692597664054
0.030720493808026744
1.7676858167054785
2.6127838567197355
1.436692597664054
2.135662602000073
1.6585413472804105
0.7435521369887592
0.3575113516164294
0.3161186664582043
0.567460877933078
0.1474010052713172
1.4988405044128985
1.010723865391773
0.715156765429294
0.8346326063360918
0.49551256106397124
0.6782854054761677
0.10899317366255436
0.19948409263848363
0.12423314021929123
0.2398718537496289
0.4514158544847605
0.4141267697653129
0.6585413472804106
0.7998705000768799
0.30958779929924657
2.311753861055754
0.30743248727311173
0.2743273631151307
0.6443009081658003
0.5089801357637785
0.8967805130849363
0.2325726150081294
0.3623638544108415
0.5372368953272048
0.7377225933280354
0.27632412287120595
0.1429618407415725
0.5874779914549652
1.010723865391773
0.4425221413247781
1.436692597664054
0.9500260250381612
0.019497789699278244
0.08515395584839688
0.12142216288546279
0.6732646041011169
1.8346326063360916
0.3575113516164294
1.7676858167054785
1.1214221628854626
0.7435521369887592
1.5713911715615103
0.1703040876552869
0.5874779914549652
0.29472052175697394
0.969331180233548
1.7096938697277917
0.4168842043105017
0.6489960293741801
0.7042988378410857
2.6127838567197355
2.6127838567197355
0.8803900968967668
0.3139307803100288
2.6127838567197355
1.7676858167054785
1.181420092560748
2.135662602000073
1.6127838567197355
1.3823349353414613
1.9138138523837167
0.3139307803100288
0.8346326063360918
1.1214221628854626
1.4988405044128985
0.3575113516164294
0.1961433493814545
1.9138138523837167
0.6489960293741801
2.135662602000073
1.5336026106721106
0.7262931315472536
0.9595713429443917
0.10899317366255436
0.8724211672254916
1.4988405044128985
0.755451360288467
0.9315426193441483
1.181420092560748
0.7676858167054786
0.36727118890558563
0.14002740740252312
1.2703611758975293
0.9406859987840179
0.6585413472804106
0.6732646041011169
1.6127838567197355
0.13277691376258488
1.1978105087489175
1.3340302557669064
0.19781050874891748
0.856909001047244
0.7739347659824801
0.3599308257398423
0.41965925836527385
1.2148438480476977
0.4792449483495179
0.7096938697277919
0.19781050874891748
0.22361777235520303
0.10763387839982952
1.7676858167054785
0.5713911715615104
0.2343859557715978
1.1076338783998294
0.9052136806217991
0.4697690564656404
0.40059625231577767
0.6833649310054427
0.013993349956620393
0.5999466320145632
0.4395975883074614
0.6683011845695668
0.2200869034600697
0.7319702644389441
0.02732312721123478
0.567460877933078
0.21833217589351925
2.6127838567197355
1.7096938697277917
0.9500260250381612
0.4729047703184989
0.2803453968041302
0.37725540981218647
0.20795014009979743
0.10763387839982952
1.2703611758975293
0.8203921672214816
0.32948262801618583
0.21484384804769785
0.12564548124254898
0.3139307803100288
0.1879022200886685
0.4988405044128986
0.29472052175697394
0.3900673855721522
0.35271246873466067
0.32274924535721744
1.5713911715615103
1.2148438480476977
0.5713911715615104
1.2703611758975293
0.40866387406381066
1.0445821326527405
0.6305126236801669
0.6127838567197355
0.3340302557669065
0.29263757060868145
1.4086638740638107
0.347966033710199
0.4309402687749629
0.40866387406381066
0.24356799930959264
0.43669259766405416
1.4666558210414973
1.9138138523837167
1.3340302557669064
0.6489960293741801
0.7377225933280354
0.9793154011401488
0.6585413472804106
0.5597054132363156
0.1961433493814545
0.1846490626909467
2.010723865391773
0.6585413472804106
0.2307668141448671
0.9595713429443917
0.8493558631567981
0.4856790583549279
0.7802749440134991
0.052877231683623
0.7096938697277919
1.4086638740638107
0.6585413472804106
0.5409018494136101
0.8967805130849363
0.864595829713535
0.46049551233667896
0.4280924259021366
0.25675799952661277
1.5336026106721106
0.2343859557715978
1.2703611758975293
0.6683011845695668
1.6585413472804105
1.2905645619858161
0.32274924535721744
0.19948409263848363
0.856909001047244
0.5957505174209551
1.6585413472804105
0.03414464675166312
0.864595829713535
0.5558790053832628
0.47606328956332866
0.6489960293741801
0.6443009081658003
0.15038585882077937
0.28237008337054464
0.4514158544847605
0.4697690564656404
0.4824500882247293
1.0564813559524482
0.8066038827358483
0.4168842043105017
0.433806909426566
0.4032688421771045
0.2664308822690969
0.4113867323992839
1.0330002601029253
0.25867541757233453
0.286447995790984
0.8967805130849363
0.5874779914549652
0.46356474406435555
0.8346326063360918
0.5753573587791118
0.08386715644208075
2.6127838567197355
2.6127838567197355
1.7676858167054785
1.2905645619858161
2.6127838567197355
0.2325726150081294
2.135662602000073
0.18953798278292763
1.6585413472804105
0.567460877933078
0.1961433493814545
0.16562582537751622
1.6127838567197355
0.0969100130080564
1.4666558210414973
0.8419318450775912
0.864595829713535
1.0564813559524482
0.052877231683623
0.42245215854944396
1.3340302557669064
0.3139307803100288
0.16873906080165918
0.14002740740252312
0.5055738870718671
1.010723865391773
0.4425221413247781
0.5336026106721106
1.5713911715615103
0.08002947772723779
0.7676858167054786
1.4988405044128985
0.23803551070963158
1.1356626020000729
1.1214221628854626
0.8346326063360918
0.24356799930959264
0.7998705000768799
2.6127838567197355
1.181420092560748
0.8203921672214816
1.6585413472804105
0.3575113516164294
0.4309402687749629
0.7932399211778668
0.3409422501832365
0.6585413472804106
1.1656258253775162
0.06500915133191296
1.3340302557669064
2.010723865391773
2.6127838567197355
1.4988405044128985
1.1214221628854626
1.1656258253775162
0.0364425065139426
0.856909001047244
0.2703611758975292
0.3272265477119617
0.12282537729490085
1.4086638740638107
0.6585413472804106
0.25867541757233453
0.36974580803344104
0.05648135595244821
0.8274540217089684
0.13277691376258488
0.14149214566079688
0.6127838567197355
0.20966333554391756
0.7377225933280354
1.3117538610557542
0.5055738870718671
1.010723865391773
0.5228787452803376
0.10627882431486338
0.4252631358832724
0.45442136462448585
0.8346326063360918
0.6732646041011169
0.4792449483495179
0.11309677410133168
0.5635658340495537
1.7676858167054785
2.6127838567197355
2.6127838567197355
0.2743273631151307
0.8967805130849363
0.4395975883074614
0.13566260200007305
0.21138331593819137
2.311753861055754
2.6127838567197355
0.19781050874891748
0.30315368929383674
0.1640775368146556
0.8346326063360918
0.12423314021929123
0.030720493808026744
0.44843100093529836
1.094269916841848
0.42245215854944396
2.311753861055754
0.8885079871189463
0.1035813343886326
0.37725540981218647
1.0217192496932361
0.30743248727311173
0.6585413472804106
1.6127838567197355
0.2723397418796171
0.6633938500748227
0.5713911715615104
0.0625555036646414
0.7377225933280354
0.9595713429443917
0.4697690564656404
2.6127838567197355
1.5713911715615103
0.4425221413247781
1.1656258253775162
0.41965925836527385
0.2683915830346248
0.7739347659824801
0.864595829713535
0.45442136462448585
1.2148438480476977
0.7096938697277919
0.6683011845695668
1.3117538610557542
0.6305126236801669
0.5834000790345258
0.0637805946939477
0.25294837437984746
2.6127838567197355
1.6127838567197355
0.969331180233548
0.37978774632758167
2.6127838567197355
0.1879022200886685
0.2325726150081294
0.515873843711679
0.433806909426566
2.311753861055754
2.6127838567197355
0.2454279356937165
0.4856790583549279
0.9595713429443917
0.6989700043360187
1.2325726150081293
1.4666558210414973
0.5793601012327857
0.08903738990817102
1.0813049396774803
0.2045438914078859
0.30528781880652256
0.5635658340495537
0.6683011845695668
0.5193621715575004
1.1356626020000729
2.010723865391773
1.8346326063360916
1.0217192496932361
2.311753861055754
0.7042988378410857
0.40059625231577767
0.18627259535516025
0.19948409263848363
0.05407528618656982
0.5793601012327857
0.14149214566079688
0.989534566321835
0.32948262801618583
0.7739347659824801
0.35271246873466067
0.8346326063360918
0.5483258674928169
0.6041836849578178
0.37978774632758167
0.3926757686796804
0.8274540217089684
0.989534566321835
0.6937057643436615
2.311753861055754
0.46356474406435555
0.1640775368146556
0.5520860163661238
1.2703611758975293
1.2703611758975293
1.8346326063360916
0.350332766989306
0.23620689966322353
0.7262931315472536
0.720689254029255
0.48893221575264967
0.12142216288546279
2.135662602000073
2.6127838567197355
1.8346326063360916
1.4666558210414973
0.6171486621221854
0.8203921672214816
0.30743248727311173
0.17821495268553675
0.3900673855721522
0.5089801357637785
0.7262931315472536
0.38489715210606196
0.5713911715615104
0.2683915830346248
0.45442136462448585
1.1214221628854626
1.094269916841848
0.8493558631567981
0.12282537729490085
1.2703611758975293
0.5089801357637785
0.24917187682759115
0.23620689966322353
0.4168842043105017
1.4086638740638107
1.181420092560748
0.37223460843713574
0.6171486621221854
0.7739347659824801
0.19781050874891748
1.0217192496932361
0.22184874961635637
0.9052136806217991
0.5915945576497974
0.08644457932989147
0.5597054132363156
0.6885045706578539
0.856909001047244
1.2325726150081293
1.3575113516164294
0.20624367628578033
0.24171599444799924
2.311753861055754
2.311753861055754
2.311753861055754
0.6732646041011169
0.7932399211778668
0.25105602070214256
0.9052136806217991
0.3139307803100288
0.22896849073930417
0.6305126236801669
0.07370775792695884
0.6585413472804106
0.38489715210606196
0.1830315767173275
0.2803453968041302
0.6683011845695668
0.21311013523869735
0.5264240260449872
0.4729047703184989
0.989534566321835
0.1488908677338282
0.7494609965992796
0.21484384804769785
0.989534566321835
0.4792449483495179
0.864595829713535
2.311753861055754
0.2989166363505821
0.24729587182883578
0.8134433072661538
0.32948262801618583
2.135662602000073
0.44546652197155934
1.1356626020000729
0.2743273631151307
0.7802749440134991
2.6127838567197355
0.22361777235520303
0.4856790583549279
0.9138138523837166
1.5713911715615103
0.21311013523869735
1.6127838567197355
0.7042988378410857
0.5957505174209551
1.6127838567197355
0.2989166363505821
0.3952999125058292
0.786709054018909
0.14002740740252312
1.0445821326527405
1.9138138523837167
1.2148438480476977
1.7096938697277917
1.0
0.4514158544847605
0.17981456584532973
0.4922099255138856
2.311753861055754
0.715156765429294
0.28237008337054464
0.44843100093529836
1.1076338783998294
0.32274924535721744
0.8724211672254916
0.17662120967897946
2.010723865391773
0.37725540981218647
0.6305126236801669
0.20285073338844098
0.5957505174209551
0.4988405044128986
0.41965925836527385
0.969331180233548
0.0625555036646414
0.9595713429443917
0.2683915830346248
0.7042988378410857
0.6537424643986418
0.5445979949735738
1.0687158123694598
0.3599308257398423
0.7998705000768799
1.0330002601029253
0.9138138523837166
0.6885045706578539
0.36727118890558563
0.3900673855721522
2.6127838567197355
0.9225877766912218
0.8274540217089684
0.7676858167054786
0.19117992984990442
0.32498212678950944
1.8346326063360916
0.4988405044128986
0.5228787452803376
0.5635658340495537
0.2343859557715978
0.5055738870718671
0.989534566321835
0.5558790053832628
0.1640775368146556
0.4168842043105017
0.4514158544847605
1.181420092560748
0.8885079871189463
0.17821495268553675
0.7932399211778668
0.8885079871189463
1.2510560207021424
1.3117538610557542
2.311753861055754
2.311753861055754
0.32498212678950944
0.567460877933078
1.1503858588207792
0.3900673855721522
0.4792449483495179
1.0445821326527405
2.311753861055754
0.25105602070214256
0.6396560031200368
0.3823349353414615
0.2844042532809978
0.37473775359094
0.46049551233667896
1.094269916841848
0.45744781925467365
1.5336026106721106
0.7676858167054786
1.3117538610557542
0.715156765429294
0.856909001047244
1.3575113516164294
1.2325726150081293
1.5336026106721106
2.311753861055754
2.135662602000073
0.5874779914549652
0.7377225933280354
0.15946551667269782
0.755451360288467
1.3823349353414613
2.135662602000073
0.7319702644389441
0.12282537729490085
0.2683915830346248
0.8274540217089684
0.8724211672254916
0.17981456584532973
0.3900673855721522
0.42245215854944396
0.9500260250381612
0.02732312721123478
0.6683011845695668
0.8803900968967668
0.7998705000768799
0.7739347659824801
0.5089801357637785
0.4666558210414974
0.05407528618656982
0.9406859987840179
0.2968135112628177
0.864595829713535
1.3575113516164294
0.989534566321835
0.9052136806217991
0.567460877933078
0.864595829713535
0.21311013523869735
1.3575113516164294
1.3575113516164294
1.7096938697277917
0.5372368953272048
0.25675799952661277
0.5957505174209551
0.4514158544847605
0.38489715210606196
0.15038585882077937
1.3117538610557542
0.8419318450775912
0.864595829713535
0.7802749440134991
0.4280924259021366
2.6127838567197355
2.6127838567197355
0.19117992984990442
1.5336026106721106
1.9138138523837167
0.8803900968967668
0.5483258674928169
0.4395975883074614
1.7676858167054785
0.22896849073930417
0.3979400086720376
0.46356474406435555
2.135662602000073
2.010723865391773
2.010723865391773
0.7739347659824801
0.2664308822690969
0.969331180233548
0.7435521369887592
0.5635658340495537
1.6585413472804105
2.6127838567197355
2.135662602000073
2.311753861055754
1.3340302557669064
2.311753861055754
0.989534566321835
0.5597054132363156
1.3340302557669064
0.0589008300758611
1.2510560207021424
1.0687158123694598
0.22361777235520303
1.1076338783998294
0.05648135595244821
0.5874779914549652
0.15038585882077937
0.9406859987840179
1.2325726150081293
0.37473775359094
0.13856759264348023
0.21833217589351925
1.2510560207021424
0.21311013523869735
0.7096938697277919
0.2398718537496289
0.9406859987840179
0.5834000790345258
1.0330002601029253
0.21658450962399914
0.25867541757233453
2.6127838567197355
0.6989700043360187
0.36974580803344104
0.3979400086720376
0.0724543819288618
1.1076338783998294
0.8967805130849363
0.6041836849578178
1.2148438480476977
0.6305126236801669
0.7262931315472536
1.7676858167054785
2.6127838567197355
2.6127838567197355
0.969331180233548
0.9406859987840179
1.436692597664054
0.4252631358832724
0.16099742119544527
0.7435521369887592
0.19117992984990442
0.6127838567197355
2.6127838567197355
0.16717965344613794
1.1214221628854626
0.6833649310054427
0.45744781925467365
0.7615255080006602
0.7494609965992796
0.3623638544108415
1.4988405044128985
1.2510560207021424
1.181420092560748
2.311753861055754
0.8203921672214816
1.181420092560748
0.6683011845695668
0.4514158544847605
0.24171599444799924
2.311753861055754
0.9052136806217991
0.864595829713535
0.40866387406381066
0.5193621715575004
0.5520860163661238
0.37978774632758167
2.6127838567197355
2.311753861055754
1.3117538610557542
2.135662602000073
0.23803551070963158
1.9138138523837167
0.5228787452803376
0.09823610405944945
1.9138138523837167
2.010723865391773
0.3340302557669065
0.15793899671122527
2.6127838567197355
0.6489960293741801
1.181420092560748
2.311753861055754
1.1978105087489175
1.7096938697277917
0.6084624829370928
1.4988405044128985
1.436692597664054
1.2905645619858161
0.515873843711679
0.8419318450775912
0.38489715210606196
0.5713911715615104
1.4086638740638107
0.3317504894720079
0.32498212678950944
0.260601338608373
0.18953798278292763
1.1076338783998294
0.7932399211778668
0.3432709125018191
1.9138138523837167
1.6585413472804105
1.436692597664054
0.32498212678950944
1.4666558210414973
0.0364425065139426
0.15339136896050465
0.8203921672214816
0.2683915830346248
0.7802749440134991
0.2325726150081294
2.311753861055754
1.0687158123694598
0.44843100093529836
0.6041836849578178
0.16099742119544527
1.9138138523837167
2.311753861055754
2.135662602000073
1.4666558210414973
0.21484384804769785
1.2703611758975293
0.5264240260449872
1.5336026106721106
0.5915945576497974
0.3599308257398423
1.5336026106721106
0.7377225933280354
0.5021941464204864
0.37473775359094
0.786709054018909
0.3900673855721522
0.20966333554391756
0.720689254029255
0.6127838567197355
0.9595713429443917
0.4032688421771045
1.3823349353414613
0.5753573587791118
0.6833649310054427
0.715156765429294
1.1503858588207792
2.6127838567197355
2.6127838567197355
2.6127838567197355
0.6937057643436615
1.6585413472804105
0.40059625231577767
0.32274924535721744
1.3823349353414613
0.36974580803344104
1.094269916841848
0.7615255080006602
0.11172459450198396
0.6989700043360187
0.6537424643986418
0.7676858167054786
0.9315426193441483
0.8203921672214816
0.260601338608373
0.5089801357637785
1.4988405044128985
0.755451360288467
2.311753861055754
0.8419318450775912
1.1076338783998294
0.7802749440134991
1.436692597664054
0.8967805130849363
0.10627882431486338
1.2325726150081293
0.7676858167054786
0.30958779929924657
0.26253583838557265
0.2703611758975292
0.8493558631567981
0.6989700043360187
1.0330002601029253
2.6127838567197355
2.6127838567197355
1.4666558210414973
2.010723865391773
2.6127838567197355
2.6127838567197355
2.6127838567197355
2.311753861055754
1.3340302557669064
0.2905645619858162
1.0330002601029253
0.08515395584839688
0.6633938500748227
0.5445979949735738
0.22896849073930417
0.5089801357637785
1.2325726150081293
0.3623638544108415
0.7377225933280354
1.1656258253775162
0.37473775359094
0.6585413472804106
0.13566260200007305
2.6127838567197355
0.8203921672214816
0.4988405044128986
0.4666558210414974
0.5055738870718671
0.7494609965992796
0.46049551233667896
0.5055738870718671
0.3926757686796804
1.0
0.5999466320145632
0.7998705000768799
2.6127838567197355
2.311753861055754
0.48893221575264967
0.6041836849578178
0.23803551070963158
0.7435521369887592
0.2398718537496289
0.8724211672254916
0.1830315767173275
2.135662602000073
2.010723865391773
1.6585413472804105
1.2148438480476977
0.13277691376258488
1.3823349353414613
0.856909001047244
1.2148438480476977
0.15490195998574316
0.29472052175697394
0.1429618407415725
1.9138138523837167
1.8346326063360916
1.8346326063360916
0.17662120967897946
1.8346326063360916
1.7676858167054785
0.2885014014220428
2.6127838567197355
0.6585413472804106
2.6127838567197355
0.6833649310054427
0.37473775359094
1.1978105087489175
0.5483258674928169
2.6127838567197355
2.311753861055754
0.2398718537496289
0.7739347659824801
0.03529205688251015
0.08002947772723779
2.311753861055754
0.2885014014220428
0.7435521369887592
0.37473775359094
1.1076338783998294
2.010723865391773
0.17187477465451775
0.7615255080006602
0.4252631358832724
2.010723865391773
1.2510560207021424
1.2905645619858161
0.5597054132363156
2.135662602000073
0.864595829713535
1.1076338783998294
1.2510560207021424
0.2683915830346248
1.1356626020000729
0.6537424643986418
0.9793154011401488
0.32274924535721744
1.3117538610557542
0.8274540217089684
1.6585413472804105
0.6833649310054427
2.311753861055754
1.7676858167054785
0.3363220525464913
0.6260121224534906
1.0
0.16253474840037438
0.8066038827358483
0.6537424643986418
0.786709054018909
2.6127838567197355
0.37473775359094
0.17345116288947285
0.5999466320145632
0.4988405044128986
0.8493558631567981
1.7676858167054785
1.7096938697277917
0.8803900968967668
1.6127838567197355
1.5336026106721106
0.9500260250381612
1.5336026106721106
1.6585413472804105
0.8803900968967668
1.1356626020000729
2.6127838567197355
1.2325726150081293
1.5713911715615103
0.37978774632758167
2.6127838567197355
2.135662602000073
1.1356626020000729
2.311753861055754
2.311753861055754
1.0330002601029253
0.4395975883074614
0.19781050874891748
1.8346326063360916
0.6443009081658003
1.0564813559524482
1.2510560207021424
0.22361777235520303
0.864595829713535
0.7932399211778668
1.2148438480476977
1.6585413472804105
1.7676858167054785
0.720689254029255
1.3340302557669064
1.5336026106721106
0.1640775368146556
1.5713911715615103
1.1076338783998294
1.1214221628854626
2.6127838567197355
1.181420092560748
1.7676858167054785
0.29472052175697394
0.4309402687749629
1.436692597664054
0.6084624829370928
0.2343859557715978
1.1076338783998294
1.5713911715615103
0.6215577810272406
0.5793601012327857
2.6127838567197355
1.1214221628854626
0.44546652197155934
1.436692597664054
2.311753861055754
0.8066038827358483
2.311753861055754
0.6885045706578539
0.4309402687749629
2.6127838567197355
0.7615255080006602
0.989534566321835
1.4086638740638107
2.311753861055754
0.989534566321835
2.6127838567197355
1.5713911715615103
0.6585413472804106
1.2905645619858161
0.20795014009979743
2.6127838567197355
2.6127838567197355
2.6127838567197355
2.6127838567197355
2.6127838567197355
2.6127838567197355
0.5834000790345258
1.2510560207021424
1.8346326063360916
0.515873843711679
1.2510560207021424
0.4032688421771045
0.4856790583549279
0.36727118890558563
0.2271775831214233
0.4922099255138856
0.5299984864032853
2.6127838567197355
2.6127838567197355
1.4988405044128985
1.5713911715615103
0.2743273631151307
0.5874779914549652
0.6041836849578178
0.2968135112628177
1.3823349353414613
0.5409018494136101
0.7802749440134991
1.3117538610557542
1.1214221628854626
2.311753861055754
2.6127838567197355
1.1356626020000729
2.6127838567197355
0.9595713429443917
1.6127838567197355
1.8346326063360916
2.311753861055754
1.0813049396774803
0.2045438914078859
2.6127838567197355
0.6937057643436615
1.4086638740638107
1.4086638740638107
0.5520860163661238
0.9595713429443917
0.27632412287120595
0.7932399211778668
2.6127838567197355
0.856909001047244
0.8346326063360918
0.7676858167054786
1.0217192496932361
0.3161186664582043
0.5445979949735738
1.5713911715615103
0.4729047703184989
2.135662602000073
0.260601338608373
2.6127838567197355
2.6127838567197355
2.311753861055754
1.2905645619858161
1.181420092560748
1.9138138523837167
2.6127838567197355
0.6633938500748227
1.7096938697277917
1.1214221628854626
0.45744781925467365
1.8346326063360916
0.7262931315472536
1.5336026106721106
0.5999466320145632
2.6127838567197355
2.010723865391773
2.6127838567197355
2.6127838567197355
2.6127838567197355
0.9138138523837166
0.9406859987840179
0.7615255080006602
0.8419318450775912
2.010723865391773
0.5558790053832628
1.2148438480476977
1.0813049396774803
1.7676858167054785
1.2510560207021424
0.6937057643436615
0.38747457499387267
0.4252631358832724
0.8419318450775912
2.311753861055754
1.1503858588207792
0.7676858167054786
0.5793601012327857
0.29472052175697394
0.515873843711679
0.515873843711679
0.5635658340495537
2.6127838567197355
0.6989700043360187
2.6127838567197355
1.2148438480476977
1.5336026106721106
1.1356626020000729
0.355105281850551
0.9500260250381612
0.3363220525464913
2.311753861055754
0.8419318450775912
0.8803900968967668
2.6127838567197355
1.1356626020000729
0.6537424643986418
0.3340302557669065
1.1076338783998294
0.7377225933280354
1.3117538610557542
2.135662602000073
1.2325726150081293
0.7262931315472536
1.181420092560748
0.7615255080006602
0.7932399211778668