7.845841283018498e-05
3.853784487373527e-05
0.0007196535774045011
0.0008198489565215678
0.013571195451245086
9.669646460333979e-05
7.157395877923446e-05
1.9908376060759596e-05
5.351498360565852e-05
6.1885754638738025e-06
6.546002537707562e-05
2.1775534250335974e-05
4.965457593962021e-05
1.7018118123431008e-05
2.6992736138287478e-05
6.0626955368779305e-05
0.0005661484741909708
0.0021494779006411826
0.00010176265577259046
5.38379688305261e-05
7.717121694305003e-05
2.9089254962115506e-05
0.0004294437526754067
0.0006390463130727108
0.0001592591165705972
1.707116998155355e-05
0.0004771359751602916
0.0005471288398975374
0.00013123781153998184
0.00020860229599135082
0.000952775028324472
0.0012314645754905194
0.0010599009858976286
0.0013994245209767772
0.001490639856410409
0.0002823278294690711
0.00010284436327857444
5.638807543699921e-05
3.4654331478411747e-05
0.0003482814040829347
0.001162126100643083
0.0002026098094257149
0.0003634238984257175
7.335407532607118e-05
0.0004482376201204952
0.00027568529082740747
0.000207408627555365
0.0004072666573379348
8.401061246079224e-05
0.00019971672437623468
0.00018307267883621768
0.00018477460637099122
0.00011214733073003263
8.364174918612035e-05
0.00036671838417584926
0.0006146653996898059
0.00026401554731865945
0.00011980358553128346
5.206548041731063e-05
0.00014528176935481497
0.0002903245733138565
0.0001811493007936587
0.00013162081108639557
0.00022020238293503892
0.00021096630616210154
0.00024082049651128902
2.3570834736817706e-05
0.000373113559934284
5.665307879138078e-05
0.00045640530126337244
2.6310349509059332e-05
2.76786516423903e-05
3.304293902128593e-05
0.00016954861352566899
0.00014330651094004846
0.0008428687815540171
0.00012334576738728172
4.020793293998836e-06
5.987339891647982e-05
8.715838546131701e-05
3.8298398922350724e-05
0.00010588380878532258
0.00018178995060668147
4.993675378138033e-05
0.00031352411097741424
3.8504812753790826e-05
4.951543608437846e-05
5.099527379214487e-05
0.0003037543652902082
0.00017046909272964706
0.004869051662805684
0.00012016479029017645
6.152931962542217e-05
9.990426275182762e-05
4.2253454111659466e-05
6.672534460505998e-05
0.00019987961405194615
6.988265973821648e-05
0.0003984165751389194
0.0003648146296561214
2.7171766922763398e-05
0.00011895632242563226
0.00014827914165469012
7.966440395146803e-05
0.00011253676906570533
0.0012172242736744369
0.0001839391718766682
0.00016522168007094187
0.0001747662579368489
0.0003507347388116071
0.0002209000026015777
4.020793293998836e-06
0.0003792166987361622
0.00014338857162908642
0.00022065400987265408
6.71980892282875e-05
0.00011567864778878287
0.0007440857100811503
0.0007088042016287117
0.00032916867436455353
4.923731648190383e-05
6.602193889483186e-05
7.267133104655018e-05
0.00010242610303962684
3.683448931268307e-05
6.988586432793798e-05
0.00011580879556710644
4.5664235500037916e-05
0.00010427391805259474
0.002330672386626623
0.0003134309578065009
0.0011277683560780743
5.005834896587535e-05
0.00011964482463326183
6.714295011881772e-05
0.0006634428013768502
0.0005225034271274375
8.872505889701486e-05
5.0711672156492306e-05
0.00031108221994662365
6.261874549408742e-05
0.00021715438145249145
6.0482063885218446e-05
0.0004924833864326537
0.00038452942290719705
2.8700364111243858e-05
0.00022153057157922156
9.430194750205794e-05
0.00015333998067675937
0.00015677210923517557
0.00010601561546922289
9.772894124676258e-05
0.00021494532505349437
0.0003686300897238043
4.660340601947015e-05
7.742532373533132e-05
5.35120411661073e-05
0.00012384314937782323
5.955351400758027e-05
1.2377150927747605e-05
0.00022528469954323952
0.0008045756186877759
0.00014326124199445447
0.0002309168170318205
0.00017453143826637438
9.090833219569247e-05
7.620941706951625e-05
0.00021818334635673308
0.00021605422092091877
7.435344368803686e-05
0.00029965605120431735
0.0002110000235314813
4.1412299837056e-05
0.00011138351739879755
0.00013306659036162465
0.0002803318851482014
0.00019379844506949796
0.00015385369227999737
5.051891068769323e-05
5.060277867913592e-05
0.00010755828704806593
0.00020607511431928302
5.990083904367332e-05
5.026914707240783e-05
2.4182019758786468e-05
7.576265317461189e-05
0.00024278019334090966
0.00025533221662998005
0.00020864354121861542
5.2535902910810197e-05
0.0002570643990453116
2.5567940832659976e-05
8.527608609491084e-05
0.00017977231361296917
0.00010202295698958775
1.320280746787225e-05
3.843134692890249e-05
0.00013584075435771765
0.00010208374386590647
5.950551667897834e-05
0.00021476224999502405
0.00010487783911256772
4.0011203136878324e-05
4.6176542414015626e-05
1.65203461195362e-05
0.0007409864566458355
5.49466567661172e-05
7.495155261352511e-05
4.5568000207870486e-05
3.750623939691025e-05
3.3891485238671e-05
7.638820533150039e-05
7.123172803345967e-05
0.00011527288352322637
0.00024215932218862003
0.00011330634764249581
4.359409776875251e-05
5.783932389439144e-05
0.00020383774766465865
0.0008445898297800016
4.430455684274862e-05
0.0007588972907410978
0.00021452536608070213
3.264333982817611e-05
0.00017706502496037119
0.0002473032862348468
0.00018328050818425487
0.00016187332379279963
0.00025137566157178387
0.0001153425765661193
0.0005575548552859963
0.0001457165022823597
5.365176825885216e-05
7.7181450858304e-05
8.555423014296285e-05
0.00020823869296458688
0.0004332528696600246
9.957011403831903e-05
0.00027217914951982827
6.689500662731572e-05
3.983272995695828e-05
3.901946782461975e-05
0.0003110790607190853
0.00021737500388386912
4.045723899266732e-05
3.4087372949010346e-05
4.688545495210191e-05
0.0007009208170627039
0.0005429945291028501
4.631666461816646e-05
1.904194823310273e-05
4.363388244317325e-05
6.699859248101526e-05
0.00016715167098095874
0.0003268771068759152
0.0007880950067280144
0.0004337931605832458
0.00029762992456009796
0.0005215638305613353
7.232700202458178e-05
0.00017269309629083004
9.591390659948593e-05
3.8731164860564815e-05
0.00018508001288311088
0.0002905510375791317
5.963006044928168e-05
0.0003090766133083493
4.765792421910091e-05
0.0003134309578065009
0.00012464933411743414
0.0001024270198893213
0.0002114012717570308
8.940668706543214e-05
0.00030725947317257783
0.0002742876808857661
8.037215952783805e-05
0.0002380033247673378
0.0003296049751621115
2.9952215719162365e-05
9.618450612302783e-05
6.443935542771449e-05
0.0002197830575161024
7.777423772104328e-05
0.00014520051120132832
0.0003034305971551957
0.00022374067903633088
3.395214777694753e-05
0.0001882890692403088
9.65251698294396e-05
3.159835753177192e-05
2.475430185549521e-05
0.0001346050079552032
4.98149156342013e-05
6.227186629622901e-05
7.376734205903613e-05
0.00012579824208399536
3.454349026751216e-05
0.00016700345766983274
9.970169114064916e-05
9.749305814926352e-05
7.25460592763594e-05
7.493480684003009e-05
9.606073626935531e-05
3.0279721269395913e-05
5.4847944173650313e-05
5.3016810397922016e-05
2.2823559585658384e-05
7.743114669040445e-05
0.00013309637110655537
2.2970850492789824e-05
7.711695556206076e-05
0.0001901414330956411
0.00016477649354187623
7.434395084926905e-05
0.00018964981339236923
0.00023519103281067694
0.0003574312806665888
0.0008173951320313773
5.657640746952891e-05
1.1293208906715986e-05
3.616350101229089e-05
1.4116511133394982e-05
7.072647496277053e-05
0.000167119020604678
0.0002825248737424003
0.0003326513513687014
0.0006411225778822139
0.00030188149738794094
0.0003341946519420676
0.00012140830762366158
0.0001359648706692474
0.00011500498550756952
0.00010547152544259995
0.00018834367920090073
5.997366361971665e-05
0.00015291027285803602
0.00022510324416951622
2.5068767284681488e-05
0.00044637490115394176
0.00024580757853806225
0.0001788845068898704
0.0001303826926332801
8.72677648863465e-05
0.0006711760054423751
0.00014903353521028014
0.00014851135653173007
1.1800247228240142e-05
1.2377150927747605e-05
0.00025809942893235553
8.794251059819237e-05
0.00011480179526966318
0.00014948451767782709
4.406794640515348e-05
5.9414156502533925e-05
8.177578792095704e-05
8.297014243589526e-05
4.715569049730624e-05
2.3812450674012857e-05
3.6866030450031164e-05
4.1767499586867936e-05
4.371127795490847e-05
0.0001453659638543308
0.00015149943532893485
0.00013733540631754646
4.525759314598894e-05
0.00010794769260169827
4.526879689869763e-05
6.736169427840208e-05
3.179021397756964e-05
2.8869180988411765e-05
0.0005654907555384264
1.9983330624450708e-05
2.042303125654807e-05
7.272353276133459e-05
4.955143291157493e-05
7.316230511485903e-05
9.651352748571876e-05
0.00012093846477782954
4.020793293998836e-06
0.0002412034524191807
0.0001981293931609315
0.00013377200668650944
9.119432900013189e-05
5.274879049547251e-05
3.231674099517096e-05
5.317390295594284e-05
4.024328439458966e-05
0.00010904220418194853
7.435344368803686e-05
4.209655921449494e-05
0.000218131616430962
6.202043711264455e-05
0.00012859377951296774
0.00010365140332555777
9.1174838185344e-05
2.0665791623713148e-05
9.382662897527026e-05
0.00026342073893999925
6.267191821170372e-06
0.00011148326064842617
1.798173717672531e-05
8.630643553150094e-05
5.664375338107494e-05
0.00011357658402141159
2.7611969207020125e-05
6.265270570169795e-05
3.851922659887121e-05
2.41129768923643e-05
4.272488179955824e-05
5.2731985438512516e-05
4.950860371099042e-05
0.0002219169189774537
0.00029285098366057464
9.40764131242708e-05
0.00013267863012683228
2.2109153603994566e-05
1.178061458675332e-05
0.00012963091436807325
4.102954242472575e-05
0.00011474648931579385
1.4725768233441648e-05
4.3354420931240044e-05
7.915285467510451e-05
5.531298167519805e-05
7.609565872555253e-05
6.394656878175745e-05
4.770576316388398e-05
0.00010080029188026769
0.00020026243038570845
6.96513239570002e-05
4.7220610257781854e-05
1.5174475189124764e-05
8.685687365853374e-05
6.42545789295823e-05
0.00012303363333434166
0.00019817387160332549
0.0001343669219148519
0.00010270203627912491
2.983392827633424e-05
3.713145278324281e-05
4.96073215232841e-05
1.7438289239273003e-05
5.149786509136653e-05
7.115081025935738e-06
5.53951997649708e-05
6.46944274025249e-05
4.4578643653514194e-05
0.00011466889861410646
9.590910160521877e-05
0.0004883547038093462
5.669425610957274e-05
7.859351235880973e-05
6.607776962004308e-05
0.00022125252097206214
0.00011255376789639464
0.00010363332923284424
0.00032563139096007345
0.00010894389287110925
6.946545425543664e-05
0.00010731258427199079
0.0001292105619329804
2.781484992930131e-05
7.539437084885005e-05
5.8080884129823355e-05
5.121310111022879e-05
2.2582219657559457e-05
4.0880216448334985e-05
0.00010237678665320798
3.661236353782593e-05
3.1776640523612864e-05
0.00013253165512941352
3.326557035686404e-05
0.00010816742350852118
0.0004438798403688723
6.259864432819559e-05
4.7595027108200634e-05
4.3915110952356856e-05
9.544357178641668e-05
0.00015780217154410473
0.0002016358152126777
5.112274158824164e-05
0.00012482081820062424
1.8452434428260203e-05
2.4318342521264173e-05
4.5286847621382384e-05
4.2941742110152526e-05
3.8719765760167976e-05
4.8030368134677655e-05
5.333917299160145e-05
0.00012972458169823557
1.4725768233441648e-05
5.544479988178571e-05
0.00014721669385037373
4.3355643397499324e-06
3.493248080506057e-05
4.95610383586086e-05
6.24097861304928e-05
3.537464576639131e-05
7.581085254837239e-05
4.430356988829742e-05
4.646165759388145e-05
9.025346056236391e-05
5.9337278837166164e-05
4.61833634063641e-05
0.00016195026819022896
5.01743117675289e-05
3.3898496983046716e-05
4.128103241246279e-05
4.020793293998836e-06
0.00028946793110811776
4.020793293998836e-06
5.805421509114823e-05
5.9220005187004186e-05
1.4725768233441648e-05
4.020793293998836e-06
6.873755621379688e-05
4.300631650758281e-05
1.0838910849374832e-05
3.874113940919625e-05
0.00015100633912484338
4.8332243828453045e-05
5.752351467626915e-05
7.175091027810964e-05
4.078709826638674e-05
6.203622011526666e-05
2.94515364668833e-06
0.00042498549232003653
2.685563998829375e-05
5.017403592551328e-05
4.568361755084508e-05
8.846729482053605e-05
1.57862097054356e-05
3.178173798942298e-05
9.795548973024226e-05
5.015043671884623e-05
4.5769870147564966e-05
5.031436706263016e-05
0.0001226382419345012
2.4322183033910807e-05
4.134850617356206e-05
2.763878970910566e-05
3.5331400528143384e-05
2.981465289045443e-05
0.00011698758066184696
0.00019519171389929747
4.696212847027176e-05
0.00033286442927029264
0.0002652492257197223
0.00038236503022208223
6.906706862985647e-05
4.869584467151187e-05
1.125917720678777e-05
4.322733132120989e-05
6.165167032020105e-05
4.845208566459514e-06
5.4728207098187044e-05
0.0001140178026149137
2.772658090531714e-05
5.9880659472080496e-05
9.061154788858841e-05
7.35304047607447e-05
8.973667197013547e-05
7.882004322294288e-05
3.616946533854644e-05
0.00012225665021836662
3.596347435345062e-05
4.960333616864268e-05
4.682119620359527e-05
0.0001532441896204667
3.1055001782302455e-05
3.204719001220851e-05
6.82371597477867e-05
7.036940431374397e-05
4.714852362141553e-05
7.780700532217141e-05
6.589157122158721e-05
0.0001246818320867844
3.608047465847036e-05
6.911191760886165e-05
1.240950432828681e-05
0.00012675547699617012
5.3881610859009603e-05
0.00015680756931070534
0.0001883299424019689
7.226165022098562e-05
6.320098989281327e-05
0.00019773692043510376
6.147278504919678e-05
5.978215870173656e-05
2.462227885346359e-05
5.3437926297180496e-05
5.337615555423144e-05
6.371593564085727e-05
0.0001004049015543487
2.9352534695787148e-05
7.671341365628258e-05
5.36933507451336e-05
4.856985567142967e-05
4.0409273334885005e-05
6.69500860763037e-05
0.00014471243178146387
4.805427099283622e-05
6.723043557439322e-05
7.436323418624144e-05
5.113588166531995e-05
6.0518866325351455e-05
0.00012645818066520938
2.695336892765358e-05
5.291198658846186e-05
6.204588196898381e-05
3.164145763277999e-05
7.036940431374397e-05
8.469906680036988e-06
9.047535836268061e-05
0.00010998097392229446
6.854633906991424e-05
6.654379417276114e-05
9.445062917423778e-05
0.0001066783459832029
4.7000498608995614e-05
4.020793293998836e-06
6.914244445681552e-05
0.00013353280741476188
0.00017908908744413882
0.00023663946783868345
3.555027356135503e-05
9.753332294342006e-05
8.469906680036988e-06
4.659233556314145e-05
0.00026815946381742866
5.5615385414720845e-05
7.544067498527101e-05
4.874049204192719e-05
3.4514961508775155e-05
3.635966578535899e-05
4.3140477097380114e-05
3.864136476117655e-05
0.00013347481864099873
4.746956366421868e-05
1.786621704994764e-05
5.381336343646192e-05
0.00030781060227151044
6.270719055411842e-05
0.00026425250239119026
5.698352419805411e-05
3.417639601722584e-05
3.557540512967869e-06
0.00013200173655537935
0.00010112669725554853
4.779864237088084e-05
8.150795188140661e-05
6.668965813325141e-05
2.481900865657362e-05
2.1763817782907823e-05
5.519290536618528e-05
4.939357582408324e-05
9.859665023129889e-06
3.537100378575282e-05
5.756436543027669e-05
3.2929117592301594e-05
4.595657267966007e-05
4.42559778128931e-05
7.051755872385401e-05
2.3980828355411256e-05
5.9798030332539946e-05
1.240950432828681e-05
0.00010895945458836444
4.248089002166451e-05
5.6682785923122294e-05
3.1279187117562875e-05
4.18521016198148e-05
2.5453098091851063e-05
0.00012334576738728172
6.902992301755031e-05
4.418733530427267e-05
2.710313172740207e-05
0.00024309284316206755
8.401040276858231e-05
3.224554329849004e-05
3.071603315750325e-05
7.663002634154295e-05
4.7389431891527095e-05
4.62799634753585e-05
2.2970850492789824e-05
0.00010325421257206845
7.021438174363624e-05
2.8457991977424802e-05
2.5068767284681488e-05
0.0001286726023564726
4.610733707623246e-05
4.985358855799238e-05
4.139965871601401e-05
5.573833611937894e-05
7.55407521610053e-05
6.357206823983213e-05
5.741206647197321e-05
3.4309017517784376e-05
7.256213315016751e-05
1.989823824359511e-05
4.393949399656718e-05
3.3762680556338666e-05
4.768157994973591e-05
3.2699602461024244e-05
0.00013524477666411791
4.3924743679860445e-05
6.244323803213804e-05
4.6488684905451824e-05
0.0004748976124752068
4.398641820467079e-05
3.947132812090006e-05
4.4738029534448384e-05
1.240950432828681e-05
0.0001556175585017209
1.1293208906715986e-05
3.7591745199907925e-05
3.874113940919625e-05
0.00010113572156204873
0.00012000539131463936
6.412457373748036e-05
0.0003825471520040167
5.205053117261466e-05
6.072561970138377e-05
5.678775637839197e-05
4.0834133330194164e-05
4.201328664623145e-05
2.5372097338857776e-05
6.349687756960427e-05
2.862738272302617e-05
5.2347910244216954e-05
3.284686495645012e-05
4.39046714064147e-05
7.712413183921687e-05
5.6337816129150446e-05
2.7157831225071614e-05
2.3962919792520257e-05
4.020793293998836e-06
3.657957211610129e-05
1.1293208906715986e-05
5.666473230933822e-05
0.0001107903995299416
2.2288423666240064e-05
7.038117622517049e-05
5.156335995105215e-05
6.71980892282875e-05
6.422048991687609e-05
2.075898873179273e-05
8.020687163898869e-05
5.8453263385540866e-05
4.793928363012512e-05
2.7886360043315153e-05
0.00028488596742422923
5.015727882901697e-05
4.8935076941061864e-05
2.6831431693472962e-05
8.4944212067981e-05
5.9875332259317585e-05
5.079959329894768e-05
9.738126402386154e-05
2.6170622347273645e-05
5.50795743978022e-05
5.67076963444366e-05
5.79045824390225e-05
4.462788042190275e-05
3.3762680556338666e-05
3.6952723076006386e-05
6.0348535218355955e-05
6.801411212108381e-05
0.00015345770593932093
4.0372961692527884e-05
3.9652228203049847e-05
4.0645278983978905e-05
5.154197972818014e-05
4.8435995568346e-05
5.709298323678651e-05
1.4891405193944171e-05
5.7169939281752855e-05
2.979060049088705e-05
5.099867904254672e-05
5.3437926297180496e-05
4.860137094234322e-05
2.8451949969255914e-05
2.9253556061940084e-05
1.6145880124727678e-05
4.9317963160857686e-05
0.0001468036566669531
6.46944274025249e-05
4.730694815834109e-05
2.6555153304638856e-05
1.6321669914088055e-05
4.830800272904844e-05
4.992385722648862e-05
7.092568451042867e-05
0.0001683908787515189
2.9781706716004265e-05
4.9920359531937265e-05
7.097092884419604e-05
6.054376003853396e-05
5.575160671183149e-05
7.201807364030626e-05
1.5174475189124764e-05
0.00029031387565633775
6.751055846765832e-05
4.8279248523156105e-05
4.314370188596894e-05
4.2809590759754236e-05
6.043529037708737e-05
6.503040893060079e-05
3.4537412105787556e-05
0.00017212023810679177
9.656153190826322e-05
8.59753219215076e-05
9.087845412716143e-05
0.00011562556209792314
8.527608609491084e-05
9.936350938588256e-05
3.419951958916525e-05
6.111019224405562e-05
2.167010673988618e-05
6.393940107014586e-05
5.581397525924743e-05
4.4707480035779475e-05
1.450921185527188e-05
4.552271246205638e-05
9.2647331902436e-05
4.830170595147068e-05
7.6667401829295e-05
4.344468127345609e-05
6.251406678283563e-05
4.018748836800229e-05
4.8834946998103464e-05
5.456628540595102e-05
5.107150094687442e-05
1.814109856709451e-05
0.00016219230631871052
2.2243976610297617e-05
0.00012172476489461461
5.263200889027639e-05
5.6039316888946754e-05
0.00016187699860393455
5.914394598988491e-05
8.43756731008113e-05
0.00010276694287756564
0.0001566680484062751
0.00020481064028915014
2.9341331993788207e-05
3.203890910329548e-05
3.808389646620546e-05
1.0881113276058706e-05
3.9741906968679126e-05
5.2347910244216954e-05
3.697248929856211e-05
7.115081025935738e-06
2.6718963148590248e-05
4.051908651016245e-05
4.020793293998836e-06
5.419533588701726e-05
3.495325158736979e-05
1.6145880124727678e-05
1.1293208906715986e-05
6.365440954828981e-05
3.4112578789539545e-05
3.0701744989830056e-05
0.00017231044848396016
5.2785429446106555e-05
5.627977188267178e-05
4.3930516410931705e-05
5.618198000875104e-05
5.450243109887899e-05
4.179498790272238e-05
2.0248691709852184e-05
4.921889507316913e-05
5.532183856131546e-05
2.432006896439402e-05
5.006866262090686e-05
5.793509822778734e-05
5.2618172636539047e-05
4.323901785383373e-05
0.00011651023554677397
8.744202654762442e-05
7.847653300037531e-05
6.452806437897474e-05
0.00015332906499434263
0.00010921821592554621
3.893430752847606e-05
1.943399190142724e-05
2.9287342762598563e-05
5.083280389585713e-05
5.8508503644891684e-05
1.360139159507338e-05
5.535379483650823e-05
5.962824924665238e-05
1.8795872599953963e-05
5.547245881340903e-05
5.356459152797472e-05
1.786621704994764e-05
2.5068767284681488e-05
4.7389431891527095e-05
2.9337717282458883e-05
4.822498604160275e-05
8.469906680036988e-06
6.431412697563615e-05
2.8867273166619655e-05
5.05597590850274e-05
3.064658254108009e-05
9.282863195810703e-06
3.83901094178392e-05
4.020793293998836e-06
3.63356655232751e-05
5.876425313637471e-05
4.072900181872331e-05
5.258441658374625e-05
5.73226043760194e-05
5.031411255179691e-05
6.601059061211213e-05
4.9793524914052094e-05
4.5869985947707304e-05
6.157597083724722e-05
6.871183336068806e-05
4.270154192981183e-05
9.859665023129889e-06
5.5320186646215945e-05
2.924689516546174e-05
4.020793293998836e-06
5.1488711042900454e-05
5.679407971565512e-06
4.5453838006999554e-05
6.748383857657145e-05
7.946508529979017e-05
5.556441498758448e-05
1.57862097054356e-05
4.9976118770470507e-05
3.0311346412615944e-05
0.00014491828511431303
5.8574685525197127e-05
5.729282650120319e-05
4.6085213520866715e-05
3.548948134122124e-05
5.835658443814533e-05