2.995724081251529e-05
1.4714642542879535e-05
0.00041222775133623464
0.00023390269203949979
3.203583217000969e-05
0.000793518622358414
0.0033979015218646947
0.00019487081737061792
0.00037968284720645766
6.196251489776371e-05
0.0001513884268080364
0.0001811941495447461
7.110306692068105e-05
0.00031317162569905415
0.0003804353720740078
0.006136338583096971
0.00018054133898772007
0.0017342421913585013
0.00013286048369508697
0.0008530152641066214
0.00020170331868252976
0.0003675667528136381
0.000938503345909422
0.002651175297550764
5.7319428614120946e-05
0.00016691381555263831
5.9986874519323166e-05
0.0017978495708129427
0.0009731920597893224
0.00010172750214698343
4.9783134530815186e-05
0.0007535641782552483
0.0005006428337678653
5.739567604310118e-05
0.00015345344135821664
0.00023419503717275446
0.0011785225014602117
0.0015959700469068397
4.087991094625006e-05
7.664342349501418e-05
4.103555394428392e-05
0.00014157923007769558
0.0004163316919145148
0.0002960135271452384
0.0002246150306388999
1.0740563743147918e-05
0.00046920870184213105
4.1633543289805606e-05
0.00016584236599785534
1.8724226685692917e-05
3.017120774330025e-05
2.528144429886042e-05
2.982679339020637e-05
0.0001724283212488799
2.124070899317193e-05
0.00010555412908005434
0.002515275667093131
2.101747821308713e-05
1.4361024663747885e-05
2.888621383209597e-05
4.838208963126777e-05
4.6333732380754694e-05
1.7082016776730806e-05
2.197407781111114e-05
2.444111321971461e-05
1.0953217407877063e-05
4.8220326524949436e-05
9.647883541911875e-05
5.086732585737167e-06
0.00010197074715755235
0.00020362593098050035
0.0007171911731984157
4.5937264376764375e-05
8.071790618304338e-05
0.0005079386266127471
0.000992973819847962
2.006909161657634e-05
7.386215245663689e-05
5.433405749765858e-06
3.7646486689442735e-06
1.6256747853748453e-05
1.5662213721966848e-05
2.9511212266284993e-05
0.001258438085997094
3.685078430895554e-05
4.142418904625264e-05
1.1245279357697636e-05
2.4110163262474718e-05
0.00019037926696101575
0.0010343120340306278
0.00012497532694606177
1.9628137104612584e-05
1.4613242053551331e-05
1.5352320881939734e-06
0.0006812964513665118
0.0001926059646466408
1.9437165791577177e-05
4.60569626458192e-06
7.001220144522245e-05
8.69506141316771e-05
5.084841131293474e-05
0.00011633051614096255
3.0704641763879467e-06
4.60569626458192e-06
0.00015508549802185478
0.00012921979253665154
0.0002050136601391943
2.338880858645303e-05
3.2486814658352754e-05
3.764465545265001e-05
1.0707356750183307e-05
1.5352320881939734e-06
1.4382984444825106e-05
8.93462900997606e-06
2.3843381350800437e-05
5.622639678848818e-06
1.7791126763140742e-05
0.0007302338792953222
0.0002069852314060238
2.984395511985383e-05
1.9975128248010743e-05
5.622639678848818e-06
9.028688043471452e-05
0.00010671357260674082
9.240843429544718e-05
4.25329483208024e-05
5.370980020596027e-05
0.00059636841272759
6.224325103111954e-05
0.0012759483445495662
5.675585770579394e-05
7.529297337888547e-06
7.529297337888547e-06
8.150108624648786e-06
1.0568350833344956e-05
3.262670060700488e-05
5.433405749765858e-06
1.5352320881939734e-06
2.0860680698952052e-05
0.0004354003391539484
2.2587892013665642e-05
0.0001984754285845967
5.174410746698796e-05
5.2046844242849284e-05
2.5198284120786426e-05
9.643453140189814e-05
2.1431933659919162e-05
8.0294149359667e-05
0.00022569673965052066
0.00015523232240096386
0.0002658515411485313
2.578274822080365e-05
4.042889275358735e-05
4.8220326524949436e-05
0.0007008041093420028
0.0002869114636112977
1.9404040300120482e-05
0.0001267875675366422
3.670908015835406e-05
5.22380998699413e-05
4.6351731170300525e-05
0.00011793358536641484
0.00017967173200756931
9.066718442159984e-05
0.0003258444361622961
0.00016664526117847784
8.226187244474059e-05
2.547979776438738e-05
1.7291568244820414e-05
2.763655174015662e-05
6.743578049201831e-05
0.00021818591036095632
0.000638867384010748
0.00018773539146324308
4.9509565287487755e-05
4.738236425086273e-05
0.0009505900206978069
2.4348846160264812e-05
0.00013580034711166091
0.00011992239560205304
0.00015500424169669384
0.00010120751421927873
0.00020285861828729735
2.2673334402414096e-05
0.00011125561510383331
5.234516254562129e-05
2.1750695203389475e-05
0.0005457388670172373
0.0003470922462781638
8.454680666675965e-05
1.5352320881939734e-06
1.2616560107536231e-05
1.6224077579046823e-05
0.00026336068550126326
0.00017797996077780585
3.3735838073092906e-05
9.275189818191633e-05
1.9035255798919952e-05
1.24953208660139e-05
0.0006217990857190523
0.00014782503393321404
0.00011973889518859988
9.518801068173094e-05
1.8903532587023293e-05
3.8422189070903335e-05
1.725407296535852e-05
6.941844925563277e-06
0.0002251714144459432
0.00014876430896759038
2.635254068260992e-05
0.00014499003460763997
1.8903532587023293e-05
2.2587892013665642e-05
0.00016876545027130372
5.802034802621432e-05
6.614997781816042e-05
0.00014740361306721602
0.0003271482115285315
7.42400172388757e-06
1.8903532587023293e-05
3.0117189351554188e-05
5.068157101716092e-05
0.00012765593161591997
6.823060452124234e-05
4.09304150262928e-05
7.296072926295147e-05
1.8823243344721366e-05
0.00023563276465157328
3.165787930267283e-05
3.8923711442900326e-05
9.148757239663802e-05
1.7280587671374543e-05
0.0009693983888174965
1.034141606321588e-05
0.0005262773861735411
5.648682463807401e-05
4.738236425086273e-05
2.291580732389202e-05
0.0001779112676314074
1.5352320881939734e-06
3.3735838073092906e-05
4.32125635933566e-05
1.5787818182865646e-05
0.00018161528891184759
2.700770366651026e-05
0.0003505798763098375
2.394094109429575e-05
3.5678995905204264e-05
7.336989579373175e-05
9.492071180161441e-05
0.000611567710609206
0.0001774668311218014
0.00013299000936990788
5.636819964038758e-05
4.509840568707309e-05
2.0975517486196802e-05
1.9479613953592953e-05
2.6134890879545313e-05
6.109839821160891e-05
4.277382121724663e-05
0.00015418455581282895
2.6873164633204786e-05
0.00011187788902549152
1.4177649440267467e-05
2.7286010137740212e-05
1.5352320881939734e-06
1.5140139931234623e-05
1.7820666300290267e-05
2.167304023760171e-05
2.794827046086634e-05
2.6049946734099086e-05
2.1547856479243094e-05
7.325230580216488e-05
2.130680346454479e-05
1.4120566920004638e-05
9.57401644249859e-05
3.0341611697719962e-05
4.94960881617131e-05
0.00016534383804101362
0.00019921783222034845
2.4337616659143468e-05
4.5873090985635055e-05
9.216987889529738e-05
8.716525956862068e-05
0.00011167532894837265
4.725883146755823e-06
3.3834203067537376e-05
9.415132186077343e-06
4.0714609892925215e-05
2.957691319064718e-05
1.2548828896480913e-06
7.032130951555127e-06
3.2527944322227614e-05
0.00010755542100278481
3.3292871209255026e-05
2.097990730640828e-05
6.87436412420035e-05
2.4085297810647783e-05
2.686308192971027e-05
2.716702874882929e-06
6.934474556161087e-05
5.941703665053486e-06
1.796655168512788e-05
0.00010672820913977357
2.1096392854665376e-05
0.0001846207428654716
2.1487409221048625e-05
1.799978222580579e-05
7.24905593957411e-05
0.0001381632770843554
0.001455094459097646
0.00036533105133878326
0.000185547109402011
2.0621652895533354e-05
0.00011312301680221867
1.9490007241243007e-05
4.551298488798776e-05
4.303945310059713e-05
1.440800635868439e-05
3.9970201159564915e-05
3.798804317507467e-05
1.293602686674699e-05
4.204047892662815e-05
0.00012805532440981373
4.165304540361147e-05
0.0002861184636254139
2.210199691025191e-05
4.607964081892553e-05
1.8973449501312524e-05
8.694918495329095e-05
0.0003445861134310707
1.8830741605623785e-05
6.543591532929142e-05
3.7646486689442735e-06
0.00015573459629555334
3.308118202729076e-05
3.244037717315065e-05
0.00036602402050728424
4.935273331643372e-05
8.643581427799844e-05
3.7646486689442735e-06
5.9770371985529014e-05
4.509840568707309e-05
0.00013549172927288078
2.2577132502407278e-05
0.0002125344535008339
2.8429418550517638e-05
0.00013657206505534976
6.06494262411043e-05
2.0817420666387396e-05
4.8682258619688144e-05
0.0001606919183226057
7.868425580429658e-05
2.8355298880534934e-05
8.009207809485601e-05
1.8695975808368977e-05
5.433405749765858e-06
6.522191315261574e-05
4.2655336531102834e-05
3.7646486689442735e-06
1.5352320881939734e-06
6.518028406728117e-05
1.3494335229237164e-05
5.958262118643263e-05
1.5352320881939734e-06
1.7780817965037367e-05
0.0005275187079133937
7.893722897927896e-05
4.31200895558233e-06
2.3680840624475994e-05
5.433405749765858e-06
8.150108624648786e-06
7.893722897927896e-05
2.68688864977649e-05
0.00013553165176433878
6.489112784951883e-05
1.5058594675777094e-05
1.5592539057635354e-05
0.0007386989817238098
3.7730078361345387e-05
1.0866811499531717e-05
2.1811971776430476e-05
3.264542344944036e-05
6.924799826469477e-05
6.775903983920515e-05
0.0002401718966283847
0.0003878586732166145
4.383398672677776e-05
0.000711412100706723
1.4417945410289181e-05
2.1768819726634443e-05
7.750123944452969e-05
4.5175784027331285e-05
1.3016576688628583e-05
2.148485277667053e-05
7.178877363147307e-06
5.797820484835382e-05
0.00025189268563061796
2.4533887761233335e-05
4.336617266980062e-05
2.716702874882929e-06
1.6907334630808292e-05
2.485064061259667e-05
1.3873799416765426e-05
1.5352320881939734e-06
1.5352320881939734e-06
3.898993386459095e-06
5.62928536114858e-05
2.0426157735058827e-05
1.4636661043869663e-05
9.47963408389422e-05
1.3436008587055701e-05
5.847202146613257e-06
1.8823243344721366e-05
2.716702874882929e-06
3.7646486689442735e-06
2.8113198394244087e-05
2.8010728138365376e-05
2.3340217060789478e-05
2.432619390641978e-05
3.57442546578534e-05
7.15225211066959e-05
8.036721087491574e-06
6.804630380108321e-05
3.4040367313999406e-05
4.637289864175518e-05
9.037879081080271e-05
1.8952945700345095e-05
1.1293946006832821e-05
1.1293946006832821e-05
0.0004464044600621522
2.7010938405894566e-05
8.150108624648786e-06
1.5352320881939734e-06
8.806959027787465e-06
9.625629149956034e-05
2.517857318535058e-05
8.136061011566949e-05
1.1449046736123703e-05
2.340315130388544e-05
5.022950679682234e-06
7.535534043155469e-05
1.5352320881939734e-06
1.5352320881939734e-06
7.023041006453984e-05
3.0704641763879467e-06
5.960649303355831e-05
2.7109962645360148e-05
8.225637015395333e-05
1.5352320881939734e-06
7.762308480817562e-05
3.244037717315066e-05
6.926566410450282e-05
0.0002954692123345001
4.804546222593884e-05
2.540796320882135e-05
0.00022798376180019762
5.9765349666104544e-05
0.00018737729945317574
2.5991648029021265e-05
3.841255548254711e-05
2.3519102297695813e-05
0.00012153381062904115
0.000104875683581418
9.854834513201585e-05
7.270657258810159e-06
9.104804337023318e-06
2.1212392487522713e-05
4.752735868207836e-05
3.449108349883373e-05
2.716702874882929e-06
7.646086147825429e-05
8.150108624648786e-06
4.669493409360615e-05
0.0005583367663849745
0.00010582054721098898
7.576490134478753e-05
1.2463983872245986e-05
2.3378395468776025e-05
1.7815668430361356e-05
2.872891397597775e-05
0.00023990831051380447
1.8456130139909605e-05
1.7955233203469515e-05
0.00010727561329004563
2.1322400662107153e-05
0.00012650914557073468
2.8075613092339895e-05
1.4840697239175977e-05
1.5352320881939734e-06
6.765946885476875e-05
2.462085545626424e-05
2.4701832104607677e-05
1.1636901750866764e-05
2.4081176332560575e-05
2.372474206831345e-05
1.9865027644414512e-05
1.5352320881939734e-06
0.00020507798334624364
6.606070434293551e-05
8.036721087491574e-06
1.5352320881939734e-06
2.2393347645092832e-05
7.796269528817677e-06
2.205873346864924e-05
6.625318401817338e-05
5.338762858552192e-05
0.00014762663826984446
1.630021724929757e-05
2.1195956049617745e-05
1.2707167003088115e-05
8.401294812509282e-05
0.00012279007141339127
0.00011940355791217411
9.55848745404299e-05
7.114814776710845e-05
1.5352320881939734e-06
2.3429838039531452e-05
2.1136701666689912e-05
0.00012302276321471279
6.934773418653772e-05
0.00011008462248336586
0.00026988670458474325
4.25329483208024e-05
8.150108624648786e-06
3.091818333316827e-05
4.6136582342158057e-05
2.3093454064244687e-05
0.000885695489320999
0.00021373308821865926
0.00015107143911210347
2.1925579970898307e-05
5.0238507469965554e-05
2.716702874882929e-06
5.174301994156163e-05
1.7367804553292734e-05
7.646271573486372e-05
1.4382984444825106e-05
1.8623171687915757e-05
5.433405749765858e-06
2.8355298880534934e-05
4.911324917127501e-05
6.4539337546154e-05
2.8218812589597067e-05
1.0866811499531717e-05
0.00015270522348985452
1.8721388542439504e-05
4.3742654018450415e-05
5.284175416672478e-05
0.00011065626626748308
9.451766293511646e-06
4.261964229642897e-05
1.5352320881939734e-06
2.6684043068703942e-05
6.468013433373495e-06
2.3842275816753378e-05
2.3681014944423333e-05
1.1436450302779304e-05
1.3873799416765426e-05
2.274248449623598e-05
1.548393554457723e-05
5.622639678848818e-06
3.5444123600668667e-06
3.625868882795199e-05
3.7646486689442735e-06
2.9469667129590294e-05
1.9719170828034927e-05
1.2950090653568883e-05
4.566454839363768e-05
4.3391905925869076e-05
2.078007591949187e-05
1.0865921039640955e-05
0.00014606537070193239
1.8040903041316475e-05
1.5424804268469948e-05
0.00017564627787956583
1.5352320881939734e-06
2.1016758099751875e-05
4.60569626458192e-06
7.997722984691175e-05
5.625704761244102e-05
0.00024185126435127333
0.00014325645259202478
8.979177978836063e-05
3.0704641763879467e-06
2.9111351938620678e-05
5.571579665677618e-05
5.271444966856516e-05
1.6867919036546453e-05
9.725616608572408e-05
1.1293946006832821e-05
4.5175784027331285e-05
7.032130951555127e-05
2.2587892013665642e-05
1.5058594675777094e-05
0.00015004412472185798
3.5160654757775635e-05
6.307851117001517e-05
7.387257561383763e-05
2.0672746072789324e-05
2.455740912396619e-05
2.5097657792961826e-06
7.731419892514714e-06
5.9359897174502535e-05
2.1770613342457518e-05
2.3990831051380445e-05
1.7057651130310585e-05
1.1435764473001568e-05
7.389194810863135e-05
5.586881491481244e-05
2.201534296868709e-05
6.09394877688698e-05
9.05204698990273e-05
1.9409142914725044e-05
1.4778727739227517e-05
2.716702874882929e-06
2.350339212706874e-05
5.6800144762109714e-05
7.168518666822267e-05
2.721980552209748e-05
4.003788518828237e-05
3.634577635065147e-05
0.00011870882247199576
3.7646486689442735e-06
2.2587892013665642e-05
2.059237102584417e-05
5.523139646663804e-05
0.00017410005894888638
2.6950055972389563e-05
2.5437325298343428e-05
1.5352320881939734e-06
9.451766293511646e-06
1.728825485862948e-05
0.00010161581780124616
1.5067888466007254e-05
1.5352320881939734e-06
1.5352320881939734e-06
9.011215881430737e-06
0.0004661298230745113
2.2650773107771566e-05
2.433417294356956e-05
6.468013433373495e-06
5.735585270942899e-05
1.5352320881939734e-06
2.0432137813595486e-05
4.465766839478465e-05
5.0650724233432894e-05
0.00012635040040008376
0.00015498824321056242
0.00018794463144569773
3.403349516812393e-05
7.370220426999615e-05
1.8466511445112063e-05
1.757468045924468e-05
2.716702874882929e-06
9.342173210599219e-05
0.00014373175613183395
2.0679637015599622e-05
3.602080225397187e-05
8.277214231169911e-05
0.0008214737899847264
8.615748600498334e-05
4.6477337015309325e-05
4.268002705853662e-05
2.1627898135466123e-05
1.9515548058492884e-05
6.821735837715467e-06
2.006133809947767e-05
1.0568350833344956e-05
4.829409634694598e-05
5.579702750640965e-05
1.9975029238606268e-05
0.00013203555683255125
2.108582796210198e-05
6.621033775645332e-05
1.4357754726294614e-05
2.10567815387629e-05
1.5352320881939734e-06
2.1136701666689912e-05
4.803268503605873e-05
1.8256066508163532e-05
1.9866895905942663e-05
2.3971327610839236e-05
1.2463983872245986e-05
1.607344217498315e-05
6.408720808163019e-05
9.451766293511646e-06
2.550055518435945e-05
7.310151008162231e-06
1.317861241714129e-05
2.8355298880534934e-05
2.2587892013665642e-05
1.796027768775608e-05
1.9404040300120482e-05
6.510170891678664e-05
0.00012200134823339182
1.9877590071588677e-05
9.086442340126024e-05
8.770803219919886e-06
1.5503361920731354e-05
2.198236343406507e-05
2.1130972016635312e-05
1.0616425737977973e-05
9.269910585833989e-05
8.690078706664605e-05
1.5381158857588014e-05
3.6106692084286266e-05
2.2826214040247824e-05
1.563018393817463e-05
8.477475798549905e-05
3.7807065174046585e-05
8.528825565155292e-06
6.0275408156186795e-06
5.412290149367436e-05
1.5947799581016396e-05
2.002120211882374e-05
1.551212409482382e-05
9.011215881430737e-06
6.594752679285113e-05
1.4099782846025804e-05
8.598029727278878e-06
2.3837594604600812e-05
4.785103886297908e-05
4.60569626458192e-06
2.1122529673661718e-05
5.500428414698792e-05
3.9976651168595836e-05
7.529297337888547e-06
3.0704641763879467e-06
4.018951489682918e-05
2.6868669844530044e-05
4.073260792602807e-05
1.5558381071476748e-05
9.56520471538451e-05
9.037911264643926e-05
2.3901613543159515e-05
9.451766293511646e-06
7.002063474283049e-05
2.221390376180249e-05
5.390011194477912e-06
1.5352320881939734e-06
2.6143692411401066e-05
0.0001059365404103253
2.716702874882929e-06
7.529297337888547e-06
3.7646486689442735e-06
3.740480044544469e-05
1.5352320881939734e-06
1.5352320881939734e-06
2.3637004642268687e-05
7.676160440969867e-06
1.5352320881939734e-06
4.154661290748662e-06
1.5352320881939734e-06
1.4182453508558795e-05
0.00012488766794988191
6.6335309951207835e-06
2.141022531536509e-05
4.725883146755823e-06
7.529297337888547e-06
1.8926578956109658e-05
5.571579665677618e-05
5.161735462277565e-05
9.043177849943893e-05
0.00012990538605399475
1.5352320881939734e-06
1.0866811499531717e-05
2.716702874882929e-06
9.658695194243654e-05
1.2615702234003034e-05
1.5058594675777094e-05
1.4177649440267467e-05
3.619495622125558e-05
1.4177649440267467e-05
8.0900096864617e-05
3.662574472321026e-05
0.0001651434198256782
2.8128523806220508e-05
2.708107051910634e-05
0.00014361024663747885
2.540148484433627e-05
1.8240182315737866e-05
1.301317640246081e-05
0.00025895036422977186
2.8267135750111312e-05
1.5352320881939734e-06
4.725883146755823e-06
3.923880109597137e-05
8.415455880413331e-06
3.7646486689442735e-06
3.7646486689442735e-06
3.7646486689442735e-06
7.014184122002175e-05
6.839200055141192e-05
2.716702874882929e-06
4.048359424590712e-05
3.303472770353396e-05
8.150108624648786e-06
6.237015623054142e-05
0.00011678130574347067
6.765483470672368e-05
0.00010918021001196322
0.0001356946331556302
9.227185556965082e-06
2.29831311807822e-05
2.156004477791165e-06
3.7646486689442735e-06
2.8148006953533695e-05
1.6225993264179382e-05
2.488961160257483e-05
1.9560143469116144e-05
1.8964255180865503e-05
1.7483256088673567e-05
3.460969300595811e-05
1.2337741099634877e-05
4.525686537193122e-05
1.548393554457723e-05
1.3997761793950765e-05
2.1135362059807967e-05
5.153226196619299e-05
1.2646430430569494e-05
2.315260590656122e-05
2.5175335336035167e-05
2.716702874882929e-06
2.3606813544736756e-05
3.5444123600668667e-06
4.725883146755823e-06
3.635328629405079e-05
1.4541314517620319e-05
2.59255754910079e-05
7.20167180023571e-05
7.529297337888547e-06
5.4090026839289904e-05
2.9560240585101982e-05
1.1449046736123703e-05
1.0047975388826549e-05
0.00012710432197978816
2.716702874882929e-06
6.0527081602122905e-05
1.5352320881939734e-06
5.622639678848818e-06
3.4451003173922015e-05
2.716702874882929e-06
5.284175416672478e-05
2.716702874882929e-06
1.1293946006832821e-05
1.0866811499531717e-05
9.451766293511646e-06
0.00010447737413739047
0.00039906150359419096
5.1032596899990476e-05
2.1195956049617745e-05
2.2848847657721987e-05
9.451766293511646e-06
8.34876159516724e-05
5.30556125489741e-05
5.433405749765858e-06
1.5352320881939734e-06
4.725883146755823e-06
3.365232700869276e-05
2.716702874882929e-06
0.00013395741900174867
3.0704641763879467e-06
4.426637085909249e-05
1.1203200735150535e-05
1.4382984444825106e-05
7.58881136853514e-05
1.5162356560276076e-05
5.476819952449059e-05
2.716702874882929e-06
0.00012353433009670432
2.716702874882929e-06
0.00017931965098353012
1.822128412284333e-05
1.5240701112889172e-05
3.000885050672933e-05
3.7646486689442735e-06
0.00011285027742060792
1.2662681058358223e-05
3.3735838073092907e-06
2.4662789591494268e-05
7.032130951555127e-06
5.076281141118897e-05
6.468013433373495e-06
2.4853830487006626e-05
2.587205373349398e-05
2.1136701666689912e-05
9.3029675742204e-05
3.415177687754377e-05
0.00011580329036401025
3.8750619722264845e-05
3.146532036315313e-05
2.2655070067630906e-05
1.310303278250068e-05
6.753429897791054e-06
5.51823463945214e-05
2.902116659441183e-05
3.927352312421486e-05
2.4638310845650056e-05
2.2861789864447265e-05
6.38876650939027e-05
3.240929271847356e-05
2.595156707935891e-05
4.469561205099782e-05
2.3741999067764267e-05
2.2490558715395273e-06
1.5202958977238937e-05
2.716702874882929e-06
1.7648220434234408e-05
6.983766028597673e-06
2.7529369438071416e-05
2.716702874882929e-06
5.7149273626716775e-05
7.661566239528486e-05
4.025420829876076e-05
1.2548828896480913e-06
1.5352320881939734e-06
3.6202110047917736e-05
1.0813459057716885e-05
2.3536492325436417e-05
7.436138087202543e-05
2.031316258962327e-05
1.5352320881939734e-06
1.5352320881939734e-06
5.433405749765858e-06
9.104628817711146e-05
1.5352320881939734e-06
1.757237852964859e-05
1.5352320881939734e-06
3.759372941179329e-05
3.577850477390362e-05
3.135068670312997e-05
5.622639678848818e-06
2.6738167607797142e-05
2.9894629567668372e-05
1.6187750796603466e-05
3.7646486689442735e-06
1.3231827102371707e-05
2.479688279064958e-05
2.8410917322911513e-05
1.1818502321134344e-05
3.806841692528293e-05
6.050420277953916e-05
1.5352320881939734e-06
8.309930150300428e-06
3.7646486689442735e-06
3.7646486689442735e-06
9.912337469573812e-06
1.3583514374414646e-06
1.310303278250068e-05
4.283329488220624e-05
2.716702874882929e-06
6.6335309951207835e-06
1.768914789010077e-05
0.00019746312707968522
2.1611221380649754e-05
0.00015728871255526957
1.1114389076566416e-05
1.3049340263967574e-05
6.4632790057892225e-06
5.375856196818795e-05
2.234710587656408e-05
3.308118202729076e-05
5.043359684750968e-05
2.222604084439467e-05
3.7646486689442735e-06
1.1245279357697636e-05
1.5352320881939734e-06
3.7646486689442735e-06
3.5444123600668667e-06
1.8903532587023293e-05
2.3515663021177827e-05
5.4398075203230406e-05
1.0813459057716885e-05
2.716702874882929e-06
4.725883146755823e-06
8.277094851839379e-06
6.231991936122993e-06
1.5352320881939734e-06
6.0275408156186795e-06
1.5352320881939734e-06
1.5352320881939734e-06
2.0432515736514645e-05
3.8164081348988475e-05
1.8903532587023293e-05
0.00014554051916543958
1.5352320881939734e-06
5.433405749765858e-06
5.857459509882863e-06
3.3228451740627796e-05
2.055257780060228e-05
1.8003334814602977e-05
1.5947799581016396e-05
1.253329922271845e-05
2.320813921048573e-05
8.93462900997606e-06
2.321053780843129e-05
1.868915545440525e-05
2.3055223513029854e-05
5.193326613435828e-06
4.996766483418877e-06
6.56748655543875e-05
4.224632082628159e-05
5.622639678848818e-06
6.187898853852712e-05
2.2978576610425954e-05
8.150108624648786e-06
7.47426800197307e-05
1.1757838578998777e-05
1.1814707866889558e-06
3.589175983423095e-05
6.019611107719736e-05
4.447732496228777e-05
3.810469773725207e-05
2.3471734371183757e-05
2.815978050045449e-05
4.725883146755823e-06
2.712637992041267e-05
8.140096627442848e-06
5.4374939486677545e-05
1.20814420247807e-05
8.93462900997606e-06
5.315737012671145e-05
4.862808304286204e-05
1.3502503847904148e-05
2.7767530658356413e-05
1.6188404793109437e-05
1.55193097399298e-05
1.4013967392781837e-05
4.2474590684230424e-05
1.944835041329727e-05
4.323372233819128e-05
2.7357349695589e-05
7.771068199655815e-06
2.4822135604331665e-05
1.8523981794277362e-05
1.8031719869163913e-05
2.0850266637986415e-05
2.1683942287214316e-05
3.2792305194525936e-05
2.2443035499678482e-05
6.740065287131697e-05
5.2226618602896376e-05
2.0339364525173894e-05
6.1409283527758935e-06
7.140962072837898e-05
3.7807065174046585e-05
2.3629415733779116e-06
1.2055081631237359e-05
4.1431021000334166e-05
0.0001201994909811267
1.4357754726294614e-05
5.433405749765858e-06
2.7699767167668093e-05
3.277666374376012e-05
2.4236977593775052e-05
1.560901431005448e-05
2.4484248765156462e-05
1.926966176453601e-05
3.528083444268083e-05
2.2565625177518954e-05
1.2548828896480913e-06
1.0542889933713032e-05
1.3484318272766493e-05
0.00011153310435814699
4.4981117430790545e-06
2.2422172054840786e-05
1.8320606806768428e-05
2.006133809947767e-05
2.101747821308713e-05
1.492889843006189e-05
3.0704641763879467e-06
1.5352320881939734e-06
9.23052934108808e-05
1.0760223307391193e-05
4.31200895558233e-06
1.9916235183696377e-05
2.657974194587279e-05
1.9404040300120482e-05
3.266649911236578e-05
9.02439840323226e-06
5.622639678848818e-06
5.622639678848818e-06
1.5352320881939734e-06
2.035024156860712e-05
4.137074550849988e-06
2.5766893953958324e-05
1.7016979296927694e-05
1.6458897072455152e-05
2.3463757926584587e-05
5.299823465436496e-05
1.1449046736123703e-05
2.9570271789720988e-05
1.8823243344721366e-05
1.5166322482825674e-05
9.646899333988783e-05
1.3187184575522073e-05
1.775045758042619e-05
2.4165547870706278e-05
3.4709224627816384e-05
3.308118202729076e-05
1.5352320881939734e-06
2.4830584406583304e-05
2.0608465719436004e-05
0.00010081749491535014
1.3434334922265022e-05
1.68853956599173e-05
2.2437554098681775e-05
2.618234874947657e-05
5.94343237190536e-05
9.269447285903465e-05
0.00011441562686572106
2.2176627970372536e-05
2.1851192857274057e-05
4.31200895558233e-06
1.754100651711871e-05
5.847202146613257e-06
0.00011522235913891346
2.1006823717298226e-05
1.8349797314695078e-05
3.7646486689442735e-06
9.500164584480564e-05
2.014071101415195e-05
9.746868010882973e-06
1.0806240676191563e-05
2.178756432176951e-05
1.647689890492081e-05
2.0799690892246136e-05
1.1201820554570097e-05
2.716702874882929e-06
1.6224198149268318e-05
1.6864463636273606e-05
2.533700941361591e-05
2.2247799470793338e-05
2.3922255428793506e-05
2.3400965980663812e-05
9.932358233555071e-06
3.7646486689442735e-06
2.8273220639861526e-05
3.618876732098742e-05
8.341477365554121e-06
1.8793009640756575e-05
1.478845659532359e-05
6.164871319451225e-06
1.3583514374414646e-06
0.00023505844699793325
1.829919655268218e-05
2.244705616048328e-05
4.452222346522244e-05
1.9663781955235502e-05
1.398307120809892e-05
1.2902838112847025e-05
4.31200895558233e-06
6.587932285692002e-05
1.7304846502979053e-05
5.622639678848818e-06
2.1651864936501456e-05
2.716702874882929e-06
1.696833232111929e-05
3.5444123600668667e-06
1.5704123233602184e-05
6.508288344314292e-06
2.6320557787967618e-05
1.037481049697703e-05
4.1385474259196896e-06
8.93462900997606e-06
1.897202842133785e-05
2.2131105474127823e-05
7.054703147399267e-06
5.339471872990401e-05
1.0866811499531717e-05
2.5933574511988307e-05
7.227962019622648e-05
2.3629415733779116e-06
2.2638478681078844e-05
2.5481889960542654e-05
5.685883710103528e-06
1.757237852964859e-05
4.110731543387477e-05
2.603228721167653e-05
1.9264941066048456e-05
2.0107359100449896e-05
1.8736915478366923e-05
1.4353399755279017e-05
1.02998725864268e-05
2.1123160413140796e-05
1.8024499675052022e-05
7.270657258810159e-06
1.454926104785141e-05
1.3328029810689445e-05
1.5352320881939734e-06
1.5476518328504858e-05
1.4618066140502395e-05
1.5140139931234623e-05
1.0576526457180933e-05
2.272058570294553e-05
3.1882895775410795e-05
3.456935212090837e-05
2.4703073316732267e-05
3.9679690705185874e-05
4.725883146755823e-06
0.0006257483707990571
1.7547284797389796e-05
2.5384154887667646e-05
4.09607496786462e-05
8.690891248686778e-06
4.4950658907542035e-05
1.3882963273194268e-05
1.3099978227263468e-05
2.2935293301785057e-05
6.513632360085373e-06
2.224716618989274e-05
2.0922369854610585e-05
1.5812176082428776e-05
2.0307121809175015e-05
1.5947799581016396e-05
1.5174381362851907e-05
9.285306913453953e-06
4.326299015581065e-05
1.806288945905585e-05
3.476356499474711e-05
8.839727875052245e-05
2.523034678313871e-05
1.1757838578998777e-05
2.1287255855734366e-05
1.5378642594941804e-05
2.332691558860057e-05
2.3523248181994146e-05
1.9764048774286787e-05
2.0896498159173025e-05
1.3808063015417546e-05
2.395406165455961e-05
2.1173697985189427e-05
1.1261044032419805e-05
7.216597660758173e-05
3.5444123600668667e-06
2.224315441450511e-05
1.9886282445221663e-05
9.099871005468303e-05
2.8546967087153452e-05
9.912337469573812e-06
2.378660925432128e-05
1.6569270719026542e-05
4.048609445209114e-05
1.1196673822546416e-05
1.0620151241199677e-05
1.6736151232598652e-05
1.960700912602295e-05
2.1813727928789406e-05
1.5325141363303763e-05
1.863092110207464e-05
1.5424804268469948e-05
4.05558588130237e-05
1.852651889439899e-05
8.528825565155292e-06
1.9219240283683494e-05
1.5352320881939734e-06
1.5352320881939734e-06
2.716702874882929e-06
3.0704641763879467e-06
1.9066860759787567e-05
1.260435338312581e-05
2.2490558715395273e-06
1.5352320881939734e-06
1.7592140260907432e-05
2.716702874882929e-06
2.716702874882929e-06
6.1409283527758935e-06
0.00010245576712293552
2.271879667533676e-05
2.2559604017017767e-05
1.196479560524551e-05
3.7646486689442735e-06
2.716702874882929e-06
2.716702874882929e-06
2.716702874882929e-06
2.716702874882929e-06
9.932513822207256e-06
1.5352320881939734e-06
1.6867919036546453e-05
0.00013857816467654878
0.00014461564801295955
6.049441369114843e-05
9.055218806722893e-05
0.0001227912450788784
5.529267331394988e-05
1.7992446972316218e-05
5.433405749765858e-06
1.5162356560276076e-05
3.726184220414928e-05
8.996223486158109e-06
3.0704641763879467e-06
4.2622139225884815e-05
0.0001627295433136379
0.00014524792728236394
4.4981117430790544e-05
1.1245279357697636e-05
0.00021881952508301535
1.0156581294811635e-05
2.9445041330378488e-05
2.222379616969015e-05
4.2785547946561054e-05
4.443721651003406e-05
1.4577874343682882e-05
7.270657258810159e-06
1.3189505358570228e-05
0.00018194153620314883
1.1201820554570097e-05
1.6108293977791348e-05
5.223005278724224e-05
2.2310903361689497e-05
1.6074409342743033e-05
2.5097657792961826e-06
2.1401372157073188e-05
1.728039820794875e-05
2.6318071374638494e-05
4.7033019037785774e-05
1.4323049071701899e-05
1.3658144118580983e-05
2.315569661140093e-05
1.9598237455903825e-05
5.45405161167957e-05
1.3494335229237164e-05
5.1914539508937164e-05
1.6497776905897747e-05
2.0761284855209597e-05
1.829523641892514e-05
3.04697438844349e-05
4.777391582090087e-05
6.78546502730585e-05
7.481397035952635e-05
3.8750619722264845e-05
1.3494335229237164e-05
6.739622181207884e-05
3.1210040996165746e-05
2.957691319064718e-05
5.260810829574771e-05
3.0704641763879467e-06
3.9489090161951975e-05
3.942485196103865e-05
7.529297337888547e-06
0.00011971529504247686
9.451766293511646e-06
3.0704641763879467e-06
3.0704641763879467e-06
3.0704641763879467e-06
1.5352320881939734e-06
1.5551277059067045e-05
2.0162859397321174e-05
2.314877699148909e-05
1.772206180033433e-05
1.607344217498315e-05
4.8752626410730995e-05
1.910770318031675e-05
2.632796224795929e-05
3.0704641763879467e-06
7.976530403497007e-06
2.0199705900304946e-05
1.487088346551473e-05
5.793927499124519e-05
2.0697879663542104e-05
9.451766293511646e-06
1.8812541726398043e-05
4.353464015696622e-05
4.421862379572817e-05
1.2615702234003034e-05
1.5352320881939734e-06
3.8618945336632225e-05
1.0568350833344956e-05
1.5352320881939734e-06
1.6819653974815957e-05
2.180038857444418e-05
3.388183802049846e-05
3.7646486689442735e-06
4.725883146755823e-06
1.5352320881939734e-06
3.0704641763879467e-06
6.1409283527758935e-06
2.234710587656408e-05
7.945886586844057e-05
9.451766293511646e-06
2.863646871498288e-05
6.19313249266465e-05
5.433405749765858e-06
3.167992376522495e-05
5.992831902709809e-05
1.036948952454611e-05
1.5352320881939734e-06
1.440800635868439e-05
1.5352320881939734e-06
1.5352320881939734e-06
2.4108376228811713e-05
2.716702874882929e-06
2.1136701666689912e-05
2.191744716364016e-05
1.8024419302587086e-05
0.00020688875780288133
0.00014453384523176302
1.5947799581016396e-05
1.5476518328504858e-05
2.7437716343327506e-05
2.3340217060789478e-05
2.6929242356829012e-05
5.433405749765858e-06
5.433405749765858e-06
5.812592958339726e-05
1.631335030350244e-05
2.1894411465522245e-05
3.0704641763879467e-06
2.7911042746740407e-05
4.0641869634371126e-05
5.433405749765858e-06
9.451766293511646e-06
3.083066537058984e-05
0.00026398643826861445
1.7625976184440612e-05
1.7750508884895765e-05
2.4137565048380284e-05
4.154661290748662e-06
1.3583514374414646e-06
3.308118202729076e-05
0.00012308038937153935
4.725883146755823e-06
5.297091763333708e-05
1.572085815823038e-05
3.542157420161232e-05
1.8952945700345095e-05
1.8209608674046635e-05
5.433405749765858e-06
5.433405749765858e-06
4.725883146755823e-06
5.433405749765858e-06
5.59237246567061e-06
1.9504061349101063e-05
1.5352320881939734e-06
1.5352320881939734e-06
1.5352320881939734e-06
6.0275408156186795e-06
1.5352320881939734e-06
1.5352320881939734e-06
1.5352320881939734e-06
2.315999004660427e-05
1.7838356264032768e-05
4.966256911103628e-06
2.362941573377911e-05
1.0866811499531717e-05
9.451766293511646e-06
4.426250650699323e-05
0.00017305926199734226
1.5352320881939734e-06
1.5352320881939734e-06
8.528825565155292e-06
3.0017335211643227e-05
2.2838690424903417e-05
2.1557398617089034e-05
1.3583514374414644e-05
4.60569626458192e-06
1.6170033583433736e-05
5.622639678848818e-06
2.423899165859153e-05
4.597826407759672e-05
7.529297337888547e-06
8.770803219919886e-06
3.867412233120547e-05
1.8969645645854242e-05
7.270657258810159e-06
1.5352320881939734e-06
3.0704641763879467e-06
4.6104794581108224e-05
1.5352320881939734e-06
6.9772256806652985e-06
1.3583514374414646e-06
2.7220050680340275e-05
4.31200895558233e-06
4.075054312324393e-06
1.3494335229237164e-05
5.022950679682234e-06
7.032130951555127e-06
1.6417947016947736e-05
1.5352320881939734e-06
1.5352320881939734e-06
1.3583514374414644e-05
4.505607940715368e-05
1.850136493989077e-05
0.00010408710333193698
2.9134812216675663e-05
1.5058594675777094e-05
3.0704641763879467e-06
3.0704641763879467e-06
1.5352320881939734e-06
7.796269528817677e-06
4.31200895558233e-06
1.2548828896480913e-06
6.231991936122993e-06
2.3924038792407705e-05
1.9493736021765946e-05
5.390011194477912e-06
2.2830210712842746e-05
5.06507242334329e-06
1.5352320881939734e-06
2.4128530770228248e-05
3.0704641763879467e-06
3.0704641763879467e-06
2.716702874882929e-06
5.433405749765858e-06
6.468013433373495e-06
7.15911717874572e-06
2.1560044777911648e-05
3.0704641763879467e-06
2.1520446614782385e-05
6.105478763213183e-05
0.00018293733510351372
5.139658842685102e-05
1.5352320881939734e-06
3.0704641763879467e-06
3.0704641763879467e-06
5.593401624646473e-05
3.0704641763879467e-06
2.505295329787679e-05
1.5352320881939734e-06
9.451766293511646e-06
1.5352320881939734e-06
9.476472850172548e-06
2.8869153248668612e-05
2.2120963533420245e-05
1.949591489592969e-05
1.5343976832724204e-05
3.140224425383002e-05
1.3411310188727108e-05
2.5201814069294557e-05
9.932513822207256e-06
1.949180943072873e-05
2.0009999472887734e-05
2.8804998547242895e-05
8.770803219919886e-06
1.5352320881939734e-06
5.433405749765858e-06
5.433405749765858e-06
6.537437977175827e-05
2.5670138813431866e-05
4.60569626458192e-06
1.8952945700345095e-05
3.0704641763879467e-06
4.818418181792458e-05
1.551212409482382e-05
6.415423855035145e-05
3.0704641763879467e-06
3.844719437364683e-05
4.1647661784944e-05
1.709721864314886e-05
9.206893555629816e-06
2.8732684968862912e-05
1.777576673017026e-05
5.053137746375077e-05
3.1866601245184854e-05
8.806959027787465e-06
6.468013433373495e-06
1.5263734036085644e-05
1.3815145745785028e-05
2.413160304308297e-05
8.122390009069144e-06
4.839339038368099e-05
7.529297337888547e-06
2.0091802718728936e-06
2.716702874882929e-06
2.716702874882929e-06
3.7646486689442735e-06
7.529297337888547e-06
3.0704641763879467e-06
3.721274955274799e-05
1.5352320881939734e-06
1.5352320881939734e-06
5.847202146613257e-06
3.7646486689442735e-06
2.716702874882929e-06
2.716702874882929e-06
2.716702874882929e-06
2.716702874882929e-06
2.716702874882929e-06
2.716702874882929e-06
2.716702874882929e-06
2.716702874882929e-06
2.716702874882929e-06
2.716702874882929e-06
1.2891374110401824e-05
9.912337469573812e-06
1.3560101685944913e-05
2.7328596662991075e-05
4.306019926583705e-05
2.2490558715395273e-06
4.725883146755823e-06
3.14620511283768e-05
2.669192345885491e-05
1.036948952454611e-05
4.018167617535238e-05
1.6417947016947736e-05
8.527175886373173e-05
3.0059898736325085e-05
1.4644566051030173e-05
1.5166322482825674e-05
7.825933425891632e-05
9.221340787772813e-05
0.00010073415083643028
0.00017631169190674952
1.6867919036546453e-05
8.150108624648786e-06
2.1811971776430476e-05
1.4541314517620319e-05
9.028854669166965e-05
1.5058594675777094e-05
2.073897904909222e-05
9.451766293511646e-06
9.451766293511646e-06
5.390011194477912e-06
0.00011484204960069204
7.796269528817677e-06
1.9864716467110143e-05
2.1841619966179417e-05
1.7360362090162476e-05
2.2691623351784602e-05
5.622639678848818e-06
1.847557752237864e-05
1.7602282380908216e-05
1.5352320881939734e-06
2.6637878110399606e-05
1.3873799416765426e-05
1.5352320881939734e-06
1.1449046736123703e-05
6.406763945804604e-05
2.3515677157997553e-05
2.026028969337316e-05
2.305566745973648e-05
2.002825756744436e-05
5.622639678848818e-06
0.00017655721573385784
1.0156581294811635e-05
2.631240965975966e-05
1.4541314517620319e-05
6.468013433373495e-06
1.2332266148235935e-05
2.716702874882929e-06
2.716702874882929e-06
1.5352320881939734e-06
6.231991936122993e-06
9.912337469573812e-06
1.607344217498315e-05
1.1371346012696802e-05
2.1530274369386333e-05
3.7646486689442735e-06
3.7646486689442735e-06
2.716702874882929e-06
1.0813459057716885e-05
7.796269528817677e-06
4.4981117430790545e-06
1.2312095935639603e-05
2.7044885470753507e-05
2.9320233768179057e-05
6.381224322797607e-06
2.716702874882929e-06
2.716702874882929e-06
1.2332266148235935e-05
1.5352320881939734e-06
2.716702874882929e-06
3.7646486689442735e-06
2.716702874882929e-06
2.716702874882929e-06
1.9016390471219508e-05
9.476472850172548e-06
7.270657258810159e-06
5.622639678848818e-06
4.672662653982368e-05
1.0568350833344956e-05
2.0076742424135243e-05
5.433405749765858e-06
3.332085564270373e-05
8.110094293287664e-06
7.796269528817677e-06
6.468013433373495e-06
1.5352320881939734e-06
3.5444123600668667e-06
3.7646486689442735e-06
1.8382852316770747e-05
1.0647658715837506e-05
1.2135004316874415e-05
9.451766293511646e-06
1.1064090185334296e-05
2.716702874882929e-06
3.055440976518936e-05
1.5704123233602184e-05
1.846207428654716e-05
1.3883689851126555e-05
1.2935134531525518e-05
6.912740917147303e-05
2.273397231910081e-05
4.7424114114635607e-05
7.712799521672893e-06
3.7646486689442735e-06
1.5352320881939734e-06
1.810563446313366e-05
4.725883146755823e-06
1.5352320881939734e-06
1.0760223307391193e-05
1.2762448645595214e-05
2.2490558715395273e-06
3.7646486689442735e-06
3.7646486689442735e-06
1.5437131619433656e-05
1.4357754726294614e-05
1.993983090078491e-05
1.2662681058358223e-05
1.1449046736123703e-05
4.552273807873606e-05
1.7541606439839772e-05
2.3863235866386174e-05
1.9281998804182232e-05
3.2279152932814775e-05
2.2887486363514177e-05
1.3583514374414646e-06
6.0275408156186795e-06
1.5352320881939734e-06
7.032130951555127e-06
2.064454098055524e-05
4.725883146755823e-06
2.5282369241149713e-05
2.3686866940752852e-05
1.7388841842033055e-05
6.032492703542596e-06
5.622639678848818e-06
2.3955292688638995e-05
1.9768806095218347e-05
2.114962876595416e-05
1.4847149587805927e-05
1.7381782497373556e-05
6.468013433373495e-06
2.716702874882929e-06
2.716702874882929e-06
1.0156581294811635e-05
1.5675343351564985e-05
7.270657258810159e-06
1.0973982673732193e-05
4.725883146755823e-06
2.0403839038535712e-05
9.479631391281223e-06
8.528825565155292e-06
2.0715510500167086e-05
1.0813459057716885e-05
2.467798818821444e-05
1.1093030680878011e-05
8.408144268072957e-06
4.725883146755823e-06
6.231991936122993e-06
1.1818502321134344e-05
9.479631391281223e-06
2.3263887173953693e-05
1.6545190867706932e-05