4.127278128990787e-05
2.0272702256935564e-05
2.7059829258072783e-05
0.0050260173902423695
0.001770350348576418
0.0007691329232644299
0.00019792142621949632
0.0004255788418695332
0.0004391546675785514
3.4577621732944e-06
6.223971911929918e-05
2.3266371045990232e-05
1.6484174737062053e-05
8.193873508188329e-05
3.111985955964959e-05
8.055825196499e-06
0.0003651040102978944
0.0004672373028307062
0.0007883840067996346
6.753243765946108e-05
2.3812429630036793e-05
3.750169134270029e-05
1.8714320902655371e-06
0.0001579381648801838
9.498404878167467e-06
3.973593003349952e-05
7.287303937320784e-05
0.0007897029822134905
0.0005732588934925252
0.0003190756784739996
0.00013099659774311372
0.00021424124027797782
6.408456446988535e-05
1.5119578599314411e-05
0.00011418822401698951
9.85307236798007e-05
1.8818839446096512e-05
1.1951575445687027e-05
2.1412759619661576e-05
9.605004731104121e-05
3.7428641805310743e-06
5.798161900282835e-05
9.484279435261951e-05
0.0001850474346892822
8.585958960299776e-06
5.7883170636828934e-05
9.436298668490072e-05
0.00037690851361246226
5.4316527431830666e-05
0.00022356217317157442
2.7006632159063e-05
2.589203741969692e-05
0.00011360734038727255
5.477773787416995e-05
8.736631315363101e-05
0.00013936174413291792
2.251694753172939e-05
4.9927071401361553e-05
3.452755198127194e-05
0.0001826703396649213
6.21331131960755e-05
6.964457496681496e-05
0.00039952118885466217
8.479246344136076e-05
9.636876829108777e-05
7.173251078543535e-05
0.00035559216241722806
0.00022940618733041684
0.0002197084028783325
0.00015176715844866616
2.309281028628444e-05
2.0308012394283275e-05
3.1029199942333486e-05
0.00036027116050767026
1.628262310695398e-05
0.001191966264840386
0.002747961026314539
9.046308335984422e-05
0.00016052768829831026
5.867809951906511e-05
1.4547525155663544e-05
0.00023946317848114198
2.0353390830126925e-05
2.613820092979545e-05
0.00013298666333195108
0.00015628777408586216
9.517536600061725e-05
3.102527975205261e-05
5.549664376053311e-05
4.5633696185822995e-05
7.63445057333911e-05
5.082722224813181e-05
0.00014503605463742813
2.3908598192352222e-05
2.409706958344413e-05
0.0002045757051715132
0.0003514064042046793
0.00010430026091098749
8.786359120838006e-05
3.847255123187454e-05
4.15675684631602e-05
4.4362760635759226e-05
2.8825231284823405e-05
0.0001682335861253281
0.0001792468030932863
0.0006874481611368985
3.824068492995883e-05
0.0001748727919853295
0.0001241632900054138
2.7489811665472156e-05
1.0373286519883198e-05
3.267146088083106e-05
8.263606484526443e-05
5.3675026438523026e-05
2.1151246405445667e-06
0.00015148923070955336
0.002781646677809896
3.7428641805310743e-06
4.149314607953279e-05
1.6920997124356534e-05
1.776074330459414e-05
2.4204335213060798e-05
6.219515830665644e-05
2.1151246405445667e-06
1.4560260581723408e-05
1.2394304492295497e-05
5.0084760601748695e-05
1.8714320902655371e-06
0.0002009529665936979
0.00014161701348422027
0.000115123371183465
6.264223552825163e-05
5.1496960644019454e-05
0.0003216757520552471
0.0008284069487031905
7.691630177204616e-05
1.8805492910746735e-05
2.6457416746142503e-05
1.4938166259743726e-05
3.068465497509052e-05
8.26054700324561e-05
3.78015743445768e-05
0.00017882599673395394
3.480912183120471e-05
5.532379250972235e-05
0.00010904331857173588
5.2447735612347546e-05
0.000296954751479449
4.501893888563168e-05
3.0373068992164977e-05
5.773017275164714e-05
3.983112967109378e-05
0.0003413506223352606
0.00019372746872232735
3.1746141750591866e-05
5.209160226956628e-05
0.00022870131337134717
3.988004120606746e-05
6.570003609363044e-05
2.7887590542762117e-05
8.231716906100989e-05
2.99664342137245e-05
0.00027304006593265956
2.0327158541728974e-05
2.0233552920134148e-05
2.8398874126169473e-05
6.819275296428013e-05
6.71424237953702e-06
6.9202349485373894e-06
0.0002775741544915459
7.744284122418788e-05
7.782576043447482e-05
4.6611484591703704e-05
2.3525396648663105e-05
8.337751389721624e-05
1.1072375917659824e-05
2.2623326565932462e-05
3.522262360192205e-05
5.953220043899728e-05
1.7217026949173244e-05
0.00013598392273937406
6.9202349485373894e-06
6.667928767159771e-05
3.588961216084535e-05
5.7361280737501614e-05
1.61580647998459e-05
5.186643259941599e-06
0.0002099908820936043
1.1957980966388043e-05
1.3346905533246457e-05
2.659214180192211e-05
2.4744288619634396e-05
1.8714320902655371e-06
2.2745738317881462e-05
3.521886513239162e-05
7.431062458634641e-05
8.022127093320434e-05
2.4630131058417133e-05
2.7161177729352116e-05
3.787222165448261e-05
3.510064064562446e-05
0.000117989443999735
4.938116713752448e-05
6.94991275421399e-05
3.78162569625921e-05
5.375166818256836e-05
9.258541956539458e-05
4.413650452215958e-05
3.589592586088343e-05
2.4857630519750515e-05
9.688328927952346e-06
6.557135837168301e-05
6.47984746091714e-05
3.30527210147168e-05
3.188290256911886e-05
3.4577621732944e-06
4.6637768963217565e-05
0.0001597889510155158
0.00010903192092426913
6.228992217507613e-05
0.00012526520262046714
7.06986526944324e-05
3.077746739306975e-05
0.0001767735468750544
2.7980198535952394e-05
7.466803159701928e-05
0.00011499645184824446
8.059796824936746e-05
7.963355292971784e-05
2.6101489292058763e-05
0.00045639269498406424
0.00014629555694563738
5.4170922737690664e-05
9.138123469118806e-05
4.91448191036857e-05
0.00017552052390641163
0.0007355711592191638
3.0281538700488416e-05
7.123686790544423e-05
0.000580019414147928
3.8072243529802204e-05
1.2690747843267398e-05
0.0011880669098909735
0.00013183990361335663
7.358945449803319e-05
3.3973941357354624e-05
4.572491474933621e-05
4.874938863493114e-05
2.9662514610762723e-05
3.4577621732944e-06
0.00010730356152361152
9.267275356953153e-05
5.676989646058298e-05
4.797932351369293e-05
1.8171485598196866e-05
2.6812643033830014e-05
1.549288061536937e-05
3.642557059749098e-05
1.278486927288099e-05
3.832683527544164e-05
4.127943830262309e-05
0.00021039566409269955
2.939645138694073e-05
4.8259500275348796e-05
0.0003940904871833473
2.8126268507025216e-05
0.0001258775063483872
0.0005260166883688566
0.00020033904240699483
5.233700284378065e-05
1.956371722176662e-05
3.574742311316585e-05
1.7121157358635973e-05
2.241867164757671e-05
3.1942677708431244e-05
8.1458656568674e-05
2.1151246405445667e-06
0.00012906718624202505
2.0125724249386803e-05
0.0007648170765000216
8.891733320196591e-05
9.984738678302646e-05
0.00018041992499295164
0.00014897951833069692
5.749259457165403e-05
5.614296270796611e-06
7.139411837108232e-05
3.0788122947575403e-05
8.911131218209021e-06
1.885277213827705e-05
8.275809197598005e-05
2.999387589310353e-05
2.003390424069948e-05
2.4545057111956457e-05
3.946638980810301e-05
7.722946379822109e-05
2.661310459553578e-05
1.5683896775296825e-05
8.417667175469438e-05
0.00010277616581252794
0.00010231570420607077
0.0001551119243479205
2.667670270478862e-05
1.9472142291206625e-05
2.272936757654751e-05
7.206454744285203e-05
3.5366342032598966e-05
3.1748248446159894e-05
1.2340732519246837e-05
2.327189995675011e-05
2.5213986561370315e-05
9.0890223148233e-05
1.5059337340754624e-05
1.5283124103433563e-05
1.8380239275278773e-05
2.7225826845510376e-05
4.394330227419293e-05
1.4525182513334889e-05
5.249942054852694e-05
0.0001216748800217422
0.00010952896976772405
6.808679303125729e-05
0.00015908192025881
0.00014689867143496014
2.3763016581890726e-05
2.4788608984590993e-05
2.090227750211792e-05
0.00022647129175197225
0.00010554026391981823
5.973597071446271e-05
2.3057781381831786e-05
1.0920195436292557e-05
2.7893892300199524e-05
2.3909849471311663e-05
0.0004449440317525305
5.6509092756255134e-05
3.2326560219748e-05
2.134429955877658e-05
2.9376362950465108e-05
2.8329433834406702e-05
4.3569599032962485e-05
5.0863553307021576e-05
4.857174775719954e-05
0.00017370882263304503
0.00016977202810630133
9.677204486581133e-05
2.7091245720861486e-05
8.891733320196591e-05
9.379639760360585e-05
1.489795183306969e-05
0.00010711670796344635
0.00016613188347386557
4.738281508353799e-05
0.00038228506595239605
2.209374428577655e-05
7.87868260189196e-05
2.6358448687344502e-05
0.00022600130039576431
3.154894182079051e-05
0.00012204980264553898
7.18710248439703e-05
4.9474677434678457e-05
1.4971456722124297e-05
2.607141570787196e-05
3.620130668173688e-05
2.1151246405445667e-06
8.316491094025516e-05
6.379575781716982e-05
2.1151246405445667e-06
3.7428641805310743e-06
2.1151246405445667e-06
0.0014058007723048048
2.1151246405445667e-06
4.833495117899399e-05
3.3978493786500816e-05
2.7767595675665444e-05
3.7428641805310743e-06
2.609044432877641e-05
0.00019580365591221306
2.77394816371944e-05
3.075046946011975e-05
6.697597307861461e-05
6.727020904405949e-05
1.7904646345432057e-05
0.00032099208171494707
1.3617358606251456e-05
2.262467628528587e-05
7.615591944341002e-05
3.371663067395454e-05
4.7980682352452236e-05
2.739778977535464e-05
2.3759580440141854e-05
7.481472240343977e-05
2.6240557106190782e-05
4.2603546131672056e-05
5.960441890570389e-05
6.895196427016096e-05
2.402675594039273e-05
2.642425791631609e-05
6.534551236935322e-05
4.157386485511412e-05
0.00015230254350555547
7.746440307684685e-06
3.7428641805310743e-06
0.00011080948871950905
2.6858665371961544e-05
4.82537894169053e-05
5.905453817336316e-05
0.00017021224232194164
7.056990903069332e-05
6.499192774161281e-05
2.6443913889008625e-05
0.00023425297375389138
2.418229580884052e-05
7.700995304484974e-05
0.00018902314981046272
3.270497513038347e-05
7.004088047612067e-05
6.263229354208534e-05
1.619904527089564e-05
8.220951317424444e-05
0.00018435789847830018
5.09062090482825e-05
6.343901705268006e-05
1.1635949978375056e-05
2.279897193281452e-05
4.204865250547423e-05
0.00016312820028586278
7.690099879937465e-05
0.00016759990616504336
0.00015958244017071443
2.3783530319459993e-05
9.393527922978735e-05
2.8216284562681736e-05
7.583635757554811e-05
6.237959198305865e-05
3.297585792114617e-05
1.6622208536793066e-05
4.2998792984488245e-05
0.00017109012344837025
3.351972840901563e-05
5.3193578700178466e-05
9.831407981057702e-05
0.0002515150125078082
6.51095815994603e-06
2.1151246405445667e-06
5.582038881210584e-05
4.0029862527156535e-05
3.7428641805310743e-06
2.1151246405445667e-06
6.197152246147748e-06
7.51417264098229e-05
4.8741493693768856e-05
4.961218128850896e-05
8.791979942572889e-05
2.1151246405445667e-06
2.4129750137674398e-05
2.0390443931135548e-05
4.662641823576979e-05
3.7428641805310743e-06
3.1598482323145045e-05
3.095110950554078e-05
8.868474626640232e-05
1.678560594884255e-05
3.669961877191444e-05
1.489795183306969e-05
7.102731649422907e-05
7.1962163969776e-05
4.555659267874755e-05
2.9282463613976282e-05
1.8564614433607723e-05
6.31376557023177e-05
3.742864180531075e-05
0.0005517802437223387
2.6161883351405995e-05
4.622844282192348e-05
7.23146374468001e-05
0.00021978098135025137
4.0122425416617094e-05
0.00013235147500180154
5.520703663061419e-05
0.00012932368839857613
3.28307834952769e-05
3.021444184125512e-05
4.146301572837892e-05
8.606075827570057e-05
3.1402201706268396e-05
1.0575623202722833e-05
2.8245204587845425e-05
0.00013287217379038678
2.1151246405445667e-06
2.1151246405445667e-06
2.1151246405445667e-06
4.230249281089133e-06
2.7176128577435674e-05
1.1173463874802268e-05
2.8440237080700834e-05
2.6164794722369156e-05
2.887764958422983e-05
0.00010082996929801117
1.4397521272454646e-05
2.6856752065257037e-05
7.746440307684685e-06
5.385496051069493e-05
7.347025085917503e-05
8.911131218209021e-06
1.380473849272541e-05
2.6905497891445555e-05
1.6204260658045406e-05
2.492904950990164e-05
2.1151246405445667e-06
3.76342800433565e-05
2.1151246405445667e-06
4.0736802241328447e-05
7.054812558648562e-05
7.638223519721324e-05
1.1801417790351684e-05
1.7817535714335928e-05
9.634833986203663e-05
7.916097417968788e-05
3.0207376989646407e-05
9.831155037641622e-05
3.6717835947363456e-05
8.270471272948237e-05
3.232068619177158e-05
1.9819608599549996e-05
1.9376657855904692e-05
7.389610990879719e-05
8.947146195280364e-05
5.305680413481477e-05
6.342147482360809e-05
2.703010043294182e-05
0.00016292956572021451
6.271964569405518e-05
7.021397449631623e-05
3.302805837938952e-05
2.4855368027939895e-05
2.3765136318320442e-05
7.947591163141189e-05
0.00011669148909607383
6.478366016860599e-05
4.230249281089133e-06
3.395440562126027e-05
5.186643259941599e-06
2.311742961743532e-05
3.387030835087023e-05
2.5393297104882223e-05
5.370550130999334e-06
1.342848475907404e-05
6.488562152575892e-05
6.685879196814237e-05
9.40748201175915e-05
6.171108785028076e-06
0.00011205611957980264
0.00034672045657570765
3.437271990960704e-05
2.970377072736341e-06
5.806793514804065e-05
3.5308734088465655e-05
6.461699665865892e-05
2.9373746262568767e-05
2.6325123173033472e-05
6.68425752144373e-05
1.241495986089141e-05
3.4907381978637715e-05
2.2389205776677814e-05
3.165811473529607e-05
5.978887380253881e-05
0.00013140721713828188
2.3476344749313112e-05
3.403399360344644e-05
2.3106462057013153e-05
2.7778836218358952e-05
5.940754145472682e-06
0.00013886502777835173
7.347025085917503e-05
2.3231038333404544e-05
3.4209025497306e-05
7.140922669231368e-05
6.568667858163248e-05
0.0003027348777986178
3.878649992791685e-05
8.44379501177754e-05
9.001102371926797e-05
9.290191718987117e-05
1.9669029650586142e-05
9.999759224806367e-05
2.6277148859805385e-05
7.280455049266364e-05
2.6394026099342246e-05
1.6631609079899008e-05
2.6000579426348073e-05
2.2794690884794943e-05
2.987446718221438e-05
6.800564985458527e-05
0.00014294919421862641
1.4560260581723408e-05
7.323904647559492e-05
1.0263189954856037e-05
1.8714320902655371e-06
8.178820241572474e-05
2.7885294584853274e-05
5.186643259941599e-06
2.1151246405445667e-06
2.1151246405445667e-06
1.943885432507477e-05
8.437136801414392e-05
7.005917001255551e-05
2.4858561230532156e-05
1.0263189954856037e-05
4.343149346823608e-05
0.00010579828059589875
3.0125805071315996e-05
3.028560887591499e-05
5.629965460059858e-05
0.00014828533035381552
5.8023244545117415e-05
0.00015073472879935547
0.00011668596737736898
1.5666422593400667e-05
1.9850242516899332e-05
0.0003896445656367531
1.859145673844324e-05
1.2083737794748499e-05
4.230249281089133e-06
4.335049725349739e-05
2.1151246405445667e-06
2.1151246405445667e-06
7.195381646123608e-05
0.0001578210701272748
6.895953456219287e-05
6.350952875380308e-05
1.1072375917659824e-05
7.746440307684685e-06
5.186643259941599e-06
2.261938409817406e-05
5.703189194655871e-05
0.00012305179853580936
1.3346905533246457e-05
3.419802846188751e-05
5.4052752566520904e-05
8.769300351479585e-05
2.1628540508586307e-05
2.8450976672193902e-05
3.361681400649588e-05
2.413154833699463e-05
0.00011604165344301764
5.5256684886770765e-05
1.7369341386171264e-05
1.278486927288099e-05
8.048304510389404e-05
4.271867825325976e-05
9.410171329302158e-05
5.9350577355014565e-05
7.05422198623197e-05
9.095836262852801e-05
4.172873094569227e-05
1.5756261233588533e-05
8.482735131708346e-05
0.00012198533339551635
5.872150380561854e-05
0.00012525376783533123
1.1750359601321166e-05
6.806456711377593e-05
3.998313025973807e-05
0.00016697308802134515
9.529196881574455e-05
0.0001329697323673954
0.00011932109390655436
3.4849599789806476e-05
2.214608432463915e-05
3.3524768334241045e-05
5.186643259941599e-06
0.00016602259154308726
0.00020059349555126782
2.589383149835914e-05
0.00011853072080574267
1.783218907405204e-05
2.002642639683917e-05
1.3575274974770899e-05
8.585958960299776e-06
5.249942054852694e-05
1.0989449824708038e-05
2.5617269792461943e-05
2.094544161952685e-05
3.121954436497755e-05
2.214608432463915e-05
7.770221633631854e-05
7.143652606406533e-05
3.2169946344229925e-05
5.44101803986192e-05
7.746440307684685e-06
4.815727555413355e-05
3.198353413616665e-05
1.2083737794748499e-05
1.6021141117471337e-05
9.498404878167467e-06
0.0001475921812110187
6.51095815994603e-06
2.9763982918274895e-05
2.4279247912348666e-05
1.847707122610575e-05
0.00025725084096703445
8.904608488180529e-06
1.943885432507477e-05
3.49980224569382e-05
7.873587177251583e-05
8.952323172716028e-05
2.003390424069948e-05
3.1569899776036585e-05
0.00021850329355168878
5.9457629785110005e-05
7.982481075999141e-05
8.487172307904002e-05
3.098358294175623e-05
3.129482119116384e-05
2.1405177287513997e-05
0.00010309709999597235
3.11770702122125e-05
9.595474773205616e-05
3.308253101417895e-05
7.861490095634229e-05
5.4725567201985794e-05
5.570968984998874e-05
2.222728586248879e-05
1.7288810866472e-06
5.707931798422694e-05
1.924255953142892e-05
3.236071223427417e-05
1.2083737794748499e-05
0.00016199035532584423
7.482433729772107e-05
4.2536184227369194e-05
1.9819608599549996e-05
7.635198028898593e-05
2.7786011669860978e-05
7.461753311110456e-05
5.2001158852696146e-05
6.197152246147748e-06
2.2806445714349992e-05
2.948259199778321e-05
3.683491097322243e-05
1.5119578599314411e-05
7.746440307684685e-06
3.2993407262992496e-05
7.499916916768755e-05
0.00011973534050684843
0.0001402924333278106
2.336186514153531e-05
2.8344238180615583e-05
2.7113483179609065e-05
2.678917044965291e-05
5.186643259941599e-06
4.995443149189143e-05
2.6111910225158146e-05
3.573403899626537e-05
3.859102590459014e-05
1.001695212034974e-05
2.4511245491252624e-05
4.179034023032832e-05
3.82000784719917e-05
2.6388791087370086e-05
0.00023111392416255372
1.78096408443065e-05
2.6003194785333155e-05
2.512991967841665e-05
1.8714320902655371e-06
1.2083737794748499e-05
1.6066773621980714e-05
1.6990447375662047e-05
2.7310860774132335e-05
1.5671244092288943e-05
7.632521561297595e-06
5.283056579929899e-05
2.946233135109175e-05
2.1151246405445667e-06
2.191633477454524e-05
8.954806976148025e-05
3.062510011512315e-05
4.09109360102185e-05
3.203150504130837e-05
2.685275065499667e-06
2.1151246405445667e-06
6.988951568412326e-05
1.3346905533246457e-05
4.500538890779244e-05
2.5613541408814496e-05
2.0446370718038807e-05
1.2959236216716513e-05
2.6289767347148434e-05
6.345373921633699e-06
1.03732865198832e-05
6.643228626501037e-05
2.835794574538234e-05
2.7520058278534455e-05
1.859145673844324e-05
1.6548335232489732e-05
4.9210232380449456e-05
6.073775538297596e-05
4.503967931041391e-05
5.8018848936045125e-05
5.485294003259246e-05
2.973015721164253e-05
1.7263440179147222e-05
5.7579174507166284e-05
1.6746203342970136e-05
3.710103801121754e-05
3.5180146807455114e-05
6.53554380927234e-05
2.509540300788643e-05
4.366953867654852e-05
1.9548463397150943e-05
3.3140490703919865e-05
2.1635932615644754e-05
3.1237575508383726e-05
3.57295915401636e-05
5.137891563316283e-05
5.186643259941599e-06
4.943284703613479e-05
4.3879483458409046e-05
2.2227389855258586e-05
1.815647814166861e-05
1.3656455846980549e-05
2.6314795645434583e-05
2.7188528576621882e-05
1.4345909682786996e-05
5.1133171853338546e-05
6.0402844702659425e-05
1.0741100261998667e-05
3.8570078244896346e-05
5.820373013251487e-05
4.9505864900903604e-05
2.9314060366638782e-05
5.186643259941599e-06
2.2932526899758606e-05
7.492969075960746e-05
2.9263254395622373e-05
2.947929210089129e-05
6.197152246147748e-06
3.4577621732944e-06
3.19445057607014e-05
3.0402322538350355e-05
2.4858561230532156e-05
3.625137143549585e-05
7.102103833104358e-05
3.021343041978869e-05
2.0294871943554586e-05
2.1151246405445667e-06
6.816865095036143e-05
8.055120952328724e-05
2.024204950498208e-05
1.06857054879384e-05
2.370205003339936e-05
6.0402844702659425e-05
1.3187339789649645e-05
5.186643259941599e-06
7.632521561297595e-06
2.8859676981447405e-05
3.4226256172180074e-05
2.9874928741882586e-05
7.36516901177369e-05
6.3604346344146635e-06
9.410378156028416e-05
3.801299538997482e-05
2.7210190980207674e-05
3.4577621732944e-06
1.3684253273141381e-05
5.186643259941599e-06
3.256119460562445e-05
7.359142958561795e-05
9.398462729248833e-06
1.1448782341946395e-05
6.9155243465888e-06
9.425460179703818e-05
1.2083737794748499e-05
3.0390825633166492e-05
1.470963131776865e-05
5.5603460093699036e-05
1.9532874479838093e-05
6.146387693390148e-05
6.60075179861608e-05
1.19098638467212e-05
2.9202157292833844e-05
0.00041673349033726745
0.00010159466459219407
1.912787957704933e-05
2.1151246405445667e-06
5.186643259941599e-06
1.5559929779824795e-05
1.1228592541593222e-05
1.1228592541593222e-05
4.230249281089133e-06
6.104496617961951e-05
3.1594554644001845e-05
7.311224054065327e-05
3.858219181118899e-05
4.746394129265671e-05
1.4419027005724204e-05
6.526012323929665e-05
9.529297372684035e-05
1.0920195436292557e-05
0.00010162597767072962
2.143849046928075e-05
2.088952818012652e-05
1.0741100261998667e-05
7.615554932039765e-05
1.522115395766594e-05
5.594390168920373e-05
2.195167558782245e-05
1.6891485177037782e-05
8.911131218209021e-06
3.7705564571485786e-05
2.970012505059453e-05
0.00010726221672751127
1.4851885363681702e-05
7.273773552077397e-05
7.425942681840851e-06
2.1113800556034905e-05
2.8058890584898127e-05
1.5434907927022134e-05
3.153261760216681e-05
4.933362828967758e-05
2.488565922252571e-05
2.3134489757343597e-05
1.8278337157610702e-05
1.522115395766594e-05
2.9988061126397768e-05
7.060286494629464e-05
0.00010596096181850167
5.31842709945612e-05
6.299442988601058e-05
5.731775059516728e-05
2.9202157292833844e-05
0.00010317195107130112
1.001695212034974e-05
6.52517604435654e-05
2.380493898700557e-05
3.0281538700488416e-05
2.613820092979545e-05
3.63507241603032e-05
2.8789587253583142e-05
6.952086082734148e-05
2.6748283611078062e-05
5.170660743787371e-05
6.197152246147748e-06
2.492904950990164e-05
0.00013019325339524513
5.587625175809225e-06
2.1151246405445667e-06
2.1151246405445667e-06
3.0669646832976206e-05
3.255479079973015e-06
2.2128152703274954e-05
3.0651306222974036e-05
1.902368674202156e-05
1.001695212034974e-05
6.676871632290028e-05
5.4771628183619795e-05
5.186643259941599e-06
3.318287004675911e-05
5.031386267226351e-05
2.8315760246974883e-05
0.0001721368313100385
3.7428641805310743e-06
1.816915937968367e-05
2.850927216485071e-05
3.6016357396039706e-05
2.408082956600831e-05
9.195391866892211e-05
0.00011025667648681932
7.937062111539973e-05
9.871435827403882e-05
4.455258261402969e-05
1.9898601363973665e-05
3.270483983434963e-05
5.774734247639292e-05
9.529113882000347e-05
8.982137949002689e-05
3.275790352427125e-05
3.0225878912421622e-05
5.942833523254995e-06
1.8003320834147857e-05
8.826746387163644e-05
3.300206296904944e-05
2.2091681088895907e-05
6.381794512729278e-05
2.466393415457226e-05
7.646927100274232e-05
9.121950871428017e-05
0.00024050350729139648
7.352307107142532e-05
2.1303510846091874e-05
2.370205003339936e-05
2.133257496035427e-05
8.304281938244866e-06
0.00010426545118048383
1.4805872483811965e-05
0.00010816323353732036
6.197152246147748e-06
5.254935355029502e-05
2.1151246405445667e-06
8.911131218209021e-06
3.8706893532446104e-05
0.00014553648119514548
6.354981103393936e-05
0.00011467089046453487
7.516065533384592e-05
6.427605875199542e-05
1.7217026949173244e-05
2.2826656428330598e-05
2.1131301079200757e-05
2.5086618698024403e-05
1.49093347001726e-05
2.565353644761105e-05
4.230249281089133e-06
2.2457185083186443e-05
0.00024040408633255533
0.00014739646050445648
2.3555232277253577e-05
2.2554818540296973e-05
4.809728344424359e-05
2.7661853542917845e-05
1.3346905533246457e-05
2.5853303718936856e-05
0.00011722182722000633
4.924568367618256e-05
3.332674196610485e-05
3.508186789847303e-05
3.184729079411726e-05
9.921443766365405e-05
3.461460327444761e-05
1.967080594041081e-05
2.269559767708576e-05
4.95687618951916e-05
4.911613270233075e-05
7.692614877295627e-06
4.230249281089133e-06
7.4857283610621485e-06
6.922175334968161e-05
3.8753315711809384e-05
0.00012257781636301253
5.960431892542694e-05
2.5834672387935257e-05
3.645323767607641e-05
6.9202349485373894e-06
3.512186228816434e-05
3.851961869465527e-05
0.00011462484069494131
1.997212595583547e-05
5.822525458495496e-05
0.00047009946970060916
2.8892501473715754e-05
0.00023866593365786247
3.796002202181177e-05
2.763390598025147e-05
4.257645578448613e-05
3.521886513239162e-05
3.255479079973015e-06
2.1151246405445667e-06
7.736083880302634e-05
5.160454406190432e-05
2.808792597895348e-05
0.00010989974928216114
2.9603699046161513e-05
6.090086134808187e-05
4.615912008422308e-05
0.00013114922913832377
3.629849739594459e-05
1.8714320902655371e-06
2.465908325685421e-05
0.00011118142285745618
2.1455914356081827e-05
2.328611357809011e-05
3.3289762396753184e-05
1.924255953142892e-05
1.9850242516899332e-05
1.2793489584035272e-05
1.06857054879384e-05
0.00014388664082631193
2.1833127972022247e-05
3.7372638977298984e-05
1.06857054879384e-05
7.530782388958659e-05
2.1971651137096464e-05
1.9600419069062125e-05
8.055751768957612e-05
1.6120555369052197e-05
4.230249281089133e-06
6.345373921633699e-06
2.1151246405445667e-06
1.1228592541593222e-05
6.345373921633699e-06
1.5559929779824795e-05
3.5230838237006384e-05
5.810086257562709e-05
2.1151246405445667e-06
9.185470896504439e-05
1.3824825092570532e-05
3.919526851592097e-05
1.6454310025662452e-05
2.07838089189907e-05
2.4842716159960053e-05
1.850879293230413e-05
1.9259704099394846e-05
6.242834753961371e-05
1.4154120892378558e-05
0.00011759756014364037
3.863652943733013e-05
5.1100014851130954e-05
2.5474993590851878e-05
2.2346927749604536e-05
0.00014075173986708754
1.3346905533246457e-05
2.0687860368657863e-05
2.331511995264867e-05
4.0966208748755566e-05
4.144118204603656e-05
0.00024054618442848622
2.1576697849747432e-05
3.4577621732944e-06
3.261816870711751e-05
2.513725635005743e-05
1.8857267636577616e-05
2.5742130832606324e-05
6.87891144329522e-05
3.347773068966656e-05
0.00010199159767297473
3.2156347571169174e-05
2.9118675556162783e-05
2.43647239334435e-05
7.087078045505685e-05
2.932794314051071e-05
2.9034040197366262e-05
2.595909332221285e-05
8.311104268396533e-06
3.9506345495897067e-05
7.162053975940633e-05
8.460498562178267e-06
1.4971456722124297e-05
1.6277395399865078e-05
2.803886281798919e-05
1.6723133967742162e-05
9.498404878167467e-06
3.154955724703247e-05
2.379583554536178e-05
2.870924318567872e-05
1.0799363513930428e-05
3.4268072288749976e-05
3.701518361174976e-05
8.688020550294559e-05
1.582400813788614e-05
4.230249281089133e-06
7.301688968387884e-05
1.5694036526497473e-05
8.6075458096722e-06
6.3604346344146635e-06
2.5326479427898014e-05
2.3127889879813677e-05
3.218817530063815e-05
4.2381954298631416e-05
6.504652641354134e-05
1.001695212034974e-05
1.771686745971132e-05
6.0034459296165806e-05
2.550132943536046e-05
6.371417765873267e-06
2.4135837096767505e-05
6.878103624128937e-05
1.596496215199828e-05
4.694223178674576e-05
2.4605116190224728e-05
1.870110052659271e-05
6.824117510437584e-05
8.662075688179516e-05
2.2949479023632562e-05
6.260041985971746e-05
6.755084259518818e-05
4.651115109071597e-05
1.8048142005472093e-05
3.8805059461629724e-05
4.494594229012889e-05
7.47999384155688e-05
1.5440801070316517e-05
8.246414625727214e-05
2.6331923569323784e-05
5.5653119188460124e-05
1.044476409006326e-05
1.208839480717884e-05
1.732225034169758e-05
1.2950369389386424e-05
2.633804994840254e-05
4.292979480149888e-06
4.230249281089133e-06
4.230249281089133e-06
2.1151246405445667e-06
3.7428641805310743e-06
0.0007577192650123129
2.1151246405445667e-06
2.1151246405445667e-06
2.1151246405445667e-06
3.0130490491780656e-05
6.709193336753399e-05
3.7428641805310743e-06
2.20966933593818e-05
9.915923286963722e-05
4.708210957949241e-05
0.00010305246798288206
0.00011600606251394781
3.1402201706268396e-05
5.748048142582999e-05
2.5668249512291883e-05
3.723833994718632e-05
0.0001031606883976383
5.723972640199852e-06
3.7250834505394838e-06
6.71424237953702e-06
4.266369006011885e-05
7.771479641151927e-05
3.129482119116384e-05
4.880111937267028e-05
6.5279775562895365e-06
3.584936061865725e-05
3.097288947931962e-05
0.00010420924205185917
8.304281938244866e-06
1.208839480717884e-05
5.245062149101906e-05
1.9755181567656892e-05
1.8319921067303423e-05
2.9838555662082408e-05
2.1151246405445667e-06
0.00011399180281875055
0.00012121484935352044
9.727115287856954e-06
1.0203696270678717e-05
8.949267252235295e-05
2.0165993859602232e-05
2.7489811665472156e-05
1.6484174737062053e-05
7.11450548960514e-05
4.6900887829440765e-05
2.9931304429613403e-05
2.890403252141581e-05
0.00024176995984970988
1.3187339789649645e-05
2.7769918108650392e-05
5.2790771839915116e-05
5.6882809394645445e-05
6.670968971095839e-05
8.54856439035072e-05
2.4497042822450605e-05
1.6139914004689546e-05
2.6854315209261227e-05
3.7954306593176475e-05
3.1352144259361144e-05
4.6932426696720136e-05
1.6204260658045406e-05
1.2133550484769507e-05
4.333143229658761e-05
2.3555232277253577e-05
8.304281938244866e-06
1.2712506261755453e-05
7.765976813497611e-05
2.1297738065197876e-05
1.850879293230413e-05
1.496705153715167e-05
1.8171485598196866e-05
2.5278785858516036e-05
8.055825196499e-06
5.940754145472682e-06
1.044476409006326e-05
2.4267100969539014e-05
2.0700011371965752e-05
1.7960461844582005e-05
7.141010642728804e-05
2.9140456477992777e-05
2.890403252141581e-05
5.536187958829912e-06
2.37362307317968e-05
2.4325756616071084e-05
2.1151246405445667e-06
3.641208397034984e-05
3.482856731389519e-05
2.2527227658523905e-05
5.927263322244772e-05
4.724092649419587e-05
3.625582745916416e-05
2.4077084561429795e-05
1.594630186200986e-05
9.834514825293071e-06
2.1499485430749863e-05
1.9225369340965604e-05
1.6312820028586273e-05
3.1995497604649096e-05
0.00011462485460072448
1.9306391104571354e-05
5.186643259941599e-06
1.4560260581723408e-05
1.328765059478349e-05
3.4179241964656955e-05
0.000130885957611152
4.2998970861499725e-05
3.7428641805310743e-06
6.146387693390148e-05
1.0467400568756131e-05
8.055825196499e-06
2.1151246405445667e-06
2.1151246405445667e-06
2.1151246405445667e-06
2.6581511216556322e-05
8.690471902623987e-06
8.352298070433551e-05
2.6127491557195453e-05
2.6369952857217172e-05
3.415431264845678e-05
9.890504842237234e-06
1.1173463874802268e-05
7.448975916534845e-06
3.399719922432491e-05
2.4424564384393304e-05
2.49445500000703e-05
8.304281938244866e-06
1.776074330459414e-05
2.5280938789501285e-05
1.6590439481683805e-05
2.614015878443758e-05
2.8688995614780517e-05
4.6191806211636146e-05
1.549288061536937e-05
6.207479930445705e-06
2.3031927697624714e-05
2.2968825086342362e-05
9.890504842237234e-06
3.852959912729814e-05
2.398987815584284e-05
2.5995490589826336e-05
7.261300563918238e-05
8.460498562178267e-06
2.661310459553578e-05
2.428700911267878e-05
3.330622626477545e-05
1.241495986089141e-05
2.3958183370364882e-05
4.64786418461081e-06
3.7428641805310743e-06
2.488565922252571e-05
2.4694128748309825e-05
3.3441870335672246e-05
9.078239070834305e-06
2.7773005555670344e-05
1.710483428576249e-05
1.429367270755599e-05
2.1040667534754264e-05
2.524222186909906e-05
1.6423037696817556e-05
3.640065145430852e-05
1.9714004698594356e-05
2.1139750616480988e-05
2.726273413857491e-05
3.6764609545039906e-05
8.952323172716029e-06
1.6990447375662047e-05
3.351755129279421e-05
0.00013568107727374116
4.7819698942623326e-05
3.511481540314857e-05
5.335300289557831e-05
3.39213772119845e-05
1.9420023843555088e-05
4.888030831954509e-05
2.2930262409144834e-05
2.1751241076715633e-05
2.1151246405445667e-06
2.534934811767815e-05
1.727829967343066e-05
1.777653752504952e-05
2.618925996253191e-05
1.4585473607513865e-05
3.094283499228185e-05
7.425942681840851e-06
1.6204260658045406e-05
3.2633942652035515e-05
1.7288810866472e-06
2.9660886612978233e-05
3.295824279856321e-05
3.23161295996918e-05
3.1500017305165276e-05
3.137377693224537e-05
1.554599780329712e-05
2.6871194959653724e-05
6.006713940085475e-05
1.671867520299822e-05
2.650851450111828e-05
2.5425012523510906e-05
9.719427162537385e-06
2.9224802152254722e-05
1.8168288201889e-05
5.9460160263211295e-05
3.181640154434991e-05
4.6095423657866084e-05
6.054838716431571e-05
6.51095815994603e-06
5.910867909994378e-05
1.0893886885001166e-05
1.6648471223621996e-05
1.6289591167992257e-05
3.033188657073938e-05
3.416323707830922e-05
3.374418163446253e-05
3.553625443429551e-05
3.189059010977021e-05
5.986692000016872e-05
1.9669029650586142e-05
9.986062977917735e-06
1.3909576981897424e-05
1.4751772237939605e-05
2.8229166816735898e-05
3.9199292221912096e-05
3.9530964500933624e-05
1.8229793240301082e-05
1.3840469897074779e-05
2.4971202556456768e-05
2.895527214614423e-05
3.1848839103430345e-05
1.8682064702003665e-05
2.1453009035258052e-05
2.3173324017788677e-05
2.5095454500114755e-05
2.210793536110056e-05
0.000196765361453874
9.59330790759921e-05
1.470963131776865e-05
5.614296270796611e-06
7.433320726852146e-05
1.2690747843267398e-05
2.391660719100797e-05
1.3617358606251456e-05
2.0906095027850338e-05
3.9854686089391397e-05
1.1873006097709333e-05
6.368638955018586e-05
3.4577621732944e-06
2.8392758321170305e-05
1.3187339789649645e-05
1.6590439481683805e-05
5.940754145472682e-06
3.353533500104109e-05
4.0190888023128325e-05
2.083478804279243e-05
1.1448782341946395e-05
1.3130217694657109e-05
2.6862119942808498e-05
2.865621365018112e-05
2.4636039782427633e-05
1.4375534293351165e-05
2.1840390872585113e-05
2.1534064743766637e-05
1.960118859381008e-05
1.3656455846980549e-05
1.7960461844582005e-05
3.0778199397966314e-05
3.572928346764367e-05
2.6679862095045707e-05
2.880904083840186e-05
3.16142647842065e-05
2.890033150233159e-05
2.4368406960888875e-05
2.7091245720861486e-05
3.166438967187515e-05
2.9854070593937755e-05
3.1333131104506096e-05
2.6887020463992942e-05
2.1316440264262554e-05
2.333050582451719e-05
8.585958960299776e-06
2.420923823425356e-05
3.5688527425349815e-05
5.940754145472682e-06
1.7860411891756635e-05
3.293059064905457e-05
1.4345909682786996e-05
6.842126636570691e-06
2.1151246405445667e-06
6.197152246147748e-06
2.1151246405445667e-06
2.99664342137245e-05
2.5386230989914405e-05
2.1151246405445667e-06
5.489340002798236e-05
3.4848326348906736e-05
2.1151246405445667e-06
2.1151246405445667e-06
2.1151246405445667e-06
2.1151246405445667e-06
2.1151246405445667e-06
2.8377695097423477e-05
1.7105316591426726e-05
2.0518790676467813e-05
3.2739768866713006e-05
3.514187479699012e-05
2.865621365018112e-05
4.761520597325677e-05
8.639490811144343e-06
2.219276796750833e-05
3.29403781468234e-05
1.6098056711896112e-05
2.4724452479102257e-05
2.0044852358595055e-05
2.8897929406616902e-05
3.769085136124622e-05
1.3165961784661892e-05
2.1151246405445667e-06
6.9202349485373894e-06
2.1151246405445667e-06
3.6262439248321356e-05
2.659431921335859e-05
3.7428641805310743e-06
2.1151246405445667e-06
2.41752987936003e-05
1.3060306707480267e-05
2.1151246405445667e-06
3.4518602258621857e-05
2.8820045912601685e-05
1.4626494486136349e-05
2.5151803696509443e-05
3.256608584585774e-05
1.378350021907037e-05
5.554760022229755e-05
4.917257412646536e-06
2.657530118956698e-05
3.6372147803859955e-05
3.3441870335672246e-05
2.1151246405445667e-06
1.6139914004689546e-05
3.7428641805310743e-06
1.2720869268829327e-05
2.6769429456916647e-05
1.7263440179147222e-05
9.139168578805351e-06
2.4503595660623293e-05
3.115248236490066e-05
3.3341084782887875e-05
3.189787890858491e-05
3.492644056175622e-05
2.314635489134864e-05
2.8245204587845425e-05
1.828562036416543e-05
1.596496215199828e-05
2.3539604685883342e-05
3.4577621732944e-06
1.8682064702003665e-05
2.4837691924572484e-05
3.742864180531075e-05
1.0373286519883198e-05
3.7428641805310743e-06
4.158527901830877e-05
1.0373286519883198e-05
3.4577621732944e-06
5.4549237771901556e-05
0.00011385160696000375
1.5559929779824795e-05
5.614296270796611e-06
1.03732865198832e-05
8.460498562178267e-06
4.230249281089133e-06
1.1072375917659824e-05
2.9830273476638586e-05
8.460498562178267e-06
4.230249281089133e-06
4.230249281089133e-06
4.230249281089133e-06
4.230249281089133e-06
2.1151246405445667e-06
5.186643259941599e-06
8.585958960299776e-06
3.191020601729408e-05
2.1939741729204523e-05
1.2543898833712934e-05
2.8693180452781415e-05
4.637667029228729e-05
7.4857283610621485e-06
4.230249281089133e-06
1.717191792059955e-05
1.7445667614593552e-05
2.7461144562552545e-05
1.568409527066255e-05
3.0331045541061036e-05
2.4081607838847416e-05
1.7089620982328478e-05
9.689753707674133e-05
6.345373921633699e-06
6.345373921633699e-06
2.347924342159441e-05
2.731112943274477e-05
1.5671244092288943e-05
2.1151246405445667e-06
2.1151246405445667e-06
3.490784993512517e-05
2.1151246405445667e-06
7.425942681840851e-06
1.8714320902655371e-06
0.0008861681353350204
1.8714320902655374e-05
2.3902045726983824e-05
1.302191631989206e-05
4.230249281089133e-06
4.230249281089133e-06
4.230249281089133e-06
5.1866432599416e-06
6.345373921633699e-06
6.345373921633699e-06
1.1228592541593222e-05
1.8714320902655371e-06
2.1151246405445667e-06
4.292979480149889e-05
2.1151246405445667e-06
4.230249281089133e-06
0.0002389994299350607
4.230249281089133e-06
8.460498562178267e-06
8.460498562178267e-06
1.7822262436418042e-05
4.230249281089133e-06
7.4857283610621485e-06
1.2543898833712934e-05
2.1151246405445667e-06
2.1151246405445667e-06
1.7960461844582005e-05
2.1151246405445667e-06
2.6852750654996664e-05
8.460498562178267e-06
4.883218619959522e-06
2.2614251474656332e-05
2.0216679375177535e-05
4.946354589369717e-05
1.6853959193000858e-05
1.8714320902655371e-06
2.1151246405445667e-06
8.460498562178267e-06
1.4949837822340095e-05
1.674259285050206e-05
4.230249281089133e-06
4.230249281089133e-06
4.230249281089133e-06
4.230249281089133e-06
2.8974422826803698e-05
2.660105121972052e-05
3.296069977972745e-05
4.230249281089133e-06
4.230249281089133e-06
4.4555656091045106e-06
7.4857283610621485e-06
6.847460093783502e-05
1.3656455846980549e-05
6.51095815994603e-06
2.1151246405445667e-06
5.614296270796611e-06
2.5931954831135016e-05
3.380090276329798e-05
3.7428641805310743e-06
2.1151246405445667e-06
2.8036996955574838e-05
1.5302303661639467e-05
2.1151246405445667e-06
2.1151246405445667e-06
7.4857283610621485e-06
5.5186784348559514e-05
2.1151246405445667e-06
2.1151246405445667e-06
2.1151246405445667e-06
3.7428641805310743e-06
6.51095815994603e-06
4.883218619959522e-06
1.4805872483811965e-05
0.0002685324924068508
2.1151246405445667e-06
1.8714320902655371e-06
3.098576123073874e-06
5.240009852743504e-05
7.632521561297596e-05
1.4805872483811965e-05
2.1151246405445667e-06
2.1151246405445667e-06
1.7822262436418042e-05
3.255479079973015e-06
3.963153849865997e-05
9.29572836922162e-06
3.7428641805310743e-06
1.38310486931776e-05
1.4971456722124297e-05
3.4577621732944e-06
2.1151246405445667e-06
2.1151246405445667e-06
2.1151246405445667e-06
3.7428641805310743e-06
3.255479079973015e-06
2.1151246405445667e-06
2.1151246405445667e-06
5.186643259941599e-06
5.186643259941599e-06
2.1151246405445667e-06
1.8714320902655371e-06
8.585958960299776e-06
0.0001377207329547552
4.853420193907803e-05
2.1151246405445667e-06
2.1151246405445667e-06
3.1334292270189775e-05
1.1228592541593222e-05
8.460498562178267e-06
1.6277395399865076e-06
2.1151246405445667e-06
2.1151246405445667e-06
2.1151246405445667e-06
2.1151246405445667e-06
3.118895926373157e-05
6.345373921633699e-06
3.7428641805310743e-06
6.345373921633699e-06
6.345373921633699e-06
6.345373921633699e-06
0.0003400721555849412
6.345373921633699e-06
1.2690747843267398e-05
1.6111650392998e-05
2.1151246405445667e-06
2.1151246405445667e-06
1.7288810866472e-06
3.098576123073874e-06
2.1151246405445667e-06
5.186643259941599e-06
2.1151246405445667e-06
2.7976938603284895e-05
2.1151246405445667e-06
2.1151246405445667e-06
5.940754145472682e-06
2.1151246405445667e-06
1.2394304492295497e-05
4.230249281089133e-06
2.1151246405445667e-06
2.1151246405445667e-06
1.1228592541593222e-05
4.883218619959522e-06
2.5435625362011266e-05
3.6547970266024684e-05
8.911131218209021e-06
9.139168578805351e-06
3.418052169198171e-05
2.1151246405445667e-06
3.9065748959676185e-05
1.8714320902655371e-06
2.1151246405445667e-06
1.6277395399865076e-06
8.460498562178267e-06
2.1151246405445667e-06
2.1151246405445667e-06
2.1151246405445667e-06
2.1151246405445667e-06
3.4577621732944e-06
2.1151246405445667e-06
2.1151246405445667e-06
2.1151246405445667e-06
7.746440307684685e-06
2.1151246405445667e-06
4.230249281089133e-06
3.7428641805310743e-06
1.8714320902655371e-06
3.4577621732944e-06
2.1151246405445667e-06
2.1151246405445667e-06
1.7288810866472e-06
2.1151246405445667e-06
1.302191631989206e-05
6.345373921633699e-06
6.345373921633699e-06
3.4182530339716654e-05
2.4204335213060798e-05
2.1151246405445667e-06
2.1151246405445667e-06
2.270997750010405e-05
2.1151246405445667e-06
5.186643259941599e-06
5.186643259941599e-06
3.7428641805310743e-06
2.1151246405445667e-06
4.64786418461081e-06
4.230249281089133e-06
4.229019003858487e-05
3.255479079973015e-06
3.7428641805310743e-06
3.7428641805310743e-06
3.326751759222111e-05
8.334454835683321e-06
3.403399360344644e-05
1.001695212034974e-05
2.486797992341106e-05
1.482460771256983e-05
5.186643259941599e-06
2.1151246405445667e-06
2.1151246405445667e-06
2.1151246405445667e-06
1.3055955112579073e-05
1.2083737794748499e-05
2.1151246405445667e-06
2.86797461968892e-05
3.112934676442284e-05
1.57151183970121e-05
1.197353405068484e-05
1.5243252115540126e-05
1.0520333767377132e-05
1.1750359601321166e-05
5.186643259941599e-06
2.275635296342134e-05
4.883218619959522e-06
4.230249281089133e-06
2.1151246405445667e-06
1.2133550484769507e-05
6.97826704583742e-06
2.088952818012652e-05
4.230249281089133e-06
4.230249281089133e-06
2.1151246405445667e-06
2.1151246405445667e-06
2.1151246405445667e-06
2.1151246405445667e-06
2.1151246405445667e-06
1.8714320902655371e-06
8.304281938244866e-06
1.671867520299822e-05
2.1151246405445667e-06
4.230249281089133e-06
2.1151246405445667e-06
2.1151246405445667e-06
1.7288810866472e-06
2.1151246405445667e-06
2.1151246405445667e-06
2.1151246405445667e-06
1.8714320902655371e-06
1.8714320902655371e-06
2.1151246405445667e-06
2.1151246405445667e-06
2.1151246405445667e-06
2.1151246405445667e-06
2.1151246405445667e-06
7.4857283610621485e-06
8.585958960299776e-06
2.1151246405445667e-06
2.1151246405445667e-06
3.7428641805310743e-06
2.1151246405445667e-06
2.1151246405445667e-06
3.7428641805310743e-06
1.7288810866472e-06
4.230249281089133e-06
4.230249281089133e-06
2.1151246405445667e-06
5.186643259941599e-06
2.1151246405445667e-06
1.9898601363973665e-05
2.1151246405445667e-06
2.1151246405445667e-06
7.4857283610621485e-06
2.1151246405445667e-06
1.4851885363681702e-05
4.230249281089133e-06
3.4577621732944e-06
2.1151246405445667e-06
2.1151246405445667e-06
3.7428641805310743e-06
3.7428641805310743e-06
2.1151246405445667e-06
3.7428641805310743e-06
5.723972640199852e-06
2.1151246405445667e-06
2.1151246405445667e-06
1.7702126685527527e-05
2.922075857151092e-05
4.64786418461081e-06
3.4577621732944e-06
1.0373286519883198e-05
4.230249281089133e-06
2.1151246405445667e-06
2.1151246405445667e-06
2.1151246405445667e-06
3.098576123073874e-06
2.1151246405445667e-06
4.230249281089133e-06
2.0194986522701166e-05
2.1151246405445667e-06
2.1151246405445667e-06
8.585958960299776e-06
2.1151246405445667e-06
2.1151246405445667e-06
3.7428641805310743e-06
2.1151246405445667e-06
6.51095815994603e-06
2.1151246405445667e-06
2.1151246405445667e-06
4.64786418461081e-06