0.0007176562075797126
3.5632412472721946e-05
0.000139583638853793
0.0002925829156502042
0.0001648857494579576
2.2657757665249126e-06
5.59434959734618e-06
0.00011571371430616868
0.0007350431046762785
2.237739838938472e-05
0.00012961397920232165
0.0025580589616490197
0.00015860430365674386
2.5148462648462652e-05
0.00012022961314746529
0.00011734554593398089
0.00010838458190618353
5.036231588668426e-05
7.129465274663861e-05
0.0003074362848473453
0.0001237340331926694
0.0010384191745526868
0.0009542417991943587
8.171556483820773e-05
0.00010687044070426327
2.6704637248938873e-05
4.364135282602288e-05
0.00013140965873077018
0.0009014983457199337
0.0001530198898130007
0.0011299414145005539
6.965301619164112e-05
0.00039069249356185116
0.0019708131165238575
0.0006204589413727132
3.417641842968021e-05
2.3058425942125858e-05
2.6784245380015575e-05
0.00022486786177024692
8.297051296070443e-05
0.0001460978284091475
0.0006349436501243943
0.0009960020580803276
8.399973379163364e-05
2.7852487579482855e-05
1.0378386446968433e-05
0.00010424575491773785
0.0010794668478885058
2.7898821531132384e-05
1.735283278917575e-05
7.766645919457467e-05
3.319274219502229e-06
5.5353144001630705e-05
0.0021537841356019808
0.0004642288597461278
1.8200603022751615e-05
0.00015887848644626683
0.00023041652764516025
7.728255781450613e-05
0.00010058876312077369
0.000991119567457278
7.127403627002242e-05
3.8659221082206867e-05
2.0144926354673707e-05
8.708459366449736e-05
0.00010522892229529384
1.6392220176500558e-05
2.0047260561103435e-06
8.795719871240325e-05
3.1103048824013026e-05
1.5925527644907663e-05
4.978911329253343e-06
1.8606484005194425e-05
0.0011887268849234648
1.1969301094781085e-05
7.557296164185421e-05
2.931784619679926e-05
6.251961234325916e-05
3.45661491158083e-05
8.542438984103135e-05
6.859368346435567e-05
6.974705382783096e-06
9.380132319978027e-05
2.5937632098231852e-05
3.716014433594874e-05
2.9979227174174114e-05
8.849643673794063e-05
0.000944448598596032
0.0002303489693606246
6.71147226022658e-05
3.766849811092014e-05
4.1904768939771195e-05
3.717866117495885e-05
2.840121860303403e-05
3.7584244657268855e-05
3.265693211313953e-05
2.6506716644287743e-05
0.0001094645682697754
2.2657757665249126e-06
4.627455010818639e-05
3.7040435293874065e-06
0.00033198912626811097
3.3312524421757236e-05
1.4809507236948021e-05
5.450481278582794e-05
3.074085338469654e-05
3.073238795666119e-05
4.009452112220687e-06
0.0012249653037210019
0.0001547760137324974
2.2657757665249126e-06
0.00011211359686638538
2.2657757665249126e-06
4.42124619377889e-05
5.659706675970369e-05
1.9829563809589306e-05
0.00046093493444509175
0.0010669737068075438
0.0010212186221047485
0.00024643077549371483
0.0002458354242985824
0.00021182936630977884
0.00018926956435458349
0.00011967199467199467
5.428704303105667e-05
3.5308347024590346e-05
3.487352691391548e-06
0.00016477030348785955
4.355418969413368e-05
0.00022191647899119687
1.6037808448882748e-05
4.453499037543578e-05
6.667489876096022e-05
1.1774861604824851e-05
2.865903141266458e-05
0.00012534805813067465
6.204553637040718e-05
6.549359424066841e-05
4.122705873330265e-05
6.625707770097197e-05
7.8478341487282e-05
5.120896890939433e-05
0.00015773785881912202
2.4807025107853745e-05
4.318213943800015e-05
0.00016173457104419123
2.4563485239016965e-05
0.0008874107715511653
0.0008088478893099141
1.4705030331564435e-05
2.630067086079771e-05
2.1590467222471346e-05
0.0001160585637712131
3.157897382317474e-05
2.9561591692505878e-05
0.00012408726002650222
6.974705382783096e-06
6.638548439004458e-06
3.85251895291751e-05
4.705444419126679e-05
3.862686355461685e-05
3.149023272558039e-05
1.8727921375723234e-05
9.197499462545155e-06
0.00015834490097826667
0.00016887664613961492
6.404004297866189e-05
1.398587399336545e-05
6.649611719322824e-06
1.8443320873515742e-05
2.648546766176559e-05
7.162085284087329e-05
0.00012309089210538245
2.5082562648186805e-05
4.1289962160788404e-05
0.000494165299292749
3.470387158249207e-05
5.915991317198473e-05
2.767238417815555e-05
0.00025920950496507067
2.6985126262724685e-05
5.348315948209977e-05
4.063288453607585e-05
0.00016772670276399344
7.180373712718793e-05
7.125103118004329e-05
3.111956712020449e-05
8.848516833406522e-05
5.586053672612277e-05
2.0382022168251517e-05
1.5860430365674386e-05
6.192548201321188e-05
0.0005039984027498018
0.0001004262921155191
3.202368758153433e-05
0.0010461668432359928
0.00020839796802655296
0.00015368452019527473
0.0007543024820093149
8.222244786714764e-05
1.7005656928701874e-05
2.9772043821929425e-05
0.00022469138032025514
3.319274219502229e-06
4.984706686354807e-05
0.00022016234783220194
2.9826450895723928e-05
5.231029037087321e-06
2.746026050092696e-05
0.0002444487838757455
2.3552086324241084e-05
2.224267008760947e-05
7.499680049421983e-05
0.0001613524728290975
5.3409274497877746e-05
4.104191347886818e-05
0.00019971076176166115
1.735283278917575e-05
2.2657757665249126e-06
0.0017106399683276797
0.0008465784874384464
0.00025158190140771357
2.7981071066878384e-05
3.158250875736558e-05
0.00022694605483583672
0.0001149961301010402
0.0001271342958940293
1.5860430365674386e-05
9.619647037770617e-05
5.231029037087321e-06
8.917414237373811e-05
3.046591143446017e-05
6.49888524848805e-05
2.6155145185436606e-05
2.2657757665249126e-06
4.531551533049825e-06
0.0003315600459476359
1.81262061321993e-05
4.6497589188039176e-05
2.265775766524912e-05
0.0008067667728358101
6.611766644492688e-05
0.00016929753115084296
3.545289407865911e-05
2.746597938320451e-05
3.460969210238032e-05
3.141684493481251e-05
5.461056299018895e-05
9.91137791928491e-05
3.0477415960331093e-05
6.18872290554046e-05
7.524687947208587e-05
2.8764371482459497e-05
0.00012723551577627167
4.552946487198943e-05
9.61985370104996e-05
2.9829649398889625e-05
2.2657757665249126e-06
2.2657757665249126e-06
5.6710567381865196e-05
1.3513547147519694e-05
9.406733511872249e-05
8.249503695693219e-05
0.00021149070508467977
3.1762545530449765e-05
1.2826356788466981e-05
4.0342143006986794e-05
2.8275414421967527e-05
0.000341296966354095
3.188394192889066e-05
3.086181478748285e-05
2.241696786987304e-05
1.909834709979492e-05
2.3262464896389846e-05
8.602867200123462e-05
1.7101962135199932e-05
4.642698077980826e-05
5.176738507543103e-05
6.047961510777144e-05
3.089206313442292e-05
2.6967632670422566e-05
2.261326583424023e-05
9.96706486335924e-06
1.8067124831145043e-05
3.4126130667659274e-05
0.00013644733275781966
0.00035440634791092813
1.6619637428528663e-05
8.34100128285355e-05
9.06310306609965e-06
6.751404468515737e-05
0.00010650320956804482
6.116734274092605e-05
6.836144789324386e-05
2.152675506027744e-05
7.624658366277195e-05
7.29342879235008e-05
8.298185548755572e-06
5.621911565080405e-05
0.0001582673198880502
1.0245137610312848e-05
1.6595204377996263e-05
3.542867897937928e-05
5.8875405250772746e-05
7.391228928249381e-05
3.724303824060491e-05
9.790111795355816e-06
2.656888191896732e-05
1.4816174117549626e-05
7.623996672748292e-05
4.744405232899856e-05
4.2131106255046076e-05
9.521707109865769e-05
0.0001304096817150131
1.8520217646937032e-06
2.2657757665249126e-06
2.2657757665249126e-06
9.538845009964491e-06
1.0378386446968433e-05
3.411563476098722e-05
3.535912975389225e-05
0.00017981768533288268
0.00011823499779871986
5.764830303796135e-05
6.645033409022681e-05
8.154756961386467e-05
0.00035907463662551297
0.00011440335962812415
0.0002676117430689223
0.00013300690096156237
0.00010122187359017345
3.6550848556818196e-05
9.279037653794576e-05
2.7437882527827058e-05
0.00016505191224140488
8.123785138825457e-05
4.7445360216413146e-05
3.0277287236670967e-05
1.4629145782510213e-05
3.162090603137044e-05
7.664582885454298e-06
3.447039109871194e-05
5.66837268680545e-05
4.0337885377061546e-05
3.134814864191142e-05
3.8517796972336105e-05
3.1038144907203075e-05
3.195561541162752e-05
4.336394290320537e-05
2.8495728366255006e-05
3.381239566566087e-05
0.0001410635067930987
0.0004784622621430504
8.196048900648496e-05
8.63363133962922e-05
1.4940125422885374e-05
5.851149351851765e-05
2.790267167336019e-05
3.312078602340871e-05
6.962101999755967e-05
4.581903214711579e-05
2.579600228874957e-05
2.1387710246877964e-05
1.0639378750916519e-05
3.873461720895169e-05
1.6681640582499336e-05
7.97107878084055e-05
6.191240638698484e-05
3.3534107019664765e-05
2.4236133545053596e-05
3.130635766269333e-05
4.6736131644295956e-05
1.844124769856313e-05
2.7900930233465954e-05
4.7621100262138825e-05
4.531551533049825e-06
0.000325067151990359
4.531551533049825e-06
2.2657757665249126e-06
2.2657757665249126e-06
4.531551533049825e-06
6.638548439004458e-06
4.050974442076374e-05
6.655858452964338e-05
4.1263203548921514e-05
1.5597324596371324e-05
1.1697993447278494e-05
2.596818348207603e-05
2.9320603474821632e-05
4.7442645994722644e-05
3.2802352893929074e-05
2.8200147165268616e-05
3.1750175999268e-05
3.6534402225639046e-05
2.6991628050497476e-05
2.502582915628347e-05
9.36556279340137e-05
9.823226482194914e-05
2.2344609926921555e-05
3.946158543253016e-05
4.950446964244012e-05
2.8762840575854534e-05
2.8094948923203482e-05
3.357492019379988e-05
0.0003138221804745663
2.6390757713359473e-05
1.1446801800086613e-05
2.9447791351872467e-05
1.8894988645397664e-05
2.43275103942876e-05
0.00021573278611844622
7.360527966442622e-05
8.394323704402921e-05
2.1460832079272032e-05
2.8769874611668776e-05
2.2383251505193007e-05
2.746026050092696e-05
3.614548710841465e-05
1.132887883262456e-05
2.6155145185436606e-05
0.00012317006701647104
6.7388036734783e-05
2.2657757665249126e-06
1.0067874340037458e-05
4.988006172736895e-05
2.393365228417038e-05
3.7155075872358715e-05
0.00011408438700921606
4.530722317154118e-05
5.1113870455378916e-05
8.018904224441374e-06
1.398587399336545e-05
6.397241138314823e-05
2.7960584815904674e-05
0.00011935529736935495
3.0435535719077642e-05
9.582473407579785e-05
1.526240240011548e-05
8.551038474066452e-06
6.425512413628746e-05
3.8833398905840616e-05
1.2718668666762903e-05
0.00017384230042005296
3.9005558295348384e-05
4.975945828382e-05
3.2085969585969586e-05
4.1683104260624216e-05
6.923573382985918e-05
2.0047260561103435e-06
9.133887025571596e-05
3.0730163889165536e-05
1.0994192323799724e-05
8.629606577174963e-06
6.974705382783096e-06
7.01822129483068e-05
5.178904425678834e-05
7.75360453526308e-05
5.95301767878231e-05
3.0434513293265846e-05
3.8183329302699214e-05
2.2657757665249126e-06
3.6011193413208556e-05
3.0289744832446128e-05
9.104164846499573e-05
0.00020141774886589224
0.00013527394555007884
5.392398500210187e-05
7.156283644918467e-05
6.230995195561124e-05
1.839499892509031e-05
6.875138018958409e-05
3.1343110597241056e-05
3.470689402007061e-05
2.8702892158261175e-05
4.009452112220687e-06
2.9849147955375377e-05
8.298185548755572e-06
1.678227371561732e-05
2.0047260561103435e-06
7.95486027139567e-06
1.3299223438645649e-05
9.545832325674804e-06
2.5603434962723095e-05
4.009452112220687e-06
3.6813755786439504e-05
2.2657757665249126e-06
5.8014422135020763e-05
0.0001121852013907734
5.62617039042978e-05
4.184415960720519e-05
5.767895473405143e-05
3.020362302011237e-05
1.2028356336662059e-05
3.123509902051635e-05
3.487352691391548e-06
1.6036494261629194e-05
0.00047397307345902785
2.8937048980025352e-05
2.6533603751060334e-05
2.497098214525724e-05
2.2696003533190593e-05
3.760750521165315e-05
2.6834811362467488e-05
6.011480657373264e-05
3.826444267076399e-05
2.2657757665249126e-06
3.872012200540397e-05
3.430925233418624e-05
6.86681215163008e-05
6.114482947214571e-05
6.00718980585085e-05
6.192648775954036e-05
2.065862855669722e-05
8.308460007023156e-05
3.408254540434724e-05
0.00016463798716473996
4.092090386640507e-05
0.00012745748854337859
0.00012811719783138535
0.00010080416892732567
8.676932526586896e-05
1.4549113478375453e-05
0.00010173895354360468
2.1283260782143594e-05
4.009452112220687e-06
7.456155950907913e-05
0.00011688833294840303
2.8252691624566486e-05
5.146945468133123e-05
0.00013004351222774494
0.0002062019841094005
4.531551533049825e-06
2.45840705693499e-05
5.4350968440556345e-05
1.0730416039636016e-05
3.176100004653253e-05
6.638548439004458e-06
6.284456835210884e-05
1.87462419558762e-05
1.5583682081320586e-05
2.511420559636418e-05
5.453444615270285e-05
0.0001702732700901881
2.0426944162684776e-05
7.646093193117764e-05
4.13630026952241e-05
1.186101308224964e-05
6.397444511461069e-05
5.956385264501568e-05
8.726716491852807e-05
9.96706486335924e-06
6.363888217116536e-06
0.00027506985323831016
4.009452112220687e-06
5.054085781308606e-05
0.000114450334832429
2.687655968919478e-05
4.531551533049825e-06
6.234746684924582e-05
3.2630078212898835e-05
3.2868632994816886e-05
2.1980254866289287e-05
7.281203946588606e-05
3.932810595933592e-05
2.2657757665249126e-06
2.5283675757948247e-05
8.10296073807674e-05
3.8833398905840616e-05
1.2944409865762447e-05
4.947522138851281e-05
7.907477679331459e-05
2.2657757665249126e-06
2.60577806549072e-05
2.2657757665249126e-06
3.818495302394509e-05
2.0047260561103435e-06
2.6363248558057537e-05
6.186043444254835e-05
7.462335405260221e-05
2.4621576655712307e-05
3.306853853358355e-05
0.00011326250372737351
9.216370253916304e-05
8.273186563263514e-05
2.1472559983973888e-05
0.0007036826760172824
0.00015299267525554125
3.4446704307670875e-05
2.6150808504570644e-05
2.1842766540678685e-05
1.744236351087867e-05
6.312784125670347e-05
8.298185548755572e-06
3.9108782532588925e-05
7.12202939496226e-05
6.079782971562441e-05
3.707605884060158e-05
2.3248794594019588e-05
1.318619253034819e-05
1.72894898601372e-05
4.6403328484094786e-05
3.485216180356162e-05
4.3148032885874815e-06
3.400953805748338e-05
2.1614564704088548e-05
2.9168816301823824e-05
4.617828402706193e-05
6.470507653923278e-05
3.244272103408183e-05
2.5422295665983644e-05
5.2213138232428125e-05
2.2657757665249126e-06
2.4472480617633005e-05
2.2657757665249126e-06
3.5352656333931014e-05
3.384910474510607e-05
2.3036599244526428e-05
2.174038737622254e-05
5.660576075065639e-05
2.7113459465690842e-05
6.531861235273315e-05
1.8918016688307302e-05
7.664582885454298e-06
5.556065294081109e-06
3.673338985095916e-05
0.00038153979685739915
5.556065294081109e-06
2.445793579825036e-05
9.790111795355816e-06
1.1506142102899952e-05
8.156343459695753e-05
4.127389484436017e-05
4.0320645510678845e-05
0.00029992623465937787
2.2657757665249126e-06
2.2196428573561994e-05
8.698458396894416e-05
3.039129757933536e-05
1.8306840333951306e-05
1.762627894185716e-05
3.0997675107234176e-05
6.941546021269517e-05
6.7973272995747366e-06
8.950959355753888e-05
5.7722855033827405e-05
8.028264064786469e-05
0.00039328634889018786
8.298185548755572e-06
3.423613058771334e-05
3.134008224364443e-05
4.009452112220687e-06
1.0639378750916519e-05
0.00020110087705518315
5.556065294081109e-06
5.556065294081109e-06
3.2491393955207226e-05
0.0001305078680338058
2.2657757665249126e-06
4.531551533049825e-06
4.421959310055748e-05
1.866426309284333e-05
5.475669187323806e-05
3.7727351670839164e-05
2.9675131170721433e-05
6.638548439004458e-06
0.00010109119129472205
3.020362302011237e-05
1.6847341947699912e-05
2.1811218921956523e-05
2.9632087023754732e-05
2.9685497012584244e-05
3.674847602125124e-05
5.231029037087321e-06
1.1112130588162218e-05
3.4963761004031666e-05
3.101869298778058e-05
6.457068960789012e-05
3.068025202360724e-05
2.317696596550095e-05
1.0378386446968433e-05
0.00012515434962087635
4.395948332467945e-05
3.974358353514964e-05
3.8641278907253065e-05
3.7040435293874065e-06
1.365045226706371e-05
3.5823789265830724e-05
2.657292055824258e-05
2.902083728904785e-05
3.940135849458116e-05
3.236540162054881e-05
9.83971202569946e-05
2.6859901806231607e-05
3.5556367122744067e-05
0.0007134095763152478
6.04440890428277e-05
6.638548439004458e-06
1.735283278917575e-05
2.5082562648186805e-05
2.3067842488300343e-05
2.2657757665249126e-06
2.1803074308490267e-05
2.945508496482386e-05
4.96658632983406e-05
4.531551533049825e-06
2.8637496977024407e-05
2.209212593239753e-05
1.0730416039636016e-05
2.2657757665249126e-06
2.2657757665249126e-06
8.176152865683849e-06
6.21890345990483e-05
1.1112130588162218e-05
6.377242007253788e-05
2.7189309198298946e-05
2.2657757665249126e-06
8.398257452900728e-05
1.839499892509031e-05
8.298185548755572e-06
5.231029037087321e-06
9.197499462545155e-06
1.0174934933410322e-05
2.722226533655997e-05
4.009452112220687e-06
1.5583682081320586e-05
9.957822658506686e-06
3.295406069757192e-05
5.098614054125319e-05
4.926388753278442e-05
3.427439769783738e-05
2.542957183255728e-05
3.625666523185321e-05
3.352381515181695e-05
3.611791195336606e-05
2.167970917970918e-05
6.968033884369743e-05
5.4028399149237695e-05
1.5597324596371324e-05
2.826834986814665e-05
2.2657757665249126e-06
5.556065294081109e-06
2.2657757665249126e-06
8.39152439601927e-06
8.895759811687228e-06
1.744236351087867e-05
4.531551533049825e-06
0.00011218660779368788
3.965418745520841e-05
0.00018399458771191252
6.143858285981407e-05
4.531551533049825e-06
1.9825807050165074e-05
6.7973272995747366e-06
1.991564531701337e-05
1.198744775486199e-05
3.230879986316696e-05
2.239514522159536e-05
3.1759507478403936e-05
0.00027024447801887475
3.547933838903143e-05
4.009452112220687e-06
2.6499271730688672e-05
1.6196480402958762e-05
5.753974922333756e-05
7.304484462455011e-05
4.0566365659118765e-05
7.905251095510764e-05
1.5303834681823024e-05
7.95486027139567e-06
3.6163954291773206e-05
1.1066470636643605e-05
2.9475465510678136e-05
9.545832325674804e-06
1.5039121750618984e-05
2.492945614279299e-05
2.869724651049467e-05
1.4629145782510213e-05
7.028059430408213e-05
3.3448153755549886e-05
7.325477263443538e-05
2.2657757665249126e-06
3.9864154834835874e-05
2.776998007477825e-05
1.0730416039636016e-05
3.339057228906398e-05
7.835210219353027e-05
3.142874262998628e-05
3.272598902155844e-05
0.00012051832098099523
4.009452112220687e-06
2.242589594255829e-05
0.0002275080018921926
9.06310306609965e-06
2.42346876910628e-05
2.2657757665249126e-06
8.39152439601927e-06
2.5934234790205798e-05
6.565521999054207e-05
1.1969301094781085e-05
2.8273802306239933e-05
7.706753012602484e-05
1.3949410765566192e-05
4.909132316027065e-05
1.9545230797866177e-05
1.5597324596371324e-05
2.9454452108754656e-05
9.03954880444284e-05
8.550981067599966e-06
4.009452112220687e-06
2.389169400573964e-05
3.2123980252892425e-05
3.0266994791017744e-05
2.0144926354673707e-05
1.5039121750618984e-05
3.9088624588804846e-05
1.6668195882243325e-05
2.2788687441192573e-05
3.5923911012681805e-05
2.245244438292613e-05
9.197499462545155e-06
0.0002123279806019608
2.5519800293136947e-05
0.0001050702893188831
2.5850333537133657e-05
2.094962592549496e-05
5.647571532598526e-05
3.074889906094278e-05
3.554634151315774e-05
5.251092364401129e-05
0.0001592385348216933
1.0398216397580882e-05
9.853863897501958e-06
2.4588330264750836e-05
8.298185548755572e-06
1.087019368811127e-05
5.960118253850366e-05
1.9338140711673592e-05
1.6196480402958762e-05
6.974705382783096e-06
6.43219432097794e-05
1.2916053036166465e-05
8.298185548755572e-06
1.7102076948132904e-05
6.638548439004458e-06
1.465892309839963e-05
1.0591748825095809e-05
2.607943558666204e-05
3.850070842178164e-05
2.3515197935899903e-05
0.0001487600352950024
4.6241493227866644e-05
1.8200603022751615e-05
2.32349195365156e-05
2.2657757665249126e-06
4.634507355075198e-05
0.00028858372660912863
0.00012292955182664474
0.00015598172589895097
6.94727713810467e-05
5.00823002544062e-05
5.453203684372633e-05
0.0005648962427979356
6.39952716138111e-05
1.5860430365674386e-05
3.313166299509058e-05
6.638548439004458e-06
0.0001265158280500541
0.0003532458481447455
0.00024799329726139097
2.6619455288603514e-05
2.2657757665249126e-06
2.244632530244991e-05
2.5937632098231852e-05
2.0482201272854372e-05
1.6196480402958762e-05
7.341767597902238e-05
3.4038093795471385e-05
3.392856276748792e-05
2.9530477944996954e-05
3.720432717348784e-05
1.6392309292063815e-05
1.5597324596371324e-05
2.169802455707734e-05
2.2852001464226907e-05
2.2798245268392277e-05
0.00011925235986543654
7.192468652917194e-06
3.879212934681697e-05
2.8140090351236443e-05
5.522012894467717e-05
2.9656893450145964e-05
0.00014099168165263178
1.9441940721711804e-05
6.942144115711918e-05
0.0003430798502736732
1.5039121750618984e-05
2.3052653146849596e-05
7.81039495439177e-05
3.0793770976436855e-05
2.8139869786106935e-05
4.3313250982776876e-05
0.0004055353052865868
0.0002549474546773915
4.772916162837402e-06
1.9022838954194722e-05
4.1991174242307735e-05
0.00011193830550670214
0.00010543052627288665
2.5325871069949493e-05
2.094962592549496e-05
0.0001293226464407303
2.2657757665249126e-06
3.68209392051168e-05
1.2727776434233071e-05
4.564173447910675e-05
2.7881024856980575e-05
0.00016445657024542743
2.971524422945399e-05
5.556065294081109e-06
5.931781196765322e-05
4.531551533049825e-06
5.5254187708110045e-05
1.908660126541789e-05
2.87301155298289e-05
7.81686382058028e-05
2.6261700185890545e-05
0.0001089399020997868
1.5329165770908594e-06
2.9204540080669027e-05
2.5652713576933962e-05
2.418877449419537e-05
0.00016661246030088192
1.3949410765566192e-05
2.1942026784159967e-05
8.895759811687228e-06
0.0001858883488348064
3.6634265269884694e-05
4.262085946930116e-05
0.00011133623322299699
2.492945614279299e-05
0.00010035029867538427
5.661268569002949e-05
6.502410259662429e-05
3.2316634252030386e-05
2.494468213854255e-05
0.00010307006965501395
1.3594654599149473e-05
4.7945739247199583e-05
4.009452112220687e-06
5.4626049726650445e-05
0.0002330625000224009
6.843758016049989e-05
5.93050654112482e-06
8.158017425766265e-05
1.0639378750916519e-05
3.164286787360372e-05
6.638548439004458e-06
9.605272144520664e-05
8.679209822830936e-05
8.186699280083551e-05
8.705939814857438e-05
8.834104513432773e-05
2.683800727187315e-05
4.447879905843614e-06
9.400176642058216e-06
0.00021851203089108507
3.24968220660364e-05
3.719415457101853e-05
8.018904224441374e-06
0.00010614150985275809
8.024937802082098e-05
5.4938762678673866e-05
5.231029037087321e-06
2.905670669319639e-05
2.2657757665249126e-06
4.009452112220687e-06
1.1273448773448773e-05
1.0594962472031325e-05
6.801456262231107e-05
1.3895344234849943e-05
2.682764884935967e-05
2.9428244752720915e-05
7.709189021066221e-05
7.250889138472493e-05
2.486835168085878e-05
2.422417501785984e-05
6.718543566478608e-05
2.2367137850314305e-05
4.009452112220687e-06
2.265116814262272e-05
1.646963397135217e-05
4.009452112220687e-06
6.262599642243064e-05
5.284744799943344e-05
3.641867181518085e-05
3.752458994483366e-05
8.445371696216054e-05
4.821105866619476e-05
2.507665248608151e-05
5.3017591080222254e-05
7.068676823917913e-05
3.950951037051195e-05
2.183119808022281e-05
4.5987497312725775e-06
3.3294642860342985e-05
1.7658364767811702e-05
1.0994192323799724e-05
3.171447372527994e-05
4.2366995300383236e-05
2.5477527710314394e-05
2.978192632250784e-05
1.898188498397653e-05
2.2657757665249126e-06
0.00023099843265628992
3.4998506897302594e-05
0.0001381842298083077
4.153996797040749e-05
4.9481847603739294e-05
0.00025135034981703624
5.978310297431424e-05
7.490142823971163e-05
2.3543502446184598e-05
4.0375406724029793e-05
6.380658737127945e-05
4.252865859609943e-05
2.553939704061824e-05
8.865259081599e-05
7.036525491729666e-05
7.703470165011546e-05
5.003189690418685e-05
3.620839401125204e-05
0.0001209040310116858
2.675553554653462e-05
4.3824843993089175e-05
4.978911329253343e-06
3.888388144342361e-05
4.1893902497650194e-05
2.0308580035549918e-05
9.422437287527177e-05
2.5694668388125634e-05
1.2944409865762447e-05
3.034956270950196e-05
6.851064995159124e-05
6.773202264440997e-05
5.74980650505201e-05
3.044533518803254e-05
3.7040435293874065e-06
5.430714947276938e-05
8.903068066734031e-06
2.449085074693039e-05
2.8738500751045503e-05
7.993221535988656e-05
2.5347026766226635e-05
2.2967531476617475e-05
3.0155374787270905e-05
1.0174934933410322e-05
4.978911329253343e-06
4.0076874654491636e-05
4.882886440932989e-05
3.640120604550323e-05
0.0001503457034637518
4.566212293432505e-05
3.128209990845573e-05
4.07782284939507e-05
0.00010260763954561272
9.652245907179334e-05
5.364098631472125e-05
7.081384506359171e-05
5.318100346528813e-05
3.2063181023524595e-05
5.8398895146024435e-05
3.775468573859159e-05
5.365208019818007e-05
9.06310306609965e-06
6.974705382783096e-06
1.1191625752596503e-05
2.2929774939282957e-05
2.975115591079216e-05
3.274334908361436e-05
2.0378661183265385e-05
4.531551533049825e-06
1.5559748069783867e-05
1.1118988718878934e-05
7.63120120005774e-06
1.132887883262456e-05
6.518667305836412e-05
5.122300724733255e-05
5.402897347437397e-05
2.835273753172484e-05
6.664449581216107e-05
3.3294642860342985e-05
0.00012079542298823778
0.0004514878569629381
3.1748750216981665e-05
2.07177286952707e-05
0.00027500641559739895
3.1946908115265225e-05
0.00013644498800139253
4.2320210607313444e-05
1.2968816049115926e-05
1.2419969687144108e-05
3.379603568830218e-05
0.00014658234220801816
3.150509399838164e-05
1.2129805875140654e-05
2.9279144042173075e-05
2.5114547570323682e-05
4.009452112220687e-06
1.748693760093744e-05
1.409409174647582e-05
8.957125021886248e-05
3.304927301598217e-05
7.979534063187389e-06
1.4384820835277183e-05
3.283446541215096e-05
3.1399630946199606e-05
3.096274100660594e-05
3.041505096945172e-05
5.1397145610671405e-05
6.129236976213254e-06
4.844993244103522e-05
3.0406684599778563e-05
2.9607571428064344e-05
2.8653447480292432e-05
3.3336391764486656e-05
5.556065294081109e-06
1.5959068126374778e-05
5.441383403190887e-05
3.503426328846017e-05
8.107333156253218e-05
8.616717283416517e-05
5.3502808191660226e-05
3.0281207775647013e-05
0.00010063128658726364
2.257153832763934e-05
3.562799230034862e-05
1.8323653872999535e-05
2.1210279509434632e-05
1.777210430677939e-05
1.8885892609012433e-05
7.300414194991407e-05
2.203284867732145e-05
2.1118147484553494e-05
1.6682002565707104e-05
1.968496331080625e-05
2.8907893435200455e-05
0.00012017749908735595
1.3867783240482006e-05
4.2277409049711e-05
2.7570834816417528e-05
4.824765971584315e-05
1.7906601204154407e-05
2.4027160215662276e-05
3.6538849151481296e-05
3.0752241267712785e-05
6.355049295057485e-05
2.2657757665249126e-06
5.158398108757626e-05
4.531551533049825e-06
0.00019416369010696096
2.7189309198298946e-05
0.00013617962775123183
2.9480338422845404e-05
7.023464276949303e-05
3.0049647832756572e-05
0.00021787510960563695
2.1947227160042338e-05
2.1923191962219913e-05
7.453272491589783e-05
0.0002943465231703781
8.533625549257471e-05
2.0331874619840133e-05
5.450768577122567e-06
0.00010581193641422693
2.4560097840250657e-05
2.2657757665249126e-06
0.0002465229268043383
3.354500561768715e-05
0.00010718224179430123
7.979534063187389e-06
2.6882894542635107e-05
1.926259476458755e-05
3.3178953644750055e-05
1.9971098546128698e-05
2.2657757665249126e-06
3.991444452132259e-05
0.00015574666632581
2.8968230755244998e-05
4.0251271460410795e-05
2.1283073726343745e-05
1.8727921375723234e-05
4.311418186343971e-05
8.679209822830937e-06
2.3300487346587226e-05
6.883448518376914e-05
0.00010341971106642507
3.9378767505761624e-05
6.215127912609218e-05
9.28308435831069e-05
1.944968508722983e-05
1.9691596366504233e-05
4.062928245192642e-05
4.454419286258188e-05
6.813460721403208e-06
8.298185548755572e-06
6.363888217116536e-06
7.95486027139567e-06
1.3856325006624955e-05
3.661505154463707e-05
3.319274219502229e-06
2.8785113269482962e-05
4.447879905843614e-06
1.7935094898092612e-05
2.8345628655089805e-05
2.1913459633861325e-05
4.033535701330941e-05
2.941708241593241e-05
2.063757450697726e-05
4.531551533049825e-06
2.9896497463965603e-05
2.2645443081250635e-05
5.4158567592169715e-05
2.4259611750281308e-05
5.556065294081109e-06
2.504251061409823e-05
3.673860484651045e-05
2.6025000036419058e-05
2.3620582664547037e-05
2.4481712641312415e-05
9.309456407051953e-06
1.4964018518210685e-05
4.944683338567648e-05
3.8445873091944535e-05
1.680120514079294e-05
7.63120120005774e-06
2.237739838938472e-05
2.4920349560588173e-05
2.776887635174231e-05
0.00018286177054575685
2.4760546840192174e-05
5.753071051449976e-06
0.00022054470862354594
1.6532232324145358e-05
2.3548102187201828e-05
3.1382347240320284e-05
8.81313947092858e-06
3.266224231195854e-05
3.3546824504537656e-05
1.3437346173532994e-05
2.0200388768971845e-05
1.4318748488512204e-05
8.978411110926412e-06
3.633674548161725e-05
5.556065294081109e-06
9.835101543541428e-05
7.475298647519429e-06
4.305351012055488e-05
1.8811921986140104e-05
2.3810438731347063e-05
2.2657757665249126e-06
6.844404986577492e-05
0.00012774813316566338
1.321970920639287e-05
7.063645817295397e-05
2.9853157721525605e-05
4.338205589311748e-05
7.304982607516941e-05
3.623223678038874e-05
2.7459440791524547e-05
0.0001260050415059786
4.360433238412015e-05
6.859368346435567e-05
2.876535525724988e-06
2.3670544692405955e-05
2.4763983553255083e-05
5.199108198790441e-06
2.8867882193766585e-05
0.0003544294672500366
1.6959220987305445e-05
2.0047260561103435e-06
1.3872767858476244e-05
1.5039121750618984e-05
1.4005475796468067e-05
4.531551533049825e-06
7.132038683064722e-06
3.7040435293874065e-06
2.1559192027701494e-05
3.107799390763747e-05
3.563747592647506e-05
1.6173074500187543e-05
4.978911329253343e-06
2.2657757665249126e-06
3.259330406954647e-05
3.603652733354608e-05
1.9653461533060525e-05
6.813460721403208e-06
1.3594654599149473e-05
1.3594654599149473e-05
3.450305808531007e-05
7.29125101042255e-05
2.792295641141306e-05
2.163338755140817e-05
1.7806136133468063e-05
2.9058249601587353e-05
1.6224397188854146e-05
1.8269424575740648e-05
5.7153105171622957e-05
6.81144885326031e-05
4.305351012055488e-05
0.00010774093333111692
2.4396989068314437e-05
1.1776043162120542e-05
5.946045325107293e-05
7.476104868176452e-05
1.482626635281205e-06
2.819833633052636e-05
5.556065294081109e-06
5.556065294081109e-06
3.5770198465812894e-05
5.3719803612463214e-05
1.2028356336662059e-05
1.053498452977316e-05
3.0950388652545754e-05
2.8722823997992506e-05
2.558565008469946e-05
4.848093304553243e-05
2.773037851627022e-05
1.79389625502312e-05
1.0194557123487674e-05
9.489381424494325e-06
1.9827093727604205e-05
3.342902206034117e-05
4.1911984633655716e-05
2.895134748363067e-05
8.629606577174963e-06
2.0047260561103435e-06
2.746026050092696e-05
2.7971222540285465e-05
6.7973272995747366e-06
2.5755056412359992e-05
2.2657757665249126e-06
3.271439839856303e-05
1.821095571095571e-05
2.2951387591435598e-05
4.025599159196451e-05
6.974705382783096e-06
1.0398216397580882e-05
3.093447892758711e-05
3.145199052251017e-05
3.487352691391548e-06
8.018904224441374e-06
6.260405215057067e-05
4.009452112220687e-06
2.7244935288501888e-05
5.6870336298157544e-05
1.5410075811670038e-05
1.7211140006176176e-05
2.458413111133243e-05
2.0047260561103435e-06
6.992936996682725e-06
3.215451777293738e-05
2.4651474746112663e-05
1.8509688308454136e-05
3.3574877257789503e-05
6.7973272995747366e-06
3.068048183269718e-05
2.8808411808146715e-05
8.39152439601927e-06
2.389072880350995e-05
1.7608780486024166e-05
4.7096204374403656e-05
2.4259611750281308e-05
2.8171355626939425e-05
5.454840633199253e-05
3.081551817304486e-05
1.245883107919905e-05
2.4076095121220218e-05
9.184069336269631e-05
8.479926596886615e-05
2.2657757665249126e-06
3.7696313596602224e-05
2.4700086833338074e-05
3.311451521098064e-05
2.751703626692898e-05
3.8856182919928555e-05
1.88354888391668e-05
2.2657757665249126e-06
5.182620538773413e-05
3.7376493237597144e-05
1.88354888391668e-05
1.995202469094758e-05
3.764487764880496e-05
2.2657757665249126e-06
2.9393420960029172e-05
6.974705382783096e-06
6.974705382783096e-06
6.718357351200832e-05
3.158526373749864e-05
3.259330406954647e-05
6.974705382783096e-06
4.288101547907049e-05
4.0246872333345696e-05
7.364719090886967e-05
1.7720460957328023e-05
2.662912839609969e-05
3.20010322471043e-05
2.2657757665249126e-06
3.138617422252393e-05
4.728015571681827e-05
6.698106323070293e-05
4.1933530630672065e-05
5.1558606689296704e-05
4.531551533049825e-06
5.843454265378822e-05
6.098038079767246e-05
2.2499040148265954e-05
2.8049441914149607e-05
4.009452112220687e-06
2.4056712673324117e-05
4.3892948318458705e-05
6.649611719322824e-06
2.08233993470109e-05
2.962716008399453e-05
2.2657757665249126e-06
5.556065294081109e-06
3.488472702175734e-05
1.0067874340037458e-05
6.974705382783096e-06
7.408087058774813e-06
6.363888217116536e-06
2.2657757665249126e-06
9.545832325674804e-06
3.418170985460417e-05
3.1896829723190444e-05
4.531551533049825e-06
2.4056712673324117e-05
0.0002364081509674869
2.7992479037753206e-05
4.418425186479506e-05
3.728918218061394e-05
2.632846359766139e-05
4.277471740836615e-05
2.4372616549527303e-05
2.2657757665249126e-06
4.531551533049825e-06
2.962557570479191e-05
8.234816985676084e-05
2.8189084052810306e-05
1.2263332616726875e-05
2.823584631097639e-05
2.6943257247133395e-05
3.181350765495282e-05
2.719438177673664e-05
2.771265001324991e-05
1.1910188446433625e-05
4.294654043553772e-05
2.749648725149936e-05
1.6331230206237916e-05
3.025698762565666e-05
5.5164865105474584e-05
4.156897501987486e-05
2.048920289893302e-05
1.839499892509031e-05
2.0946951248825097e-05
3.7373491802638594e-05
2.805937879186742e-05
4.734108938481191e-05
5.120572933801256e-05
2.303080024125985e-05
2.6515976137567992e-05
1.7909473700614373e-05
2.5652713576933962e-05
1.743676345695774e-06
3.5413464498013594e-05
1.6596371097511144e-05
3.640120604550323e-05
1.8744419569080527e-05
1.6249306773747633e-05
3.500521080473689e-05
1.821095571095571e-05
2.6890557515768914e-05
3.7885332709028e-05
2.6436790307382832e-05
3.5189781913380185e-05
2.884540752191138e-05
2.975538727217943e-05
2.7040115512778808e-05
2.2657757665249126e-06
5.231029037087321e-06
2.118992494406265e-05
3.369706376490735e-05
5.477516522195094e-05
9.121798298957073e-05
4.880139057449438e-05
2.996427120711308e-05
9.545832325674804e-06
1.0067874340037458e-05
3.338114660686921e-05
2.2657757665249126e-06
1.6596371097511145e-06
6.1316663083634375e-06
2.5848407259899182e-05
7.95486027139567e-06
3.093516401357802e-05
1.3895344234849943e-05
5.231029037087321e-06
3.670656681166659e-05
2.2657757665249126e-06
4.072049567038902e-05
2.6261700185890545e-05
1.9205525968972704e-05
3.931357294986533e-05
1.7956822221852824e-05
6.974705382783096e-06
1.817083476864993e-05
4.7313613408703313e-05
3.7823621601666034e-05
1.2997770496976103e-05
2.6015651015651016e-05
4.058323670842746e-05
3.3466401728958165e-05
2.566336175265958e-05
6.813460721403208e-06
1.762627894185716e-05
3.082114386459431e-05
5.747316368538405e-05
2.5937632098231852e-05
3.944878978607276e-05
1.4950597295038857e-05
2.2657757665249126e-06
5.231029037087321e-06
2.1194750888684734e-05
3.220990532665329e-05
3.707230771398737e-05
2.3336436008016334e-05
2.5412217548965187e-05
3.236648508116595e-05
1.2968816049115926e-05
3.177350252230359e-05
4.090515846123702e-05
1.817083476864993e-05
2.8647008339810557e-05
2.6104062570319073e-05
2.1683802625162424e-05
2.0001434691420165e-05
5.193636696415206e-06
2.181515056950234e-05
2.7996394639265e-05
9.545832325674804e-06
3.472128747579569e-05
1.3437346173532994e-05
3.1769409859488315e-05
3.421781567021278e-05
4.009452112220687e-06
3.8833398905840616e-05
4.978911329253343e-06
2.2657757665249126e-06
3.0950388652545754e-05
2.1947227160042338e-05
6.974705382783096e-06
7.908054451296413e-05
7.664582885454298e-06
3.7040435293874065e-06
2.2657757665249126e-06
2.2657757665249126e-06
2.2657757665249126e-06
2.2657757665249126e-06
3.319274219502229e-06
2.0157403038644377e-05
3.070773365501313e-05
1.7806136133468063e-05
8.298185548755572e-06
0.0001242227949334135
3.527525066952093e-05
2.9480338422845404e-05
6.144495948594891e-05
5.930221810538512e-05
0.00026021001120896695
1.839499892509031e-05
2.5174573188057812e-05
4.531551533049825e-06
1.1112130588162218e-05
4.8754377960187204e-05
1.0462058074174642e-05
8.474494995391975e-05
2.356381650371955e-05
5.231029037087321e-06
2.093120624345538e-05
2.9140031731724503e-05
3.730925463678017e-05
7.664582885454298e-06
1.2587286594028906e-05
1.4629145782510213e-05
1.365045226706371e-05
2.2657757665249126e-06
7.664582885454298e-06
2.2657757665249126e-06
2.7599674815430475e-05
2.0047260561103435e-06
2.0047260561103435e-06
6.363888217116536e-06
6.280394670271354e-05
2.0047260561103435e-06
2.2657757665249126e-06
4.009452112220687e-06
3.2712267929766645e-05
3.5406922531795855e-05
2.8493185701974255e-05
4.009452112220687e-06
4.009452112220687e-06
8.895759811687228e-06
5.3854890522963614e-05
1.9829563809589306e-05
2.2657757665249126e-06
2.2208122973834452e-05
4.4725016261006054e-05
2.4975754510964355e-05
2.7515537281394536e-05
2.2657757665249126e-06
1.3437346173532994e-05
1.7081009049256998e-05
1.2944409865762447e-05
2.2657757665249126e-06
2.2657757665249126e-06
2.2657757665249126e-06
3.070547600494664e-05
4.742013839757289e-05
2.2657757665249126e-06
6.638548439004458e-06
5.556065294081109e-06
1.3949410765566192e-05
8.027762109273351e-05
4.531551533049825e-06
3.7484595433723034e-05
2.2944828394589717e-05
2.8899943593384064e-05
2.872575426480414e-05
2.2657757665249126e-06
3.937336716562632e-05
5.231029037087321e-06
3.247830116375218e-05
5.330102273445726e-05
5.0339407647396186e-05
1.0174934933410322e-05
1.5668276053635103e-05
2.7369823295365294e-05
4.03405552107807e-05
2.2657757665249126e-06
2.2657757665249126e-06
2.209212593239753e-05
1.5925527644907663e-05