5.605325763556051e-05
2.7532697508197288e-05
0.00033322001167543944
0.0041704984327899635
0.0029342268583079727
0.0008019938263836718
0.0021048362385081886
0.0019232140725584598
0.0007271693673767627
3.692452488247447e-05
8.06246452145711e-06
2.2980690460375137e-05
0.0003665015513639989
0.0001264238331584089
0.0017371776843912608
0.0003536352892582964
0.00012453760557040256
1.7685283316879395e-05
0.00036891262214705506
0.0006763630598337504
9.872904189009412e-05
0.0009853744227614183
0.00015732552935861748
0.00010827708899901525
7.478859609815169e-05
0.00015846828378852882
0.00212151707368848
6.522359142719149e-05
8.595775677454402e-05
2.4824116762291464e-05
0.000157324622193654
7.597835271862786e-05
0.00023577668346537087
0.00010160713135265205
0.00024648997537009564
0.00023865941611836666
0.00036001475425185517
0.0002572528609656711
0.0006113399064033595
0.00022590877458923212
6.541127233407539e-05
0.0001650971633830573
1.0520570718875084e-05
9.136080101455879e-05
0.0004169359584786978
0.00011021306797965056
0.00020680536266715795
0.00012843522379810018
7.879879110647853e-05
0.0002415912315722788
0.000431142933531173
0.0006096903998477951
0.0007896426196177637
4.8690658925765144e-05
7.968080002122908e-05
0.00015856114184517088
0.00010446132159882475
7.088218773869821e-05
7.348503567852191e-05
7.752194899290725e-05
0.00013009282645062815
0.00012327780916399203
6.198855698081831e-05
0.00011327398990274141
4.9108359558969375e-05
1.2208367859510698e-05
1.7600156415756748e-05
3.638282243470999e-05
3.234150990164222e-05
2.3693254267414295e-05
4.5181174522597186e-05
2.8843765016760984e-05
5.782379986784211e-05
0.000737009123013452
0.00012946209896378926
0.0001622631319326904
3.881372440707483e-05
7.933633070898877e-05
1.900406888530101e-05
1.3604190955319344e-05
6.064131359440653e-05
0.0007329544633710742
0.0001613449551243515
0.0001978807174521789
2.4712908350265952e-05
1.2764210122898019e-05
1.0685135840025137e-05
3.74786529098711e-05
0.00015719736859115
0.00011565022514101525
2.6400234623635124e-05
9.601702793257235e-05
1.348877244263355e-05
7.153701687433913e-05
1.0520570718875084e-05
0.0003958457273036678
4.4785066623547884e-05
0.00012670243402399255
0.00022654797980548283
4.273782340422818e-05
7.621450136232427e-05
3.609236299967175e-05
0.00030075988570425
7.044067344798484e-06
5.6756163127322675e-05
0.00016035793663246055
6.855969812484013e-05
0.0006118634915176197
0.0001281534261753321
0.00020782160526059063
4.8462057794394905e-05
8.510732685419311e-05
3.907553304983812e-05
1.4088134689596967e-05
8.617758922640676e-06
2.3037271350632068e-05
2.872586307546892e-06
4.749137218852295e-05
8.865755986532666e-06
2.0962407755788488e-05
2.872586307546892e-06
1.458766871188345e-05
5.083246722156816e-06
3.9753351124694665e-05
2.832884942625918e-05
3.3947044219700864e-05
9.773831617137727e-05
9.013242653812264e-05
5.05828966598758e-05
0.0004549550184270611
7.049902121928188e-05
3.2940590445252776e-05
6.308582722476588e-05
0.00029590341582671033
5.143490046668734e-05
0.000506355786533037
3.478618088426338e-05
6.499410471628406e-05
9.698820919539018e-05
0.0002679872404666675
0.000499190202980825
0.00014521826619159006
0.0012780392664181633
0.0009438793267171508
0.00028644507721707505
0.00026281748000998113
0.00011673671649777553
5.830367552279718e-06
5.038754300520129e-05
0.0008184964341234817
6.229010007914881e-05
0.00013166256892086962
0.00010570742789678059
0.0011494913779588362
0.0002921257134642012
0.00011829455736294313
9.537772841631824e-05
0.00011856765499089916
0.000734188448811918
3.3952102487620796e-05
0.00016473967134792212
0.0002823691567105782
5.3824258228563415e-05
0.00020235390005821853
0.00018178005930417158
6.3123424313250506e-06
0.00035762612956907725
5.083246722156816e-06
0.00015968765756412724
4.001328716295687e-05
2.656981302127759e-05
0.0002816746492255635
7.319831409872998e-05
2.3794575569890925e-05
2.0327004132910645e-05
2.5747538568353488e-05
6.945557568540559e-05
4.0267097563496865e-05
4.034119003595355e-05
3.498220531367831e-05
1.5249740166470446e-05
5.958846217142125e-05
3.496044546472248e-05
7.488968848457441e-05
4.568767859524443e-05
8.876031841818544e-05
3.659097370809126e-05
5.205231886263351e-05
7.099745958754319e-05
4.3672433909619726e-05
6.0153938332786256e-06
4.373259397752534e-05
0.0001849344846344286
7.154138209326389e-05
4.421320829219849e-06
7.169194636745582e-05
2.1300563693540507e-05
7.743308704239706e-05
1.6860965553291937e-05
9.243963205392932e-05
4.336456660684278e-05
5.083246722156816e-06
1.5746233758231584e-05
1.536347647414769e-05
6.656012859489626e-05
8.06823800719071e-06
5.458351997160437e-05
2.4121163855145992e-05
1.4421882508380492e-05
4.9248627937197967e-05
0.0002156956594220466
5.5537119125560524e-05
0.0002458280138575881
4.0085835293452536e-05
4.573198262078322e-05
3.623436892198259e-05
0.00011094205819556558
8.312926270110085e-05
9.802554231701336e-05
3.5111806105548675e-05
3.5684079932082254e-05
0.00011424015190339461
2.7924026798916055e-05
0.00010237715684899348
2.078231567527521e-05
0.00011936027409594263
8.83418342736663e-05
4.3300705598759585e-05
7.289695512450813e-05
8.22317817958381e-05
8.842641658439697e-06
3.3760829620781905e-05
0.00022976485288330842
4.696044896532323e-06
3.58872285928049e-05
3.2750352128751406e-05
0.0003032752481822244
6.631981243829771e-06
3.032947842987185e-05
1.483090087681719e-05
9.731367400365239e-05
9.486837135349171e-05
8.842641658439697e-06
5.42924736971338e-05
2.5094020839365133e-05
4.042003692896367e-05
1.906683611706981e-05
8.322191521757628e-05
1.458766871188345e-05
2.0747442144136797e-05
0.00010595913130263365
8.944504003056298e-05
3.805716444342417e-05
1.0166493444313632e-05
2.0233158663950323e-05
9.042277113067151e-05
5.083246722156816e-06
0.00046931036024147436
5.745172615093784e-06
5.9515056709011316e-05
5.745172615093784e-06
5.083246722156816e-06
6.631981243829771e-06
8.416456575100068e-06
5.083246722156816e-06
9.44162419525905e-05
0.00010667762921947827
2.872586307546892e-06
2.8392918871114473e-05
3.4889284233016034e-05
2.451720026424684e-05
4.617520146459574e-05
1.5249740166470446e-05
4.169185361068423e-05
5.114439312547654e-05
5.745172615093784e-06
2.872586307546892e-06
3.588283881904228e-05
2.872586307546892e-06
8.06823800719071e-06
0.0004921774783058568
0.00011709111586589204
0.00010267076849212861
0.0001727227505609178
0.0003287983253052075
1.900406888530101e-05
9.8301423076348e-05
2.968496262854797e-05
0.00018462450758316778
0.00014958238191479858
0.0001398516881357091
0.0001971778150054866
4.4524862028865975e-05
0.00029840153821301696
2.8176269379193935e-05
5.5534413705963076e-05
2.0034629700047126e-05
0.0004693654237930356
2.695953638210831e-05
6.977856846603207e-05
0.00022292631082107325
4.271033051575056e-05
0.0001109687625910906
3.197150198998463e-05
0.00013579223226969792
8.688440866802011e-05
2.8972128432135376e-05
1.9349914851497066e-05
3.909962210230652e-05
1.9757238306341102e-05
3.689671454394084e-05
0.0002501305570203772
4.696044896532323e-06
5.028261548168213e-05
0.00016497453071709944
3.0074268003858144e-05
3.5937370920746224e-05
3.9549069004845834e-05
8.389529208451003e-05
3.938744558857284e-05
0.0006383224399828871
0.00015368761723154187
0.00010057303815640818
7.626554207129503e-05
3.1605958289602225e-05
6.014853600771629e-05
3.371185812669668e-05
5.745172615093784e-06
5.745172615093784e-06
3.3739310164247276e-05
4.6229235029242644e-05
0.00046714665012310893
9.590859773870196e-05
4.425101573354453e-05
0.00016890624626417393
0.00013945134795429614
7.847878326717031e-05
2.168228330342139e-05
0.0003038095157423414
5.5462081372863693e-05
0.0001766251157714531
9.465619490397669e-05
3.328913428050492e-05
8.085168153266445e-05
2.3321470209118874e-05
2.385005185173616e-05
0.0003889690814827283
3.503323652744107e-05
1.854706210862113e-05
6.321191657920445e-05
4.028548636185922e-05
0.0002792229913782757
5.745172615093784e-06
3.625331325444202e-05
2.053415369842572e-05
0.00010222358076795874
2.3037271350632068e-05
3.9230803291102895e-05
2.2980690460375137e-05
5.189130726598021e-05
7.169603409902546e-05
4.178987799047453e-05
4.3763006135650345e-05
5.269001378435954e-05
0.0002768585344281046
1.7235517845281352e-05
2.8725863075468915e-05
8.513351948875055e-05
9.97811819618176e-05
1.8954603413931437e-05
9.707085107796872e-05
0.000720046972114909
0.00010739355592011189
1.8237450744314864e-05
1.212752276983833e-05
5.220051652284588e-05
5.341448202337718e-05
0.00013141216369989904
3.9618293142856376e-05
7.297430312810409e-05
7.13003450156094e-05
0.00011949231682950043
0.00027566821385496517
4.701067421811397e-05
3.774933954621246e-05
1.8171468077513265e-05
8.416456575100068e-06
0.0003097565258508008
2.9537269569772515e-05
0.0001416046608648763
0.00040653134895921104
0.0003537617525938025
3.191672155151759e-05
3.7593949362828804e-06
8.058073965260803e-05
0.00014101683918174785
3.5501388789052227e-05
0.00012847493310149622
7.671960923788176e-05
4.64151777082082e-05
5.083246722156816e-06
3.8206208480679063e-05
0.00011909734127980636
2.8060492563611876e-05
0.00010870310676594776
4.350252511270052e-05
6.233614600759265e-05
8.752301888277463e-05
2.4421421919188947e-05
2.541623361078408e-06
1.1490345230187569e-05
7.963943221496258e-05
6.288722326736546e-05
5.745172615093784e-06
6.423370740901232e-05
0.0002663494454275951
4.813106725034029e-05
2.0170595017976776e-05
0.0004281681781293487
3.5937370920746224e-05
2.679097465449839e-05
1.64787787520191e-05
3.282225460173776e-05
4.2222740395187905e-05
0.0002420687315881405
5.8049744554491194e-05
2.0108104152828243e-05
0.00012377380722188852
3.3699420477635387e-05
7.985897524999662e-05
4.105910308940267e-05
5.0248440558007336e-05
7.829606171987794e-05
8.834078027709925e-05
3.3537511104277744e-05
3.111430852234783e-05
2.7961006537093765e-05
2.4678999864389312e-05
9.696155155156768e-05
2.0133548781748433e-05
3.739595886299081e-05
1.9553515512551606e-05
2.6536913909891464e-05
0.0002901707720065856
0.0006018199655760295
0.00026909814769759076
1.4088134689596967e-05
8.921018169087676e-05
4.842637227053737e-05
8.51336283586549e-05
7.547329848479347e-05
4.0277759657205664e-05
1.823458588985431e-05
3.8988177249109494e-05
0.00018065062350998597
1.641112730086888e-05
2.583638855444606e-05
0.0001228848204726165
3.826343272660301e-05
8.666972349315814e-05
3.2469172423125443e-05
2.7257202116269894e-05
1.4287842026751707e-05
2.242538323865945e-05
5.470375766956293e-06
5.256848236629355e-05
4.780272867500542e-05
6.112257474768108e-05
9.314234380526203e-05
2.2705913660053414e-05
1.0940751533912586e-05
4.321036568285352e-05
3.862674952332562e-05
3.9401171591674156e-05
5.102562049362685e-05
0.00011338754387413264
1.127818480884864e-05
1.4185209578452266e-05
1.5197875620262387e-05
9.698326519929345e-05
3.328913428050492e-05
0.0003803227026674995
3.4828828416393575e-05
3.6742517839260955e-05
4.181386700289441e-05
3.357869427249314e-05
1.641112730086888e-05
0.00010939795088073923
3.99965098153143e-05
3.7623057045940856e-05
8.883398481375443e-05
4.180128619554769e-05
3.161791880277956e-05
7.860982782885246e-05
9.878634057477896e-05
2.911859920678439e-05
7.621450136232427e-05
7.53709242119512e-05
0.0001623088492317309
3.1173642986091e-05
4.396927166714564e-05
1.641112730086888e-05
3.079638755028719e-05
1.3081923964047268e-05
3.901311789505408e-05
4.0600136969848526e-05
5.145950072048406e-05
4.9833937964971584e-05
4.863320198483964e-05
0.00010569299603620076
7.588442530154911e-05
2.872586307546892e-06
6.3123424313250506e-06
3.7894314508512366e-05
5.4806573121558204e-05
2.3480224482661614e-06
2.872586307546892e-06
0.0003989688614473747
5.784416345612615e-05
4.010148019258865e-05
3.066435238080363e-05
3.759947798361701e-05
1.153514512641337e-05
8.800078207878373e-05
0.00014333624517357002
8.446205996193276e-05
0.00010120784771226667
0.00031927368573679647
0.00018737524734759817
0.0001467368542905194
1.127818480884864e-05
6.051178505393032e-06
6.229458510545712e-05
2.907073087234022e-05
9.33048586710633e-05
1.5037579745131522e-05
0.00030764887747626536
1.0085297508988388e-05
8.333763602651027e-06
4.008948415811514e-05
9.870336235178813e-05
4.08334885202463e-05
9.673462825730387e-05
1.9774534502422917e-05
2.053415369842572e-05
1.818452621586581e-05
0.0001920340558651447
4.4221905408564836e-05
4.101829832034657e-05
4.03769212798421e-05
7.646292099391357e-05
2.4392404959492778e-05
8.120167419804796e-06
4.696044896532323e-06
0.0002451456652689504
7.806520747284708e-05
5.027420524292952e-05
5.53104270068039e-05
7.099745958754319e-05
2.3382733538637913e-05
2.7124479784115116e-05
3.355811683380401e-05
0.0001664774500197537
2.1039662252319423e-05
7.044067344798484e-06
2.5464407900451672e-05
2.2711969183357568e-05
2.5416233610784077e-05
1.4362931537734458e-05
1.55487836334281e-05
1.64787787520191e-05
2.872586307546892e-06
0.00011413897387351007
3.0407156494747156e-05
2.7102672177214198e-05
5.093167702549906e-05
5.745172615093784e-06
3.790920682786287e-05
5.830367552279718e-06
2.6536913909891464e-05
0.00011776706908117374
0.00012953493677206126
2.8719198269539323e-05
7.358352012283243e-05
2.872586307546892e-06
4.140998325512758e-05
2.2743300089410693e-05
8.303381333110727e-05
4.382350986434353e-05
8.468682500329632e-05
0.00022001504240298547
6.532172866019088e-05
1.537835949387526e-05
4.020811075847171e-05
3.0282563179794292e-05
2.009676359761122e-05
3.611523451822662e-05
5.083246722156816e-06
2.0006643581478435e-05
0.0001854683503625171
2.919881234600683e-05
3.6886663861049986e-05
0.0001053359683936458
8.964131227867871e-05
2.872586307546892e-06
2.8751119311493563e-05
3.119922931294884e-05
3.100126557374768e-05
7.947458143720294e-05
8.575122249431292e-05
6.759931990359197e-05
1.6133476714443687e-05
7.717071340839419e-05
4.140998325512758e-05
4.4489059095607904e-05
1.7832369233366323e-05
1.680860982677561e-05
0.0001477007896639948
0.0001037204120900314
5.961437610798451e-05
1.2102357010786064e-05
4.046815105203116e-05
3.293578589049279e-05
0.0001919301151303248
0.0007938431494415564
9.229352647231172e-05
1.3604190955319344e-05
6.191570526412788e-05
1.5249740166470446e-05
7.87311687911579e-05
6.631981243829771e-06
4.191251096483145e-05
3.53153756809297e-05
5.57651175499189e-05
0.00019312581881787973
1.0166493444313632e-05
0.00021463875172762694
9.584217900000776e-05
4.450733447560554e-05
5.745172615093784e-06
1.348877244263355e-05
5.745172615093784e-06
4.234210281715199e-05
3.656314496133335e-05
3.888178342229596e-05
6.143953108014452e-05
0.00019285065060678047
9.798004757136255e-05
9.717279253799531e-06
2.872586307546892e-06
2.4687907795190225e-05
4.349781206659886e-05
3.159441282083317e-05
4.383977670736101e-05
4.352926457838055e-05
4.203522178537428e-05
1.0940751533912586e-05
3.974367803121674e-05
5.63909240442432e-06
8.008859258986021e-05
2.872586307546892e-06
3.9568865365357956e-05
3.779171805967084e-05
1.7276426259364555e-05
8.294626002464114e-05
5.083246722156816e-06
4.332682826208361e-05
9.080204857211824e-05
3.3037218722984124e-05
9.292407130037738e-06
0.00011302036807004058
0.00011063869017713053
0.00023407870737032443
3.767345602334686e-05
8.154837564646074e-05
8.349225631570245e-05
2.374355455095552e-05
2.411745571553167e-05
3.292478465331795e-05
1.0520570718875084e-05
2.7208381910638687e-05
3.224985808582844e-05
6.749713180459898e-05
0.00010005222280815087
0.00011511928826471586
2.8972128432135376e-05
4.8433882629618775e-05
5.7435017549186925e-05
3.750098026805138e-05
8.304526559154488e-05
5.171406545695642e-05
2.0383451931081768e-05
2.2796813430393575e-05
2.431660099241982e-05
2.0962407755788488e-05
4.515285539808141e-05
4.472358838084876e-05
1.0940751533912586e-05
7.293834355941725e-06
0.00014335624198634082
8.799623316620577e-05
1.4185209578452266e-05
3.6448477562254066e-05
1.7012394011251274e-05
2.019063551173269e-05
2.3480224482661614e-06
3.148296902600138e-05
0.00020998882889352945
5.170370538896408e-05
2.814098276576113e-05
1.717167095393035e-05
9.488061308299282e-05
1.5958360775758798e-05
6.642626762019394e-05
3.0147706945034638e-05
2.513710262146476e-05
8.142178888499936e-05
6.631981243829771e-06
2.9245775091933136e-05
1.2102357010786064e-05
4.3110011278112354e-05
7.850005145397916e-05
8.854743702007966e-05
3.8177803274317014e-05
1.6860965553291937e-05
4.3970285571501756e-05
3.498220531367831e-05
1.4088134689596967e-05
5.277288529153721e-05
2.168228330342139e-05
1.812665662722101e-05
3.3699420477635387e-05
2.872586307546892e-06
3.904082926984328e-05
2.872586307546892e-06
2.541623361078408e-06
4.0989443548800346e-05
4.0573015758916835e-05
4.31769491580066e-05
3.282225460173776e-05
0.00013951518862295753
0.00012104003243530213
3.647490148862973e-05
4.093187012962214e-05
0.00010889660471640333
4.28117412660334e-05
5.365952106453269e-05
9.300872596306667e-05
1.5197875620262387e-05
7.044067344798484e-06
3.8338505692191624e-05
1.8584814260075477e-05
3.658831535454215e-05
3.337281425395062e-05
3.122876739922326e-05
2.589760247844368e-05
1.730625901005659e-05
2.10679768215958e-05
0.0001350259715147875
9.410255678293958e-05
5.083246722156816e-06
0.0001577646355116367
5.0294059839803316e-05
4.756184821629034e-05
0.00013398628514736392
8.99967678724744e-05
0.0005994408267437766
0.00015922148345934875
7.672057371712685e-05
3.2072788139742814e-05
1.45124361386228e-05
3.863974938320341e-05
3.740764802441865e-05
2.062372461633722e-05
5.9081451836368334e-05
8.858590687787714e-05
9.1811147768176e-05
1.6027703760037704e-05
4.1355241453116066e-05
6.181888000900325e-05
4.958681628478802e-05
7.953801153495283e-05
0.00016173081482991582
0.00031663621794758096
3.9846924640078416e-05
2.6799983508743995e-05
0.00025270202601758576
5.722236356033338e-05
0.00016109705687035236
3.368929537411856e-05
0.000116539869888299
4.025337466539561e-05
0.0001756726772128834
3.837297410088383e-05
2.0672104899027146e-05
0.00010486421968765545
2.1272276368919854e-05
0.00010482224118874783
1.3432460782652527e-05
0.00012061584301365061
3.4159087140178383e-05
2.104114143775017e-06
9.625079753595193e-05
3.487879715573938e-05
2.3382733538637913e-05
8.685064689095089e-05
3.581347597974002e-05
4.096682649568905e-05
4.7962253098703595e-05
1.9222949367344077e-05
5.5841287776356296e-05
0.00011603390918392505
6.601428065387642e-05
0.0003143545342717506
4.565555985085973e-05
3.361737340003475e-05
3.936223712419483e-05
0.00010163889112869666
0.0004544360275904505
0.0001297571573806763
1.4362931537734458e-05
8.930142241123059e-05
6.831735276710675e-05
2.597653508771338e-05
3.2329887551428465e-05
1.458766871188345e-05
4.4981265649896295e-05
1.4088134689596967e-05
0.00020014577191076902
8.203411813360925e-05
0.00032581056543528263
0.0001916050504327205
1.906683611706981e-05
1.5541486914730597e-05
0.0001898423667192576
9.392089793064646e-06
2.1041141437750167e-05
4.011920322273704e-05
8.400969140200999e-05
5.730241382595101e-05
2.6669407304869565e-05
5.993876277056456e-05
2.872586307546892e-06
3.3660084132327827e-05
0.0001502630796508728
0.00015612852237911884
8.104848744025369e-05
6.688139030783838e-05
2.985726751487606e-05
8.780648901468986e-05
2.9475189029927587e-05
7.619483638786951e-05
0.0002484815914007047
4.403933848286573e-05
3.881372440707483e-05
4.259144708261734e-05
7.335183741970661e-05
6.683324330753607e-05
0.00015857807302793465
2.33616660751902e-05
0.00011925175757974246
2.1032400766828955e-05
4.648325349445295e-05
5.745172615093784e-06
4.1289904985837805e-05
6.051178505393032e-06
0.0001401190212185876
2.4355431504089448e-05
3.0712794837846874e-05
5.195153831779397e-05
3.185703306478319e-05
3.496944368919202e-05
1.6860965553291937e-05
1.8684730388039857e-05
3.543387075163641e-05
1.5958360775758798e-05
4.230870964865208e-05
1.6758203541569688e-05
0.00026134158147377853
2.0962407755788488e-05
3.256914402375872e-05
0.00010370486656774505
1.6717663182288625e-05
7.740916698824792e-06
0.0001385256043937872
3.6710033492539206e-05
9.305469159151619e-05
4.23997876775705e-05
2.866945562931203e-05
5.155414362056711e-05
5.403539888467098e-05
3.771163817129867e-05
4.0567108118453975e-05
0.00012005171149203808
2.5230626909655445e-05
4.886701887621583e-05
4.589306614231225e-05
2.5967658315571483e-05
4.194082266539795e-05
3.355128138974651e-05
4.477510757693649e-05
8.842641658439697e-06
2.872586307546892e-06
1.0116579331975161e-05
7.123407019580387e-05
7.786349958935153e-05
3.73428196531883e-05
2.849188226948545e-05
3.513453544257668e-05
2.2905786253635907e-05
7.2954409312366856e-06
4.9233596554664934e-05
1.5891824812656672e-05
2.095982528772532e-05
3.9140988518812536e-05
3.530221441559274e-05
3.2899543235664885e-05
4.024957946762305e-05
7.904746369167637e-05
3.184715848785628e-05
2.2324690052772598e-05
7.031402383749917e-05
4.055390603612059e-05
3.4049694234618766e-05
2.872586307546892e-06
2.8155809111154152e-05
3.8474680013334966e-05
3.7926641515869e-05
2.7509098280750485e-05
5.324140704230689e-05
3.13853985266677e-05
8.235472023257001e-05
2.4779752346767304e-05
8.438402484231608e-05
4.03770259635351e-05
3.291680888026235e-05
2.760934484341276e-05
6.06589568597437e-05
4.782169824482057e-05
3.646792453448943e-05
1.7047002756038017e-05
3.7843221282245914e-05
2.033132074126799e-05
2.4933554922322062e-05
3.876019033171264e-05
1.3157882276990081e-05
1.264774603511573e-05
2.920616441395067e-05
0.00012074900135639654
3.8693851302921545e-05
8.638213129682278e-06
5.072569033179943e-05
4.07272896028438e-05
1.1660735104559437e-05
4.1199984343047945e-05
0.00010105859591454138
1.7363345740040845e-05
0.00012940063197391306
0.0001606076346242065
3.223078802211665e-05
2.135932624601625e-05
3.95383482060686e-05
6.493834484625089e-05
3.735246628172357e-05
2.0133548781748433e-05
0.00018208299796723502
2.8710250451351465e-05
2.3984560391041527e-05
4.4309756030561084e-05
5.6369517671466276e-05
4.208228287550034e-06
2.6983017062881912e-05
0.00012571646392068133
4.943854155528318e-05
3.3453182763788735e-05
4.0588557876426436e-05
3.019985009726005e-05
2.808285039802949e-05
0.00019034322693980204
4.2382061438853254e-05
6.97678589647183e-05
8.599083493060355e-05
2.985970707637254e-05
3.9867347979839025e-05
2.965416705344735e-05
4.6685535991627185e-05
1.7276426259364555e-05
3.6483538234188565e-05
2.8302014808755856e-05
4.020604752357704e-05
5.083246722156816e-06
2.907073087234022e-05
3.45510313105943e-05
0.0002041247911056387
9.029421368246467e-05
6.631981243829771e-06
0.00015578561169702276
2.4821357154592046e-05
7.032717860467747e-05
1.1287450330039955e-05
2.2192756187003277e-05
1.9104372075104985e-05
9.361175122295828e-05
4.139073006909325e-05
4.202398402990891e-05
5.745172615093784e-06
3.412936608756406e-05
0.0003289056208336719
1.4795170791335518e-05
4.374352205927658e-05
2.526465409977023e-05
3.862674952332562e-05
0.00010890007982821738
3.6481896366886056e-05
2.3466875221009e-05
2.8457805786074904e-05
2.9796731821062694e-05
3.9239391633585155e-05
4.665424894490893e-05
2.6236459853314357e-05
8.357975598094906e-05
4.521636986458626e-05
3.0384746658703716e-05
7.866497415567452e-05
1.0463937469210794e-05
0.00016897708740932146
7.490518635850384e-05
1.7731511973065332e-05
2.9037953497086503e-05
8.676873985631217e-05
4.208228287550034e-06
4.013824504355586e-05
2.722325073347654e-05
0.0001591481422179556
5.776910638957602e-05
3.64326923902203e-05
2.2380051392989242e-05
8.416456575100068e-06
4.4947739135485485e-05
4.711221797981874e-05
2.168228330342139e-05
2.6958947838104345e-05
4.4000364587863737e-05
6.197588941727802e-05
0.00019893517777244452
6.001978093345847e-05
3.154492098780867e-05
7.849352680089048e-05
3.537324007988686e-05
0.00015159543592619906
2.872586307546892e-06
5.706106800795372e-05
4.170867893224584e-05
3.1916721551517595e-05
3.9435563001097326e-05
5.182927877809366e-06
3.453013663792491e-05
0.0002189653277983206
5.008232673346219e-05
2.6856772940608262e-05
8.865755986532666e-06
2.872586307546892e-06
5.745172615093784e-06
5.083246722156816e-06
0.00012326313872968776
2.872586307546892e-06
2.872586307546892e-06
2.804848158006598e-05
9.894035872608947e-05
5.3968785374610685e-05
5.745172615093784e-06
2.0170595017976776e-05
0.00010071432739994893
0.00017723771943587745
3.842190430788547e-05
3.412762034821325e-05
1.971106010445781e-05
4.1799395515311357e-05
4.02196232354639e-06
7.899754135252177e-05
1.5864070759218542e-05
2.6615876317924735e-05
4.162805391074864e-05
0.0003176844295812404
4.770010370347232e-05
4.947017936304474e-05
3.072695294829538e-05
1.1660735104559437e-05
8.952896019407319e-05
4.1800389663458767e-05
1.0166493444313632e-05
4.403933848286573e-05
2.113220203439545e-05
8.842641658439697e-06
5.745172615093784e-06
2.2765942863208315e-05
1.483090087681719e-05
4.6444916966890715e-05
4.7756716925807676e-05
2.872586307546892e-06
3.1549942305310074e-05
7.773823403039625e-06
7.044067344798484e-06
3.1747565687382787e-05
3.47501062588743e-05
4.054531480972406e-05
4.460541036837903e-05
9.717279253799531e-06
3.517622845720141e-05
1.836319027036884e-05
3.9230803291102895e-05
4.226574493105377e-05
2.7961006537093765e-05
3.7814445591491514e-05
9.754894916095874e-05
7.044067344798484e-06
8.842641658439697e-06
4.11390940811285e-05
2.872586307546892e-06
1.1660735104559437e-05
8.06823800719071e-06
5.083246722156816e-06
1.0841141651710694e-05
5.088861805312461e-05
1.3604190955319344e-05
4.6766784273768716e-05
5.083246722156816e-06
8.626548699505876e-05
2.6912129114281708e-05
2.0504964396855528e-05
7.044067344798484e-06
3.072695294829538e-05
4.38952668912689e-05
2.078231567527521e-05
3.136273359951005e-05
4.7847593273258744e-05
3.676014319517682e-05
2.872586307546892e-06
6.0699475991850965e-05
2.7124479784115116e-05
4.447159823531076e-05
9.56667719250491e-05
4.4760102785978485e-05
0.00024353134725855856
2.6958947838104345e-05
0.00019121915142679622
3.163546302286306e-05
0.00011578232149233541
4.7865986961610336e-05
3.600751357750237e-05
3.943151912098105e-05
9.545354106164695e-05
3.246327078867087e-05
5.6149777159869994e-05
2.9089815880766178e-05
8.842641658439697e-06
6.908910022436712e-05
5.083246722156816e-06
4.35373084158684e-05
3.970159929963893e-05
1.3157882276990081e-05
1.0116579331975161e-05
4.8231752216281755e-05
3.328913428050492e-05
8.053811390483995e-05
5.96563676291646e-05
0.00011691366769318957
2.5140234230423492e-05
2.872586307546892e-06
1.650545896845029e-05
4.112586642651875e-05
5.882055255711304e-05
2.9475189029927587e-05
4.6766784273768716e-05
2.753556178251716e-05
8.06823800719071e-06
4.519424346995564e-05
1.5586736756456407e-05
1.7731511973065332e-05
4.3381887219657466e-05
4.2082282875500335e-05
0.00012844128326497249
2.554005584662517e-05
4.334513862742224e-05
4.278070268946939e-05
1.8733087663033904e-05
4.5858469051234255e-05
3.675040870938159e-05
1.8046181499835875e-05
3.612733454821319e-05
3.095300280539976e-05
1.9931848683061754e-05
2.8711256804204366e-05
5.0440177123418334e-05
0.0002081343448663364
3.377660224632868e-05
4.311496843359261e-05
5.083246722156816e-06
3.6278131532899475e-05
0.00011129634644371727
5.565529437429803e-05
5.083246722156816e-06
5.083246722156816e-06
3.5933047611726156e-05
2.2796813430393575e-05
4.8409428043144254e-05
2.0533515818382875e-05
1.2412058381145732e-05
4.3977404409614347e-05
2.200727862460039e-05
3.8968690406543124e-05
8.481219537296108e-05
1.536347647414769e-05
4.165296260130728e-05
2.6527924975319085e-05
3.537056663375879e-05
2.8531790773386115e-05
1.0520570718875084e-05
1.458766871188345e-05
3.6319129688342275e-05
4.324677777661837e-05
4.2579873821756496e-05
5.083246722156816e-06
5.194799612292712e-05
3.607871811237905e-05
4.5949584913456676e-05
3.684050785609016e-05
3.753336824886029e-05
2.872586307546892e-06
1.153514512641337e-05
6.631981243829771e-06
3.40215977345613e-05
4.220350033524155e-05
4.7344654520720675e-05
5.353115596767918e-05
3.373594923742223e-05
5.386420577495667e-05
2.4938432016279098e-05
2.7866914324948185e-05
0.00011398785095452095
0.00025777766180611625
5.745172615093784e-06
4.855820616624064e-05
4.726516146909467e-05
1.9774534502422917e-05
1.2764210122898019e-05
2.0332986888627264e-05
3.3721931106583875e-05
5.541727011597336e-05
9.392089793064646e-06
1.0166493444313632e-05
4.699973408883576e-05
2.7257202116269894e-05
5.344665379220507e-05
2.8401111031241785e-05
5.083246722156816e-06
5.745172615093784e-06
1.4088134689596967e-05
4.790001253123594e-05
3.583902706707979e-05
3.6415249977387974e-05
1.1490345230187569e-05
2.0327004132910645e-05
0.00010752396078134292
0.0002687090905817622
2.7234691007358007e-05
3.8727985282465076e-05
2.872586307546892e-06
2.872586307546892e-06
4.070637157381449e-05
1.617498617104225e-05
3.205540752007541e-05
0.00017600156415756746
1.2764210122898019e-05
4.342495407199966e-05
5.446442994032633e-05
2.6549096545809067e-05
3.6013806203087595e-05
9.3984873407072e-06
1.1490345230187569e-05
2.5604266559805652e-05
1.7731511973065332e-05
7.044067344798484e-06
1.711989407353454e-05
4.841148662258848e-05
9.3984873407072e-06
5.083246722156816e-06
4.05642126835154e-05
4.1357016285457836e-05
3.9686589923616954e-05
3.058457255977297e-05
8.842641658439697e-06
8.416456575100068e-06
0.00010653818069204213
4.1671372111771966e-05
2.4349069198635832e-05
2.26308040698569e-05
3.488463280748966e-05
2.3480224482661614e-06
2.541623361078408e-06
3.3856560937167676e-05
2.872586307546892e-06
3.560858441460058e-05
4.054531480972406e-05
2.872586307546892e-06
5.058289665987581e-06
1.0085297508988388e-05
5.485929411110492e-05
2.872586307546892e-06
1.3157882276990081e-05
3.7592144433153834e-05
3.600751357750237e-05
3.2472368242617514e-05
2.613364336671296e-05
3.727582438226382e-05
2.4392404959492778e-05
2.3466875221009e-05
5.839738311425611e-05
8.678371117006648e-05
2.872586307546892e-06
3.398446902354094e-05
2.3693254267414295e-05
1.193996514013558e-05
2.872586307546892e-06
3.0632077971244594e-05
3.0187391573426828e-05
7.044067344798484e-06
3.179257613877275e-05
6.180338341731026e-05
2.872586307546892e-06
4.7105792101616615e-05
3.9811917848079796e-05
2.421819555490629e-05
4.994349352103211e-05
2.5977894594094013e-05
3.957325701435158e-05
1.9349914851497066e-05
4.336456660684278e-05
3.121562381254187e-05
5.470375766956293e-06
2.451720026424684e-05
3.277928583324819e-05
1.0638907183839199e-05
3.772435000702347e-05
3.10383020057596e-05
1.6843102733180152e-05
4.3346318583030685e-05
1.3821141007491645e-05
2.4927495221448454e-05
1.2389876173383652e-05
2.872586307546892e-06
4.140998325512758e-05
2.078231567527521e-05
3.28841396913009e-05
2.531967420512535e-05
2.7387775041121743e-05
2.872586307546892e-06
3.5494271361537925e-05
2.872586307546892e-06
2.1041141437750167e-05
6.68474859244186e-05
9.22019216775986e-05
1.429265643312466e-05
2.872586307546892e-06
3.692452488247447e-05
3.006000026025717e-05
2.1919888353680505e-05
2.872586307546892e-06
0.00018032404688694118
5.745172615093784e-06
3.9549069004845834e-05
1.612492904291422e-05
6.91020626211886e-05
3.8983939946572164e-05
5.470375766956292e-05
5.2602853594375415e-05
2.4204714021572127e-05
0.00014928355541182626
4.7699591206385285e-05
3.570457469143211e-05
5.083246722156816e-06
2.7386785637268862e-05
2.872586307546892e-06
1.4088134689596967e-05
1.0166493444313632e-05
5.745172615093784e-06
6.837998137372904e-05
4.8784809918985556e-05
1.0520570718875084e-05
2.7670811633081677e-05
3.706936252539893e-05
8.883398481375443e-05
4.720872450572881e-05
5.083246722156816e-06
3.2821132081040484e-05
2.0170595017976777e-06
8.842641658439697e-06
1.742299044072695e-05
1.9977397408412844e-05
2.6121485361425316e-05
2.7994037136327613e-05
4.1993361767214204e-05
7.518789872565761e-06
1.0940751533912586e-05
3.2879832530520754e-05
4.8698138397271664e-05
8.617758922640676e-06
1.4362931537734458e-05
3.223657371575902e-05
1.5231006630149692e-05
3.226828534692793e-05
8.964591907613657e-05
3.5181923527691476e-05
1.3263962487659543e-05
9.098843528961554e-05
6.504641322531407e-05
1.3263962487659543e-05
0.00012659822922066714
9.189623391373378e-05
3.600751357750237e-05
5.63909240442432e-06
1.854706210862113e-05
1.55487836334281e-05
4.117650325057132e-05
2.3766012060975414e-05
8.842641658439697e-06
3.596129009087472e-05
1.5197875620262387e-05
3.9213817974386194e-05
3.84776550122011e-05
4.748710910191104e-05
1.0166493444313632e-05
1.8954603413931437e-05
5.083246722156816e-06
3.1381274298680845e-05
9.400427708121365e-05
2.3704468717201674e-05
3.7843221282245914e-05
7.044067344798484e-06
3.326039398727254e-05
4.6498252939391716e-05
3.607234803935959e-05
3.044717458902945e-05
2.5140234230423492e-05
2.374355455095552e-05
2.2705913660053414e-05
2.3693254267414295e-05
5.182927877809366e-06
1.0638907183839199e-05
3.719728302517922e-05
2.3480224482661614e-06
4.696044896532323e-06
2.872586307546892e-06
2.872586307546892e-06
6.631981243829771e-06
1.874844726089464e-05
1.0365855755618733e-05
2.7063659360161724e-05
3.2683407996508125e-05
2.0233158663950323e-05
4.696044896532323e-06
2.5977894594094013e-05
1.64787787520191e-05
8.842641658439697e-06
5.083246722156816e-06
3.1605958289602225e-05
3.075671898775052e-05
3.28841396913009e-05
4.527464989201336e-05
5.0270942702965526e-05
4.313966283371841e-05
3.729544176632748e-05
5.0129781754552e-05
4.9918176843891567e-05
1.7069520227499658e-05
6.58457464366713e-05
0.0001979390175309168
8.050674933079121e-05
4.1924815511576977e-05
1.2102357010786064e-05
2.872586307546892e-06
3.317141121307236e-05
2.872586307546892e-06
2.872586307546892e-06
3.963133988290118e-05
3.2899543235664885e-05
4.696044896532323e-06
4.034119003595355e-06
5.5589138147578974e-05
4.514980132015982e-05
2.872586307546892e-06
2.872586307546892e-06
2.872586307546892e-06
1.3157882276990081e-05
2.872586307546892e-06
1.127818480884864e-05
8.416456575100068e-06
2.872586307546892e-06
7.044067344798484e-06
2.2106604146099243e-06
3.333675913108696e-05
2.872586307546892e-06
1.1056851991460005e-05
2.5959388515084887e-05
4.4889455682194496e-05
1.8817871015952553e-05
3.0905785256985145e-05
2.872586307546892e-06
1.1287450330039955e-05
7.773823403039625e-06
4.9953664692898366e-05
8.842641658439697e-06
4.3672075849807586e-05