3.67418233439163e-05
1.8047149277295588e-05
0.0001823448464886139
6.631221562122674e-05
0.0019052546722890045
0.002146864643389405
0.0002827292634994798
3.611362320334616e-05
1.3020786575432342e-05
6.590236158688311e-05
0.0014822834086506964
2.8243869251521336e-05
2.8243869251521336e-05
0.00011903242588413694
5.9762087144910366e-06
0.0004028407426492556
0.000272204675608832
0.00015954571594242552
0.000262030721133313
0.00015560891198461164
0.00011119196669416383
2.8821004885361732e-05
0.00010242727146693289
1.2717925347727463e-05
0.0011148583253553646
0.0006396304198322007
0.00019512031328714624
0.00021940906293172325
4.006466240206346e-05
0.0008259594462173087
2.3691497328808327e-05
0.0001323317874538456
0.00015404075245744497
0.0007201090065549391
0.0008416216240368666
6.287009860121596e-05
5.778216944923541e-05
8.38811163592612e-05
1.7827909772160873e-05
8.882994124130347e-05
5.823796263738601e-05
1.47316461538471e-05
6.339134672840908e-05
7.828198042303793e-05
5.429217035734168e-05
6.156332719332593e-06
0.00016202742719623013
2.4363970667424405e-05
4.907630650707581e-05
5.516824065331191e-06
0.00020425555724646138
3.9699265794219364e-05
1.6659848236950711e-06
1.882924616768089e-06
1.4311480463682593e-05
0.00016830625790953155
0.0001813609558720933
8.443087881744998e-05
0.00028153427134542503
0.00017458689618500206
2.3270471875724455e-05
1.6781973751562118e-05
4.329632513035148e-05
1.3262443124245345e-05
0.00015131937777005812
0.0001440931822952956
0.00012402829300884441
2.9835482003607263e-05
2.6530455278864154e-05
1.4922634048784266e-05
8.173487371800047e-05
8.539376918741999e-05
0.0012125333754272661
3.23475188592823e-05
8.648304964980188e-05
2.4581165312296073e-05
8.54286633900378e-05
7.22876522878618e-05
0.0002727471785820495
8.724334929644095e-05
5.586989857733538e-05
2.393683700393538e-05
7.539044095727595e-05
0.000377197355221249
0.00023319141617897694
0.00011450482204595067
6.0106565514286126e-05
2.9243717583328425e-05
2.6118186118140363e-05
0.00023491809131572796
0.0001765450059730421
6.691625226397564e-05
0.00019363000655107847
0.00010910190973720287
2.2335191593313973e-05
6.117167019953178e-05
9.500204337173407e-05
5.472144921574107e-05
5.693431415875912e-05
4.413459252264953e-05
0.00013734099188938962
5.595960203563364e-05
2.7683662790964533e-05
2.5613254125585287e-05
2.9398102869604703e-05
2.926767528772793e-05
2.5144424117915008e-05
1.142595677694665e-05
0.00023452355890233944
4.247709167016986e-05
1.0230618023553983e-05
2.0292272037239884e-05
7.3987047947496295e-06
3.253044965722556e-05
0.000686276567704266
3.173279064114695e-05
2.0178632708367485e-05
6.759225765910858e-05
2.497856381073815e-05
2.4082363366807086e-05
4.9548890729483255e-05
4.872717803213898e-05
4.4208143747484484e-05
0.001138749700877243
2.2825016256396595e-05
2.3077649546122634e-05
4.1345466609540765e-05
0.00010664280212136382
3.835176374560958e-05
2.7917867590241755e-05
6.966398867703609e-05
2.693540439687673e-05
1.882924616768089e-06
6.156332719332593e-06
7.234885566208675e-05
0.00018583885340154961
4.070519813857435e-05
2.601648070181327e-05
9.234499078998887e-06
7.531698467072356e-06
0.00026589054755619615
1.0500260698640719e-05
6.053389817635198e-05
0.00011074358748679335
0.00012083832135739372
7.385910813147445e-05
5.4421323535936445e-05
6.070980511851352e-05
5.6803166954962596e-05
0.00010809951625613106
2.611888635345443e-05
1.680036069496716e-05
0.00026497226499969193
2.1185472224898458e-05
0.0002001984773386445
0.00022550485936175533
2.755209311015208e-05
0.001294068002743828
0.00010776046293940487
0.0004530092338036499
0.00027485133364157417
0.0001059934185893648
3.3319696473901423e-06
3.210003096073386e-05
3.026694908817599e-05
1.4194808194728242e-05
1.811897979633053e-05
1.6271727125636917e-05
2.3811836287163762e-05
1.6545581663853993e-05
2.639306118947295e-05
5.1455261383072e-05
2.8626433491853602e-05
2.3676973183662913e-05
1.7866567390546552e-05
2.708599703470644e-05
0.00010179601783903956
0.0001033854197973122
2.451364764513018e-05
7.789332239338776e-05
2.0680375335706615e-05
9.10535658310865e-06
0.000533935820807051
4.3713222934911e-05
3.261749184293247e-05
2.4724770790346438e-05
0.00013840581960757528
7.090689081757926e-05
2.6549738485039375e-05
2.8605901500990287e-05
7.094670015319595e-05
0.00010358186712649483
0.0003282866852985296
0.00011005091453387927
0.00019162212992039835
3.763852944009521e-05
6.973275284195797e-05
9.234499078998887e-06
0.000926098473618959
0.00010900771621292438
0.0001006593613841579
0.00016059881625787685
2.4743960002719697e-05
2.8352448840979563e-05
5.255575882718163e-05
7.55544394830105e-05
1.9254142553933748e-05
3.3319696473901423e-06
8.748514639357229e-05
1.3323957009211411e-05
3.030236704193358e-05
7.420692526401153e-05
5.936174926437271e-05
3.103207472971175e-05
2.2605037268822795e-05
2.4041823131145627e-05
2.8168954969886015e-05
3.093715004807485e-05
0.00010880164589880644
2.1130254374342563e-05
0.00013010999594002454
2.2980368680297236e-05
2.3906227654247898e-05
2.599609384836655e-05
1.1230145083132724e-05
0.00031306078244570603
4.644607888399792e-05
2.1292059609064367e-05
1.8653539812895978e-05
3.796666795119186e-05
2.928181347000306e-05
0.00015124154190466932
0.00010847149824224763
2.5764355631688028e-05
6.709347667215832e-05
1.3622404895412269e-05
2.61490736121586e-05
5.811331116298899e-06
0.00017586387721571547
3.02459000371569e-05
1.6751379793328747e-05
3.403175148672342e-05
2.1292059609064367e-05
2.710755877373729e-05
0.00038885471641273794
7.171385090780309e-05
2.3245324465195595e-05
0.00015647558062969254
1.882924616768089e-06
0.0007588532883642496
6.896030081663988e-06
1.811897979633053e-05
5.118101294161242e-05
2.318472048995285e-05
1.882924616768089e-06
0.0003402132011728086
3.765849233536178e-06
1.2435528373986888e-05
2.466118427277775e-05
0.00012084553063408848
0.00021121032281626767
0.00019501476011417833
1.5063396934144712e-05
1.29618238804246e-05
3.059328642758413e-05
3.449894665137298e-05
0.00010601141268868173
5.648773850304267e-06
1.586572064112156e-05
0.00016137726459391298
6.185557333422223e-05
0.00017545864974263366
0.000584922078827622
7.7182892074608e-05
1.4368061725253982e-05
1.5286771450732724e-05
7.531698467072356e-06
0.00016831090574386548
0.0004221302564146666
1.882924616768089e-06
9.837343761938003e-05
1.1033648130662383e-05
4.908873847209793e-05
0.00013269278105405982
1.1954295285523078e-05
0.00016371829229451596
0.00012363763489104846
7.531698467072356e-06
5.516824065331191e-06
4.6172495394994435e-06
2.771194292907052e-05
0.0001197895492072277
4.372412555406476e-05
8.008784554110649e-05
2.1442786093241626e-05
3.590431082119399e-05
2.050346480872865e-05
2.3030006621466367e-05
9.877687930033676e-05
4.303818045488245e-05
6.733792667325829e-05
3.6477549897028205e-05
5.261968245676277e-05
2.1770565112959008e-05
8.917283346260757e-06
0.0002391126290693029
2.93562897547192e-05
4.238843647012042e-05
7.176918885149328e-05
2.0383852270871845e-05
1.6659848236950708e-05
9.56193394318566e-06
3.765849233536178e-06
5.648773850304267e-06
5.648773850304267e-06
0.00014361724328477597
0.0004919687702890971
0.00019782717978239817
6.21218747638714e-05
0.0005602797901468789
2.305236948711253e-05
2.1282912851380878e-05
1.2622176308953455e-05
2.7379438172390647e-05
1.882924616768089e-06
2.1654762743234854e-05
1.882924616768089e-06
1.882924616768089e-06
6.162253557048385e-05
2.3253072212070263e-05
1.6242647111616274e-05
1.0757175686083867e-05
3.2959279321635483e-05
4.6172495394994435e-06
1.882924616768089e-06
6.988868543404593e-05
3.302314680879301e-05
1.7643796593090126e-05
2.1955064672263857e-05
3.1785324774844315e-05
1.882924616768089e-06
2.1588768930243755e-05
8.139246261984759e-05
2.431265329285744e-05
7.3926314252942086e-06
0.00011828210280470734
0.00031614978223387376
9.063728068104837e-05
3.697078836573465e-05
1.882924616768089e-06
3.232074677649611e-05
0.00016906342131009586
0.0005700403232551174
0.00016068822949416697
9.654442114329584e-05
0.0006554015199078568
0.0002052985575625314
0.00011803175776678034
2.032072837860999e-05
1.1052035936871121e-05
6.96096716853692e-05
0.00016585023828084123
0.00012011438943390592
2.4786635752803967e-05
0.00011365068487840827
5.066124807632688e-05
0.00015148096534301148
1.553046869096785e-05
1.6580704498649187e-05
0.00014796526500157676
1.3426480150821526e-05
7.348487050756584e-05
1.882924616768089e-06
5.868012267575554e-05
5.50004915193447e-05
1.882924616768089e-06
1.882924616768089e-06
4.084192165312736e-05
4.22533129989772e-05
8.319291693873615e-05
2.8405161485489518e-05
1.8990668333172038e-05
6.173698554171298e-05
0.00010258821131380473
5.884833532434738e-05
3.248376761781287e-05
0.0002783072118676718
6.896030081663988e-05
2.6355636849608687e-05
0.00011026176803863514
2.156501257285487e-05
8.804717548426707e-06
5.755545072514325e-05
2.199221429375121e-05
8.630531947222918e-05
2.8083951740919967e-05
1.738854036746463e-05
1.4682788209847122e-05
1.8990668333172038e-05
1.882924616768089e-06
0.00013395256715345732
4.6172495394994435e-06
7.643385725366362e-06
1.1919604283485735e-05
2.5543640507278576e-05
1.542060026202724e-05
3.765849233536178e-06
9.128447251870394e-05
7.963310110042694e-05
7.671981086641867e-05
0.00017979581564782268
1.6659848236950711e-06
1.4785262850588417e-05
0.0002213533717823498
4.146160124267488e-05
2.2035536324778258e-05
0.00015628214066428726
1.3399925542909917e-05
1.4425344353089664e-05
7.973000269750289e-05
0.00011383959957184849
2.6664360559807438e-05
1.8716259407790765e-05
8.282916635182855e-06
3.3993359341817205e-05
2.4148238454742405e-05
2.2869249209735802e-05
8.797247364439159e-05
2.257998575052605e-05
1.882924616768089e-06
0.00012367144978816055
9.799553973179318e-05
7.189929736831504e-05
5.796180122488212e-05
0.00016145300963693753
5.5884532089969764e-05
1.4420701515186862e-05
8.329662164291048e-05
6.34510866668222e-05
2.2371137602421837e-05
2.0007925254194476e-05
1.8480396764463873e-05
1.3306530674865617e-05
2.3924069053315454e-05
0.00025073326300394355
1.882924616768089e-06
7.815213488422791e-05
1.3020786575432342e-05
7.538320456241179e-05
0.00013073113400850414
0.00021406668794975162
3.5645015671167646e-05
1.4674607348360214e-05
8.624736662843245e-06
1.882924616768089e-06
0.00010099574625680783
0.0001706159146267877
0.00017112507167285065
2.571529886377888e-05
1.912249380403865e-05
6.779546353149434e-05
5.9004603853623266e-05
8.366692200287452e-05
5.660330569213208e-05
2.0450489770561915e-05
5.660509266250726e-05
1.8990668333172038e-05
2.559050647080621e-05
3.3711812810815734e-05
1.4179896452801423e-05
0.0002305581482534269
5.165340774935495e-05
0.0001066410492690194
3.0781663596662965e-06
3.1060937381935705e-06
6.981053210522086e-05
1.2717925347727463e-05
3.376709190451632e-05
3.289728802786248e-05
2.8310325541266167e-05
2.7859251444882614e-05
5.617094902932652e-05
1.882924616768089e-06
4.6172495394994435e-06
2.6919479064344276e-05
5.230280607605576e-05
7.047536165754089e-05
5.7252464075463645e-05
0.00014510281943383205
1.607054931317495e-05
0.0003692777504427253
6.309053120105315e-05
0.0001111219026734309
0.0001691994963437412
0.0003663368806392942
0.00033249551096474917
6.969284917546033e-05
4.164719655252214e-05
9.059489898165265e-06
0.00018607609263689796
0.00038109167940846353
5.068911203705169e-05
2.601648070181327e-05
5.689438469975667e-05
1.122175856051075e-05
7.531698467072356e-06
0.00011160769278713485
0.0004301395127690035
4.040509440115499e-05
6.173874078437153e-05
2.9355742658639226e-05
2.2750564847054896e-05
0.00011692738298360467
2.3385221796103402e-05
3.3319696473901423e-06
1.0416782975851008e-05
0.0001292071872600778
2.8617707227949822e-05
7.866575680828432e-05
6.186945940893028e-05
1.481534625788576e-05
4.6172495394994435e-06
6.896030081663988e-06
2.3030006621466367e-05
1.4883286070257609e-05
6.913421854713978e-05
0.00015502530088537324
4.4821751703150894e-05
0.00015266652874107266
3.765849233536178e-06
2.2595095401217067e-05
3.3319696473901423e-06
1.3327878589560569e-05
9.995908942170426e-06
5.288573547040521e-06
1.6946321550912802e-05
6.213651235334694e-05
1.4785262850588417e-05
2.20216544837831e-05
1.799727663095484e-05
9.37703740130758e-05
2.9005682657046808e-05
2.868580182955698e-05
4.5295061957598664e-05
1.882924616768089e-06
0.00010402637037989549
2.9226594615778542e-05
3.3319696473901423e-06
1.882924616768089e-06
5.0322587353225806e-05
7.171450457389244e-06
6.6639392947802845e-06
6.348509578940261e-05
2.7130820873282535e-05
1.2984269000685614e-05
7.212672176544832e-05
0.00012283265081000755
1.882924616768089e-06
2.4827602440983036e-05
1.7409739723581643e-05
6.896030081663988e-06
0.00010215798168662819
8.510685807005932e-05
2.3830764228335258e-05
6.453027158138045e-05
1.5133826263674494e-05
4.316311566524347e-05
5.7684847801318026e-05
6.160526187745175e-06
7.643385725366362e-06
3.0781663596662965e-06
3.2027335337172456e-05
2.6132273456599368e-05
9.796754300831551e-05
2.6341904912979538e-05
3.0454963334280503e-05
3.765849233536178e-06
5.757501655366592e-05
2.7704376146206743e-05
2.8437613138405176e-05
3.212692099378e-05
1.449045030622053e-06
2.5208558613032984e-05
0.00014504303160826519
1.501178245176145e-05
7.3926314252942086e-06
4.8353616916127174e-05
3.482406430610327e-05
0.00010336174114809781
5.3699077816420505e-05
5.516824065331191e-06
0.0003199519242875884
0.0005078106764418613
0.00010443319516948132
1.953117986314851e-05
3.5635353167092644e-05
5.3883606520645406e-05
6.283747634802286e-05
4.7924434046484644e-05
2.4245957290138793e-05
2.6496469785088223e-05
2.6765559844552673e-05
0.00043086783906301653
7.561063930247684e-06
1.8819012395346228e-05
2.6057550728783837e-05
4.816801579804632e-05
3.112967347332019e-05
3.5342134990459215e-05
1.4922634048784268e-05
3.138118802801405e-05
0.00022210500751447234
3.5046093346299416e-05
2.1353006039912836e-05
1.4546921298293718e-05
2.408918021136024e-05
4.6210741227546145e-05
3.403175148672342e-05
6.896030081663988e-06
7.531698467072356e-06
2.5219406612450755e-05
9.480739615200957e-05
8.349935631525048e-05
2.2643282678930437e-05
4.540767732703292e-05
3.179708440912318e-05
2.5124951172821657e-05
7.682573704389462e-05
2.7969086165630386e-05
6.565605166674538e-05
1.882924616768089e-06
3.3319696473901423e-06
8.550497608238061e-05
3.255642155225272e-05
3.3319696473901423e-06
1.540358040918205e-05
1.882924616768089e-06
1.29618238804246e-05
2.8464215257649695e-05
1.3132311238462595e-05
0.00027947773803454763
3.3319696473901423e-06
8.135863562818458e-06
3.268692343442356e-05
2.5846596091611014e-05
1.882924616768089e-06
5.516824065331191e-06
1.6176605813302066e-05
0.00014657372284940904
1.243569320859732e-05
9.995908942170426e-06
7.3926314252942086e-06
1.882924616768089e-06
3.3319696473901423e-06
5.811331116298899e-06
1.882924616768089e-06
7.643385725366362e-06
4.9593836883320494e-05
6.215970758985014e-05
2.791711716854278e-05
2.571503075759139e-05
2.0717092727096768e-05
7.60638527086324e-05
3.3319696473901423e-06
2.6419461155572502e-05
1.882924616768089e-06
3.091254808260293e-05
6.896030081663988e-06
1.394667783311026e-05
5.204725682215734e-05
4.673448004098386e-05
3.787610512991466e-05
0.00030176882187541517
3.478886487951032e-05
4.331560541607184e-05
2.2557044524202973e-05
8.917283346260757e-06
1.1053254771308253e-05
3.133479256766155e-05
7.918755544539511e-05
1.8290916385073434e-05
4.699535995664619e-05
3.2275634596446476e-05
7.424890366812072e-05
1.6560490807050062e-05
4.142895071106721e-05
0.00011100250690493496
0.00014280151040677803
1.78794064252286e-05
2.8999501360518214e-05
0.00014150196880344801
1.8038430398830578e-05
0.00017391960842134044
2.9848373891618278e-05
2.804534029930952e-05
0.00010815475966923368
2.924530772651729e-05
2.083941710816352e-05
2.3882517993448942e-05
2.7732538685381215e-05
1.319715077818822e-05
1.0801519900353834e-05
1.882924616768089e-06
3.345388306327168e-05
2.6695948513702166e-05
1.4785262850588417e-05
5.093571638917186e-05
0.0001631509573008482
3.5829121116868615e-05
6.128794459530878e-05
8.602725315231334e-05
5.6208263378649966e-05
0.00014560692483985056
5.421744428383628e-05
6.0592386137204593e-05
5.305217643819396e-05
4.2919436448727135e-05
2.984949173051441e-05
1.6823112525234174e-05
0.00010553127513703257
1.7962322910918777e-05
4.0171311606961715e-05
8.624736662843245e-06
4.7204453718634634e-05
8.219979735687714e-05
5.969574695090816e-05
4.14944396559197e-05
4.572475026791196e-05
4.6172495394994435e-06
5.288573547040521e-06
7.93286032056078e-06
1.8427548066206952e-05
8.917283346260757e-06
2.0303308889520338e-05
2.843598577113129e-05
4.361547691727379e-05
4.612213718453179e-05
1.2157239530558234e-05
0.00010201933267469351
6.6639392947802845e-06
4.6172495394994435e-06
2.914611676359705e-05
3.0781663596662965e-06
1.882924616768089e-06
0.00012550038300431177
3.389077619677965e-05
0.00015438466601937922
1.1017717773469946e-05
4.362887349888056e-05
5.9762087144910366e-06
2.2192319116824745e-05
2.294475509606822e-05
2.5911874678892852e-05
1.882924616768089e-06
1.882924616768089e-06
1.806688515852018e-05
1.882924616768089e-06
0.00021678590882789306
1.4420701515186862e-05
1.882924616768089e-06
3.106648868989993e-05
5.146268662377991e-05
3.3319696473901423e-06
1.882924616768089e-06
2.2583606448150223e-05
3.4202731022523794e-05
9.85684190039228e-06
2.728638204908599e-05
3.138118802801405e-05
7.457022087243677e-05
8.96572146414231e-06
1.711610572487715e-05
0.00023475342709353836
2.940221251008386e-05
3.556179900551889e-05
8.841628749496899e-06
2.629613033408417e-05
3.762301197470378e-05
9.823097537670956e-05
9.414623083840443e-06
1.804454979755463e-05
1.882924616768089e-06
2.3904017312910688e-05
9.119387474257051e-06
6.992511716291939e-05
6.466474754473182e-05
0.00013457797729705308
2.2153692248855518e-05
2.423695445488184e-05
0.00014413167870166183
1.5623632543697433e-05
2.573092540987421e-05
1.744306480430281e-05
4.6172495394994435e-06
4.6172495394994435e-06
7.915591938839428e-05
2.4913597219954473e-05
2.59236477608492e-05
5.648773850304267e-06
9.430514790182397e-05
7.233599522738677e-05
0.00021809138682145658
1.5526541001919312e-05
1.870203553729373e-05
2.8567183943867658e-05
3.125912566224528e-05
0.00011483505640730865
1.996725894482018e-05
2.6896576591241906e-05
3.4290905074044714e-05
3.765849233536178e-06
3.845085065630088e-05
4.287582049958702e-05
7.424890366812072e-05
1.5652831197203034e-05
0.0008956139973212273
1.6607135403495818e-05
1.134391716224114e-05
7.159242309419354e-05
2.5846660742309702e-05
0.0004109011808304457
2.0474410431935326e-05
5.60471059071204e-05
3.585602596936604e-05
2.9770595868805027e-05
1.8455586849081986e-05
0.0001884232080983289
0.00016382559406056936
0.00021352946521673702
9.995908942170426e-06
2.6360944634753247e-05
7.230385313890893e-05
1.4922634048784268e-05
5.409504132408623e-05
6.676945315282119e-05
6.45430541165032e-05
4.6172495394994435e-06
0.00012770406027575273
3.3319696473901423e-06
9.355202997376405e-05
1.882924616768089e-06
0.00013967176046047653
1.882924616768089e-06
1.954180361351007e-05
3.0454963334280503e-05
3.445762073487066e-05
1.5227481667140252e-05
9.136489000284152e-06
3.3319696473901423e-06
2.2917517360181335e-05
9.995908942170426e-06
0.00010999509654923373
0.0004494614831107316
2.9513996967803638e-05
9.94683234318401e-06
3.4522842255151866e-05
2.6682237151335058e-05
1.7951549315341672e-05
2.2601213879962378e-05
5.277061292559619e-05
3.605389839040491e-05
9.391080540840525e-05
2.0186434807414218e-05
3.640350456004279e-05
1.327257637136782e-05
1.1052035936871121e-05
2.7611066306630502e-05
2.5018374854730796e-05
2.4047517263670307e-05
2.0776201380714122e-05
6.52177515766148e-05
7.93286032056078e-06
9.274589152817554e-05
1.1622662232597798e-05
2.405939973007284e-05
6.156332719332593e-06
2.0920792018676036e-05
1.9991817884340853e-05
6.6639392947802845e-06
1.882924616768089e-06
5.811331116298899e-06
4.568244500142076e-05
2.7915737796557928e-05
5.648773850304267e-06
3.3319696473901423e-06
1.5390831798331483e-06
1.814235145688668e-05
3.765160131355058e-05
2.4667656141234396e-05
2.7656045915858566e-05
6.973597339558678e-06
4.6172495394994435e-06
7.76781304361182e-05
2.264872474541316e-05
2.743998746056774e-05
5.5751656020464895e-05
3.0988379390567535e-05
5.871148531727845e-05
1.3550163868890136e-05
0.0001430494579054738
0.00010846612170871194
8.88978523784616e-06
0.00010754354711141287
9.56193394318566e-06
4.8234295500987455e-05
2.3682596073636272e-05
5.654640320209108e-05
3.458607778723294e-05
4.6172495394994435e-06
9.234499078998887e-06
1.0761321448077084e-05
1.2157239530558234e-05
1.4212316222664238e-05
1.59603426602188e-05
1.4420701515186862e-05
6.443467647517109e-05
1.4488047702138745e-05
2.1100020594656868e-05
2.464572865469128e-05
0.00011201290403606301
6.6639392947802845e-06
1.882924616768089e-06
1.7264243939247307e-05
6.335759798196219e-05
2.1653459757065556e-05
0.00015261080269809415
2.128604034632698e-05
2.9570525701176834e-05
3.253044965722556e-05
5.7075722702354285e-05
2.7430337555391638e-05
0.00017912279946424547
6.700557477994192e-05
2.1193985862801224e-05
0.00027728091274300984
5.621135469364812e-05
3.3319696473901423e-06
4.347135091866158e-06
1.302560510179928e-05
2.834742415138543e-05
8.917283346260757e-06
8.007762723365252e-06
1.882924616768089e-06
3.6963157126471043e-06
0.00010155998404930845
4.6172495394994435e-06
2.635064658427062e-05
5.0489576927444644e-05
3.765849233536178e-06
1.0148041554243496e-05
1.882924616768089e-06
8.624736662843245e-06
1.882924616768089e-06
1.6659848236950711e-06
3.048261536795939e-05
5.293032506502458e-05
1.882924616768089e-06
1.6659848236950711e-06
1.882924616768089e-06
2.4960734707616348e-05
1.882924616768089e-06
6.20670057747188e-05
0.00012587459951902483
2.1051974763813735e-05
6.872848975565001e-05
3.9429740016785864e-05
2.7435632339171904e-05
2.3061068592265895e-05
1.5100484610439603e-05
3.464228822394967e-05
7.771879847379848e-05
7.3926314252942086e-06
3.16219102546214e-05
1.882924616768089e-06
3.3319696473901423e-06
0.0003926447623451058
4.6172495394994435e-06
1.1297547700608534e-05
3.3319696473901423e-06
1.3262443124245345e-05
7.003899327180052e-06
3.882761486818541e-05
1.3327878589560569e-05
9.234499078998887e-06
4.7696469073766515e-05
5.648773850304267e-06
0.00014133749824850645
0.00010089217509116328
0.000122892435924279
6.485925541574782e-05
6.282268967504723e-05
0.0001298054918664468
5.5508854519483904e-05
4.922850027904206e-05
3.2797918019273146e-05
0.00014708188587078108
2.299852201280105e-05
3.3319696473901423e-06
3.3319696473901423e-06
3.547940773455265e-05
3.178493319635109e-05
9.56193394318566e-06
9.298129786078238e-06
2.081124468322101e-05
2.8826335740332367e-05
1.790862125824799e-05
1.5563439551359882e-05
3.765849233536178e-06
9.56193394318566e-06
3.3319696473901423e-06
1.882924616768089e-06
6.610716933800651e-06
1.7509748317950128e-05
1.3221433867601301e-05
9.059489898165265e-06
3.069455168244656e-05
2.8532588771697335e-05
5.967593702349431e-05
2.6593775196244514e-05
2.3916620257920786e-05
1.809562730890173e-05
1.4647943107162241e-05
8.400374480768818e-05
1.882924616768089e-06
1.0925799556706154e-05
1.1622662232597798e-05
3.845085065630088e-05
2.5268826594891865e-05
4.149138854777497e-05
2.3085124713922725e-05
6.6639392947802845e-06
1.0801519900353834e-05
2.2128715772039714e-05
1.0925240851097651e-05
4.640955453471958e-05
1.8611007698485992e-05
2.1285007649081665e-05
6.479532867283895e-05
1.1160674207513435e-05
6.82636796870729e-05
3.793792955545044e-05
8.366692200287451e-06
0.0001517643546374955
2.7477518007888135e-05
3.3319696473901423e-06
1.4880898943351249e-05
2.812607992675982e-05
4.894391763306156e-05
7.323971553581121e-06
2.3130853299068998e-05
3.821692862683181e-06
2.4765145661867284e-05
3.765849233536178e-06
2.3464797743759127e-05
0.00010939854014272792
1.1052035936871121e-05
1.607054931317495e-05
4.3596439374748574e-05
3.765849233536178e-06
4.586031435219817e-05
9.682636047786592e-05
8.956247670413044e-05
6.250582990995842e-05
6.810180807076482e-05
0.00014446793532378095
2.654879649106695e-05
7.643385725366362e-06
0.00010290196919900886
6.610716933800651e-06
4.6172495394994435e-06
9.108340683032843e-05
2.6112818957773385e-05
3.3128255485003574e-05
0.000207307685933448
3.4639854603095476e-05
2.213990774561207e-05
3.350761232320832e-05
2.7116530427177986e-05
2.3133194773719485e-05
2.7584120326655953e-05
2.4265578016830385e-05
4.1376180489983926e-05
5.134438014382332e-05
2.408400789902316e-05
5.8229195181549526e-05
1.7613445595183536e-05
5.892474267103948e-05
4.6172495394994435e-06
6.082554082171817e-05
5.796180122488212e-06
1.6476883286616107e-05
2.1522642896154168e-05
3.3319696473901423e-06
2.9012528317653192e-05
2.4095560978018933e-05
2.4062715039713303e-05
3.3319696473901423e-06
2.555321662265194e-05
8.066009725355162e-05
2.4541775070204467e-05
2.3270471875724455e-05
4.2023395963080304e-05
2.6311494125033383e-05
1.5286771450732724e-05
9.94683234318401e-06
2.359838921608826e-05
2.274510779081959e-05
0.00011423078773405733
6.537334480090271e-05
3.3319696473901423e-06
1.2289243592427901e-05
2.1199232544297354e-05
3.590175493164329e-05
1.882924616768089e-06
3.3319696473901423e-06
4.405568284082629e-05
1.5988748411053698e-05
1.0801519900353834e-05
3.759182230533162e-05
1.9761052184260944e-05
0.00012670968777197346
3.019746210827423e-05
7.692420749229395e-05
1.860112367918906e-05
3.4830060754579316e-05
8.917283346260757e-06
1.8265795432042186e-05
1.4420701515186862e-05
3.730016461404991e-05
7.089131971601695e-05
6.385168120949109e-05
5.552619174827113e-05
1.007046088617404e-05
2.7923718070481223e-05
4.3993389589543396e-05
6.160526187745175e-06
0.0002011071334198321
3.310094439198714e-05
8.596359734168742e-05
2.6230522910036653e-05
4.9846259334027184e-05
0.00013068752891646723
2.1480767449710482e-05
2.6275487653566608e-05
1.882924616768089e-06
3.2278471013110586e-05
6.182509616520586e-05
2.1100020594656868e-05
1.882924616768089e-06
3.6963157126471043e-06
4.4217499635077405e-05
4.347135091866158e-06
3.790237944119769e-05
5.178135636378619e-05
1.882924616768089e-06
0.00016440585000175196
3.081458527585311e-05
0.0001553761125339195
2.6900620058501275e-05
7.349549908922336e-05
2.7618129578199193e-05
3.3319696473901423e-06
5.1226508251170575e-05
2.2126726445108723e-05
3.2693005333269586e-05
1.0984677431042389e-05
3.2827993931360456e-05
2.3869490162244023e-05
8.171730858605889e-05
2.4511237186637067e-05
5.542388585814104e-05
4.525708848358046e-05
1.7922784056573158e-05
2.615786362484915e-05
1.3740451761677882e-05
7.361024274382543e-05
3.3319696473901423e-06
9.19655435031698e-06
2.522304377279082e-05
1.153656121214949e-05
2.655548291453206e-05
8.771331607903151e-05
1.7130096419293973e-05
1.59603426602188e-05
3.3319696473901423e-06
2.4314479061116468e-05
4.949926911208048e-05
7.033610288539406e-05
4.6172495394994435e-06
4.673599343603266e-05
3.3319696473901423e-06
1.882924616768089e-06
2.7068453429043565e-05
0.0001408509657244238
2.1384415174301063e-05
7.117532723803003e-05
4.6114671168007374e-05
8.624736662843245e-06
2.504342872924106e-05
1.738854036746463e-05
2.9548360401497934e-05
1.882924616768089e-06
2.4744995193492968e-05
4.6172495394994435e-06
2.8245236090404518e-05
6.052992064256702e-05
1.804902675356563e-05
7.003882736536836e-05
3.954450463691247e-05
6.896030081663988e-06
1.3262443124245345e-05
2.6818570821496993e-05
1.6741011311270156e-05
6.485348640275039e-05
1.882924616768089e-06
2.554322084489597e-05
1.3599545972050545e-05
2.6385306462798093e-05
2.1927912546854435e-05
8.694270183732316e-06
0.00013657388144895245
1.3180472317376624e-05
3.338285109917559e-05
2.9942616656289212e-05
1.5899682019659913e-05
2.424012255234195e-05
3.978732937273603e-05
2.0034444520569773e-05
1.4007798654360104e-05
2.0557663659577668e-05
1.0569578278213756e-05
2.483898827901982e-05
6.608352426123944e-05
3.7699163321794077e-05
2.041497630755914e-05
1.702661293771207e-05
7.171450457389244e-06
0.0002042500912962942
2.2079502545812974e-05
5.796180122488212e-06
5.169505045690933e-05
1.3234570022614663e-05
1.2090730391472888e-05
5.139028925788192e-05
3.3319696473901423e-06
0.0002934224858974388
9.56193394318566e-06
7.93286032056078e-06
4.6172495394994435e-06
1.0505848990770076e-05
2.9770595868805027e-05
1.6007768465411033e-05
1.711479338127444e-05
2.9344064557373264e-05
3.816991271073628e-05
1.99238254758718e-05
5.073397573542603e-05
8.002348376040149e-06
1.3732446662964599e-05
9.56193394318566e-06
8.135863562818458e-06
1.7643796593090126e-05
1.882924616768089e-06
2.6612602428634266e-05
4.6172495394994435e-06
5.10930608700791e-05
3.524545372374743e-05
3.466895081122421e-05
0.0001837387477230584
2.247111117149645e-05
2.6806107713136825e-05
5.3325684008366415e-05
2.8188248411101004e-05
0.00010834388023927488
1.882924616768089e-06
2.7184832438092757e-05
5.516824065331191e-06
4.6172495394994435e-06
1.882924616768089e-06
4.764417970812415e-05
6.610716933800651e-06
2.658145390355434e-05
1.882924616768089e-06
2.0920792018676036e-05
6.610716933800651e-06
2.898090061244106e-06
2.6933126202269776e-05
0.0001444989120835491
2.421020236320387e-05
3.0781663596662965e-06
1.0358546363548384e-05
2.466088472332466e-05
9.85684190039228e-06
2.0709524896218973e-05
5.848041551534563e-05
2.854475090524586e-05
2.4841967092965247e-05
3.9428454493504886e-05
6.156332719332593e-06
1.8933264463430183e-05
4.347135091866158e-06
9.296324830367436e-05
1.7260452121262064e-05
6.896030081663988e-06
3.198671690857374e-05
4.347135091866158e-06
2.7924566250869343e-05
3.0126793868289424e-05
5.516824065331191e-06
4.6172495394994435e-06
1.882924616768089e-06
5.796180122488212e-06
1.882924616768089e-06
6.378722611335528e-05
1.3221433867601301e-05
1.6733384400574902e-05
1.8730806731191868e-05
4.347135091866158e-06
4.137618048998393e-06
9.234499078998887e-06
2.9596821067848642e-05
2.466088472332466e-05
1.882924616768089e-06
3.605173211488751e-05
1.3308633029364818e-05
2.190394744826245e-05
2.0934432544747473e-05
2.1931476224525377e-05
2.5759956648979765e-05
5.095590483577575e-06
3.478886487951032e-05
4.6172495394994435e-06
0.0007403297431418
7.531698467072356e-06
2.3798580961682338e-05
5.3901338253022364e-05
1.882924616768089e-06
7.595413737724436e-05
1.0191926135435922e-05
1.3950842759391794e-05
5.796180122488212e-06
6.369488104471969e-06
7.307662797452353e-05
1.882924616768089e-06
2.582474734682818e-05
2.7385769159803445e-05
2.5539495421657058e-05
1.804454979755463e-05
1.6473456566170554e-05
4.6172495394994435e-06
2.209746923077065e-05
3.326984167979112e-05
2.578080971613546e-05
1.882924616768089e-06
1.5988748411053698e-05
8.184205500338734e-05
5.095590483577575e-06
2.3599226044528597e-05
3.3008144233018676e-05
3.96643016028039e-06
3.537368881059763e-05
3.434660886530636e-05
2.5977574725942136e-05
1.8918145268900832e-05
8.121323555808137e-06
2.3734318803420325e-05
4.347135091866158e-06
6.896030081663988e-06
3.315610781061336e-05
3.8135620346893124e-05
1.294818295443548e-05
9.87948452297059e-06
1.4820789138195706e-05
3.1878120761394884e-05
4.187273931175703e-05
1.8730806731191868e-05
7.531698467072356e-06
7.481588388639689e-05
2.181904146017602e-05
2.9635186457413162e-05
7.171450457389244e-06
8.7426445869822e-06
2.829269505687315e-05
6.04365715954175e-05
5.657326348198413e-05
3.148379756999831e-05
2.447038943744461e-05
2.2867445990459695e-05
2.2916139741202156e-05
1.98984344405409e-05
1.2424374952774282e-05
2.6417512466873687e-05
2.8019461894248913e-05
1.7167912567859007e-05
2.7725843099681862e-05
2.3262552562908568e-05
1.882924616768089e-06
3.060146347376979e-05
2.0565305752899657e-05
2.5100076600862355e-05
2.3479246795804547e-05
2.1521315738855985e-05
1.47316461538471e-05
8.135863562818458e-06
1.8502146253516344e-05
3.765849233536178e-06
2.7659000158628516e-05
1.319715077818822e-05
2.483167916572568e-05
3.298413686556123e-05
3.057976270273381e-05
2.6277879413590817e-05
2.3691497328808327e-05
6.454333551702616e-05
7.176376299764519e-05
4.7705852464050946e-05
2.478929380062868e-05
7.93286032056078e-06
3.344630469793045e-05
8.694270183732316e-06
6.617285011307332e-06
4.135153632759949e-05
2.898090061244106e-06
5.906994788084757e-05
2.592505717470591e-05
2.181904146017602e-05
6.973597339558678e-06
1.8385235733847635e-05
1.3327878589560569e-05
3.4354473145081176e-05
4.6172495394994435e-06
3.0781663596662965e-06
1.616324588699302e-05
1.882924616768089e-06
7.93286032056078e-06
4.3235657601833585e-05
6.610716933800651e-06
1.9490246741896366e-05
1.882924616768089e-06
3.765849233536178e-06
2.234045603812914e-05
1.803168044136208e-05
2.127904444444581e-05
4.5279712969269294e-05
6.369488104471969e-06
4.6172495394994435e-06
6.896030081663988e-06
3.457438420031535e-05
0.00015647778131564754
1.3323957009211411e-05
1.2122434415244764e-05
2.5275779287935588e-05
3.094440339861178e-05
9.56193394318566e-06
7.643385725366362e-06
2.3935342500745152e-05
1.7643796593090126e-05
3.3319696473901423e-06
4.347135091866158e-06
2.9839906622460967e-05
4.756345397154841e-05
1.882924616768089e-06
2.1552092587880975e-05
1.4797409589499259e-05
2.6647341541390443e-05
1.882924616768089e-06
4.6172495394994435e-06
1.882924616768089e-06
3.3319696473901423e-06
5.811331116298898e-05
1.4674529247377842e-05
1.0958104011729489e-05
1.3409285410748497e-05
1.882924616768089e-06
2.0416446231442817e-05
2.7064731986501103e-05
2.981164939983192e-05
3.3319696473901423e-06
1.5771896006714345e-05
6.827959887363597e-05
3.1318043001105485e-05
1.882924616768089e-06
9.512620450392381e-06
6.896030081663988e-06
3.0781663596662965e-06
4.137618048998393e-06
3.655295310565511e-05
2.1467063284616476e-05
1.882924616768089e-06
1.882924616768089e-06
4.6172495394994435e-06
1.2683493933856507e-05
8.135863562818458e-06
4.6172495394994435e-06
2.6354284439147378e-05
9.90841718353545e-05
3.0460383645174134e-05
2.5902892093090216e-05
2.5801183086297688e-05
4.3917744307117696e-05
0.0001255009047688225
2.052648025542833e-05
1.5758773486155114e-05
1.882924616768089e-06
1.1626536106035131e-05
7.93286032056078e-06
3.3319696473901423e-06
7.389825132849559e-05
2.3602226859317317e-05
6.160526187745175e-06
6.0220054925381364e-05
2.8182662341927143e-05
2.272232241466507e-05
5.3708249334432456e-05
2.5244788463722322e-05
2.3657844010071516e-05
3.026496032128351e-05
2.9604133321563204e-05
6.090992666856101e-06
1.1954295285523078e-05
7.643385725366362e-06
3.3319696473901423e-06
2.383272019152922e-05
3.0039719198706193e-05
2.8292293657591502e-05
2.8396105018283265e-05
2.7285605345546358e-05
6.610716933800651e-06
8.811409626037304e-05
1.882924616768089e-06
1.971368380078456e-05
1.882924616768089e-06
5.951898192239857e-05
7.097353203021453e-05
3.065472014707234e-05
2.569625480235626e-05
1.953117986314851e-05
2.625911782776565e-05
6.610716933800651e-06
3.592240434709694e-05
3.5733134781093104e-05
6.090706428339911e-05
1.4026526652970299e-05
1.098595733037168e-05
1.1175159119641986e-05
2.177050218928157e-05
2.8703392821780573e-05
7.93286032056078e-06
8.624736662843245e-06
2.7910281542186766e-05
1.882924616768089e-06
0.00018528542608133705
1.882924616768089e-06
2.5059517422981443e-05
3.4895963514245186e-05
1.2456798609977237e-05
3.3319696473901423e-06
7.164276997678901e-05
5.095590483577575e-06
3.37876533735883e-05
1.3851748618498331e-05
2.0688090244991963e-05
1.421222080982551e-05
3.1394554427529485e-05
2.227616038693147e-05
2.496773674125169e-05
2.244957428393283e-05
2.750024575967235e-05
1.634346171721178e-05
3.3319696473901423e-06
1.2456798609977237e-05
1.932041479921223e-05
8.945893231752506e-05
6.21218747638714e-05
4.6172495394994435e-06
2.152754461633543e-05
1.8675876286929165e-05
2.3902745085634252e-05
1.882924616768089e-06
6.617285011307332e-06
5.796180122488212e-06
3.0533305748214534e-05
8.624736662843245e-06
1.1388201885590319e-05
1.809562730890173e-05
2.314621564784005e-05
4.230247053743975e-05
1.882924616768089e-06
2.4136943963770025e-05
2.940024716924684e-05
1.3459739532172138e-05
5.968878652157116e-05
8.135863562818458e-06
2.323604755021555e-05
2.511867895554754e-05
2.4844846459093167e-05
2.215502162438971e-05
2.5096114860288186e-05
2.2371137602421837e-05
1.882924616768089e-06
1.3792060163327978e-06
1.6659848236950711e-06
1.4194706406042912e-05
8.96572146414231e-06
2.6465339703080124e-05
2.5256039539791678e-05
4.7382994657616655e-05
6.610716933800651e-06
1.1166819889236186e-05
1.8990668333172038e-05
8.624736662843245e-06
1.6823112525234174e-05
1.1739623397902273e-05
1.4212316222664238e-05
1.665251587667241e-05
9.718865711361706e-05
1.9221783024240988e-05
2.570800813809654e-05
1.6026902307498574e-05
7.93286032056078e-06
8.624736662843245e-06
1.461315144050409e-05
2.8761646320494135e-05
5.655333578761084e-05
1.7028006119265336e-05
5.2594719368222215e-05
2.7213527185330013e-05
1.882924616768089e-06
3.464458450546257e-05
5.391441578410738e-05
2.480549766004888e-05
0.00018900469257553297
1.6580704498649187e-05
4.277259235575047e-05
9.85684190039228e-06
2.647542779869037e-05
3.1438326778189014e-05
4.519862171863681e-05
1.953117986314851e-05
1.449045030622053e-06
1.5326928375157767e-05
1.6880016475725495e-05
2.977451069669844e-05
1.4922634048784268e-05
5.785706349881518e-05
6.235173828557185e-05
1.0398590732054378e-05
3.3319696473901423e-06
2.451364764513018e-05
1.8974958387642686e-05
9.893578589214024e-05
1.8551421848504895e-05
1.882924616768089e-06
8.574947461762517e-06
2.380483919372601e-05
3.186515591132222e-05
3.3311161030121746e-05
3.0029332423099992e-05
1.2181985333712203e-05
1.5537819545322577e-05
1.7671067495229607e-05
1.6560490807050062e-05
3.04876523660326e-05
2.5275779287935588e-05
2.0615349027234948e-05
2.601379005617185e-05
3.0443742369359897e-05
1.989366468636802e-05
2.7213527185330013e-05
1.1954198495151088e-05
2.4062715039713303e-05
1.8741899712791078e-05
1.243569320859732e-05
7.171450457389244e-06
1.9636971234809174e-05
9.783019498251896e-06
2.3446638394201857e-05
3.102378369146516e-05
3.0781663596662965e-06
3.821692862683181e-06
2.3053894941987573e-05
5.584913250173869e-05
1.7027114989197622e-05
6.973597339558678e-06
2.239061917603261e-05
9.166357606838195e-05
2.179748513746519e-05
2.2029569042439734e-05
2.919405123988198e-05
1.7834566692521514e-05
3.1100141880343876e-05
6.270771373906674e-05
2.9086386708201806e-05
4.255808888889162e-05
2.817182129701961e-05
1.882924616768089e-06
3.316989072998149e-05
4.487732022760288e-05
4.4887034242043e-05
3.7866528926860365e-05
3.765849233536178e-06
3.765849233536178e-06
9.495334166586019e-05
5.176822896989285e-06
9.166357606838195e-05
0.00040973523888424257
1.9108464313415902e-05
2.652488624849069e-05
1.3696227297552654e-05
2.6216936534928613e-05
4.8596496504629206e-05
3.765849233536178e-06
9.234499078998887e-06
2.132803541520341e-05
6.88083629799872e-05
2.04336073431184e-05
7.885239779493868e-05
4.750185227647431e-05
9.336294611774194e-05
1.882924616768089e-06
3.765849233536178e-06
9.234499078998887e-06
3.326226629405645e-05
3.0454104618731935e-05
1.882924616768089e-06
1.882924616768089e-06
4.224206456325354e-05
0.00012904511690892852
3.765849233536178e-06
0.00042663779761979134
3.765849233536178e-06
0.0001067812536127271
9.995908942170426e-06
9.414623083840443e-06
1.0757175686083867e-05
5.871148531727845e-06
3.765849233536178e-06
2.7668802700804426e-05
5.811331116298899e-06
4.6172495394994435e-06
1.0143315214354372e-05
1.1297547700608534e-05
3.765849233536178e-06
1.8468998157997774e-05
7.531698467072356e-06
4.458641673130378e-05
9.56193394318566e-06
5.222563791554677e-05
1.882924616768089e-06
3.765849233536178e-06
3.765849233536178e-06
6.598575389094109e-05
7.531698467072356e-06
2.2820263701276234e-05
4.773826056512265e-05
2.2691471704523705e-05
3.765849233536178e-06
1.1297547700608534e-05
4.347135091866158e-06
2.0099888314364875e-05
3.528759318618025e-05
3.346562423807497e-05
4.0320865667921176e-05
1.204459010568012e-05
1.4655368675612807e-05
3.094400779677228e-05
5.5834099446180926e-05
5.3854520626676586e-05
5.648773850304267e-06
4.661345863596773e-05
1.3041405275598472e-05
3.765849233536178e-06
0.00010659237166998179
5.648773850304267e-06
1.649227922178796e-05
2.4179402568844833e-05
2.9429604223644343e-05
0.00010903878250339458
3.585725228694622e-06
3.1352510798296016e-05
2.7148422217324235e-05
7.440449471675624e-06
2.677164408639184e-05
2.3253078816918265e-05
7.736425155809786e-06
1.738854036746463e-05
7.442648967201258e-05
0.00010302665048181238
1.9991817884340853e-05
1.8127456136209673e-05
2.8841403030373724e-05
4.1852528278175374e-05
2.884311871232393e-05
6.6639392947802845e-06
1.7834566692521514e-05
7.052060406094076e-05
8.804717548426707e-06
1.1622662232597798e-05
6.6639392947802845e-06
7.35006179231171e-05
2.1576329868057296e-05
2.6830047081592116e-05
7.561063930247684e-06
3.765849233536178e-06
3.765849233536178e-06
6.6639392947802845e-06
1.7834566692521514e-05
1.971368380078456e-05
2.7668802700804426e-05
3.566913338504303e-05
9.234499078998887e-06
2.3663372295480747e-05
5.429162146006403e-05
2.8665867249686504e-05
2.639430155637644e-05
3.979369079675804e-05
8.624736662843245e-06
2.377516422406404e-05
0.0001039337535163877
2.466949903507844e-05
1.4647943107162241e-05
7.531698467072356e-06
2.5069105591237495e-05
3.102265004989523e-05
1.792870068126036e-05
4.347135091866158e-06
1.882924616768089e-06
1.881149045482307e-05
2.7116530427177986e-05
3.946442359171701e-05
1.7286636250538163e-05
1.882924616768089e-06
7.531698467072356e-06
5.6770599688520556e-05
7.531698467072356e-06
3.765849233536178e-06
3.765849233536178e-06
3.765849233536178e-06
3.765849233536178e-06
3.765849233536178e-06
1.8596259572156476e-05
1.6733384400574902e-05
6.0500891531952755e-05
3.765849233536178e-06
9.234499078998887e-06
3.528075745943103e-05
8.841628749496899e-06
0.00011819891572504894
1.882924616768089e-06
1.2717925347727463e-05
1.8127456136209673e-05
3.3319696473901423e-06
1.882924616768089e-06
2.025814288261404e-05
4.940309312620135e-05
3.0781663596662965e-06
2.1514351372167735e-05
6.750804884667117e-05
4.9281843309163215e-05
3.1333761612098827e-05
6.6639392947802845e-06
6.704426526996564e-05
5.516824065331191e-06
1.882924616768089e-06
1.882924616768089e-06
2.3984673659924237e-05
2.839140894757169e-05
6.896030081663988e-06
0.00027191769068488943
3.0781663596662965e-06
5.648773850304267e-06
1.882924616768089e-06
1.6659848236950711e-06
0.0002670842907400128
4.876419531833781e-05
6.6639392947802845e-06
3.765849233536178e-06
9.414623083840443e-06
2.0394825839184823e-05
4.6172495394994435e-06
3.765849233536178e-06
3.765849233536178e-06
2.0139720226232286e-05
1.882487751664407e-05
3.10609373819357e-05
3.765849233536178e-06
3.765849233536178e-06
1.882924616768089e-06
1.882924616768089e-06
9.414623083840443e-06
5.8372883784842255e-05
5.648773850304267e-06
0.00016941393076924161
5.648773850304267e-06
2.6404691472160556e-05
6.6639392947802845e-06
1.6619610402119964e-05
6.156332719332593e-06
3.765849233536178e-06
3.765849233536178e-06
1.2738976208943938e-05
3.765849233536178e-06
3.765849233536178e-06
3.765849233536178e-06
1.8359189982268976e-05
2.8724522604201103e-05
1.882924616768089e-06
3.765849233536178e-06
3.765849233536178e-06
0.00011138080193465733
3.765849233536178e-06
1.0577147094081041e-05
7.871314255025426e-05
3.709745959323124e-05
3.765849233536178e-06
1.1033648130662383e-05
3.173427182742334e-05
1.616324588699302e-05
2.672668938767225e-05
2.7363777428257623e-05
1.0819008264817246e-05
8.135863562818458e-06
2.0688090244991963e-05
0.0001098630272243664
4.6172495394994435e-06
6.631221562122673e-06
3.3319696473901423e-06
6.6639392947802845e-06
4.702357368747831e-05
3.765849233536178e-06
6.6639392947802845e-06
1.882924616768089e-06
4.886715999118363e-05
1.882924616768089e-06
1.882924616768089e-06
3.3319696473901423e-06
3.6805090020306006e-05
2.0996314578635578e-05
0.00011221221322376239
5.796180122488212e-06
0.00021572702690502053
3.765849233536178e-06
1.882924616768089e-06
1.882924616768089e-06
1.882924616768089e-06
4.1886497711360886e-05
3.821692862683181e-06
1.882924616768089e-06
6.6639392947802845e-06
2.4540673745859188e-05
3.3319696473901423e-06
2.182038194744058e-05
9.512620450392381e-06
2.914557164373996e-05
3.933655179919542e-05
5.347528704955566e-05
5.516824065331191e-06
0.0001603601565193922
1.1592360244976424e-05
2.801109535587227e-05
1.9957532483567868e-05
2.115618121828223e-05
1.8854710716909854e-05
5.516824065331191e-06
6.6639392947802845e-06
1.4797409589499259e-05
1.5286771450732724e-05
3.765849233536178e-06
1.1033648130662383e-05
5.1267800875067845e-05
5.9605038890640744e-05
6.6639392947802845e-06
1.6733384400574902e-05
6.794617423623948e-06
1.830365803834514e-05
1.232286432734564e-05
2.4702089579414356e-05
1.882924616768089e-06
4.92842095019614e-06
3.0119061814267468e-05
1.882924616768089e-06
9.94842269918951e-06
3.0781663596662965e-06
1.0577147094081041e-05
1.882924616768089e-06
3.3319696473901423e-06
1.882924616768089e-06
1.882924616768089e-06
3.3319696473901423e-06
1.882924616768089e-06
4.6172495394994435e-06
3.765849233536178e-06
1.6733384400574902e-05
3.765849233536178e-06
1.7834566692521514e-05
3.765849233536178e-06
8.574886966540162e-05
3.765849233536178e-06
3.765849233536178e-06
3.765849233536178e-06
3.765849233536178e-06
3.765849233536178e-06
1.7834566692521514e-05
3.765849233536178e-06
5.1441320499070985e-05
9.234499078998889e-06
3.765849233536178e-06
6.6639392947802845e-06
3.765849233536178e-06
1.882924616768089e-06
1.988038493371195e-05
1.882924616768089e-06
1.882924616768089e-06
5.095590483577575e-06
1.882924616768089e-06
3.765849233536178e-06
1.882924616768089e-06
5.9762087144910366e-06
1.882924616768089e-06
1.882924616768089e-06
3.3319696473901423e-06
2.4314479061116468e-05
5.288573547040521e-06
1.882924616768089e-06
1.882924616768089e-06
1.882924616768089e-06
1.882924616768089e-06
1.882924616768089e-06
1.882924616768089e-06
9.85684190039228e-06
7.881498887798962e-05
3.3319696473901423e-06
8.858935582981631e-05
2.0136210565642645e-05
1.6368495726496778e-05
0.00021258605014528364
1.882924616768089e-06
1.882924616768089e-06
1.882924616768089e-06
3.3319696473901423e-06
1.882924616768089e-06
3.3319696473901423e-06
4.2447942197695334e-05
1.882924616768089e-06
9.298129786078238e-06
4.586031435219817e-05
1.882924616768089e-06
1.882924616768089e-06
1.882924616768089e-06
8.366692200287451e-06
1.882924616768089e-06
0.00011506435610271819
1.882924616768089e-06
1.882924616768089e-06
1.882924616768089e-06
5.095590483577575e-06
1.882924616768089e-06
1.882924616768089e-06
2.7584120326655957e-06
2.285036916954281e-05
1.878031050096725e-05
1.625291878478521e-05
3.3249706293373416e-05
5.9762087144910366e-06
5.516824065331191e-06
1.3792060163327976e-05
1.6741011311270156e-05
5.796180122488212e-06
9.234499078998887e-06
1.882924616768089e-06
1.882924616768089e-06
1.882924616768089e-06
1.882924616768089e-06
1.882924616768089e-06
1.882924616768089e-06
4.6172495394994435e-06
3.3319696473901423e-06
1.882924616768089e-06
2.8845603880462334e-05
5.816451635004128e-05
1.1166819889236186e-05
0.00015297701380000318
9.356969229741155e-05
2.420375081888481e-05
1.882924616768089e-06
1.882924616768089e-06
1.882924616768089e-06
1.882924616768089e-06
5.095590483577575e-06
2.3561937699214165e-05
5.516824065331191e-06
3.765849233536178e-06
2.917369462169961e-05
3.295787199111504e-05
1.882924616768089e-06
1.8926275208057215e-05
2.942416766217369e-05
3.0781663596662965e-06
2.343785529777067e-05
1.3585426063930525e-05
5.811331116298899e-06
3.942736760156912e-05
3.134619579723736e-05
3.3319696473901423e-06
3.3319696473901423e-06
2.5124951172821657e-05
6.106166768418331e-05
0.0003892355621295144
7.561063930247684e-06
2.5331836472818184e-05
1.5390831798331483e-06
1.2289243592427901e-05
1.132436237270658e-05
3.3319696473901423e-06
1.882924616768089e-06
1.882924616768089e-06
1.4785262850588417e-05
1.3132311238462595e-05
1.882924616768089e-06
1.882924616768089e-06
3.3319696473901423e-06
1.882924616768089e-06
5.796180122488212e-06
3.201553693082207e-05
2.4841967092965247e-05
2.7143440963352595e-05
3.467641377971549e-05
7.273787187041638e-05
7.781850759601243e-05
2.2449812924259268e-05
4.529744949082633e-06
7.655139245482818e-05
1.5100484610439603e-05
1.882924616768089e-06
3.503324507424976e-05
2.447749409644906e-05
5.17017923111478e-05
6.0746668721906975e-05
4.6172495394994435e-06
1.553046869096785e-05
3.3319696473901423e-06
3.3319696473901423e-06
5.796180122488212e-06
1.882924616768089e-06
9.85684190039228e-06
9.94683234318401e-06
1.882924616768089e-06
2.22061179511587e-05
1.882924616768089e-06
1.882924616768089e-06
6.794617423623948e-06
2.6647341541390443e-05
1.882924616768089e-06
3.3319696473901423e-06
1.83099288839528e-05
7.643385725366362e-06
2.6932199001815422e-05
1.4041975870459983e-05
1.954180361351007e-05
5.516824065331191e-06
4.15490260052999e-05
9.234499078998887e-06
9.512620450392381e-06
1.882924616768089e-06
7.643385725366362e-06
1.882924616768089e-06
1.882924616768089e-06
3.3319696473901423e-06
8.624736662843245e-06
1.882924616768089e-06
9.721367910318451e-06
1.882924616768089e-06
1.882924616768089e-06
4.6172495394994435e-06
6.610716933800651e-06
8.804717548426707e-06
1.882924616768089e-06
5.095590483577575e-06
3.3319696473901423e-06
1.6659848236950711e-06
1.860112367918906e-05
9.298129786078238e-06
3.1432513870659396e-05
7.927053660894606e-06
2.3854625244030306e-05
1.882377008547129e-05
1.882924616768089e-06
1.882924616768089e-06
7.826415598601517e-06
4.6172495394994435e-06
3.0297715384923065e-05
1.29618238804246e-05
4.347135091866158e-06
2.2963607147076464e-05
1.553046869096785e-05
2.8000695196375255e-05
1.7191235235730565e-05
3.777889503264684e-05
1.882924616768089e-06
7.643385725366362e-06
1.882924616768089e-06
8.841628749496899e-06
1.882924616768089e-06
2.228859869805618e-05
1.0819008264817246e-05
3.3319696473901423e-06
3.3319696473901423e-06
1.882924616768089e-06
1.882924616768089e-06
9.56193394318566e-06
1.2683493933856507e-05
2.156501257285487e-05
1.693804472936652e-05
1.882924616768089e-06
0.00018616665123082418
5.516824065331191e-06
8.275236097996786e-06
1.882924616768089e-06
2.7584120326655957e-06
1.882924616768089e-06
1.882924616768089e-06
1.882924616768089e-06
3.765849233536178e-06
1.848157856323552e-05
1.882924616768089e-06
1.6659848236950711e-06
1.882924616768089e-06
1.882924616768089e-06
2.434252600498772e-05
1.882924616768089e-06
3.3319696473901423e-06
1.882924616768089e-06
2.173207155320812e-05
1.988038493371195e-05
2.3734318803420325e-05
1.4420701515186862e-05
1.5227481667140252e-05
7.93286032056078e-06
1.6659848236950711e-06
3.3319696473901423e-06
5.796180122488212e-06
7.93286032056078e-06
4.347135091866158e-06
1.1389010373376426e-05
3.3319696473901423e-06
3.3319696473901423e-06
1.882924616768089e-06
2.898090061244106e-06
1.882924616768089e-06
1.882924616768089e-06
4.0433717107267885e-05
1.882924616768089e-06
1.882924616768089e-06
1.882924616768089e-06
1.882924616768089e-06
1.882924616768089e-06
2.055677823230863e-05
3.3319696473901423e-06
5.796180122488212e-06
3.0781663596662965e-06
1.4368061725253982e-05
2.1123212476298563e-05
3.3319696473901423e-06
6.896030081663988e-06
1.3459321414174407e-05
1.6495973335146463e-05
2.447195881653078e-05
3.9574499509581814e-05
2.3657844010071516e-05
1.882924616768089e-06
7.93286032056078e-06
1.870203553729373e-05
4.136143384891824e-05
1.5125222882988189e-05
1.2157239530558234e-05
3.9590832151112915e-05
5.796180122488212e-06
1.882924616768089e-06
3.3319696473901423e-06
1.882924616768089e-06
2.61020842164444e-05
2.886693232426628e-05
1.2683493933856507e-05
5.288573547040521e-06
1.882924616768089e-06
1.4942869106903848e-05
3.3319696473901423e-06
1.0505848990770076e-05
1.882924616768089e-06
1.882924616768089e-06
1.882924616768089e-06
1.6659848236950711e-06
5.796180122488212e-06
1.882924616768089e-06
1.882924616768089e-06
5.516824065331191e-06
7.171450457389244e-06
9.308188750289781e-06
1.5390831798331483e-06
1.882924616768089e-06
7.643385725366362e-06
1.7671067495229607e-05
1.882924616768089e-06
2.841189778158351e-05
1.295048655931667e-05
1.777721264174019e-05
2.9150270209216337e-05
1.882924616768089e-06
1.882924616768089e-06
1.882924616768089e-06
3.0781663596662965e-06
1.882924616768089e-06
4.6172495394994435e-06
1.882924616768089e-06
1.882924616768089e-06
1.882924616768089e-06
1.882924616768089e-06