0.0007460264703727768
2.2168205338377048e-05
5.805290007170668e-05
0.00010334185240591007
3.708182644548862e-05
0.0003474703374699821
0.0009754818918986442
0.002262557162439832
3.642141656631606e-05
0.000343399959124031
0.0005602421786118956
0.00017586022046693888
0.0001517105538781227
0.0011918701104244023
0.0023587757022287283
0.0003927214005717394
0.0005022035432031868
0.0003029247120834487
0.00042550081608945853
0.00019335044481963993
0.0001548734548225282
2.4279462989651052e-05
3.66044258851547e-05
4.530343953076592e-05
8.065508350481569e-05
9.705674536160576e-05
6.59354687418427e-05
5.22257159425301e-05
0.0004467734154245217
0.00013416339852693289
3.0196849795589756e-05
0.00017253178437266593
6.364281462026741e-05
8.584250618647268e-05
7.948372837155118e-05
0.0001585794074130385
0.00045911092376488955
0.011558066873439079
0.00309507149788615
0.00017280793235588255
8.444625210836256e-05
6.613801092299238e-05
1.5917009886017183e-05
0.00013953051395712904
0.00019269741912304958
0.000757137878023478
0.0004118498906529189
0.00023285886052449903
6.989324945730645e-05
7.153533873923391e-05
0.00020013523980563064
5.866286604856698e-05
3.665627187860031e-05
0.00021182366576343958
0.0001982009680450158
0.00010923700463717752
4.8386221059647123e-05
5.231402654460704e-05
0.00020070912943796166
5.886580731940184e-05
6.021351731970176e-05
1.378624808572017e-05
5.070930180397493e-05
5.545741776770785e-05
4.564524522208603e-05
0.0008374140600891643
3.938033155200162e-05
0.00023246184978382983
3.509014619124639e-05
7.742085235161019e-05
5.473809524335642e-05
0.0002073692865489815
0.00043050912794058795
7.307750213416417e-05
0.0004384947530170608
7.207567371719678e-05
8.678110901250252e-05
0.00017473093313961167
0.003321966466540124
5.503093598349506e-05
0.00010304003728343658
8.276756046001422e-05
0.00023740917319805532
0.0008383150372227113
5.969611284451857e-05
0.00014130643530906032
0.00023618022144689495
0.00022126169661071502
6.136816512729298e-05
9.560801033014189e-05
0.00013048648279709738
4.3883910021928046e-05
9.224743275694404e-05
8.72580635830832e-05
0.00017515662329840333
7.077905242699183e-05
2.7618446315063533e-05
7.118499571157408e-05
0.0009110894579324784
7.809294949026103e-05
5.75135231067289e-05
4.769228452900678e-05
6.094940253859973e-05
0.0003450107996885875
0.00017209771093180617
0.00011678696445134189
0.000461158314523344
7.285529871321456e-05
0.00018050881931521722
2.8298975503645184e-05
0.00042354102914283527
6.386306151171033e-05
5.9736902953108895e-05
0.000296682280829528
0.0008978999583908724
0.0002845222022382852
0.00013803830746825598
0.0003832392002776033
0.0013349445760923076
0.00048207366473429226
0.0009403622105955388
0.0005856994602434896
0.0006683761834613055
0.00028489647881360707
4.705327845526662e-06
5.580794779050604e-05
7.099981198684797e-05
0.00035053995326917543
1.7140044223692517e-05
0.00018696088977932307
0.00010637462272012423
5.0822068720975175e-05
0.0004930974123448838
3.551581761500166e-05
0.000642786997851507
6.659028037945442e-05
3.803911910029325e-05
0.0008271321629001056
0.00022087466753430103
1.792107088593267e-05
9.922756977976992e-05
0.0003756903614169535
0.00011066328340877118
0.0001610675920546894
0.00018906951331151383
0.0002236056642115548
0.0004104468477369714
0.00010300996074178237
0.001828125752545677
0.0007539756867714056
0.00013363188040617995
7.337651267543742e-05
0.0010888712540620073
0.00020769636097594212
0.00012956361670614052
5.2535578381449774e-05
5.8147308347404214e-05
9.705674536160576e-05
0.00033999411941485895
7.012610126467418e-05
6.363119458573088e-05
3.720245436818832e-05
5.769129744886579e-05
7.242171960883922e-05
9.410655691053324e-06
5.07585929551116e-05
4.397454734196685e-05
6.502758330588668e-05
0.00017847339709050117
0.000429016947018137
7.372708917923051e-05
0.00016433656814334415
3.4614778469319474e-05
7.564303109615585e-05
4.090399479904167e-05
0.0007742844569860869
0.00011940601119636034
8.529364107550405e-05
5.80877305851356e-05
0.00014249978550600066
8.326413825968623e-06
8.713323266663076e-06
4.234561796184226e-05
0.0001363459435791788
0.0001849712874590371
3.0380290946569883e-05
6.0803886152477414e-05
6.974629985047093e-05
7.787278399399817e-05
0.00020746821446275998
3.6671058396871494e-05
7.668469747563852e-05
0.0001796724961627089
8.859626265239044e-05
0.0008952170145458421
7.070193075737791e-05
0.0011621910070994167
0.0005155197216074955
6.178411138996366e-05
0.0006605567616841971
7.540291316098764e-05
0.0002201912564073138
6.352307642333903e-05
6.48319232390029e-05
0.0001725414703523393
0.00013566001256863118
0.0001588596510028039
0.00011375137556416951
7.692172993182107e-06
4.048001464706437e-05
0.0007821594400802514
7.275582120239965e-05
0.00014542776996447006
7.380631920215468e-05
0.0004186686495504116
6.917488981711601e-05
0.0001726136397638479
2.1847400927435504e-05
6.233805233526748e-05
7.75239421811541e-05
0.00014684099766074292
0.0004172927017838356
3.404166077951738e-05
0.00013289873515080536
0.0001980478494672073
5.2794383919918835e-05
0.00020683527419992293
0.0003612380437435313
0.004995808367309772
0.0006815159414361547
7.338300386379555e-05
0.00015184355797227627
0.00028415581143776504
8.018588279273912e-05
7.151411877865253e-05
0.00022990332375898536
5.155161293295678e-05
0.0001407929725293752
6.203901832079277e-05
7.978140301677348e-05
4.971320336711436e-05
5.607301073528973e-05
0.0003665651124978707
7.268414660720937e-05
0.00021292211127871567
5.612706307878386e-05
0.0002078561941606997
8.707652831417423e-05
0.00010291325734419966
6.287672629680342e-05
0.00028633811602941835
5.5046396807016425e-05
0.0002043409223036112
0.00039409584401515915
4.739200748273031e-05
0.00012771224152745552
5.963521125840255e-05
0.0001977877564989264
0.0001748498203504165
0.00022922170157952597
3.0605793096633346e-05
4.294919453899376e-05
0.00026889283935425636
0.0004224759544571168
0.0004743258840926574
8.977376726653886e-05
9.814348033916428e-05
5.514499234288068e-05
0.00035153231362021643
4.3221282159335256e-05
8.670887286287204e-05
0.00017221550017512262
3.551581761500166e-05
6.6079311280974055e-06
5.848837960918233e-05
0.0001255404687790956
8.42912260010626e-05
2.5792503421089825e-05
8.326413825968623e-06
0.0005643522386748033
3.118062039280777e-05
0.00014063692582791246
4.6524235802470286e-05
6.109619056635673e-05
6.420153172568936e-05
2.352663922763331e-05
6.378264422132424e-05
0.00013935221925954677
0.00025969040091038397
0.00012318507264079016
0.0001564658538894502
0.00021497750155634982
0.00016275145017629526
4.705327845526662e-06
1.9823793384292213e-05
0.0001324359402096362
3.9894463656298225e-05
2.9741096031688188e-05
6.556664353462675e-05
8.05594662541568e-05
1.4484343921767845e-05
1.1538259489773158e-05
7.3059766354514e-05
6.153314270996022e-05
0.00013214240214251037
5.4038035517792415e-05
7.786049756304924e-05
6.175806369014618e-05
7.815656883937895e-05
0.00010332010829944236
4.32780797341735e-05
0.00014796674321755307
0.0001215132341133246
3.4513937314702586e-05
7.628408983798009e-05
0.0003752461071710961
7.99888347517423e-05
6.496341691903492e-05
7.723013923745458e-05
7.24359655807381e-05
3.160161852280112e-05
7.172154470179852e-05
0.00017503401807022348
0.0002280857089150509
0.0001479875127295771
0.00018268774708515362
4.705327845526662e-06
0.00010291460258372533
3.357048049198899e-05
0.00016671222787399524
0.00015968079443497905
0.00010714167393226237
0.00021460777573538797
0.00045646369721947963
6.248468657517717e-05
8.064517058912034e-05
0.0002626441496597556
2.4979241477905874e-05
0.00012945988210031606
0.00017253178437266593
0.00016992069937045461
0.00016983147387949023
0.00013637441681506947
0.0001363705349339148
2.788992753921394e-05
0.00013042471527643164
6.312930991120882e-05
0.00016874935012481534
6.224503500686587e-05
0.0001217799695945394
3.0380290946569883e-05
5.3348614757838234e-05
8.764240242535145e-05
4.415905193708874e-05
4.4679679773116564e-05
0.00011410000510284182
0.00011591247130041396
6.329233284977312e-05
0.00016959042467865455
2.126088140710808e-05
0.0005869321661829463
8.833793020527186e-05
7.06274772639183e-05
0.00012925177140191127
6.091481578211286e-05
0.00020738476793898342
6.125499034995586e-05
0.00012296013685909814
6.760774063105181e-05
5.5360891291914546e-05
7.149458789544541e-05
4.0678377540003925e-05
0.00025029861783000036
1.3206405223305432e-05
4.671117538729159e-05
7.620641696464744e-05
5.890498718214498e-05
3.3635168742427636e-05
6.677516375264873e-05
5.005986032596035e-05
0.00010164381330273531
0.0001112085150689428
4.774741142505385e-05
3.509014619124639e-05
0.0002317228744955491
2.323552871110154e-05
3.9343569184953956e-05
0.00011035672491075217
4.987280557419194e-05
5.4202013335292133e-05
0.00011734451270616404
7.315700103494923e-05
7.096981940780402e-05
6.23930378742615e-05
0.0005690429689302288
7.80993618554685e-05
7.130141231191116e-05
4.4802863480772834e-05
6.237554016694688e-05
0.000178590382850301
2.1945812643324853e-05
0.0001059937428104331
2.0331087622213846e-05
0.00020512312168761366
0.00014925339917708048
0.00042337381274454815
6.205303727465372e-05
0.00029602903559938516
6.982622741119273e-05
7.138786379567434e-05
5.260775825934068e-05
0.0001061479787627928
0.0001109148355354157
0.0001329690050279558
7.773846466424078e-05
6.478533040286813e-05
9.061369336673121e-05
0.00010959622636023345
0.00010298323427849093
6.327338666311769e-05
7.00667630809374e-05
0.00012791984076628878
0.00014037093359214872
5.027621524057278e-05
7.275552022146301e-05
9.69386074436092e-05
0.00012182412563535686
8.883009160911437e-05
5.388981228699089e-05
0.00016500680737949536
0.0001116927091659836
8.377285604354269e-05
4.9370257943732186e-05
4.0050371126618855e-05
0.00015349336771349747
4.793587425899452e-05
7.616464777725057e-05
6.976124611180938e-05
5.6479223897251114e-05
7.834824653767189e-05
4.946768534683936e-05
5.5364213330227975e-05
7.094413198039484e-05
0.00016132434311651563
9.764900123545545e-05
4.857385054224603e-05
5.868847988547661e-05
1.0863257941325884e-05
5.974580453118075e-05
5.329500493767653e-05
4.705327845526662e-06
0.0010742143263785912
0.00014861426802426553
7.115089620936525e-05
3.9830858852733184e-05
0.0001129775566827806
6.429197218744564e-05
9.012040877983745e-05
3.179772302760807e-05
6.283457017245512e-05
0.00011810240930354841
0.0002695904680100712
7.998976126408443e-05
0.00013291284189947744
9.527008683707837e-05
1.8603164880239688e-05
4.425528770853689e-05
7.04269648915415e-05
0.00029170546865896506
5.086005582843361e-05
9.321111511222756e-05
2.759194111062356e-05
4.1193293711396374e-05
2.7301592181630455e-05
0.00012764954726414906
4.811507178458792e-05
6.293496905446252e-05
5.624023424769376e-05
5.1842379706764765e-05
3.9884042130256e-05
4.962285910818585e-05
7.237735076609847e-05
4.7904900034700415e-05
6.142701656212208e-05
0.00021626423000557744
5.407224526790247e-05
5.81081829825439e-05
3.148740168178105e-05
6.593250782523625e-05
3.399899373873822e-05
4.118173754262504e-05
7.500592924828821e-05
6.566701429523537e-05
5.556311806713974e-05
5.2956710034725005e-05
7.303569577394301e-05
7.354300591917866e-05
5.759834455043854e-05
0.0003689795253523877
6.557993383927734e-05
0.00034692569119107317
5.151665391129509e-05
4.705327845526662e-06
8.769235507575371e-05
0.0001378527891694321
5.336915763560797e-05
5.7808615679796275e-05
0.00018817867323165188
0.000630677337625667
0.00011679074634457384
9.643795828116846e-05
0.00016344266931545934
0.00015670322059530798
4.972115179620211e-05
0.00014046144198710253
7.692172993182107e-06
0.00017312628554265163
0.00013842624358525947
0.00024739204874389995
0.00024756922955264545
5.0350632963864764e-05
0.00012884972744768924
5.603990822701528e-05
2.1552755335297276e-05
0.00021020707671823633
6.214976003942718e-05
5.466403287997405e-05
5.5952959002896486e-05
8.641366997474035e-05
4.705327845526662e-06
5.8316397996396347e-05
6.588018352981381e-06
0.00014321228606158348
0.00015495997206072708
5.623544481546825e-05
4.408236235449347e-05
0.00023648979141734842
5.215457445380644e-05
6.0341951362862117e-05
5.683880707946067e-05
1.3215862256194811e-05
5.670098689025736e-06
1.5394825239498053e-05
0.00011932744149262268
0.0001329917116725014
4.705327845526662e-06
6.64600711455534e-05
1.4115983536579987e-05
8.326413825968623e-06
3.33029261362447e-05
9.911896692146107e-06
1.1538259489773158e-05
0.0013087144210760621
4.089004342457378e-05
7.174965197350728e-05
1.372831153652053e-05
6.451706742637279e-05
1.4484343921767845e-05
6.451706742637279e-05
4.705327845526662e-06
0.00015126103219992515
2.5565766910946112e-05
0.00015119490994746336
0.0002526512788494868
5.1372501264768465e-05
0.00014534368173751064
3.646610592208218e-05
4.705327845526662e-06
6.771750843756819e-05
3.0789650478996106e-05
0.00011903220126558031
9.035482294936487e-05
4.788534472937052e-05
0.0001372506050697037
0.00018036945688916804
0.00018004057543428208
0.0001447048924659675
7.414305475942068e-05
6.101320489508125e-05
0.00014045667275707337
5.467621938865374e-05
3.562880638707689e-05
5.88574391078324e-05
7.133180483274672e-05
6.595484738877986e-05
2.0331087622213846e-05
3.1399446191645354e-05
5.448088977181978e-05
4.3898666623888705e-05
6.890260579912697e-05
0.0001438279910662029
0.00011085273839649465
6.462698137637814e-05
4.5566922879199456e-05
2.8552854482635328e-05
3.5861951872409e-05
6.598391084277796e-05
0.00010960948003303307
1.3809223157531766e-05
5.761990217878084e-05
5.526535971699501e-05
4.1174849511012854e-05
4.186080159057711e-05
8.288978172304689e-05
3.973245443598115e-05
4.4394473979280055e-05
6.329138960875754e-05
6.582701059164292e-05
5.916748882390269e-05
5.7945371262671303e-05
3.603656130849477e-05
7.039271090241216e-05
8.004471233537755e-05
1.4484343921767845e-05
7.153533873923391e-05
3.925687260258908e-05
6.854694551347341e-05
7.396087186360828e-05
7.478430726518828e-05
0.0003071388610795751
7.404551479920991e-05
3.88281794790404e-05
6.304861208045296e-05
0.00012307368297771878
5.364543561924007e-05
5.810819948770558e-05
5.1805161266131914e-05
6.4539550769843e-05
5.277345473295426e-05
7.018029238249278e-05
8.424401600005785e-05
5.653537847616685e-05
5.2293681009812204e-05
5.941119215273452e-05
1.4414624523397909e-05
6.690090578689575e-05
5.6500500233722484e-05
4.705327845526662e-06
4.705327845526662e-06
6.779846935464199e-05
1.7232810107150213e-05
1.1538259489773158e-05
6.997223873346198e-05
0.00018518759950180422
9.940584783513833e-05
0.0002667441280326856
3.928697270964113e-05
6.386687516948925e-05
5.339709890202269e-05
1.1538259489773158e-05
5.8754697001000075e-05
3.178141479647023e-05
5.436981618602583e-05
4.6807283571836396e-05
4.252176281421616e-05
6.76863895721555e-05
4.147390376541181e-05
5.33654775892883e-05
5.1570453926300556e-05
8.860873726662624e-05
2.8458507029730553e-05
5.8704719009582456e-05
4.9376606170430334e-05
4.251405726823572e-05
6.472514563569141e-05
8.09808727456324e-05
5.2975747571716526e-05
0.00014912697284000053
3.27188146028159e-05
2.1404521839861305e-05
4.186458214746881e-05
4.284533415116114e-05
9.024601162909512e-05
3.0629146762667924e-05
1.195001217855752e-05
5.3672936015980426e-05
5.615410419172944e-05
6.671174660187689e-05
3.5051539423562527e-05
4.742077039824781e-05
2.5873206724944337e-05
3.500473915733477e-05
8.805115522430939e-05
6.162697966185085e-05
7.784411559097644e-05
0.00011460247117932372
5.782541400480783e-05
7.388968407591554e-05
8.18561223730462e-05
4.0849035319487706e-05
7.631541922997306e-05
0.00031081146264644175
5.084107875953964e-05
7.259780162667319e-05
9.55020593161031e-06
0.0006817889686261315
5.3570459030323596e-05
0.000142355020526711
3.338831759634e-05
5.556456886761375e-05
8.375932723553902e-05
5.658435157440265e-05
6.32710389368591e-05
7.32559777915715e-05
6.935682833976813e-05
6.893124042860085e-06
2.1877961973334233e-05
3.8266664995475904e-05
6.31454453045549e-05
1.952131078468727e-05
7.372467358870332e-05
4.811507178458792e-05
2.863279635932917e-05
6.634637556522694e-05
7.200460202267062e-05
4.890225350970527e-05
7.341672583801602e-05
5.524323056748983e-05
7.897286967009646e-05
3.885879505908959e-05
6.70181731864632e-05
2.6813343672666655e-05
5.9757745966323676e-05
5.0520847544479264e-05
6.489519824959238e-05
7.614007852209803e-05
7.728688366454654e-05
4.6823055672613196e-05
2.5873206724944337e-05
6.088139758964295e-05
6.348961644305395e-05
6.67885664007149e-05
6.597541162560405e-05
4.2951363189086515e-05
3.191405698079754e-05