2.2521327620383385e-05
3.294477047359328e-05
0.0002027700650520562
0.00030078112653267986
0.0037191347379615094
0.001956376800326605
0.0001980087542404562
0.00011454413058627593
0.002541667185853823
0.0018104843345349735
0.00010668957832298003
4.8150049153713256e-05
7.662743598761723e-05
1.989936647843607e-05
8.3243534432681e-05
1.2428638115856425e-05
3.6969227503589675e-05
0.0002085670590353629
0.00012046600654656676
0.00010019362292512204
0.00028906700109979647
0.00042230041664196503
0.0011839783663287263
0.0002496726159477277
0.00013349589319931483
7.897526987249132e-05
5.068426226706659e-06
0.0001665204510864881
0.00018123651430369833
5.850774193092674e-06
9.629144176376603e-05
1.5602064514913798e-05
0.003231149892967584
0.0002659707511682744
5.268052602375091e-05
0.00015812273893902625
9.786625051004756e-05
0.00011050569942323196
1.5648061531726813e-05
0.00020572783896804863
1.9947181023490818e-05
0.00043916712519020864
0.0001615722955061335
0.00022834404077657665
7.620684165927147e-06
2.7190445959923868e-05
4.7309187305939026e-05
0.00014230971896174915
1.5602064514913798e-05
0.00028115326722033865
1.7794621614815187e-05
9.321025162521227e-05
7.969248335343925e-05
4.1183292873993546e-05
0.0002862361728887748
4.3500233405497485e-05
5.068426226706659e-06
5.850774193092674e-06
0.00012071420286606212
0.005245931633028254
7.97594219784499e-05
4.1674269599350536e-05
9.754422081435552e-05
8.40119000688343e-05
0.0006900309063524663
0.00017083032091800017
0.00020236816198593419
6.831069279735154e-05
0.00027474641080776587
5.0114394715960954e-05
0.0008127593839995183
0.00015802599958359575
4.239664952991794e-05
1.5205278680119973e-05
0.00010314283708750373
0.0002458439295283307
0.00020267854132017884
3.453041815084528e-05
0.00028077680031213085
0.00011288976050079133
5.453054348338686e-05
2.5342131133533295e-06
9.754422081435552e-05
7.110119164163009e-05
0.0004941609396003504
6.409631828546578e-05
1.3083910964182572e-05
0.0001988353100472937
5.420232803189328e-05
0.00022559349454303996
0.00013410846065737205
6.531589137962863e-05
0.00014426089341688366
3.662261104948969e-05
0.00010653053182202836
3.041879217162435e-05
0.00037255856117699565
2.0209173780908537e-05
5.9568018491139016e-05
6.002812092339527e-05
8.87044193278561e-05
9.723996239848459e-05
5.4129533696216747e-05
0.0009274608811647891
0.0001651528894306769
6.0962259965628705e-05
5.068426226706659e-06
3.1204129029827595e-05
0.0003072142558623063
2.2841681914517028e-05
7.10444179998069e-05
0.00020982883373968096
0.00024216268117682112
4.7338755873317876e-05
5.9774071470890194e-05
3.429057145666707e-05
5.1211837740196835e-05
5.533678869781914e-05
0.0001521196901998629
7.801032257456899e-06
2.560591887009842e-05
2.5342131133533295e-06
3.6535328558576906e-05
7.124171580583792e-05
9.100760186445512e-05
7.966285870697286e-05
5.850774193092674e-06
0.00017179376777869026
1.0136852453413318e-05
9.035300743208057e-05
3.55848752024713e-05
3.9280104109442126e-05
1.0176375194364222e-05
4.361498207566629e-05
2.5342131133533295e-06
4.0427816720441986e-05
3.532732176540928e-05
0.00017431322991000078
6.647150411382171e-05
3.5589243229630378e-06
0.00018089229769851036
0.0002651479633615031
0.0003576932334666305
3.339000482334956e-05
1.5526965044949267e-05
0.00012838098887246106
2.7217764527854182e-05
3.9932244426714766e-05
9.558323870109861e-05
3.674638822759653e-05
2.475513722078061e-05
0.00013502493237249738
2.9782894124775986e-05
8.55970171371614e-05
0.00011206338196795489
7.099859681860873e-05
0.0001501644028516789
7.62052793734491e-05
7.908617509054536e-05
8.572642864166767e-06
2.5342131133533295e-06
1.3083910964182572e-05
0.00010735798549761075
3.726815358375128e-05
8.610133058004643e-05
7.64807718258013e-05
5.068426226706659e-06
4.6464016017487644e-05
4.484471177717555e-06
0.0001021126654781367
7.38365418535962e-05
4.142879371952142e-06
1.2428638115856425e-05
5.7233810085065345e-05
9.949683239218034e-06
2.5376403665745672e-05
8.572642864166767e-06
7.345801061136904e-05
2.5342131133533295e-06
0.0001331162314713712
0.00026031497804142903
2.6266757328536365e-05
0.00012668125700601376
7.704626132714525e-05
6.2143190579282125e-06
0.00014145336772019505
6.925322287826078e-05
1.4477996327389318e-05
4.142879371952142e-06
2.5342131133533295e-06
0.0006097094578399868
1.9209075450307306e-05
9.018218989962731e-05
0.00012971809452549845
6.2143190579282125e-06
7.602639340059987e-06
5.46755066193735e-05
1.7082477713798356e-05
0.00020265995613460134
4.1655400011280305e-05
5.033962127710307e-05
2.092475036484357e-05
1.9915714676743216e-05
3.9484944697194065e-05
3.0344640240552346e-05
5.100369958418513e-05
5.250454503584361e-05
1.5304170234721208e-05
4.142879371952142e-06
2.5342131133533295e-06
8.330480405094055e-05
9.644425248435355e-05
5.1567623562267274e-05
2.136102008801393e-05
3.3713759398922374e-05
3.5589243229630378e-06
2.5342131133533295e-06
7.516689871432375e-05
9.281311480768827e-06
6.382969838829205e-05
2.5342131133533295e-06
3.0837284152361684e-05
0.0001602720231520779
2.7774466773505985e-05
4.142879371952142e-06
7.248498519167511e-05
2.7764860982729556e-05
1.2723072471646612e-05
0.00010272511128254641
4.484471177717555e-06
1.2193094665483435e-05
1.7445214618910093e-05
0.0001594364279340311
0.00022562972880032348
6.672742271344896e-05
0.0002104043475025188
5.132642502430237e-05
0.00012646974866112275
8.364778459610917e-05
0.00026761966934735025
0.00011136790809092
4.164782391143165e-05
3.4229570409379e-05
0.0005237147177053696
7.602639340059987e-06
2.5342131133533295e-06
7.480390388912607e-05
1.9128242215251688e-05
2.7882968649950938e-05
1.1899877095895735e-05
5.068426226706659e-06
3.924851854394642e-05
2.104066081427563e-05
1.0949993401614493e-05
4.154300408899101e-05
2.184182444746923e-05
0.00010440486304812029
8.107141652807153e-05
4.484471177717555e-06
7.299184086843642e-05
3.1060023106787836e-05
6.61020788051749e-05
9.949683239218034e-06
4.484471177717555e-06
2.070262005993236e-05
5.9442284389931646e-05
0.0001357899678371762
4.484471177717555e-06
4.484471177717555e-06
3.218599934550407e-05
0.00018812524041030067
0.00015829965676376835
2.5342131133533295e-06
2.008425327037919e-05
2.3566229579084036e-05
0.00011130032077889918
2.9122432596625636e-05
2.5342131133533295e-06
1.0412392458908768e-05
3.4311540293453814e-05
1.280295943504921e-05
7.375136194644358e-05
2.5357745715842888e-05
5.208840752442532e-05
3.5324240389536445e-05
3.957220158529217e-05
4.142879371952142e-06
0.00020872035609158416
1.2428638115856425e-05
2.7501577459585954e-05
1.448357607514687e-05
4.484471177717555e-06
0.0002575926329608641
9.38570862995528e-06
9.536515351830867e-05
2.5342131133533295e-06
2.5342131133533295e-06
4.981647063883196e-05
7.004559926684934e-05
0.00011620868190491445
0.00020927077833079885
2.011148747252379e-05
0.0003750132347687915
3.402579584930745e-05
7.801032257456899e-06
0.00014352969055371936
0.0003189023145470037
0.00018021525267991815
1.8562622961537654e-05
0.00018295115218806016
3.77804558152153e-05
6.405621887048463e-05
0.0003540360201581078
0.0002643627226276692
0.00021071817698983884
3.758297370712299e-05
0.0001139049673640075
3.472560501628354e-05
1.5526965044949267e-05
0.0001708411378899779
6.094160188555763e-05
1.672186642531809e-05
0.00014069856863724916
1.0676772968889112e-05
4.484471177717555e-06
4.484471177717555e-06
1.8493163628404413e-05
7.485390881014877e-05
0.001380986116516325
0.00010308695881074313
2.29178566244311e-05
4.909484132759357e-05
5.14358571850006e-06
2.5334760918484964e-05
1.1645223783711952e-05
9.798559513167429e-05
3.32000002082433e-05
0.00011546317017899507
6.510101199831957e-05
8.802756565719132e-05
0.0004181653994954804
6.814390541206763e-05
0.00021060218865224468
6.831515076875603e-05
7.41068721993622e-05
9.816875646266979e-05
0.0003770380339958003
9.33213246983929e-05
7.978872409396326e-05
9.729137041920573e-05
4.381742619265969e-05
0.00028406739063213936
1.5642847716592134e-05
7.320638851486153e-05
3.738951899985504e-05
3.885177228390809e-05
3.2902265580053315e-05
1.2001700009833474e-05
4.492971107991632e-05
4.109453088672541e-05
8.128504326012991e-05
8.506700850074394e-05
3.754144328204442e-05
3.204815914273289e-05
0.00010010417737069024
4.85014776729451e-05
2.217149283644834e-05
0.00011169406589178567
3.478672601526403e-05
0.00012981461241467218
5.708650741923689e-05
2.5559387929121694e-05
1.4874846369869668e-05
7.821423858296067e-06
3.717259460079113e-05
2.5342131133533295e-06
0.00015964663185750376
0.0001468674190255975
6.866481854359291e-05
2.38509623207222e-05
3.537776974775127e-05
0.0001911967247444283
8.98725110526896e-05
2.3700397213876696e-05
3.267878191078851e-05
3.410250982420902e-05
2.944169972880301e-05
0.000120578183016527
0.00027185894433702165
3.753520390355206e-05
1.7070612580065613e-05
0.00021473129721710926
1.1260663810191692e-05
0.00010833103440343254
1.967558217225253e-05
3.380259541568939e-05
3.574081109468341e-05
0.00010209826033274539
4.012325940558404e-05
2.809527819731249e-05
5.590637323995744e-05
4.142879371952142e-06
5.068426226706659e-06
3.756422368251645e-05
0.00028871636480027593
3.046269657549117e-05
4.0188664101509924e-05
9.462474680630187e-05
0.0001076943837123701
4.067054806636697e-05
6.2143190579282125e-06
1.0644598877638322e-05
5.652867619221246e-05
3.7738038512057404e-05
1.0176375194364222e-05
4.590434626052255e-05
9.949683239218034e-06
2.5342131133533295e-06
2.637778030212678e-05
9.572467912062052e-05
0.0001274106426102372
1.9104678301120853e-05
6.096547332741717e-06
1.682087879869504e-05
1.3717231498668865e-05
1.2961426268496219e-05
3.7140381334624813e-05
3.824038591290065e-05
4.0989090461253616e-06
4.484471177717555e-06
2.924902049716844e-05
4.484471177717555e-06
2.8743206260711384e-05
7.4250491846150626e-06
8.765360868956567e-05
3.707381432688514e-05
1.5021061745473146e-05
2.4584361321169677e-05
3.155062076219606e-05
0.00018375107605281081
0.00012517551454560954
1.028717143700012e-05
2.792076614765151e-05
2.963876783677571e-05
3.3112165770158855e-05
2.1771963793209546e-05
7.489474017591316e-05
2.5342131133533295e-06
0.0002026295774668766
0.0001522170030628045
4.337419382044689e-05
8.897310807407593e-06
2.035691595463458e-05
4.6617740902947674e-05
3.9768900858121365e-05
3.153912878729775e-05
3.7526420370279675e-05
4.11862638219371e-05
9.281311480768827e-06
0.00010304901955772165
0.0001093733640419613
9.651997551592878e-06
2.2371100807834448e-05
7.134744126258087e-05
4.237379019293917e-05
0.00012521745613294126
2.7371940325663657e-05
0.00012406291904510183
3.384744063943463e-05
7.132969189042403e-05
6.565271548983075e-05
3.134557017977128e-05
2.0323620912371047e-05
5.850774193092674e-06
3.904772876161676e-05
0.0003218539784124915
5.2573716109156e-05
3.5053092441370806e-05
8.291402699348362e-06
3.895089046584507e-05
2.2030226885639102e-05
0.00012570514650340906
0.00036247830249833287
4.484471177717555e-06
1.028717143700012e-05
3.103131521599186e-05
7.062625742517898e-05
0.0001001700144700487
2.1452253304025383e-05
2.341102686512667e-05
2.5342131133533295e-06
2.5342131133533295e-06
9.64652058223887e-05
4.945850086235753e-05
0.00011582000944076654
3.750705387946164e-05
1.6539994213140596e-05
2.7105887639935874e-05
0.0001303185518544673
4.7225511404078294e-05
0.0001584983011834842
3.960217811460243e-05
0.00014582867506865994
2.2841681914517028e-05
1.7070612580065613e-05
0.00037720770456704697
7.285804378086629e-05
2.5342131133533295e-06
2.5342131133533295e-06
0.00014959484600038047
2.011148747252379e-05
4.07360435980217e-05
2.0323620912371047e-05
2.070262005993236e-05
1.989936647843607e-05
8.894128435523149e-05
6.0544862600998566e-05
3.86280584605919e-05
0.0001136348414406442
0.00012419613029398112
7.504218738281175e-05
3.768931689365942e-05
6.858114291333414e-06
6.126464235446533e-05
4.142879371952142e-06
1.6988085681364954e-05
3.123818300929341e-05
7.821423858296067e-06
1.2514278173273708e-05
7.816219364724164e-05
4.2814342229070556e-05
3.379628516373141e-05
1.772948708668062e-05
1.448357607514687e-05
3.013535445162809e-05
8.235051680234855e-05
9.67980300481009e-05
0.00010874723448442562
6.688057933252536e-05
2.891079232337339e-05
8.572642864166767e-06
3.1037706934211705e-05
1.448357607514687e-05
5.14358571850006e-06
2.643627226276692e-05
5.2100683921063465e-05
9.957857338371608e-06
2.5342131133533295e-06
1.6089189978019035e-05
3.5523878399753134e-05
4.484471177717555e-06
5.068426226706659e-06
7.425049184615062e-05
8.442287564827813e-05
0.00012317373146548648
2.3349994927779773e-05
9.226862054556554e-05
3.918510297623567e-05
5.190095387417592e-05
6.524064453810681e-05
1.2541399818988568e-05
0.00024470227402451127
0.00012577306807286338
6.015587808689948e-05
4.45172250557561e-05
1.84378404866109e-05
2.1899986803228986e-05
1.2428638115856425e-05
0.0001451259580570843
7.277750121080597e-05
0.00010378369849727569
7.675638452703899e-05
3.815747800774966e-05
2.9765024650120097e-05
5.146467858931723e-05
3.460965328926848e-05
2.6342415207866556e-05
7.024463217225881e-05
4.554484853919135e-05
6.97491678828119e-05
0.00011022537799489469
3.960217811460243e-05
3.307998842628119e-05
2.2383708479772437e-05
3.225622888440824e-05
3.546512352354172e-05
6.59896014410344e-05
2.147625677552107e-05
0.00011409926115879371
8.894128435523149e-05
8.072487238243695e-05
2.5342131133533295e-06
3.329928097014712e-05
6.44595294528341e-05
0.00011834798516779626
3.6495804050142366e-05
0.0002811578308352084
0.0001557181832318077
3.573181189106378e-05
0.00023213148416355634
6.770574231962571e-05
0.00018971658445623236
2.5342131133533295e-05
8.572642864166767e-06
7.321252123194719e-05
2.8655417467392438e-05
5.0733694380009814e-05
2.4584361321169677e-05
3.364175759739008e-05
2.4541604174385e-05
0.0003648384555793512
2.6873773386923213e-05
3.905854376952447e-05
2.4547420663796786e-05
3.1760882444712525e-05
6.31666648040071e-05
5.01911578036581e-05
9.670138435020277e-05
0.00014098732515841338
1.7829401219119585e-05
2.5342131133533295e-06
9.705765994275352e-05
4.4731336677333727e-05
2.0433891127837017e-05
3.11347809823324e-05
9.281311480768827e-06
2.4417645061129824e-05
2.2447856190299306e-05
4.142879371952142e-06
8.96894235543511e-06
5.068426226706659e-06
1.0136852453413318e-05
3.4493924446587704e-05
1.5510766184542744e-05
4.484471177717555e-06
4.504265524076677e-05
3.139719035773423e-05
3.900516128728449e-06
1.028717143700012e-05
0.00013866274111601167
4.748408800145847e-05
3.506211450461631e-05
3.344373285063618e-05
0.00010482580530688701
0.00019595307894662396
2.2422355888587773e-06
5.068426226706659e-06
2.5342131133533295e-06
8.291402699348362e-06
6.466550106612248e-05
2.5875345482508425e-05
1.808917638150799e-05
4.662150199644942e-05
2.9337060114654696e-05
2.9131980757645676e-05
7.082040784580192e-05
1.2541399818988568e-05
3.361844834264122e-05
3.022464538784527e-05
3.489042923782019e-05
2.5342131133533295e-06
1.326624431895738e-05
4.539788454392227e-05
1.028717143700012e-05
9.874425111761824e-05
3.482389133726312e-05
7.602639340059987e-06
4.023806762202071e-05
4.123225832314087e-05
6.305756069552846e-05
2.379975419179147e-05
7.801032257456899e-06
6.2143190579282125e-06
1.4874846369869668e-05
6.2143190579282125e-06
3.5138949577566055e-05
2.6411051507732936e-05
3.5237653931916634e-05
0.0001093643684439798
2.842956195743316e-05
2.8912946815931603e-05
3.900516128728449e-06
3.1257708848626215e-05
2.0031295142221432e-05
5.068426226706659e-06
5.068426226706659e-06
2.3484024572305715e-05
5.097714557884566e-05
2.8565172177977e-05
1.2514278173273708e-05
4.547453120866515e-05
2.230835185896466e-05
0.000405878635880533
2.5342131133533295e-06
0.00010483260199842423
1.3663030153751206e-05
8.061189591453248e-05
4.484471177717555e-06
5.338386484444556e-06
8.260226378106682e-05
6.587322550250908e-05
3.327687035559564e-05
5.850774193092674e-06
2.7355585023553735e-05
0.00010069409701460136
3.632691756059914e-05
2.5342131133533295e-06
2.264209198244182e-05
4.682205373025334e-05
5.068426226706659e-06
7.602639340059987e-06
2.22886315219716e-05
3.429057145666707e-06
5.021129872468141e-05
4.007327472342754e-05
2.07315551126758e-05
1.4181343271354396e-05
3.792351673357803e-05
2.5342131133533295e-06
4.4624539109609e-06
2.3804790997368047e-05
3.3310334298075046e-05
8.035291580370629e-05
3.0372040107404214e-05
3.616113642174011e-05
7.801032257456899e-06
7.163537557957384e-05
1.2514278173273708e-05
3.1370551125443486e-05
3.3740307797557494e-05
6.541048794927636e-05
3.462373339480949e-05
2.202207969455212e-05
2.3215927558175416e-05
4.658089513484781e-05
2.314596446886811e-05
0.0003095735886880629
0.0001665516714903752
3.697547211082611e-05
5.2878341100586576e-05
2.8565172177977e-05
2.4003400019666948e-05
7.306427821728592e-05
2.4709486290253068e-05
0.00011602412041636366
0.0002447254908445383
4.142879371952142e-06
3.1390423943980815e-05
2.8054214419034173e-05
3.138660453394859e-05
0.00010214386827977932
6.983484060197633e-05
2.5342131133533295e-06
1.4441231170049472e-05
1.3166887341042609e-05
2.2588239699946562e-05
2.5342131133533295e-06
8.093529234226019e-05
4.464330063574165e-05
0.00013617398354457362
4.566932339564767e-05
2.6642491449852425e-05
4.484471177717555e-06
3.851634222917441e-05
5.067498769617679e-05
4.4931830586067854e-05
2.5342131133533295e-06
6.973407095621502e-05
4.1753135450721445e-05
2.7268495982182893e-05
2.162418103651548e-05
1.8562622961537654e-05
8.176240657648664e-05
2.5717928592500302e-05
3.600510002950042e-05
7.290957896265321e-05
0.0002666735277932036
7.763944346985061e-05
3.590395057064268e-05
7.004998478333931e-05
1.718839246832332e-05
8.572642864166767e-06
3.443480043655885e-05
9.651997551592878e-06
1.6483782800342926e-05
3.131719534915801e-05
0.00011737008754292176
1.5241368331854294e-05
1.4748424146517448e-05
4.142879371952142e-06
1.718920785408909e-05
1.7761939199876567e-05
3.368069026946669e-05
2.6779004360505584e-05
2.008425327037919e-05
0.0002090310995627231
1.0949993401614493e-05
1.954502426938424e-05
2.0487251390148863e-05
8.494042840682477e-06
7.228550126036869e-05
1.2254826268232933e-05
2.7524149872771707e-05
4.435256729419975e-05
6.318973269779821e-05
5.9962610573991655e-05
3.7583449357161875e-05
0.00011229398165250057
3.128569543318427e-05
6.425151005996688e-05
1.3407658315015863e-05
0.00014549027040373517
6.377239181109096e-05
5.068426226706659e-06
1.4850098369230125e-05
4.484471177717555e-06
6.043004568354855e-05
1.7932606687386215e-05
0.00011694103911408371
6.2143190579282125e-06
3.113162961041288e-05
2.0031295142221432e-05
3.634888051794295e-05
4.3971240920775384e-05
1.0550398887570727e-05
8.043331292994064e-06
2.2000626603074064e-05
2.401651738561582e-05
2.2422355888587773e-06
7.4250491846150626e-06
4.909943922671276e-05
2.35333102137106e-05
2.1227268116163428e-05
6.340070633989086e-05
2.618786509639239e-05
3.577576524014463e-05
3.182886457167893e-05
5.839907971162183e-05
0.0003306077417529153
2.8205453525889754e-05
1.448357607514687e-05
3.816921741493983e-05
3.900516128728449e-06
1.8237056682369154e-05
8.96894235543511e-06
0.00012439035388332132
4.1846727127896304e-05
5.272838527482037e-05
9.845821820848072e-05
3.2934500536551646e-05
2.279287252323408e-05
0.00010153963269320312
7.06986887372521e-05
1.2872164729785291e-05
5.175069096501685e-05
4.142879371952142e-06
5.8565398914861226e-05
4.484471177717555e-06
5.021129872468141e-05
2.653248863791476e-05
5.693455521720783e-05
4.142879371952142e-06
0.00016327851054478924
2.5342131133533295e-06
0.00011447799929210766
2.5342131133533295e-06
4.142879371952142e-06
2.5342131133533295e-06
6.2143190579282125e-06
4.3683648894938455e-05
6.673611824712683e-05
7.4250491846150626e-06
5.068426226706659e-06
5.068426226706659e-06
2.3841288379577167e-05
2.2422355888587773e-06
2.5463091657343147e-05
5.5687868884612965e-06
3.0900208468629856e-05
4.778182876233094e-05
6.2143190579282125e-06
4.3081185537828485e-05
1.1260663810191692e-05
6.2143190579282125e-06
6.858114291333414e-06
2.8705231505255613e-05
2.3841288379577167e-05
5.74835580205997e-05
7.1178486459260755e-06
0.00014918859409145897
2.3075926814467226e-05
2.2793019135526968e-05
2.5342131133533295e-06
3.639115551739422e-05
1.1955071124924145e-05
6.893276148741037e-05
3.86613669638455e-05
0.00014414655413848052
7.801032257456899e-06
0.0005321919771759246
0.00012511848897884452
7.204710389387078e-05
3.778509474178368e-05
3.909033628933067e-05
7.032015198391237e-05
3.954105547290332e-05
0.0001045463716491559
7.229068252111017e-05
5.5687868884612965e-06
3.220098233497258e-05
1.326624431895738e-05
3.916251680954238e-05
3.322388299556139e-05
4.2104847265844495e-05
0.0002829117417805719
1.2428638115856425e-05
1.2273710331898393e-05
2.4399696324672613e-05
8.722607309455047e-06
2.6678080913518847e-05
2.977319011852885e-05
2.5765350117423953e-05
1.6988085681364954e-05
1.8322938069529825e-05
4.412247754556663e-05
1.80896043147021e-05
7.801032257456899e-06
3.4786813028119955e-05
3.300125462344877e-05
2.5384908173300783e-05
4.354555888935531e-05
7.090671635677197e-05
9.735643479310113e-05
7.807703048401615e-05
7.770354456781619e-05
1.4785911704290528e-05
5.609520810322727e-05
6.2143190579282125e-06
3.0020682094520775e-05
2.66313758665634e-05
3.286072065729183e-05
2.5922852536992438e-05
3.0482736663708587e-05
3.960175084809124e-05
0.000245431960233467
1.672186642531809e-05
4.667070669852766e-05
2.1899986803228986e-05
0.00019408694638337078
4.129242816655002e-05
1.6765505165039722e-05
2.423324957420301e-05
4.669998985555955e-05
5.068426226706659e-06
3.722204999569707e-05
9.23037072578689e-05
2.4539394463590112e-05
7.022675460257571e-05
7.266717005553487e-05
3.8448343347057466e-05
5.0023803934234646e-05
5.819570050164694e-05
2.2422355888587773e-06
7.913334090638034e-05
3.587282965107066e-05
1.4346085349908972e-05
1.658622900656729e-05
4.484471177717555e-06
2.5342131133533295e-06
5.293780502418589e-05
0.00015323903447831384
2.5342131133533295e-06
2.5342131133533295e-06
2.5342131133533295e-06
0.00010034102114309955
7.821423858296067e-06
2.5342131133533295e-06
1.1850198606938348e-05
1.9667723114432424e-05
2.342177446063546e-05
6.841413187183013e-05
4.484471177717555e-06
1.4874846369869668e-05
4.716825545700307e-05
1.9128242215251688e-05
4.050408669082804e-05
2.9199539855810916e-05
1.9508844162871106e-05
4.142879371952142e-06
3.219542401089697e-05
5.850774193092674e-06
0.00013587461028031388
2.202271290206845e-05
5.5687868884612965e-06
2.7614360132759314e-05
0.00010389482467510719
3.829224955430126e-05
2.9381924654928084e-05
3.712524592307531e-05
4.484471177717555e-06
2.1996533813678134e-05
3.319128977248572e-05
2.7814624848677274e-05
9.49131144079389e-05
2.0323620912371047e-05
2.5342131133533295e-06
5.6737509678481815e-05
1.1607963779087708e-05
3.3430594755920915e-05
3.7177291533267924e-05
2.8434197240573625e-05
2.0198603418952116e-05
3.668860532484849e-05
6.63312215947869e-06
5.029651549511917e-05
8.450735712902852e-05
1.8493163628404413e-05
6.437837409417625e-05
8.897310807407593e-06
3.855426403414717e-05
4.974841619609017e-06
5.106035457644601e-05
1.4235697291852151e-05
1.5602064514913798e-05
3.8527780000708546e-05
3.600510002950042e-05
1.407856294493292e-05
2.3116689421300464e-05
2.1452253304025383e-05
4.953571714376813e-05
6.144762198831248e-05
0.00011851598944297274
2.5342131133533295e-06
7.220102555883346e-05
7.801032257456899e-06
2.5342131133533295e-06
1.5021061745473146e-05
2.8175484564310606e-05
3.0729734144351495e-05
4.484471177717555e-06
2.6003191048417732e-05
6.97491678828119e-05
5.068426226706659e-06
1.682087879869504e-05
4.981126476853098e-05
2.1338423517270544e-05
7.1178486459260755e-06
3.900516128728449e-06
6.609536246638122e-05
9.281311480768827e-06
5.704239206271473e-05
4.142879371952142e-06
6.2143190579282125e-06
1.2001700009833474e-05
3.314075071510114e-05
5.068426226706659e-06
5.068426226706659e-06
1.2001700009833474e-05
2.2422355888587773e-06
1.7389217118934975e-05
7.402471963452429e-05
7.141425320184495e-05
7.746341870179288e-05
8.434649111494917e-05
7.838200600083955e-05
8.96894235543511e-06
4.484471177717555e-06
2.909785025082347e-05
7.132465254544578e-05
3.225100084610306e-05
3.77804558152153e-05
2.5342131133533295e-06
6.105617779995317e-05
1.4874846369869668e-05
5.009681146256102e-05
4.484471177717555e-06
3.607681934043956e-05
2.4444726389104453e-05
1.848238963036316e-05
1.028717143700012e-05
2.750142794931732e-05
3.287580083772668e-05
4.367604214525814e-05
8.423969070667968e-05
4.165769585960354e-05
8.96894235543511e-06
2.5342131133533295e-06
1.5197852208373958e-05
6.293170745254602e-05
0.00011415590602012937
0.00012232620850895025
2.0494545230626805e-05
5.850774193092674e-06
6.817644387313284e-05
1.1607963779087708e-05
4.142879371952142e-06
4.79053437678523e-05
8.725346857897269e-05
8.097428420116556e-05
2.7252553921946495e-05
7.801032257456899e-06
4.142879371952142e-06
4.8584080185494415e-05
4.7897150535805506e-05
3.3672029706889156e-05
7.801032257456899e-06
6.2143190579282125e-06
4.387527534551357e-05
9.281311480768827e-06
3.7823840723165585e-05
1.682087879869504e-05
3.1555195709323224e-05
2.1629223201799243e-05
1.4561216298312818e-05
2.0138806302802062e-05
8.950102511107779e-05
2.9545006925313976e-05
5.850774193092674e-06
2.6964197913522188e-05
8.572642864166767e-06
5.058419639942537e-05
4.1801309033908986e-05
6.2143190579282125e-06
3.757443368364358e-05
2.323580720829245e-05
3.4466380743705185e-05
2.35443708550057e-05
7.15386466933261e-05
5.103675610125576e-05
2.642924181171548e-05
0.00016194856840233112
1.1260663810191692e-05
3.8729597362938874e-05
1.8493163628404413e-05
0.000101152595465558
3.990548534992047e-05
2.8179205121991094e-05
3.4917420300988164e-05
8.897310807407593e-06
8.291402699348362e-06
2.5342131133533295e-06
2.9447723243140112e-05
2.3926207663531395e-05
6.316216551089044e-05
1.1015113442819551e-05
1.0613634058081714e-05
7.37768956151841e-05
0.00013115892553810507
2.5342131133533295e-06
2.5342131133533295e-06
8.96894235543511e-06
3.553328456367644e-05
3.732289283149534e-05
9.144820999112575e-06
6.0945547481496736e-05
1.2869330068790506e-05
2.976205962003182e-05
3.272466201371327e-05
2.304453327277807e-05
4.2235688834798756e-05
1.742995580952062e-05
1.9408706306186584e-05
9.385360820511104e-06
2.4173837696128563e-05
1.2001700009833474e-05
3.600510002950042e-05
3.945542170593715e-05
8.527988295282347e-05
3.749554268455604e-05
8.897310807407593e-06
2.2422355888587773e-06
1.1260663810191692e-05
7.801032257456899e-06
2.5342131133533295e-06
3.971449861308485e-05
4.012325940558404e-05
7.801032257456899e-06
9.282229860482523e-05
6.552482034025291e-05
9.231349283436757e-06
3.979578309399628e-05
3.1319541130968224e-05
9.44421371057674e-05
3.3291501499136655e-05
2.9616510559505303e-05
1.017845797731729e-05
5.2120064718357974e-05
9.281311480768827e-06
3.204095712632465e-05
3.196618066267506e-05
3.900516128728449e-06
4.484471177717555e-06
9.949683239218034e-06
3.43956071192212e-05
0.00010085534502792367
1.2514278173273708e-05
5.18357971988438e-05
2.8279475494900844e-05
4.871426391572646e-05
3.72321847033781e-05
6.369585754861486e-05
2.264209198244182e-05
3.1439832265905846e-05
8.173556451134807e-05
4.484471177717555e-06
2.9784009245569508e-05
2.8576613719491113e-05
2.5342131133533295e-06
9.153800011513581e-05
5.533440531892427e-05
2.2422355888587773e-06
3.082219774535537e-05
8.535306290032806e-06
2.2531592618209718e-05
3.4382435973337574e-05
8.261403072677707e-05
2.4397597568707072e-05
1.2869330068790506e-05
7.1178486459260755e-06
4.297158985259269e-05
3.763164018841117e-05
5.6652697518252886e-05
2.2422355888587773e-06
2.2275147553845186e-05
2.0494545230626805e-05
1.9303995103185757e-05
1.6988085681364954e-05
2.5922852536992438e-05
2.734950505791131e-05
2.7667202659462137e-05
3.708214074970536e-05
3.712524592307531e-05
9.754422081435553e-06
2.1629223201799243e-05
3.641243043973807e-05
4.662303555760243e-05
3.588734864268228e-05
5.850774193092674e-06
4.156268526726178e-05
7.801032257456899e-06
2.3669451542365124e-05
7.801032257456899e-06
2.5342131133533295e-06
4.387548966059523e-05
1.787536715162654e-05
1.028717143700012e-05
1.808917638150799e-05
2.9568883938897547e-05
6.2143190579282125e-06
1.2541399818988568e-05
3.302909562254766e-05
1.028717143700012e-05
3.900516128728449e-06
3.4155970192214857e-05
2.5342131133533295e-06
2.529236814142893e-05
2.5342131133533295e-06
1.9783809498109234e-05
6.957345203052806e-05
1.8115355294094596e-05
2.5646375601631054e-05
2.4161681576154237e-05
3.532028665469931e-05
4.6400214238578236e-05
1.4537678849091747e-05
2.6258813271635117e-05
4.484471177717555e-06
1.989936647843607e-05
4.142879371952142e-06
4.360375613140433e-05
0.0001197218996815963
2.6702039854730182e-05
2.7192478469663128e-05
0.00027678738831032326
3.0430251260695293e-05
8.96894235543511e-06
6.369668529832085e-05
7.602639340059987e-06
8.282030374906927e-05
3.4141225160131226e-05
2.5342131133533295e-06
2.831728428918993e-05
2.5342131133533295e-06
2.5342131133533295e-06
2.8525128037654798e-05
6.2143190579282125e-06
2.7268495982182893e-05
8.204208314816869e-05
4.2059593540714805e-05
2.0323620912371047e-05
4.8344647089625566e-05
1.9915714676743216e-05
2.4826146166707558e-05
6.858114291333414e-06
2.5342131133533295e-06
0.00011248662805366813
2.5342131133533295e-06
6.2143190579282125e-06
6.2143190579282125e-06
5.4597002799759494e-05
9.281311480768827e-06
1.877072164102221e-05
9.281311480768827e-06
2.5342131133533295e-06
2.5342131133533295e-06
5.850774193092674e-06
3.4447773733363964e-05
3.8200145860730476e-05
3.653884333834151e-05
2.1857413134259886e-05
3.360387627680947e-05
1.4477996327389318e-05
4.207140607742045e-05
3.186664797528849e-05
1.791198226603118e-05
6.2143190579282125e-06
2.2422355888587773e-06
2.4063749455652655e-05
2.5342131133533295e-06
8.426253231530387e-05
3.405234040095877e-05
1.3663030153751206e-05
2.0975766140140687e-05
3.7125245923075313e-06
3.8078910959432084e-05
3.189376223149352e-05
3.9358884536799266e-05
3.0522056326412274e-05
0.00024068009041273075
6.2143190579282125e-06
7.4250491846150626e-06
2.2176104831964025e-05
2.5342131133533295e-06
5.4650579630528186e-05
2.6726065516051983e-05
7.998214499917836e-05
2.3929381053303553e-05
3.480645183122281e-05
2.9517397642177824e-05
3.140826428630243e-05
5.068426226706659e-06
2.2796778312560932e-05
3.400042043107093e-05
0.00017053755072351398
2.062838975594316e-05
2.3783866980766e-05
5.068426226706659e-06
2.5342131133533295e-06
1.1305735238442492e-05
2.5342131133533295e-06
3.47478440768912e-05
2.008425327037919e-05
2.5342131133533295e-06
9.233048119848796e-05
3.597123651132466e-05
3.552596488055629e-05
3.988575934917387e-05
3.467603924101453e-05
9.306677181473903e-05
2.1629223201799243e-05
9.194102821938712e-05
1.2074196830723874e-05
6.204881365403445e-05
2.151912802486346e-05
3.7125245923075313e-06
3.352416433756076e-05
1.3717231498668865e-05
5.850774193092674e-06
4.484471177717555e-06
2.683687343073359e-05
4.484471177717555e-06
0.00016422148093317562
6.270699909494282e-05
6.236844779627792e-05
7.4250491846150626e-06
2.5342131133533295e-06
4.343417834951942e-05
4.3459661695280964e-05
2.5342131133533295e-06
4.484471177717555e-06
1.3387361732882701e-05
4.110224462839901e-05
1.2869330068790506e-05
4.484471177717555e-06
1.7070612580065613e-05
2.5342131133533295e-06
7.801032257456899e-06
2.7105887639935874e-05
1.785266957367039e-05
1.375071397465866e-05
1.78498156438436e-05
4.070771384937368e-05
4.484471177717555e-06
4.484471177717555e-06
2.1067019745668178e-05
3.603822090967235e-05
3.115230567219507e-05
1.3407658315015863e-05
4.235340303834642e-05
5.850774193092674e-06
2.4774861438297916e-05
2.5342131133533295e-06
2.1753982775730503e-05
0.00010924482358677487
2.3215927558175416e-05
6.2143190579282125e-06
1.8898982503819267e-05
7.801032257456899e-06
4.3507965551461005e-05
1.4537678849091747e-05
3.2414472728372064e-05
3.460965328926848e-05
8.689487825324034e-05
2.986846399518174e-05
4.246152029098336e-05
7.801032257456899e-06
6.2143190579282125e-06
1.1850198606938348e-05
2.2422355888587773e-06
1.4537678849091747e-05
1.4537678849091747e-05
2.1480896953040735e-05
3.755270238652878e-05
1.1964690526651776e-05
3.142349257683767e-05
7.801032257456899e-06
6.109786042962629e-05
3.738971239510272e-05
6.2143190579282125e-06
3.272466201371327e-05
1.326624431895738e-05
3.534193570554932e-05
2.5209642286874208e-05
1.2001700009833474e-05
5.545391457781302e-05
2.5342131133533295e-06
1.6018071012981406e-05
2.5342131133533295e-06
2.0323620912371047e-05
6.638177322256706e-05
2.5342131133533295e-06
7.1178486459260755e-06
4.142879371952142e-06
3.9829052267787125e-05
1.5328377556541583e-05
2.2422355888587773e-06
2.4354759405761976e-05
5.809289057986694e-05
2.5342131133533295e-06
1.8898982503819267e-05
2.2422355888587773e-06
2.5342131133533295e-06
7.4250491846150626e-06
2.7901417994673406e-05
3.7938337058063767e-05
0.0001261891414092329
7.667010070582959e-05
2.69784307807534e-05
1.9303995103185757e-05
6.2143190579282125e-06
8.715777042967622e-05
2.5517648489827416e-05
3.26245861859709e-05
7.37768956151841e-05
1.5241368331854294e-05
2.5342131133533295e-06
3.469818466107201e-05
3.2175199725304135e-05
1.4748424146517448e-05
1.2193094665483435e-05
4.142879371952142e-06
2.5342131133533295e-06
3.394259673441511e-05
9.281311480768827e-06
2.5342131133533295e-06
2.5342131133533295e-06
2.5342131133533295e-06
2.2714635137355876e-05
2.3804581780168404e-05
6.0487375963220136e-05
3.1146208539195016e-05
8.572642864166767e-06
1.2869330068790506e-05
3.4124576075214875e-05
2.5342131133533295e-06
2.986846399518174e-05
2.5342131133533295e-06
2.062607096198799e-05
2.1338423517270544e-05
3.960175084809124e-05
6.516863368760734e-05
0.00011836343756200576
9.260862289408172e-05
1.5241368331854294e-05
1.6089059708635034e-05
2.5342131133533295e-06
1.5648061531726813e-05
1.627281689092924e-05
1.4748424146517448e-05
3.985183473754953e-05
3.5793761292535116e-05
9.949683239218034e-06
1.2671065566766647e-05
3.0481129982814353e-05
5.14929206793978e-05
4.436972551005798e-05
1.7426855406219333e-05
7.20764418193447e-05
1.582802933381949e-05
4.975868701970187e-05
2.8955992654778637e-05
2.5342131133533295e-06
2.6631500464346363e-05
3.2151356282351926e-05
2.6342415207866556e-05
1.138040838671041e-05
3.562085790291896e-05
8.572642864166767e-06
5.746539392662285e-05
2.2422355888587768e-05
3.5557740502166345e-05
0.00010952871529404226
2.5342131133533295e-06
1.865799473230974e-05
1.1137573776922593e-05
2.459345427675217e-05
4.892898554160717e-05
4.680163834414598e-05
2.4122131061161788e-05
2.1996533813678134e-05
2.5342131133533295e-06
1.4477996327389318e-05
7.1178486459260755e-06
9.281311480768827e-06
3.3841678397466183e-05
4.484471177717555e-06
2.5342131133533295e-06
2.2171594842548958e-05
9.760612544677855e-05
3.178605286552425e-05
5.1649247318511394e-05
7.132277159581169e-05
9.651667453397213e-05
2.5342131133533295e-06
3.649592043421821e-05
2.2841681914517028e-05
9.484584264515941e-05
7.586163762488786e-05
1.9947181023490818e-05
2.1629223201799243e-05
2.5342131133533295e-06
2.4643186173817547e-05
2.5342131133533295e-06
1.5227787943011353e-05
3.0505509124382566e-05
2.5342131133533295e-06
6.879532218665364e-05
2.2422355888587773e-06
8.043331292994064e-06
3.07126927418595e-05
2.090233303164761e-05
1.7445214618910093e-05
8.360933212659045e-06
2.071439685976071e-06
4.0174191094405455e-05
2.4161661730558374e-05
2.5342131133533295e-06
0.00012284325629945887
1.996503300488737e-05
3.900516128728449e-06
9.949683239218034e-06
4.484471177717555e-06
5.5687868884612965e-06
4.218859307254143e-05
3.805267487385385e-05
1.0533509872834089e-05
7.551275810450648e-05
3.823285918413425e-05
2.842956195743316e-05
1.376930660001705e-05
2.4583787315481197e-05
2.9851741740227168e-05
2.5342131133533295e-06
6.870324610149203e-05
4.361303654727523e-06
4.6461407661862934e-05
3.421249667557502e-05
3.0415123221498068e-05
2.5342131133533295e-06
1.6362331006856636e-05
1.376930660001705e-05
3.168348193828338e-05
1.4102726762944877e-05
3.061245783013167e-05
3.2073634106679094e-05
3.052063588394316e-05
3.7583449357161875e-05
3.96978480163763e-05
2.5958537346083293e-05
2.2847022431618378e-05
4.8326649271990777e-05
3.500206402364845e-05
2.2422355888587773e-06
4.843589008079886e-05
6.2143190579282125e-06
2.8852178683376734e-05
2.307580071282465e-05
3.5933868786158035e-05
1.2066892483514276e-05
3.7125245923075313e-06
1.028717143700012e-05
3.222148283943418e-05
1.9408706306186584e-05
1.2001700009833474e-05
3.3115322741148684e-05
4.467434118716397e-05
3.21411428326796e-05
1.1899877095895735e-05
2.8692170699817944e-05
8.432475415526817e-05
2.5342131133533295e-06
7.1178486459260755e-06
6.2143190579282125e-06
7.078681022550108e-05
3.102599887847873e-05
2.7872783167176242e-05
9.651997551592878e-06
3.963746736810048e-05
2.7932462762894773e-05
5.5687868884612965e-06
2.120004511873359e-05
3.213391042464749e-05
4.0987164230657827e-05
1.9502580643642247e-06
2.1189807007693086e-05
5.5687868884612965e-06
3.303057788613538e-05
4.103308636644878e-05
2.2422355888587773e-06
3.489042923782019e-05
2.8398348190266734e-05
3.517825903198596e-05
1.8776327181841432e-05
2.5342131133533295e-06
2.5342131133533295e-06
2.4450890881939605e-05
1.4225510483388012e-05
4.484471177717555e-06
9.281311480768827e-06
2.9119099966139086e-05
5.5687868884612965e-06
1.3083910964182572e-05
2.5342131133533295e-06
3.26245861859709e-05
5.5687868884612965e-06
2.5342131133533295e-06
2.2412487323801038e-05
3.900516128728449e-06
2.5342131133533295e-06
2.5342131133533295e-06
4.484471177717555e-06
2.5342131133533295e-06
3.7125245923075313e-06
2.4257422504670158e-05
1.438516227175972e-05
4.608936563190178e-05
3.228077957406962e-05
2.480148888620228e-05
2.891079232337339e-05
2.5342131133533295e-06
2.5342131133533295e-06
2.1771963793209546e-05
3.589812790412336e-05
3.115230567219507e-05
3.479523026746095e-05
4.484471177717555e-06
2.4046469502029292e-05
4.044847179978628e-05
2.9753106249807842e-05
2.9373050049039628e-05
2.3056255254648606e-05
5.850774193092674e-06
4.115705692855459e-05
3.950965818559478e-05
4.13580801913901e-05
5.5687868884612965e-06
3.0842648357995636e-05
2.723293949990792e-05
8.291402699348362e-06
5.850774193092674e-06
3.563306555747478e-05
5.5687868884612965e-06
3.354383997398788e-05
2.5342131133533295e-06
3.1760882444712525e-05
3.152878034776423e-05
5.338386484444556e-06
8.897310807407593e-06
3.7037751012190775e-05
0.00010169262257993453
3.821176919180666e-05
1.5541592462401386e-05
1.2514278173273708e-05
7.801032257456899e-06
1.3453413533152662e-05
0.00013512334434756098
8.05990543675874e-05
2.1279837472753625e-05
2.5342131133533295e-06
2.936787674723618e-05
7.317569512387201e-05
3.431508896330833e-05
3.87246714494694e-05
4.946194556106268e-05
3.3049070133954845e-05
1.8115355294094596e-05
2.5342131133533295e-06
2.5342131133533295e-06
1.6263532583961528e-05
4.142879371952142e-06
3.081868775604251e-05
1.4027107209517087e-05
1.0613634058081714e-05
2.5342131133533295e-06
3.152777309425004e-05
1.0676772968889112e-05
3.8335050352914795e-05
6.319984762862625e-05
4.077540283631675e-05
3.196215414046277e-05
3.114382828720131e-05
1.3663030153751206e-05
1.2827730144370574e-05
3.547183988156594e-05
4.064173439251244e-05
4.142879371952142e-06
9.144820999112575e-06
2.370813761753789e-05
7.416745668622324e-05
4.406942684096594e-05
5.850774193092674e-06
9.281311480768827e-06
8.572642864166767e-06
3.0493425930213104e-05
1.3083910964182572e-05
2.8847691647704926e-05
2.5922852536992438e-05
2.3929381053303553e-05
2.5342131133533295e-06
2.9095262094742755e-05
4.484471177717555e-06
1.8201520372891022e-05
2.9649419977682165e-05
4.484471177717555e-06
1.971454893905404e-05
3.188619590554548e-05
0.00010056077545624669
9.86548770135221e-05
2.8955992654778637e-05
4.829813507727298e-05
3.821808959564679e-05
4.228622727460004e-05
3.1263836709105926e-05
1.1260663810191692e-05
3.4241703760848804e-05
3.259547688655366e-05
2.5342131133533295e-06
1.2869330068790506e-05
2.5342131133533295e-06
5.068426226706659e-06
7.602639340059987e-06
4.484471177717555e-06
5.068426226706659e-06
2.9718169338767007e-05
7.801032257456899e-06
2.5342131133533295e-06
5.068426226706659e-06
1.1137573776922593e-05
2.5342131133533295e-06
3.856590499593028e-05
8.96894235543511e-06
2.5817482890738535e-05
3.407535441421237e-05
3.3368059123563416e-05
2.944115978760291e-05
2.2531592618209718e-05
6.967444343882537e-06
2.5342131133533295e-06
0.00013136863483954447
1.1701548386185347e-05
5.068426226706659e-06
2.5342131133533295e-06
2.070262005993236e-05
3.566232627272289e-05
5.068426226706659e-06
2.213809782174586e-05
4.227627664242284e-05
2.1897552260530926e-05
3.929203900419885e-05
5.003606617546382e-05
2.5342131133533295e-06
4.484471177717555e-06
2.5342131133533295e-06
3.9843965183129774e-05
2.5342131133533295e-06
2.3172257605604634e-05
1.8898982503819267e-05
2.5342131133533295e-06
1.0676772968889112e-05
4.8277191923453454e-05
3.018218389076424e-05
2.5342131133533295e-06
9.281311480768827e-06
2.5342131133533295e-06
4.207242635343198e-05
3.077481477483658e-05
2.0666283636943978e-05
3.900516128728449e-06
7.801032257456899e-06
2.5342131133533295e-06
4.0011390452323245e-05
4.484471177717555e-06
4.605161319207942e-05
3.003768850577467e-05
2.0031295142221432e-05
1.8493163628404413e-05
2.8089606259392343e-05
1.9414955064417093e-05
7.801032257456899e-06
3.171182264102134e-05
4.623740938500485e-05
2.5342131133533295e-06
2.7894796208859983e-05
3.0206549370780182e-05
8.96894235543511e-06
3.218197663143364e-05
2.1276566129430682e-05
5.068426226706659e-06
2.184691254953756e-05
2.0824784917817536e-05
8.167551256626373e-05
3.668490003226429e-05
6.858114291333414e-06
2.315667776637395e-05
5.068426226706659e-06
5.068426226706659e-06
1.850022443263752e-05
2.713376457226198e-05
3.852777095510714e-05
5.956057838757658e-05
0.00011848136443852602
0.0001361285461511668
3.729728133667458e-05
2.047387604990981e-05
4.3888023927522206e-05
4.472739839967011e-05
2.8333683692559108e-05
3.2155068607462904e-05
7.801032257456899e-06
2.936787674723618e-05
3.057760317516551e-05
3.672347700841805e-05
3.5460943549051136e-05
3.317245801313458e-05
1.711695354335539e-05
5.068426226706659e-06
1.028717143700012e-05
2.2422355888587773e-06
2.5342131133533295e-06
4.751932996987213e-05
3.148367426938553e-05
2.5342131133533295e-06
8.291402699348362e-06
6.721954812520398e-05
2.9632099270634065e-05
2.5342131133533295e-06
1.6395636184501446e-05
2.5342131133533295e-06
6.399760501529721e-05
2.5342131133533295e-06
4.484471177717555e-06
8.535306290032806e-06
4.4742606463288415e-05
2.2847022431618378e-05
3.9941571522981375e-05
8.80525799317182e-05
8.291402699348362e-06
2.313754538081758e-05
1.5642847716592134e-05
4.484471177717555e-06
2.4547420663796786e-05
2.548857278942283e-05
2.5342131133533295e-06
3.61291131076273e-05
2.5342131133533295e-06
0.00015911469043797494
2.4173837696128563e-05
2.960517479187385e-05
3.651515383081376e-05
4.142879371952142e-06
1.5241368331854294e-05
2.7324776153771887e-05
4.484471177717555e-06
1.145076522448195e-05
2.070262005993236e-05
1.0676772968889112e-05
2.9300828669960715e-05
3.5539812671406365e-05
1.9750331011563912e-05
1.8658399601408217e-05
3.653213910864296e-05
1.2869330068790506e-05
2.2422355888587773e-06
3.187421577772653e-05
1.5029333169126325e-05
2.5342131133533295e-06
2.5342131133533295e-06
2.5342131133533295e-06
2.2422355888587773e-06
2.5342131133533295e-06
2.5334760918484964e-05
2.5342131133533295e-06
2.035691595463458e-05
4.142879371952142e-06
2.5342131133533295e-06
1.321813613138346e-05
1.2001700009833474e-05
4.303825604972692e-05
3.867571767170046e-05
0.00017462300525253598
3.978608071459866e-05
4.484471177717555e-06
2.8151679628502993e-05
1.5642847716592134e-05
3.4334124343918774e-05
2.9006788253775342e-05
2.5342131133533295e-06
2.5342131133533295e-06
2.5342131133533295e-06
2.3230703830931467e-05
9.807991546966412e-06
2.2440788811949894e-05
3.628130613165283e-05
1.2001700009833474e-05
7.801032257456899e-06
1.3914560585521141e-05
3.9488552821973486e-05
3.867571767170046e-05
7.801032257456899e-06
1.604249963710177e-05
1.4874846369869668e-05
1.8493163628404413e-05
2.5342131133533295e-06
2.5105649362340705e-05
2.096719935509712e-05
1.742995580952062e-05
2.4003400019666948e-05
6.2143190579282125e-06
3.604483283781246e-05
1.808917638150799e-05
2.5342131133533295e-06
2.5105649362340705e-05
3.479251343680282e-05
4.087922668190063e-05
2.5342131133533295e-06
9.949683239218034e-06
4.93315836871031e-05
6.858114291333414e-06
6.610379294011178e-05
8.154272381028776e-05
3.825468661528064e-05
4.109120396813515e-05
1.78498156438436e-05
1.9750331011563912e-05
1.0676772968889112e-05
2.5342131133533295e-06
2.3742044000729235e-05
6.2143190579282125e-06
2.5342131133533295e-06
2.2422355888587773e-06
2.5342131133533295e-06
7.801032257456899e-06
1.0676772968889112e-05
4.484471177717555e-06
2.6981895946399798e-05
3.553786210392921e-05
2.5790268507216575e-05
2.95736364212824e-05
4.484471177717555e-06
4.142879371952142e-06
6.2143190579282125e-06
2.6355535118095764e-05
2.2422355888587773e-06
4.142879371952142e-06
2.6161086549421207e-05
1.5197547235307628e-05
8.197818092250723e-06
3.6471549596538646e-05
2.5342131133533295e-06
5.850774193092674e-06
2.865681195682063e-05
9.651997551592878e-06
4.484471177717555e-06
3.270281709855325e-05
2.5342131133533295e-06
3.263243911269248e-05
3.49117680469325e-05
3.146364921021103e-05
1.8115355294094596e-05
4.1868673773999856e-05
9.281311480768827e-06
1.7794621614815189e-06