0.0012284136359345277
2.1904387083686636e-05
0.0001366224644676813
0.002584423442743916
0.0004738626572210899
7.387222212496431e-05
0.00043717287741569424
1.1040368788800638e-05
0.0011405932156032452
0.00035036302582907485
0.0017073339021153686
0.0004493786635633786
0.00030954122484984657
0.00010887751630468073
4.3673049455416304e-05
2.5890524217258382e-05
2.3860314028347263e-05
0.00019712161925989109
8.45969715999505e-05
4.479589249663967e-05
1.0986164238234528e-05
7.616587518023366e-06
0.00019379353238707943
2.2287072445635908e-05
2.2876359238551398e-05
0.00032848150248490616
4.6211845530085965e-05
2.427065246873773e-05
9.175087615385069e-05
5.931002634594405e-05
5.2271856104377285e-05
3.3603240035724577e-05
0.00015470471183854994
2.431719675664252e-05
1.785212294838305e-05
0.0017325002389817674
8.769538084574087e-05
0.0001661262321616388
9.045502243350827e-05
0.0003598084334257194
5.287593348233817e-05
0.00010462864199416137
1.4866130643654457e-05
1.2186540028837386e-05
7.324109492156351e-05
2.4373080057674772e-05
2.628526450042396e-05
0.0004162226202358317
1.0886770808218704e-05
2.0687964968517e-05
4.7524717316801885e-05
7.80442143272889e-06
0.00012850026440596596
7.702259680309735e-06
7.158094208504179e-06
1.0561048292622642e-05
0.00030124618532157826
0.0002906723368802989
0.0001055174215977396
6.531578331612874e-05
1.940240936831587e-05
3.967836649720557e-05
2.7816342343965502e-05
5.004806654815382e-05
0.00010866084541525903
0.00019455774696008926
8.534055810188104e-05
7.521767961624797e-05
2.714666213562952e-05
0.00016159691168804842
0.0001357598817830246
0.0002538543916580872
0.0005394752989085317
0.00037881383871828274
4.815911768617184e-05
0.00020623563460946495
8.21789259955978e-06
0.000106531687839158
2.2568811750220842e-05
2.5629415011257878e-05
3.322524643232775e-05
0.0005786253172694086
2.0687964968517e-05
0.00042634262330832544
1.1885758276605906e-05
8.442033404995814e-06
0.001198905412218163
4.801361723741166e-06
3.0091585408752e-05
0.0009987767611503908
0.0002973432832408582
4.878053734811675e-05
0.0013657414441096683
2.0796690216864905e-06
2.0796690216864905e-06
1.0561048292622642e-05
7.24815142619734e-05
9.068506456672751e-05
0.0011417078817539971
0.00010952193541843321
0.00010968284729274752
7.360245859200426e-06
0.0003419653917714553
0.0002653979573191117
1.5181968495101678e-05
6.4018156316548885e-06
0.000133143352556052
0.00016420553558147726
3.564353798760141e-05
6.235834710259397e-05
0.00011116146135393146
1.566153584747857e-05
4.688327383727572e-05
0.00021273251681502825
6.262687580634942e-05
0.00011190955525893774
1.2737324762220033e-05
0.00039289878970839636
2.6423864683583657e-05
2.451116639276788e-05
8.747978308114643e-05
3.7275551711481755e-05
2.0796690216864905e-06
8.542384146955667e-05
2.0796690216864905e-06
5.443385404109352e-06
1.4046805235988798e-05
3.672392593028578e-05
2.911536630361087e-05
6.481153426471043e-05
1.931230486154012e-05
0.00013990491517834063
1.274200186031784e-05
6.02099718912857e-05
0.00013006656750278836
3.0430976372360185e-05
4.569952510814019e-06
8.761754833474656e-06
0.00011309469748864095
3.825932907363683e-05
5.09970008739648e-06
3.6097766095661643e-05
4.5783003202174364e-05
5.8881966873603405e-05
7.332557910373212e-05
0.0006921855481430032
0.00039890801660924795
6.851281870717765e-05
0.0004261938868628878
3.711161814906137e-05
1.6343572148580855e-05
0.00017053805436492345
2.8860158625837604e-06
0.0004345835547043187
1.4648218984312703e-05
0.0008870977168118512
0.00016756492539651404
0.00015233175036046733
0.0001478989258947464
3.875500153592269e-05
1.8368899154754583e-05
7.30146236122888e-06
5.683995747420653e-05
4.058747528395367e-05
2.948537431295471e-05
1.620785219537169e-05
1.1040368788800638e-05
1.7161346601557626e-05
2.0796690216864905e-06
3.057629360223872e-05
3.241018864317814e-05
4.1310555289051234e-05
1.6186689559766055e-05
8.985969627028023e-06
1.5932630287543622e-05
5.129917075472299e-05
2.0796690216864905e-06
4.185552251218471e-05
4.3087171806281796e-05
1.9795513029517383e-05
1.2316478957298137e-05
3.4940563821688584e-05
4.849824306445323e-06
2.851536617671496e-05
0.00013315715269708936
2.1339180435710285e-05
1.335407547428464e-05
1.2326838899339667e-05
1.4008776127355017e-05
2.869460427269236e-05
0.00020558585300708027
0.0001307407742908326
4.159338043372981e-06
2.5160254157262174e-05
9.818667621610678e-06
1.8793843016974283e-05
6.776200652231262e-05
0.0002121647986587165
7.695927860585436e-05
3.458462610606183e-05
2.2377536468150084e-05
7.72278830956041e-05
1.948737451984065e-05
2.0809504120693568e-05
7.360245859200426e-06
2.250316991527578e-05
0.00023743716322186347
2.7054403806411217e-05
4.159338043372981e-06
1.931230486154012e-05
8.408895772037547e-05
0.0003655773184134756
2.861403346708382e-05
1.9517921012712795e-05
0.0001285197830849271
6.1783081006589e-05
8.628063045644048e-06
3.0183690628558308e-05
7.07558695467401e-05
3.4518492397658174e-05
0.00023216294649689077
7.576980818784465e-05
2.8326117821926504e-05
2.0796690216864905e-06
2.6292176647195984e-05
3.2009078158274443e-06
2.7666758039048604e-05
4.862355658611507e-05
1.5226847044265998e-05
6.37700283007455e-05
1.3758393696622279e-05
0.00025834237045260517
3.2415876914053294e-05
0.0003314501403523742
0.00033188226119049586
7.522896352188e-05
1.5127328715680245e-05
2.8734909771233507e-05
1.550920411842572e-05
2.5550352953651807e-05
6.913020623088671e-05
4.159338043372981e-06
7.360245859200426e-06
1.550920411842572e-05
2.0485536613503674e-05
2.707583288288145e-05
1.4144319910581103e-05
6.327856574581588e-05
2.2793199323358393e-05
0.00011706853645649717
3.240501388137425e-05
2.0796690216864905e-06
2.81758524602917e-05
3.3998000582643205e-06
3.372096194516735e-05
4.380877416737328e-06
0.0002283615295424334
6.799600116528641e-06
3.680122929600213e-06
2.0796690216864905e-06
0.00014132213016565545
0.0005006363422809076
3.0598200524378875e-05
3.063027647686917e-05
2.5564734362393647e-05
1.8114754746088604e-05
3.3209247351461945e-05
3.798886923070698e-05
0.00015484615168944398
2.102263461411347e-05
6.093270014418693e-06
6.2390070650594715e-06
2.637797200617475e-05
1.1851008481139499e-05
5.4070232815028096e-05
0.0001541687939202637
5.395819649507311e-05
2.2784871948203843e-05
0.0003628985845012612
0.00011864031236847996
1.5254530312495667e-05
1.5232104148773624e-05
8.82355152819909e-06
5.6298562921387355e-05
2.9117838613568297e-05
0.00017298697047160336
1.840061464800106e-05
5.062069343318169e-05
5.134839786873157e-06
6.881135641549156e-05
5.025907572198123e-05
1.125604453999442e-05
2.783380708941232e-05
1.8400614648001064e-06
3.512203925370954e-05
4.0825390530820135e-06
3.6971810821013035e-05
2.2913385554880383e-05
0.0004163830107994764
3.742469948380752e-05
2.4603768130844407e-05
3.702009378467761e-05
2.466896743310707e-05
3.680122929600213e-06
8.761754833474656e-06
7.360245859200426e-06
4.159338043372981e-06
2.6024026323882276e-05
2.2549734802096462e-05
8.535474553647794e-05
5.09970008739648e-06
1.8051169302116943e-05
8.761754833474656e-06
4.974103367793559e-05
5.227117682234998e-05
4.755386089583502e-05
1.8400614648001064e-06
6.27505969697506e-05
0.0001197996091884265
2.0796690216864905e-06
3.3998000582643205e-06
5.770731786945761e-05
4.652761235527715e-05
1.283709946718289e-05
4.380877416737328e-06
8.181691498348162e-05
2.8591141375372104e-05
0.00014025889497584515
2.0796690216864905e-06
8.231301817542404e-05
0.000267076495374871
4.370938426823555e-05
3.18549855006568e-05
2.920584944491552e-05
2.857777337157409e-05
3.2009078158274443e-06
2.7552281279863984e-05
5.09970008739648e-06
1.905184891438273e-05
2.0796690216864905e-06
2.5461082335365484e-05
2.902362170284849e-05
6.093270014418693e-06
9.849038972495116e-06
0.00010165828189708664
3.627963996896726e-05
1.5275590369920256e-05
9.913976679534383e-05
3.812794974076515e-05
2.9949806788028922e-05
6.4018156316548885e-06
0.00015542159042263563
6.0470004946907124e-05
0.00021442331548550894
0.00011538835984458508
3.0717531704284934e-05
7.768964370140642e-05
3.740958923864102e-05
3.307128269171075e-05
7.996104300789674e-05
7.11757967834512e-05
2.1046364481427903e-05
3.5287998248668774e-05
1.283709946718289e-05
0.00016646185840081174
8.165078106164027e-06
5.5486595718531156e-05
2.4956028260237886e-05
2.0796690216864907e-05
5.937858903849819e-05
1.8717021195178415e-05
0.0009623611153469358
0.0001088308657381331
1.715322766575514e-05
3.680122929600213e-06
3.5929515080526646e-05
4.801361723741166e-06
1.8919998466458052e-05
0.00013794271130348036
1.5233175036046732e-05
0.00012659443278977
9.98887592137258e-05
5.045574573634291e-05
0.0001311828839575896
5.8881966873603405e-05
7.360245859200426e-06
2.1615794157258942e-05
2.884724225751022e-05
0.00015722469380574338
2.6600515336414102e-05
4.380877416737328e-06
3.451565824928095e-05
6.757988024420706e-05
1.2507630633292981e-05
4.188264991285767e-05
1.0886770808218704e-05
2.0796690216864905e-06
3.4716857376235835e-05
8.318676086745962e-06
3.325618604093048e-05
4.806259010549777e-05
1.6575721114528408e-05
2.8100008711175236e-05
2.54985004369824e-05
0.0001187730781771043
2.0796690216864905e-06
5.839230971740237e-05
0.0010172467886847955
4.1103789507796795e-05
1.393590513239949e-05
0.0001258012707863109
2.9359849648426283e-05
3.268714429716171e-05
2.224542114174411e-05
4.472890764764248e-05
3.5664605965618906e-05
1.8807240880469998e-05
2.852530340414182e-05
0.00017201702511429083
2.0796690216864905e-06
8.099222978046267e-05
2.0796690216864905e-06
7.30146236122888e-06
4.569952510814019e-06
2.0796690216864905e-06
1.8400614648001064e-06
0.00011975997282790995
1.2803631263309777e-05
6.905070410769771e-05
2.0796690216864905e-06
5.4433854041093514e-05
7.360245859200426e-06
8.761754833474656e-06
7.859601251530206e-05
3.2968427260560706e-05
0.0001356672786931169
0.00012969234789773188
6.2390070650594715e-06
3.462152003680714e-05
1.2186540028837386e-05
6.155935160845893e-05
9.932587992940083e-05
7.360245859200426e-06
0.001945385218465978
7.243490222672423e-05
3.777653100457555e-05
7.035027837496512e-06
0.0001297613685537995
3.812794974076515e-05
6.768096317599079e-05
0.00013489476855050263
6.494448340980956e-05
0.0001208629815496542
1.4008776127355017e-05
3.2499012250500705e-05
4.0481352225602344e-05
1.4576104323832397e-05
3.703547727041782e-05
3.327200078774406e-05
7.28612149796156e-05
2.439740126589099e-05
6.861291066302056e-05
2.0796690216864905e-06
2.2849762554070098e-05
1.8400614648001064e-06
2.3725265594483734e-05
0.0009304701153840941
2.0796690216864905e-06
2.663711792893049e-05
6.48100277627485e-05
4.2948565251025066e-05
9.538643550844819e-05
2.932284656212088e-05
8.761754833474656e-06
4.087077554796475e-05
3.680122929600213e-06
2.0796690216864905e-06
0.00031704907027456586
1.4404085171223496e-05
0.00014204089707556852
1.5167332596643708e-05
1.274200186031784e-05
1.550920411842572e-05
5.5511928338814984e-05
1.5233175036046732e-05
2.334083255556757e-05
8.165078106164027e-06
5.121452505323911e-05
0.0001617071650932372
0.0010694700366040194
2.4146401986925313e-05
2.948537431295471e-05
5.841169888983104e-06
0.00015369563697932294
0.00011651726268590391
5.841169888983104e-06
1.9877789238510374e-05
1.8392516138697594e-05
6.431348992858795e-05
7.78393154126802e-05
5.639949033672547e-05
1.650423054645927e-05
0.00012361574716759897
6.80613961506741e-05
7.356061083400234e-05
7.702259680309735e-06
3.2009078158274443e-06
7.898723966328571e-05
1.825861133160058e-05
3.5856769116506794e-05
1.7529643231102508e-05
2.6166991834575038e-05
4.801361723741166e-06
1.8400614648001064e-06
1.2803631263309777e-05
6.672065300107705e-05
2.094640226420544e-05
1.1040368788800638e-05
6.2390070650594715e-06
7.649550131094721e-05
8.61566420172902e-05
2.2598523854098967e-05
8.535672174284114e-05
8.442033404995814e-06
2.5204724110368425e-05
1.765939245251414e-05
0.00015015862035717078
4.3360861006104594e-05
1.8400614648001064e-06
1.4404085171223496e-05
2.685331575255348e-05
3.292387694460808e-05
1.909992550006638e-05
4.159338043372981e-06
0.00016043451598071843
2.0796690216864905e-06
0.0002734334210405038
5.09970008739648e-06
0.00018805702127143336
6.2390070650594715e-06
5.280524146311321e-06
8.753353451027806e-05
3.680122929600213e-06
5.443385404109352e-06
4.4007562490258805e-05
1.220684915359392e-05
4.5894160621208694e-05
3.145916033804109e-05
3.364315049653243e-05
4.448043533405136e-05
1.3427534068953311e-05
7.360245859200426e-06
3.5697900611775356e-05
2.4406405762426886e-05
3.436008937594311e-05
3.680122929600213e-06
6.505973670904266e-06
8.350114083538807e-06
7.035027837496512e-06
2.0796690216864905e-06
1.9211954622415367e-05
1.3427534068953311e-05
2.6855068137906622e-05
4.957994816733798e-05
4.3389165799870016e-05
1.6162426938932218e-05
0.0006772623463157905
1.8503381157746972e-05
0.0001233113685233904
4.159338043372981e-06
7.879994842185193e-05
7.414702006812199e-05
2.8547274133591603e-05
2.3762358658400942e-05
0.0002631406478905502
1.5164459108340081e-05
2.6152806693859027e-05
1.019940017479296e-05
7.481917847728204e-05
0.0001025575384377425
1.829489244049834e-05
0.000128552839681761
2.0796690216864905e-06
2.0796690216864905e-06
5.874505007030358e-05
5.09970008739648e-06
5.89009715476469e-05
2.628526450042396e-05
2.3219766716181842e-05
3.504701933389862e-05
2.1617560328899246e-05
4.820073196063424e-05
5.898218321463719e-05
0.0004990117074523665
6.093270014418693e-06
1.3722582132604115e-05
3.848623611278365e-05
2.33613010138776e-05
3.3998000582643205e-06
7.269986921789933e-05
2.5138015851534195e-05
1.6343572148580855e-05
3.3693640084244957e-05
9.873227746354222e-05
1.752350966694931e-05
3.46535837809237e-05
2.410036598031712e-05
7.920786219466979e-06
5.8605177799837745e-05
2.0796690216864905e-06
2.4406405762426886e-05
8.620472931370051e-05
0.00012198444641334987
4.801361723741166e-06
6.195152466936318e-05
3.680122929600213e-06
1.5408548624174582e-05
4.159338043372981e-06
6.898758824214534e-05
2.766018483225917e-05
0.00013594950785866583
5.776785994244936e-05
2.0796690216864905e-06
8.318676086745962e-06
8.409412242032796e-05
0.00012507374219385982
0.0002818137381668645
1.4557683151805434e-05
7.920786219466979e-06
6.630250329900835e-05
2.7882103003201337e-05
0.00012784065633240552
6.086455842046929e-05
2.6345288239134112e-05
9.901023937406772e-05
2.665898262342266e-05
0.0003309190066134234
0.0004005451876224168
0.00014147468372547974
2.5001198455496848e-05
3.718234689989266e-05
2.380716166513067e-05
2.84081794151137e-05
7.275682192176365e-05
5.4839430129768244e-05
3.767750459350809e-05
4.70200440102208e-05
6.486215853187298e-05
2.0796690216864905e-06
0.00035050145639154486
1.840061464800106e-05
2.6387638719404274e-05
3.0951698456809834e-05
8.318676086745962e-06
2.358752550091125e-05
2.543638280225285e-05
9.723999600460482e-05
0.00011710069890219084
7.175591058805375e-05
6.093270014418693e-06
3.024028093914631e-05
6.75526413294323e-05
5.155916096835628e-05
0.00039492118026511046
4.0447491863195675e-05
0.0003690565219626661
8.351109909921542e-06
0.00037697331195907805
2.0796690216864905e-06
0.00042907867565337065
7.977417977122098e-05
1.8114754746088604e-05
4.182315450480201e-05
1.3145021583757881e-05
3.3998000582643205e-06
6.4018156316548885e-06
2.9896801794417643e-05
2.0796690216864905e-06
1.8313201280869748e-05
3.268714429716171e-05
3.680122929600213e-06
4.699978286044438e-05
1.569734311797335e-05
3.7580874612599496e-05
1.774974062714238e-05
3.057403865450108e-05
8.493706254120478e-05
9.635929620560531e-05
1.0398345108432453e-05
6.292493753904462e-05
9.902538327875564e-06
4.159338043372981e-06
4.159338043372981e-06
2.624634543118199e-05
1.4303666473598034e-05
7.284055075190589e-05
2.0796690216864905e-06
0.000344386605124617
0.0002139762606467997
1.8080099771954783e-05
2.1628327012540497e-05
3.680122929600213e-06
6.2390070650594715e-06
7.606404694378395e-05
7.702259680309735e-06
4.4804320047632764e-05
4.159338043372981e-06
0.00013541213433938397
9.498338207709496e-05
2.0957627721870203e-05
1.2530400623075126e-05
8.11263008588524e-05
0.00015403807947580956
3.680122929600213e-06
6.65494086939677e-05
1.8911196423889028e-05
0.00012964125746551335
2.0223110128858282e-05
1.4699235214031176e-05
3.1216055792005605e-05
1.834239391743904e-05
0.0002910399222289528
9.525924457191365e-06
3.537615700517906e-05
3.3716175299967725e-05
0.00015468213196116002
0.0004649387856686049
2.1977759944054472e-05
2.601736971731841e-05
6.980913381528735e-05
3.68727222131151e-05
5.1520286048493006e-05
5.127225274470721e-05
2.5121715254155365e-05
2.0796690216864905e-06
2.410036598031712e-05
6.615310363185512e-05
2.36188455920293e-05
4.7753296624859964e-05
8.442033404995814e-06
7.778415223932138e-05
7.331642066744153e-05
1.0398345108432453e-05
7.360245859200426e-06
2.0796690216864905e-06
9.765479322875137e-06
2.0796690216864905e-06
2.0796690216864905e-06
2.336033674391604e-05
1.1040368788800638e-05
2.63229708950956e-05
8.318676086745962e-06
2.0796690216864905e-06
1.969807794499023e-05
6.526864414739252e-05
3.729206629225059e-05
4.8172802778810494e-05
2.0796690216864905e-06
1.8072652830417877e-05
2.640238007594663e-05
2.1774229862440685e-05
2.0796690216864905e-06
6.15404585837787e-05
2.0796690216864905e-06
1.818396071591179e-05
9.24083302658132e-05
1.803925097756033e-05
2.549726011427859e-05
5.873462272334674e-05
7.035027837496512e-06
1.1040368788800638e-05
2.828438695413765e-05
3.295849271470358e-05
1.0886770808218704e-05
4.4011281457224725e-06
2.0796690216864905e-06
8.318676086745962e-06
1.0269679573746314e-05
8.755341443305087e-06
1.4936840894572143e-05
6.4018156316548885e-06
2.9547116917485347e-05
5.62802226999721e-06
7.903376499520439e-06
4.947045651832354e-05
3.262104590551556e-05
2.0796690216864905e-06
7.807168405085118e-05
0.00019888109749150262
2.628526450042396e-05
8.165078106164027e-06
6.915350270025255e-05
6.093270014418693e-06
1.486566883703748e-05
3.680122929600213e-06
5.09970008739648e-06
3.6620547460781756e-06
2.5274098513900134e-05
9.849038972495116e-06
2.0796690216864905e-06
6.804231755136689e-06
3.680122929600213e-06
3.3408915756926394e-05
5.859287593725081e-05
5.09970008739648e-06
2.732023758711047e-05
1.6678315094041132e-05
2.8312354180401593e-05
7.814366502183338e-05
6.093270014418693e-06
1.28413781167421e-05
2.9384936573974583e-05
3.3779737212357264e-05
0.0002073456648911045
7.458393020100538e-05
1.566153584747857e-05
3.343283903728401e-05
3.755973444843438e-05
8.761754833474656e-06
8.380403138901885e-05
3.513823785994267e-05
4.2591842572102644e-05
4.159338043372981e-06
5.678537116534501e-05
0.000319435164174878
4.253837259417131e-05
3.3730022319375315e-05
2.4552612832098207e-05
2.3106779040929204e-05
1.4381312049229613e-05
3.7965520074886267e-05
1.460292472245776e-06
4.641384024405623e-05
3.006117967538973e-05
1.4720491718400851e-05
8.318676086745962e-06
0.00010692913258944179
6.093270014418693e-06
3.0023513352527144e-05
1.770153300120442e-05
2.0796690216864905e-06
0.00010934276991418785
6.4018156316548885e-06
7.616587518023366e-06
3.600584977548567e-05
7.571904304782302e-05
5.3464566294720896e-05
6.786002476887797e-05
2.3818313383689585e-05
9.849038972495116e-06
7.746613048125845e-05
1.0291936599453086e-05
2.234988159796578e-05
2.8630562164459554e-05
1.1553389520464602e-05
2.8020993861363344e-05
2.693852341666924e-05
1.9805076655751124e-05
1.177292830167609e-05
3.25408571465137e-05
2.333812785245882e-05
7.035027837496512e-06
0.0001568704285374272
2.884131428936416e-05
6.864446618186945e-05
3.3008461092918546e-05
6.212987668678925e-05
1.2578140655904378e-05
3.70270545872094e-05
1.6481881152782775e-05
1.3203384437167417e-05
1.220684915359392e-05
5.7782131233136686e-05
2.5873683407012327e-05
5.459187377042908e-05
1.6004539079137221e-06
8.702693869705701e-06
3.859563276437813e-05
3.273172950129634e-05
1.4720491718400851e-05
1.4461118840097249e-05
2.1122096585245283e-05
2.9941278134023954e-05
3.0424143401798457e-05
2.0796690216864905e-06
2.0796690216864905e-06
3.2009078158274443e-06
2.0796690216864905e-06
3.8747665030470715e-05
5.8748276710150196e-05
2.060262452793316e-05
2.2098527986100435e-05
1.5045792704376e-05
2.701106167655218e-05
3.4411354172132004e-05
2.9549495851384866e-05
9.818667621610678e-06
3.680122929600213e-06
0.00011284344528281998
6.48977054995761e-05
2.933023164149285e-05
1.9205446894964665e-05
5.09970008739648e-06
7.360245859200426e-06
2.0671897613745433e-05
3.680122929600213e-06
1.5045792704376e-05
2.7360105810754424e-05
2.479530182598653e-05
2.0796690216864905e-06
4.4658584921977754e-05
3.515630205694792e-05
2.758142382563315e-05
2.155687985972091e-05
3.565319426679058e-05
1.2803631263309777e-05
2.9746310314912546e-05
1.8200799115972452e-05
7.360245859200426e-06
2.8093610471977596e-05
1.2499407814454656e-05
4.159338043372981e-06
6.10342457679696e-05
4.4255636433964885e-05
6.018074006540932e-05
5.028381871655271e-05
7.23754756001769e-05
9.390625355867069e-05
2.7882103003201337e-05
8.318676086745962e-06
7.616587518023366e-06
9.895091718584802e-05
2.2424775882819074e-05
4.022474164727603e-05
3.1552132759756976e-05
2.075987206841279e-05
5.1902886111063654e-05
1.8400614648001064e-06
1.2133866077314968e-05
5.09970008739648e-06
1.3123172715590995e-05
1.650423054645927e-05
3.711161814906137e-05
3.292663083274414e-05
2.8093610471977596e-05
4.159338043372981e-06
2.597248620362259e-05
3.6102338604233886e-05
2.5886847069431937e-05
9.245129174504752e-06
1.8400614648001064e-06
1.9517494923954473e-05
2.583666769061513e-05
4.159338043372981e-06
6.4018156316548885e-06
4.801361723741166e-06
1.167398010612918e-05
2.302232608125621e-05
7.30146236122888e-06
7.616587518023366e-06
7.30146236122888e-06
2.9142273668167758e-05
3.39190336019278e-05
1.4648218984312703e-05
6.4018156316548885e-06
8.761754833474656e-06
1.4844647259624547e-05
2.606839360695692e-05
1.8704674303849762e-05
6.019591649794705e-05
3.317853135562074e-05
6.36365058240765e-05
2.340537727748641e-05
0.00011723446572772004
2.8682493098581248e-05
3.4674931599040756e-05
2.4967008940979542e-05
3.2009078158274443e-06
3.249866161979698e-05
2.0796690216864905e-06
8.314266328171525e-05
3.2156611936213766e-05
1.264694028562114e-05
2.3190192857386656e-05
5.892821986003041e-05
5.051765610494815e-05
2.943168845975886e-05
7.904149433624494e-05
6.677046275829128e-05
4.83864779335015e-05
3.443582543337677e-05
0.0001613921717566608
2.860224433592937e-05
1.4156177090200797e-05
3.431258668860245e-05
4.1884240038754506e-05
0.000217384544434077
4.736663122850543e-05
4.316740377281233e-05
2.6357674858668143e-05
2.0796690216864905e-06
8.118060426226194e-05
0.0001185339386804554
2.601448241139496e-05
3.680122929600213e-06
2.7330568354891658e-05
3.388100326115631e-05
1.739754121682626e-05
2.1975841537043696e-05
2.0796690216864905e-06
9.236065171429455e-05
3.896719905651443e-05
2.7858567623887048e-05
4.159338043372981e-06
1.2478014130118943e-05
5.611438385796153e-05
1.969807794499023e-05
5.537708927399454e-05
3.680122929600213e-06
4.159338043372981e-06
1.4557683151805434e-05
4.159338043372981e-06
2.7964644328025083e-05
3.541261886639851e-05
5.09970008739648e-06
6.2390070650594715e-06
3.417730792230576e-05
1.545168746839763e-05
3.0834970163928777e-05
4.159338043372981e-06
4.159338043372981e-06
4.159338043372981e-06
4.159338043372981e-06
2.0796690216864905e-06
1.996022434657387e-05
1.5127328715680245e-05
0.00015127857467713064
0.0001267709863178022
2.0796690216864905e-06
0.00010028192291220593
6.539486332533798e-05
7.616587518023366e-06
2.0139748182592718e-05
1.3758393696622279e-05
4.1427328582420524e-05
2.674905404398499e-05
1.0986164238234528e-05
2.548400372063568e-05
4.801361723741166e-06
8.442033404995814e-06
3.569002938222975e-05
1.0398345108432453e-05
4.159338043372981e-06
1.9483599528257215e-05
0.00012951431405204626
2.0796690216864905e-06
2.0796690216864905e-06
2.0796690216864905e-06
4.717313403590282e-05
1.206680541013393e-05
6.985208709625812e-05
2.4788611757805455e-05
8.994672618500084e-05
1.9205446894964665e-05
9.889128691669664e-05
2.1013164191032525e-05
9.544125611338907e-06
0.00016440643835166123
7.616587518023366e-06
4.159338043372981e-06
7.616587518023366e-06
2.429015287054287e-05
3.296279605819677e-05
2.5547766821285e-05
4.159338043372981e-06
2.419266313432601e-05
2.0796690216864905e-06
6.60065518288915e-06
3.960983259987667e-05
6.727432764845722e-06
3.680122929600213e-06
3.124851953613664e-05
1.1949472715657715e-05
5.8719699296852566e-05
8.165078106164027e-06
3.252797191727523e-05
2.0023293351929134e-05
4.359906645002215e-05
8.026220796303762e-05
5.09970008739648e-06
3.099445675192248e-05
1.670312788418145e-05
6.869413666049541e-05
2.3510191703058108e-05
2.8212663104518896e-05
1.1553389520464602e-05
1.6705638237310475e-05
7.28228759908048e-05
2.0796690216864905e-06
5.729341764766115e-05
8.270655065161013e-05
2.0796690216864905e-06
5.4441859162719053e-05
4.1585769377790084e-05
0.00018236846766263973
2.0796690216864905e-06
2.0796690216864905e-06
1.7131214103470277e-05
1.353752379731998e-05
2.1975841537043696e-05
7.009701937120558e-05
6.093270014418693e-06
7.655720319478182e-05
5.203522472301753e-05
0.0001238879428973496
3.2009078158274443e-06
5.643099754089229e-05
3.2009078158274443e-06
1.167398010612918e-05
4.744491606106222e-05
3.1020090123291694e-05
3.564369338945475e-05
6.138186751008024e-05
1.4008776127355017e-05
6.2390070650594715e-06
6.272635602846703e-05
6.418549733591445e-06
4.159338043372981e-06
8.761754833474656e-06
2.536304533100455e-05
1.2803631263309777e-05
2.0796690216864905e-06
4.159338043372981e-06
2.920584944491552e-06
2.0796690216864905e-06
2.0539359147492627e-05
2.0796690216864905e-06
5.003052253317193e-06
2.0796690216864905e-06
2.7775726184035076e-05
7.616587518023366e-06
1.8400614648001064e-06
2.0796690216864905e-06
2.8548300354765532e-05
1.153178315541183e-05
1.5299100262189437e-05
4.159338043372981e-06
2.0321880126976356e-05
2.1273251681502825e-05
0.000290535053979628
9.011380549352204e-05
7.819916998315048e-05
6.10342457679696e-06
6.852833480941654e-05
2.532610021498744e-05
8.318676086745962e-06
2.6448937117637086e-05
2.703569728192438e-05
6.8607400858038e-05
2.8002948101511807e-05
1.5026934651150268e-05
2.0627294911806656e-05
1.2803631263309777e-05
3.2009078158274443e-06
6.327811038720522e-05
5.682703272025726e-05
2.4440944591872412e-05
0.00011668257674791321
1.6162426938932218e-05
2.3106779040929204e-05
0.00014042440220105195
9.765479322875137e-06
3.731808241858421e-05
6.4018156316548885e-06
2.3160378318424594e-05
2.407955884308592e-05
7.360245859200426e-06
2.2726760072353705e-05
9.604612385346887e-05
1.314263225021198e-05
2.0796690216864905e-06
2.591660469742813e-05
1.4070055674993023e-05
4.221016702497907e-06
3.065445216060156e-05
2.0796690216864905e-06
2.0796690216864905e-06
3.2009078158274443e-06
1.0610825043161055e-05
6.670422117094796e-05
3.5733757672893e-05
4.159338043372981e-06
3.3998000582643205e-06
1.3427534068953311e-05
2.9979424494939778e-05
0.00010820404731594542
6.4018156316548885e-06
2.4164344404602406e-05
1.2754005660149099e-05
5.09970008739648e-06
2.861403346708382e-05
9.804466557107152e-05
2.9165521603379917e-05
2.0796690216864905e-06
3.44971424233602e-05
1.0886770808218704e-05
4.194995835936308e-05
2.1386627238588537e-05
2.0796690216864905e-06
2.5932563512594706e-05
2.3056417404041223e-05
2.0796690216864905e-06
2.826911735317594e-05
4.159338043372981e-06
1.741988141549936e-05
3.3167059279005955e-05
5.121839604787491e-05
1.5233175036046733e-06
1.1212071794193853e-05
7.616587518023366e-06
2.0796690216864905e-06
1.60096791547048e-05
7.360245859200426e-06
2.0796690216864905e-06
0.00012333278973613237
3.3836716366503754e-05
0.00010253192376691727
1.8501710220607092e-05
2.0796690216864905e-06
4.159338043372981e-06
8.318676086745962e-06
9.357194543592336e-06
1.8400614648001064e-06
2.0694935949173235e-05
7.411808691973135e-05
1.4557683151805434e-05
7.30146236122888e-06
4.247586613623415e-05
7.360245859200426e-06
4.159338043372981e-06
7.502775169643741e-05
6.4018156316548885e-06
2.0796690216864905e-06
2.2967659334272098e-05
6.2390070650594715e-06
6.418549733591445e-06
1.0986164238234528e-05
2.5419927422661144e-05
8.761754833474656e-06
0.00012178288032577879
3.341127647462095e-05
5.062069343318169e-05
2.0796690216864905e-06
1.8806256637351818e-05
3.57384788439929e-05
1.5677893273949424e-05
6.251968699733062e-05
2.6606228097106767e-05
2.0796690216864905e-06
1.8400614648001064e-06
1.786373503776719e-05
2.5800689320838362e-05
4.569952510814019e-06
6.401754130713085e-05
0.0001660450507251765
6.983677439548785e-05
2.6600515336414102e-05
2.9979624681072988e-05
9.77936312269001e-05
2.3836587436663603e-05
2.738306360559143e-05
8.318676086745962e-06
1.4008776127355017e-05
4.569952510814019e-06
1.4866130643654457e-05
6.2390070650594715e-06
7.358360398905642e-05
3.409390242711473e-05
7.093470756377094e-05
2.509654906294726e-05
4.159338043372981e-06
0.00012787145185390913
4.2897309879510235e-05
2.0796690216864905e-06
3.6473693532527944e-05
1.5684614455342158e-05
7.360245859200426e-06
2.0796690216864905e-06
0.0001305493705065264
1.4557683151805434e-05
2.473018657364004e-05
0.00010157337891905698
5.7672643635222965e-05
3.3512973399791205e-05
1.5127328715680245e-05
7.30146236122888e-06
2.992990268622635e-05
6.226755859441377e-05
2.7130846952509376e-05
9.24091725604481e-06
1.6894391491855933e-05
3.060752869610508e-05
6.984134875490526e-05
0.00010737620284525182
1.4557683151805434e-05
1.0398345108432453e-05
1.0398345108432453e-05
8.21789259955978e-06
4.159338043372981e-06
2.0796690216864905e-06
3.3998000582643205e-06
5.443385404109352e-06
2.3860314028347263e-05
2.909433714545887e-05
6.093270014418693e-06
3.982112450271952e-05
3.896719905651443e-05
2.0796690216864905e-06
2.0796690216864905e-06
2.0796690216864905e-06
2.1266351235437127e-05
2.5007085323475e-05
7.616587518023366e-06
2.997455046629756e-05
6.093270014418693e-06
1.752350966694931e-05
3.102069523320627e-05
5.1640468772654036e-05
7.360245859200426e-06
4.159338043372981e-06
2.6404159059357428e-05
2.1426041285999316e-05
2.9949902297106627e-05
2.8199869716266628e-05
9.566976574213647e-05
6.224288125466372e-05
0.00013204860219602965
7.541984476301138e-05
2.0796690216864905e-06
2.0796690216864905e-06
3.718288789364068e-05
9.534081445309792e-06
6.475110565921851e-05
1.3735083018622108e-05
2.380404340587338e-05
1.870479461932051e-05
2.8804657701675986e-05
7.616587518023366e-06
2.7469059521989324e-05
4.159338043372981e-06
9.873284734609703e-05
2.1122096585245283e-05
6.165318291866921e-05
2.6855068137906622e-05
3.128306644675418e-05
2.945048577382345e-05
3.149115207727133e-05
1.3427534068953311e-05
2.2295689776115907e-05
3.680122929600213e-06
2.814011134998605e-06
2.4250495139129628e-05
1.752350966694931e-05
4.933793486621414e-05
3.680122929600213e-06
2.067668795761797e-05
6.516163579369182e-05
5.435131756286127e-05
1.550920411842572e-05
1.8266240789314714e-05
2.6909731059382887e-05
3.262104590551556e-05
3.4248215960305806e-05
2.0796690216864905e-06
2.372703365077196e-05
3.0368876916789943e-05
2.5251235713235046e-05
2.3917986436252426e-05
4.159338043372981e-06
2.0796690216864905e-06
1.019940017479296e-05
6.083255537056529e-05
6.888355036612949e-05
1.8793843016974283e-05
2.3844552012729646e-05
3.037371155799162e-05
2.625940097759355e-05
2.0796690216864905e-06
4.4630307370957625e-06
3.846940962463314e-05
6.093270014418693e-06
4.801361723741166e-06
6.4018156316548885e-06
8.761754833474656e-06
2.0796690216864905e-06
2.0796690216864905e-06
2.0796690216864905e-06
4.380877416737328e-06
5.2913175148272215e-05
1.671305476208688e-05
3.363558308815019e-05
2.583666769061513e-05
5.939211233793521e-05
2.877271744356314e-05
3.472327766710018e-05
2.7963496284041664e-05
9.148388088402744e-06
2.6466364262978227e-05
3.680122929600213e-06
2.0796690216864905e-06
8.318676086745962e-06
1.5233175036046732e-05
2.106018147300021e-05
5.3545884423687006e-05
7.488835815319997e-05
2.7607018255831974e-05
6.409620448304412e-06
2.5306216050531863e-05
2.8554253037517776e-05
3.560581363775639e-05
1.7022092565444663e-05
4.801361723741166e-06
7.616587518023366e-06
6.4018156316548885e-06
3.680122929600213e-06
1.752350966694931e-05
6.606999310997144e-05
3.402115877568344e-05
1.9226406361372705e-05
2.9231717827294884e-05
2.0796690216864905e-06
2.0796690216864905e-06
3.680122929600213e-06
4.801361723741166e-06
3.185335801052727e-05
2.803017948548463e-05
8.041060386480851e-05
3.680122929600213e-06
3.288128767033224e-05
2.0656187509061616e-05
3.896719905651443e-05
1.5403948510028653e-05
3.680122929600213e-06
3.2591186606305054e-05
3.587964141251052e-05
2.4111894213003008e-05
2.0796690216864905e-06
2.0796690216864905e-06
3.071394321265743e-05
1.3562211165247304e-05
3.354862761929596e-05
7.30146236122888e-06
1.6343572148580855e-05
1.9103017799236833e-05
9.24091725604481e-06
2.0796690216864905e-06
5.2052463411777175e-05
3.316624740841228e-05
7.374196573593268e-05
1.6894391491855933e-05
3.723737346135475e-05
2.5342223453098255e-05
3.574665583904056e-05
1.4281698358706441e-05
3.287157039823912e-05
2.275103061172859e-05
1.78668788364465e-05
2.0796690216864905e-06
2.4245725556515807e-05
1.4866130643654457e-05
2.0796690216864905e-06
2.0796690216864905e-06
3.680122929600213e-06
2.0796690216864905e-06
3.548382221887045e-05
6.438191091353249e-05
5.5864953634652046e-05
2.1698324396766662e-05
3.1424036419491774e-05
1.870479461932051e-05
2.9231717827294884e-05
9.525924457191365e-06
2.0796690216864905e-06
1.2989066352171479e-05
3.680122929600213e-06
7.324917205497255e-05
2.9881387319330587e-05
3.694510444345398e-05
2.0796690216864905e-06
2.9711431727866003e-05
2.6402620731556604e-06
1.1040368788800638e-05
1.1485126288150951e-05
0.00010877444813538881
3.352440391135588e-05
2.380342124019828e-05
3.099445675192248e-05
5.841169888983104e-06
2.0964931607974637e-05
9.63035520552278e-06
3.640315261264638e-05
4.8172802778810494e-05
2.0796690216864905e-06
8.171786074290428e-06
2.6600515336414102e-05
3.3937442602990856e-05
2.9202264880254895e-05
2.8991642818162778e-05
3.178467338425214e-05
2.1419623141647324e-05
1.5416598717016546e-05
2.244520505484821e-05
3.581497246864498e-05
2.3325917677595817e-05
3.41078769393845e-05
0.00017506475395835398
2.0796690216864905e-06
2.9648886636655965e-05
2.2125544524772565e-05
6.653020324505181e-05
8.544794407515744e-06
1.9161869557049295e-05
5.09970008739648e-06
5.09970008739648e-06
4.701347484026396e-05
6.138186751008024e-05
2.2409074670253093e-05
3.8146039035165864e-05
9.849038972495116e-06
1.413455867658797e-05
5.09970008739648e-06
1.019940017479296e-05
5.597156203593405e-05
1.5254530312495667e-05
4.90528140995981e-05
3.6016135858570096e-05
2.313978543810079e-05
2.0959114947856592e-05
4.087696639414183e-05
3.705199447438059e-05
5.62802226999721e-06
3.680122929600213e-06
8.442033404995814e-06
4.3189476806586465e-05
4.037232481216889e-05
2.9706965763841406e-05
2.5452655117932507e-05
2.4829903150086296e-05
2.0796690216864905e-06
9.019580781795704e-06
2.7180369207835597e-05
4.316740377281233e-05
4.873784578966595e-05
9.818667621610678e-06
2.351683991092414e-05
6.371226438104226e-05
2.320718365254854e-05
4.724184627856217e-05
2.9296437968625405e-05
3.903498984790895e-05
2.1975841537043696e-05
1.9565043136602156e-05
3.5016530083455034e-05
2.7703659624823627e-05
3.3998000582643205e-06
3.943066477519992e-05
2.750860438035572e-05
7.821395104398095e-05
2.724514824315887e-05
1.9521876362181982e-05
0.00018477651034846734
0.00017077065524050554
8.948770770835723e-05
6.367672599745611e-05
0.00012128240952879321
7.368917879551029e-05
3.594387850811209e-05
3.680122929600213e-06
2.8037936076167205e-05
3.416973361614525e-05
2.0796690216864905e-06
5.2199109196744345e-05
2.433141076954137e-05
1.8110140902543174e-05
2.0026967687835063e-05
2.8190212546393547e-05
3.3998000582643205e-06
2.0796690216864905e-06
3.913008627320431e-05
1.3722582132604115e-05
2.9142273668167758e-05
2.0796690216864905e-06
1.982796964509882e-05
1.4987731033327684e-05
2.6146380438135e-05
5.280524146311321e-06
2.869460427269236e-05
1.2326838899339667e-05
1.3758393696622279e-05
3.3998000582643205e-06
0.00013887863092017536
3.397867162751424e-05
2.0796690216864905e-06
1.9068162890619583e-05
1.073714131275627e-05
6.4018156316548885e-06
1.391685680589801e-05
2.9268483424705026e-05
3.513035712901675e-05
2.5635208481830274e-05
2.3930684392516857e-05
1.6004539079137221e-06
4.159338043372981e-06
4.159338043372981e-06
4.622564587252374e-05
1.2803631263309777e-05
3.2280444416384196e-05
3.680122929600213e-06
2.5054691826272174e-05
4.221016702497907e-06
1.751109964930043e-05
5.405800550643602e-05
1.2803631263309777e-05
5.699907861635887e-06
1.663600039387203e-05
3.680122929600213e-06
3.3814033369134535e-05
2.0796690216864905e-06
1.720590219426549e-05
8.755341443305087e-06
5.62802226999721e-06
2.0796690216864905e-06
2.8061819308570537e-05
5.1134611760765034e-05
1.019940017479296e-05
4.159338043372981e-06
1.5004950001696405e-05
1.9244592936110256e-05
2.1548953487581358e-05
4.486874318587439e-05
3.2955699995280434e-05
1.8132135137444856e-05
2.0796690216864905e-06
2.0796690216864905e-06
1.7969941378263973e-05
5.09970008739648e-06
1.5127328715680245e-05
2.0957627721870203e-05
4.380877416737328e-06
2.6526154223914445e-05
1.550920411842572e-05
4.801361723741166e-06
3.680122929600213e-06
3.271027777345298e-05
9.252632945739244e-05
6.418549733591445e-06
1.8400614648001064e-06
1.9906538192508235e-05
8.18495387628574e-05
3.2156611936213766e-05
1.9637335243221355e-05
3.229742447667113e-05
2.0796690216864905e-06
2.898837831184533e-05
2.4265319917076285e-05
2.0796690216864905e-06
9.810773584730076e-06
2.501394276481282e-05
7.148276134931667e-05
2.432950263048053e-05
8.755341443305087e-06
3.5539720849810154e-05
2.197759661620554e-05
4.569952510814019e-06
9.525924457191365e-06
3.185689960217561e-05
7.160342383292115e-05
2.708361496977407e-05
3.207139366825728e-05
1.9817065090769004e-05
2.5332687183915322e-05
2.0796690216864905e-06
2.0796690216864905e-06
1.4719285476123796e-05
2.766018483225917e-05
2.0796690216864905e-06
6.4018156316548885e-06
3.70260732708748e-05
3.44129187403829e-05
7.126443874743397e-05
2.3762358658400942e-05
2.9276881519069192e-05
5.09970008739648e-06
2.0796690216864905e-06
5.489032853041646e-05
2.078611570086466e-05
2.0796690216864905e-06
1.8793843016974283e-05
2.4386561761346794e-05
3.9029470245476044e-05
9.765479322875137e-06
1.8194830857938293e-05
2.452640704979905e-05
3.059093648983244e-05
5.6779329657827945e-05
2.2705707860177978e-05
3.1357991257049755e-05
2.0796690216864905e-06
1.0269679573746314e-05
2.2841241523699055e-05
1.3722582132604115e-05
7.308716728823333e-06
1.7161346601557626e-05
1.567800569840538e-05
1.707421533907134e-05
7.575370713970513e-05
2.738306360559143e-05
3.4265419499047944e-05
3.680122929600213e-06
1.8368899154754583e-05
1.460292472245776e-06
2.9459331634488273e-05
1.774974062714238e-05
1.774974062714238e-05
5.334008216951827e-05
2.0687964968517e-05
1.95350920347185e-05
1.8400614648001064e-06
2.9486630458336313e-05
6.2390070650594715e-06
1.0847291449967504e-05
7.616587518023366e-06
2.3991535590270665e-05
1.2394305878902727e-05
6.4018156316548885e-06
2.505247898925253e-05
4.535054360820832e-05
9.849038972495116e-06
6.4018156316548885e-06
1.8400614648001064e-06
9.849038972495116e-06
6.2390070650594715e-06
1.1553389520464602e-05
2.598131077299919e-05
2.8651977974915976e-05
3.3412695223070456e-05
2.742630982543365e-05
7.30146236122888e-06
1.4008776127355017e-05
3.792353195284183e-05
2.9949902297106627e-05
8.985969627028023e-06
2.6384592248098823e-05
2.6875618411139584e-05
2.17748517693742e-05
1.736412483516081e-05
2.0796690216864905e-06
3.101840823685144e-05
6.4018156316548885e-06
1.833070844390431e-05
1.3722582132604115e-05
1.969807794499023e-05
3.359056221575608e-05
1.7405387739411403e-05
3.622493087246969e-05
1.6207938457026647e-05
7.710014679179931e-05
9.24091725604481e-06
2.0796690216864905e-06
1.0886770808218704e-05
2.7734481734289547e-05
2.319476134316335e-05
5.09970008739648e-06
7.617341174387408e-05
2.6415637573006194e-05
3.0466350072093465e-06
9.952968549279235e-05
3.5178839515785015e-05
7.30146236122888e-06
2.841587818975759e-05
2.0544731498899446e-05
2.4819089075614442e-05
8.442033404995814e-06
3.341569477443533e-05
2.926582409342839e-05
3.084236875910881e-05
1.3145021583757881e-05
1.620785219537169e-05
6.81620015952124e-05
7.966315143771811e-06
1.9593303023458482e-05
2.432950263048053e-05
3.083414133161831e-05
2.344163691863786e-05
4.159338043372981e-06
3.414256102250613e-05
3.440957334193661e-05
2.718616191606625e-05
2.8289550561505077e-05
2.0796690216864905e-06
3.892211171140621e-05
0.00011750689084815385
0.00010313711912742884
2.7000816194024007e-05
3.326616438044442e-05
1.0886770808218704e-05
3.680122929600213e-06
5.09970008739648e-06
6.587092179088888e-05
2.0796690216864905e-06
1.5167332596643708e-05
2.0796690216864905e-06
2.319476134316335e-05
1.4648218984312703e-05
2.0796690216864905e-06
2.0796690216864905e-06
6.2538153166464905e-06
1.8400614648001064e-06
3.415413104810111e-05
3.2009078158274443e-06
1.5932630287543622e-05
3.559446786606239e-05
3.670495759898425e-05
2.4134844988365614e-05
0.000130644851078311
6.490104068708191e-05
3.957671756845333e-05
2.7198160710199908e-05
2.5457416952540633e-05
5.5543466201987706e-05
3.422562006834228e-05
4.339392268377434e-05
2.423328973929978e-05
1.8051169302116943e-05
6.28833084301437e-05
2.2374890537139368e-05
4.650333780943023e-05
2.2770907848164927e-05
2.5076133968085796e-05
2.6801057485528812e-05
1.8400614648001064e-06
5.6416169808316764e-05
1.9449422634446028e-05
4.489800991386767e-05
2.0796690216864905e-06
0.0003179993220767619
1.9307875990692493e-05
1.438663405730485e-05
0.0001375398201590063
1.353752379731998e-05
0.0005254410239380027
1.0291936599453086e-05
2.0796690216864905e-06
5.841169888983104e-06
9.602723447482332e-06
1.4720491718400851e-05
2.0796690216864905e-06
2.0796690216864905e-06
2.344163691863786e-05
2.0796690216864905e-06
3.163068481117336e-05
1.8219616665565006e-05
2.0796690216864905e-06
4.801361723741166e-06
1.0986164238234528e-05
2.0796690216864905e-06
6.2390070650594715e-06
2.0796690216864905e-06
2.0796690216864905e-06
3.3998000582643205e-06
2.0796690216864905e-06
3.680122929600213e-06
2.0796690216864905e-06
2.0796690216864905e-06
2.0796690216864905e-06
1.1553389520464602e-05
8.442033404995814e-06
4.801361723741166e-06
2.6794553574457864e-05
1.0183018000910604e-05
0.00011749655342030039
1.4404085171223496e-05
2.0796690216864905e-06
0.00022006008458580424
0.0003917262019387507
2.1273251681502825e-05
2.0796690216864905e-06
3.680122929600213e-06
3.1824719798807485e-05
1.6999000291321602e-06
2.0796690216864905e-06
2.737949566729895e-05
2.0796690216864905e-06
1.1949472715657715e-05
4.159338043372981e-06
5.09970008739648e-06
7.078088545100399e-05
7.035027837496512e-06
4.48880310244579e-05
4.159338043372981e-06
1.525260307423037e-05
9.849038972495116e-06
3.680122929600213e-06
1.3123172715590995e-05
1.8490258349009504e-05
1.7803248578618154e-05
2.3860314028347263e-05
4.3814733290744956e-05
1.2966281756297353e-05
1.4576104323832397e-05
4.159338043372981e-06
2.0796690216864905e-06
5.09970008739648e-06
2.0796690216864905e-06
2.0796690216864905e-06
2.0796690216864905e-06
3.8099136495609204e-05
2.0796690216864905e-06
6.48977054995761e-05
3.2009078158274443e-06
9.849038972495116e-06
6.4018156316548885e-06
3.870801518784793e-05
2.0796690216864905e-06
1.1449022776749233e-05
2.5458011834341594e-05
0.00012333278973613237
2.7220929581359527e-05
2.0796690216864905e-06
3.3998000582643205e-06
1.8807240880469998e-05
2.0796690216864905e-06
2.7816342343965502e-05
1.9339319710457116e-05
1.2507630633292981e-05
2.0796690216864905e-06
5.636676690347441e-05
1.8400614648001064e-06
6.483140878148676e-06
3.931289712072215e-05
4.756929412381333e-05
3.349809636153573e-05
2.0796690216864905e-06
2.0796690216864905e-06
4.548637584860871e-05
2.105381971171419e-05
1.939588721960053e-05
3.680122929600213e-06
6.587298341790568e-05
3.680122929600213e-06
2.0796690216864905e-06
2.0796690216864905e-06
6.4018156316548885e-06
3.680122929600213e-06
8.761754833474656e-06
2.4562054851793317e-05
2.91636841925707e-05
2.0796690216864905e-06
1.3203384437167417e-05
2.0796690216864905e-06
2.0796690216864905e-06
6.4018156316548885e-06
6.4018156316548885e-06
1.0269679573746314e-05
2.0796690216864905e-06
1.7078180886123694e-05
1.1707156731950392e-05
3.680122929600213e-06
5.4001632388048015e-05
4.159338043372981e-06
2.333415404022488e-05
1.0269679573746314e-05
2.0796690216864905e-06
2.0796690216864905e-06
2.0796690216864905e-06
2.0796690216864905e-06
9.24091725604481e-06
2.0796690216864905e-06
8.644187837531569e-06
2.0796690216864905e-06
2.0796690216864905e-06
2.0796690216864905e-06
8.165078106164027e-06
4.159338043372981e-06
7.360245859200426e-06
4.159338043372981e-06
9.891955679111338e-05
4.159338043372981e-06
2.0796690216864905e-06
7.035027837496512e-06
5.09970008739648e-06
7.360245859200426e-06
2.0796690216864905e-06
2.0796690216864905e-06
2.0796690216864905e-06
1.0269679573746314e-05
3.680122929600213e-06
2.751116931854958e-05
2.0796690216864905e-06
2.367793030010719e-05
2.568951907812159e-05
2.1904387083686636e-05
5.443124060781111e-05
5.09970008739648e-06
3.7273836044397165e-05
3.203644964728768e-05
1.4008776127355017e-05
1.220684915359392e-05
7.616587518023366e-06
6.093270014418693e-06
4.6211845530085965e-05
2.1721360489529057e-05
2.9142273668167758e-05
2.880536671786746e-05
2.2564779244879174e-05
2.0796690216864905e-06
2.8804657701675986e-05
2.0796690216864905e-06
2.0796690216864905e-06
1.4648218984312703e-05
2.0796690216864905e-06
2.8609452432859935e-05
5.09970008739648e-06
2.7123608837225967e-05
2.2770907848164927e-05
6.093270014418693e-06
2.8829457888529577e-05
2.0796690216864905e-06
3.680122929600213e-06
3.680122929600213e-06
1.3303114048553383e-05
3.6479117090932654e-05
3.846871652987743e-05
2.0796690216864905e-06
2.0796690216864905e-06
3.680122929600213e-06
8.838503607732926e-06
1.911300279047676e-05
3.613930962790212e-05
2.2758354902482675e-05
1.8640469810987146e-05
7.035027837496512e-06
3.2200712208317776e-05
6.4018156316548885e-06
4.1726363856136295e-05
2.0796690216864905e-06
2.8552023505783796e-05
7.035027837496512e-06
7.035027837496512e-06
2.0796690216864905e-06
6.4018156316548885e-06
2.2891501601087182e-05
3.680122929600213e-06
2.5312139680736694e-05
2.0796690216864905e-06
2.0796690216864905e-06
1.911300279047676e-05
2.0796690216864905e-06
2.0796690216864905e-06
6.301032144468706e-06
1.1553389520464602e-05
1.8400614648001064e-06
3.8407155623823276e-05
3.144739741196195e-05
2.0796690216864905e-06
9.765479322875137e-06
2.914096499707313e-05
2.0796690216864905e-06
2.996568593379874e-05
3.2009078158274443e-06
2.0796690216864905e-06
2.1854794383667365e-05
1.97476029244935e-05