0.00018212537902623094
0.0036145124889118826
0.0048662431859844
0.0033258617328809914
5.011551720192808e-05
0.000921423943114593
4.574249478670532e-05
0.00016800008311506118
0.00015272003871610832
0.00036208230575695996
8.233649061606956e-05
9.206157327649313e-05
9.477059624249363e-05
3.3832234676967364e-05
3.083483793382665e-05
2.113812746283487e-05
0.0005219356045048253
6.701099284599338e-06
7.75584738984601e-05
6.162484148117091e-05
1.2141691935082062e-05
0.0002855238822460367
0.0015621244479022084
0.002239410468072914
4.1679011374101854e-05
0.000534500530609769
0.00010050942299233789
8.321897925457112e-05
2.2555149061833145e-05
1.972939315278257e-05
0.00017812303844477558
0.00017257075170694282
0.00014468025442583872
0.0009485135262542832
0.00024932820138199506
9.370552994214478e-05
6.302587212050547e-05
0.0053278020507658225
0.0004972013972606411
1.9838643677780065e-05
3.1342488026549645e-05
6.802913979248809e-05
1.5326070187597883e-05
0.00020942329969459166
0.0011044954039129424
0.0019566285961607048
0.0006085019959031393
1.9213479170370524e-05
9.85224304592824e-05
0.000244278021544368
3.218665363759388e-05
3.8881120568699524e-05
1.3722748436011597e-05
0.0018578652147887662
3.293742577733045e-05
0.00010928117197368413
0.0001017366675281027
9.037661894108245e-06
6.0314495073752324e-05
4.158070747583838e-05
0.00028479837295701966
9.823202138460367e-05
0.0002556450074410305
0.00027897250491410916
0.00021026450937669362
0.0001127737505064863
0.00018759877696774023
4.494780702929593e-05
5.055694072358708e-05
0.00023125864007009632
0.0005289492195176348
4.803337003213661e-05
8.27290388250241e-05
0.0016593216231962373
4.165641636913391e-05
2.287124739335266e-06
0.0005358147286882235
4.989684897100606e-05
6.345145271445506e-05
0.0002498170066307426
2.5571120514013814e-05
0.00027500916573039327
4.7191551800541494e-05
1.5840953151228793e-05
0.0003196878765012995
4.003762795104042e-05
3.06183732781197e-05
0.0002528919715430989
2.9009285477499434e-05
3.151293606025273e-05
0.0004017937020498401
0.0001573575980584653
7.477888780344587e-06
8.85961402757843e-05
5.599899077420643e-05
0.00015299378253349013
1.7263219008684747e-05
6.186988901839188e-05
9.366468160159703e-05
1.5406210370292727e-05
4.238259371068146e-05
8.610928429249909e-05
8.255277463469309e-05
0.00012722940934450165
3.993964319993401e-05
4.8178883347936736e-06
0.00011443564359105801
1.8296997914682128e-05
0.0004315948804268166
5.4180397805599096e-05
2.287124739335266e-06
9.318895502619066e-05
2.7343828348188147e-05
8.367934681411109e-05
8.250494127513558e-05
4.047230645027354e-06
0.0009577933611716231
3.768353897795748e-05
0.00011817260714328642
0.00017186888541322734
2.1717509238346087e-05
0.000846362898063974
6.95518200225958e-05
9.870934903090568e-05
2.287124739335266e-06
2.5894654670913126e-05
8.194308861143857e-05
1.1517946923035541e-05
0.00011039927789644302
6.357389056602218e-05
2.023615322513677e-06
8.27338183032471e-06
2.5200945018394494e-05
4.040254795652494e-05
8.168509577982832e-05
2.1348246545469824e-05
2.2562251536338242e-05
6.315370272383034e-05
3.7492518643198355e-05
1.342453361442969e-05
2.5470723308402632e-05
0.0005983295887470674
0.0001781767742641227
2.287124739335266e-06
0.0009513401012043713
0.0002961392106787388
0.00019366008204459409
0.0006083165124616135
0.0007698750406338457
9.628723516817905e-05
0.00038542296603336513
0.0013984017842197532
9.852894175110955e-05
2.9962966185481355e-05
3.447559251584975e-05
0.0005460402322784159
2.287124739335266e-06
0.00034397763324420477
8.094461290054708e-06
0.0003829913358106923
9.349100104831481e-05
2.6091960462266114e-05
0.0001292173280036036
5.2700049302143545e-05
3.222403201212279e-05
7.417554407493329e-05
0.0003351974827446552
3.3806091724795587e-05
3.7663241373537865e-05
2.2300286070228395e-05
0.00013161022989604992
9.310276365653112e-05
2.8619887455210977e-05
0.0001446171540176988
4.279913792447484e-05
0.0007939783589033507
0.0013309539818787618
0.00017049894190476327
0.0007110181018800352
0.0001783918967537193
3.714940784374154e-05
6.174896646258808e-05
3.35482285561421e-05
0.00012950076808080076
2.9133370504578193e-05
1.5905805761266023e-05
0.000173432015778383
0.0003253061572294115
0.00024091711347549433
0.0002121051592259582
0.0003138374429311719
0.0002486957268770514
5.755451829571216e-05
3.102648496727429e-05
0.00010912701408107669
0.00010214414379285562
0.0002754664167564057
2.022724685552384e-05
2.6039061712199488e-05
2.6148779101775727e-05
7.055797693190944e-05
2.5958033805397346e-05
0.00032232273990789065
0.0001318937198767047
2.7499866643564823e-05
3.7548424852485746e-05
1.4080847245536704e-05
9.815739852472311e-05
1.9266442244158003e-05
3.067765556553966e-05
2.8969207612633126e-05
2.8720445888773186e-05
6.725212823538889e-05
2.1589233120978e-05
5.181288406888825e-05
3.624014917685192e-05
0.00016207082543567258
0.00011774564958456666
0.0001758102734857202
7.781406464490938e-05
3.525029574939058e-05
9.691754979744425e-06
0.00010630616026978722
3.775164543299994e-05
7.508578910575348e-05
7.065655140922049e-05
7.780503832422477e-05
5.486308325994708e-05
1.4965964888704992e-05
4.0813657894778874e-05
0.0001426183027786405
5.693249138721371e-05
9.831080002998304e-05
2.7443266934053337e-05
3.1689787052329845e-05
2.6735023481601968e-05
7.844460033978202e-05
3.842603178177919e-05
3.9787910362810035e-05
2.7870216657043125e-05
2.1242823436038913e-05
0.0005290100928052861
2.287124739335266e-06
1.5581833508052467e-05
0.00028038755375783884
6.47305842211918e-05
0.00019186597994803897
5.061165345907126e-05
3.7421616635503834e-05
9.048659818891027e-05
5.364340776362328e-06
2.5119751278316313e-05
2.8664163877796677e-05
4.577067907579015e-05
6.0554978308172594e-05
1.4032655442408268e-05
1.914164825335924e-05
6.58008858729247e-05
3.131507611976306e-05
3.422160547312615e-05
1.1972771910963995e-05
0.00010155023313779679
4.490449741570646e-05
5.4175317654338294e-05
2.3933474193285457e-05
5.1949849235397506e-05
1.703754671284594e-05
1.940747568820193e-05
0.0001132436712837554
1.8730880695170324e-05
3.261322526130414e-05
1.4927327837586533e-05
3.034061519821328e-05
4.7217157953422964e-05
7.351418467370409e-05
0.00015368567029569002
0.00013892415981015178
6.990684390868851e-05
5.280317717076263e-06
2.3079999461446453e-05
5.60841658525844e-06
6.208400039626735e-05
5.138337777284263e-05
0.00033154832186654067
3.490479558818358e-05
0.00019037581019829735
6.57802147107055e-05
2.5278713840946458e-05
2.4128190972574638e-05
5.755451829571216e-05
3.576250102629682e-05
1.613250054692063e-05
7.183450208787173e-05
9.587301832300386e-05
8.943018813988888e-05
0.0005555759985573758
7.040423622768352e-06
2.233192296225245e-05
4.642080843037948e-06
0.00020877110282808577
2.3229114413392447e-05
3.5918315732891984e-05
7.432125707315603e-05
5.025824463449502e-06
1.1972771910963995e-05
2.5179720110351842e-05
0.0001144125452942938
1.9063842436954787e-05
0.00019373170761458508
3.1678043261019737e-05
4.7119073220746544e-05
0.00019131466389678248
3.337032571083569e-05
2.287124739335266e-06
0.0008857088421441094
5.647061617312982e-06
5.580098076665157e-05
9.85778958661113e-05
6.148459081800705e-05
3.2635388585454106e-05
2.6960868148012272e-05
2.146444699850708e-05
7.006535025404186e-06
1.892287594398974e-05
4.0755838659569605e-05
0.00024577848426647213
0.00011722052283175931
8.106921900311894e-05
0.00024624174467102316
0.0001009363884520395
0.00013439515722425541
0.00035092795673222893
0.00027489091190671585
0.0001056429949899322
0.0005447873743631837
6.110436310124352e-05
4.047230645027354e-06
2.975749758289598e-05
3.5813637767543405e-05
2.993836310698433e-05
4.515749847789709e-05
9.801436203194538e-05
2.8594407042882816e-05
5.393239376864107e-05
2.287124739335266e-06
0.0001271658487491753
1.746389713985212e-05
6.821782321453353e-05
5.807225670944591e-05
1.9271553339174694e-05
7.492212566301534e-05
2.3253658557358917e-05
6.0393631942721347e-05
4.574249478670532e-06
0.00015012816219975203
2.9268061573054542e-05
1.972939315278257e-05
4.932348288195643e-06
6.477290171438198e-05
2.287124739335266e-06
0.00017488545747081067
1.9266442244158003e-05
0.00016003618828832936
3.135989369168018e-05
7.562200661997649e-05
3.438759329367234e-05
0.0002801364940851043
8.813039498092874e-05
0.0001977634084282334
2.6685887471278696e-05
2.363470204518955e-05
2.0013911898736894e-05
7.465125003001424e-05
3.92041198600835e-05
9.882357830297717e-06
2.287124739335266e-06
3.4346710489607976e-05
2.8397900761564702e-05
3.1221653106603675e-05
3.383968887098606e-05
4.360864537989446e-05
2.0965686415215903e-05
3.407304998449013e-05
6.656052862270186e-05
6.621616941505796e-05
1.4013070050808373e-05
0.00010004766568258098
5.5247991851029614e-05
5.931353347645547e-05
3.253042472007409e-05
3.2147704427436754e-05
0.00010858186345784412
2.7478763535142874e-05
3.5406809304329376e-05
2.832982546029895e-05
0.00011353209374242736
5.5511138539692275e-05
2.934244156101245e-05
8.979578933222994e-06
8.094461290054708e-06
0.0005010677836699449
3.5037777757300624e-05
9.284161686075896e-06
5.65043129579823e-05
0.00010679360152355254
3.560762705845947e-05
1.928228720235984e-05
3.16978542964945e-05
7.367934427082563e-05
0.00013383631784043908
5.33391677189623e-05
3.981155975850619e-05
1.9870442276864645e-05
1.788742965950686e-05
0.00010740811273061523
3.402743129296086e-05
4.8178883347936736e-06
8.094461290054708e-06
0.00012412045300985283
1.610944033731563e-05
0.0002616704995940357
9.503412978305922e-05
6.072186850289302e-05
0.0002420466387474489
0.00011923307254744357
2.4426304350654152e-05
0.00015800668840818588
1.5331729928736993e-05
4.023495058716287e-05
7.703105185146364e-06
2.6286890277263882e-05
5.241607378843907e-05
4.266891716723464e-05
0.00016368032355613613
4.999463783303608e-05
3.411513984168055e-05
5.515015079445632e-05
2.287124739335266e-06
1.4724710381483294e-05
0.00011423761099634157
6.62858007779967e-05
0.00026150703476610163
1.4013070050808373e-05
9.218473650977217e-05
1.798184617535006e-05
6.718572399878791e-05
5.155985996172235e-05
0.0001823963564762415
6.759242630378398e-05
7.631184536334945e-05
1.143562369667633e-05
0.00011015612947335976
0.00013761464439055886
7.921779329154562e-05
0.00010462906192165252
8.144131752508287e-05
0.00010011438547433797
0.0002172107927672424
9.018762776566078e-05
5.035005001894186e-05
2.8107273132611425e-05
0.0002235646536368065
8.309813231429031e-05
2.5428345962792405e-05
2.93667501344361e-05
0.00010600512833617988
4.1046898044478564e-05
6.669176344510366e-05
6.056275835076041e-05
2.424173855541939e-05
9.612745098944559e-05
3.4437120765989944e-05
2.507399042123972e-05
8.976170224866425e-05
0.0015160180614201754
6.294855257920304e-05
2.9531405167887643e-05
1.0775327994258243e-05
3.207891694852542e-05
7.040423622768352e-06
2.287124739335266e-06
0.00011843577046370655
2.0074272756045714e-05
9.238907928534428e-05
5.405526551794373e-05
4.029053310140879e-05
5.996904075315178e-05
4.421594962619387e-05
2.275934271018253e-05
2.8318947837403924e-05
0.00018037525553132156
1.7056312353918003e-05
2.7774798796131154e-05
4.110417916093345e-05
9.397173530100784e-06
1.306637685753325e-05
3.1510133090398174e-05
3.451190912172066e-05
6.701099284599338e-06
1.1972771910963995e-05
3.6262399318004084e-05
3.2398023667670536e-05
4.022298733970264e-05
3.798966363290583e-05
6.728502171811159e-05
2.7475181775344953e-05
0.00016625535464970522
3.652200922367866e-05
5.8234399126578974e-05
0.00015453903107389672
0.00013289580324903413
0.0004197960448772563
3.229912930283297e-05
5.0711919597443193e-05
3.002563243995041e-05
2.304823909027471e-05
3.1368445671178024e-05
0.0001287008097120284
0.00032049337837851844
2.5755321095209388e-05
4.1825877513434665e-05
2.2352947953749963e-05
3.658343519281884e-05
3.5043954122827414e-05
5.2265507430133e-05
2.5780038635019802e-05
1.6325463157911553e-05
4.574249478670532e-06
6.914903583689581e-05
4.047230645027354e-06
4.581970725586368e-05
1.3722748436011597e-05
6.861374218005798e-06
4.3296792898407244e-05
1.143562369667633e-05
8.094461290054708e-06
0.00016205004742668672
1.6839186530889922e-05
2.9886544858152623e-05
4.739710416830165e-05
0.00012682126948260165
0.0002630824956541848
0.00015756468030126366
4.047230645027354e-06
0.00021684439025971755
4.047230645027354e-06
6.449813568876833e-05
8.635551306367406e-05
1.3342715519475907e-05
2.140572926892895e-05
9.408935971056862e-05
4.2793139837309275e-05
1.8671586490543073e-05
7.406516240092856e-05
0.00012352267867545447
8.965108708520274e-05
3.208437631841686e-05
1.892226318742553e-05
2.3927594862881708e-05
0.00011797905750127996
4.824049351238223e-05
5.941105700180609e-05
3.0860479274757684e-05
1.5929091274315172e-05
2.0259167221314778e-05
1.2379787378765879e-05
1.85683233721518e-05
6.423851113058232e-06
3.493579735365224e-05
9.397173530100784e-06
2.0103297853798013e-05
2.939894064280587e-05
0.00010079625501448855
0.00013865183946591746
5.512144280646485e-06
4.9583024234639594e-05
3.0045546006799694e-05
0.00021454416908813756
1.5512506598818633e-05
3.2560470860078114e-05
8.162924683590478e-05
5.9570638579564506e-05
3.60008254124635e-05
0.00023627827681521843
0.00012394603318897893
2.7463270597014225e-05
2.4682900304210823e-05
0.00033013811822580426
6.006468282947742e-05
3.125448334300575e-05
1.8078223350394842e-05
1.7824748376848845e-05
3.273688827319813e-05
3.3650499511550644e-05
0.0003180342053064575
4.0781448526625666e-05
0.0005585287499143967
2.287124739335266e-06
1.2947211440713904e-05
0.00011351336724542429
5.50261411756904e-05
0.00011145473298337469
4.238683053381657e-05
2.733443476999307e-05
1.4927327837586533e-05
1.997961061094065e-05
0.00010857572096493995
5.7986922024623945e-05
4.263426087827924e-05
5.70804169459854e-05
2.214877263259736e-05
2.1593377911822886e-05
2.390573346400038e-05
0.00011793760458816601
6.880732954086506e-05
3.350549642299669e-05
0.0003244182392642925
0.0003385522820852344
9.537257793599983e-05
3.516844631521312e-05
0.00010091088918281544
7.300940874635738e-05
3.1152606159917144e-05
3.1224975193234065e-05
1.8794347060201568e-05
3.2657375787109705e-05
1.1216833170516881e-05
3.201104614188583e-05
2.8263736728469927e-05
1.6091016339910055e-05
3.891365068532552e-05
3.461999919216968e-05
6.347816127084068e-06
2.287124739335266e-06
8.17511310794842e-05
4.101210649797079e-05
2.287124739335266e-06
5.280317717076263e-06
8.710917905022166e-06
7.708949139778837e-05
5.6957063619532206e-05
3.5635122149905174e-05
2.287124739335266e-06
1.812601800681907e-05
6.1013615486082524e-05
1.5091467322808582e-05
2.991129144880445e-05
8.710619991738656e-05
1.7336170920535434e-05
1.2244097368433662e-05
8.564052226341161e-05
2.672887044759942e-05
3.4505116256717634e-05
2.3067321428863213e-05
2.816382306237612e-05
2.7073205710666356e-05
8.376374105749172e-06
3.796940089658224e-05
3.201974635069372e-05
3.061998209243867e-05
1.0741899747480913e-05
2.8501894842378456e-05
5.647061617312982e-06
2.68702735891516e-05
2.3601867050133896e-05
5.303431381794885e-05
3.0708245905786285e-05
1.0341671065879089e-05
1.701479844743044e-05
2.5749989550938817e-05
2.9940263992166345e-05
2.8673835459115417e-05
4.072992164376758e-05
0.00012215873866734542
6.332737624669431e-05
0.00016238654865007428
6.701099284599338e-06
7.575184258069937e-05
7.040423622768352e-06
3.150783490675637e-05
2.7600035214863554e-05
6.274164439854052e-05
5.3946038283642405e-05
4.897638947373465e-05
2.343221643618344e-05
2.3852363667025484e-05
1.9851849238645196e-05
3.255299583182184e-05
1.6546673705406543e-05
3.2430279777102066e-05
2.057406907930018e-05
0.00011324225162919526
4.5958460239484615e-05
5.681047326951789e-05
2.785248505822769e-05
0.0007811007506665435
2.5780038635019802e-05
4.5058109822982896e-05
8.691771492405825e-06
9.202481513995789e-05
4.254083759091711e-05
5.2590579275498625e-05
2.523448264615017e-05
6.938321842112409e-05
0.0004261696600655583
0.00016954777848379678
6.861374218005798e-06
2.375836672526265e-05
1.9404062125881058e-05
2.2370179206502432e-05
2.7504028325697968e-05
4.8178883347936736e-06
0.00011198760476705502
3.8084467684623705e-05
8.310133177042602e-05
2.666433849097365e-05
2.2602032555034926e-05
6.629577934323883e-05
1.1929354320949514e-05
3.703231842084664e-05
8.786408269119288e-05
1.9096269201142645e-05
1.592543827233122e-05
7.133243120803483e-05
4.841975309098e-05
3.8928849110142974e-05
8.65483359277425e-05
0.00010827570591961693
3.204933783785185e-05
9.891065439124184e-05
4.357011626684472e-05
1.9278298752107614e-05
1.1808216245020157e-05
3.0969564619322346e-05
5.548735366317504e-05
0.0002524551468205934
3.245748946846281e-05
8.55803540157124e-05
2.4541183969138827e-05
3.206182391930693e-05
3.157657446145303e-05
3.583089129212735e-05
2.9479716001134162e-05
0.00010791840969029203
2.4541183969138827e-05
2.565166081140935e-05
4.2256855537791114e-05
4.356143243126907e-05
4.047230645027354e-06
4.574249478670532e-06
3.523222002381966e-05
3.603880969768645e-05
3.340361682811492e-05
3.0552278675744266e-05
5.215101135782741e-05
2.379173067383196e-05
3.723001583716472e-05
4.957780344655415e-05
3.90316024772172e-05
1.3402198569198676e-05
6.0097838458748006e-05
7.72424739822564e-05
3.787094361978695e-05
1.5815908314689427e-05
0.00014698300749911125
5.218392092453223e-05
2.2240450283047953e-05
3.9005371252548774e-05
2.101960507621256e-05
0.0001151482581382421
3.9417583304384956e-05
3.520211811384176e-06
2.1128427768895557e-05
2.3222712507886088e-05
3.1643522430835614e-05
5.986385955481997e-06
4.177841845548255e-05
4.574249478670532e-06
4.2804755792408833e-05
6.087901964427326e-05
1.004418750489868e-05
8.994193797325844e-05
6.150594491971311e-05
5.992593237096271e-05
3.174834274783493e-05
2.6182026009849765e-05
8.41632061111811e-05
0.00016715837462979275
8.631551556971042e-06
3.6705127976323815e-05
6.920196428658964e-05
1.925790537015445e-05
1.4766986975872658e-05
0.00017420312784655197
9.882357830297717e-06
2.287124739335266e-06
2.287124739335266e-06
0.0001280289506306635
7.416483765723451e-05
8.136731719812574e-05
1.3071412574169831e-05
6.724785478738889e-05
3.520211811384176e-06
0.00017931926914891572
1.9360636636119586e-05
9.284161686075896e-06
5.8085577426704215e-06
2.608887283201998e-05
6.861374218005798e-06
3.789546638567222e-05
3.124788392821193e-05
3.363447044039494e-05
4.3633727525252946e-05
6.315314892290605e-05
7.87214416334677e-05
8.520090985471486e-05
1.815059684636211e-05
1.371577081498677e-05
2.886452859893816e-05
3.218813754757093e-05
1.582145841401992e-05
2.6650662148771103e-05
2.9450742878026026e-05
1.0739626891543754e-05
2.3597714619467542e-05
2.316764400872483e-05
1.8296997914682128e-05
0.0001334468970586835
1.8380252154372076e-05
5.962916178984549e-05
4.0755838659569605e-05
5.280317717076263e-06
3.8853181333027914e-05
3.209082438601903e-05
5.9340753171251025e-05
4.806957888901201e-05
3.2011656436735754e-05
4.40414018871395e-05
4.047230645027354e-06
6.423851113058232e-06
6.853274425861219e-05
6.019524242366185e-05
1.4520359909104049e-05
3.5402138436578855e-05
3.056257097548433e-05
4.70383050284894e-05
3.555951729945402e-05
4.7447724944068285e-05
2.2727207193924728e-05
4.574249478670532e-06
5.931777339354525e-05
1.6945616051452955e-05
2.5915622834175183e-05
1.875258233295614e-05
2.0808246753785693e-05
0.00010362661567640888
2.4468869115975396e-05
2.8465859326186753e-05
3.366075820757644e-05
3.5344131311520636e-05
6.806858215194431e-05
3.1226646509404445e-05
2.4253552958374374e-05
7.330933634689192e-05
2.5905171388182387e-05
2.0189895567250834e-05
9.710495501592423e-06
1.6688005099014405e-05
1.4686200577925896e-05
2.7627711839319984e-05
7.520075000027319e-05
3.1428526266280484e-05
3.2714755915497696e-05
2.5666785175090294e-05
5.280317717076263e-06
2.8117752001592326e-05
3.22479236362202e-05
2.4168024009092094e-05
2.5571120514013814e-05
2.9725259275302644e-05
2.2359287074383573e-05
2.4227874680701e-05
2.4556733146876135e-05
8.710917905022166e-06
2.100526846356937e-05
4.574249478670532e-06
6.30854382513326e-05
0.0001000862998654744
4.3784597933460346e-05
3.123517664738159e-05
1.663634327621615e-05
0.00010702589071941825
3.2096217960782424e-05
0.00010016960609323842
2.333291282258601e-05
0.00012198934859620447
2.5015766372186984e-05
2.3481652398486102e-05
3.135989369168018e-05
1.2838508641910606e-05
7.24191063107936e-05
3.210109794623822e-05
3.7480723736654584e-05
8.933028272113303e-05
3.565351969723733e-05
0.000160794025856446
3.9207565159308843e-05
6.118227859268775e-05
5.809304841380011e-05
0.00018499324388899529
0.00010062063304758584
6.927255842403397e-05
8.023612440033488e-05
7.319657773968562e-05
9.401946888677506e-05
8.103402637136228e-05
7.5122298073435e-05
4.0965626894537175e-05
3.255287114684793e-05
9.635776669587347e-06
1.443226429946908e-05
3.609914517294046e-05
3.214655150333165e-05
2.287124739335266e-06
1.4797044864586925e-05
3.375829059867196e-05
9.528718139293355e-05
2.9954741173559038e-05
2.7795295969096644e-05
3.4403683685502494e-05
5.391251633050829e-05
7.040423622768352e-06
3.7970321694637716e-05
9.177264332214638e-05
3.448365792209523e-05
9.284161686075896e-06
4.890484821303289e-05
2.022185777957454e-05
6.249608797852352e-05
8.762911350280517e-05
0.00014152949001009247
1.9764715660595434e-05
4.915875227344461e-05
2.6045825795354948e-05
2.287124739335266e-06
4.734257688739422e-05
2.7562561902463243e-05
3.089215223755098e-05
3.3440688130928905e-05
3.163843691585496e-05
3.4342500101229015e-05
6.607883656082776e-05
2.5743616584680717e-05
6.247765952931508e-05
1.0270806913528486e-05
5.0269655936077504e-05
3.22560454082702e-05
2.7480223909042177e-05
3.477128199162676e-05
1.3563957792538015e-05
2.905070834278375e-05
7.123812217823873e-05
5.455542301468507e-05
2.114702100795558e-05
7.736801405063247e-06
2.1663043934177093e-05
2.5470723308402632e-05
4.8178883347936736e-06
2.3013058722375488e-05
3.587911922319083e-05
2.244751184212838e-05
2.866882533300936e-05
3.641135117717828e-05
1.6838821136943204e-05
3.1765223272328006e-05
9.937737919552804e-06
5.1018251404095755e-05
4.047230645027354e-06
1.8190164718780777e-05
2.101987510972162e-05
4.319571243398751e-05
0.00012959209467068214
1.6752748211498345e-06
3.2826205008134845e-05
2.420987654549e-05
3.389127544347517e-05
6.847862067915975e-05
2.5571672291568915e-05
2.146444699850708e-05
1.6030131936635835e-05
2.0009841637908788e-05
5.817465931363929e-05
1.2727696459962132e-05
3.574092518904922e-05
4.489789466611497e-05
8.399697326515963e-06
1.312024027224462e-06
5.1310004682526314e-05
6.861374218005798e-06
4.574249478670532e-06
0.00011031033451425861
7.131485209575199e-06
6.861374218005798e-06
6.861374218005798e-06
6.861374218005798e-06
1.143562369667633e-05
3.297309660571279e-05
0.00022319248983451517
4.86009072817678e-05
3.350549642299669e-05
9.148498957341064e-06
2.5522197671145654e-05
5.0362002328771416e-05
0.00011248793512433117
0.0001697828367979895
3.974980873994127e-05
5.8739802225829516e-05
3.1896060778093056e-05
1.263081586257322e-05
9.148498957341064e-06
8.25087838581606e-05
5.107207189642781e-05
9.864696576391285e-06
8.049343346778088e-05
2.7172072981053848e-05
7.249325803521108e-05
3.483406876182913e-05
7.297645835654556e-05
3.929835005034054e-05
2.287124739335266e-06
3.691701545775829e-05
3.107737212689027e-05
2.376734028924738e-05
6.968495993390924e-05
6.877659654869932e-06
9.88939132242226e-05
3.251964796915765e-05
3.756693464481133e-05
3.110587332174622e-05
1.5130851240713852e-05
1.0162737555859195e-05
5.769162275414951e-05
3.804096579200236e-05
1.8883314187373118e-05
1.7249220608507177e-05
2.9758894337610905e-05
2.1674882343511534e-05
1.4766986975872658e-05
1.1294123234625963e-05
2.287124739335266e-06
7.262962963647e-05
5.4905857561727525e-05
1.1998732292142204e-05
2.287124739335266e-06
2.4098563621454567e-05
2.3210404215189745e-05
2.433259402337529e-05
2.287124739335266e-06
1.999788715357034e-05
3.406157135476598e-05
2.7778502215021157e-05
7.482982444352496e-06
1.1379671355091264e-05
2.154781727426231e-05
3.102699471695247e-05
3.06103462234852e-05
6.96259364881111e-05
5.402444592350607e-05
1.8002310444387656e-05
2.287124739335266e-06
2.481577183872311e-05
2.593942612031568e-05
1.605962778264558e-05
3.475146601308724e-05
2.179390054738607e-05
2.7913475271233636e-05
2.8065310884816537e-05
2.8453782927747983e-05
2.101960507621256e-05
3.688313163017202e-05
1.1808216245020157e-05
3.2494565901265644e-05
3.2281777686480424e-05
3.4558716004967505e-05
1.766483817071977e-05
2.6941166347284087e-05
1.3755319309739865e-05
6.991065604262586e-05
2.244751184212838e-05
6.391936098379679e-05
1.1054525913613978e-05
2.944365561970254e-05
2.1888115390577716e-05
6.611069897951946e-05
4.047230645027354e-06
9.162624028220156e-05
3.0255523980191048e-05
1.761424657432018e-05
1.760105905692088e-06
2.247393020961735e-05
2.6214387125654826e-05
1.4368190800873011e-05
2.5740161942405677e-05
9.635776669587347e-06
2.389817636554378e-05
1.694118485193894e-05
3.0028143731168668e-05
4.574249478670532e-06
1.263081586257322e-05
0.0001060931070169183
3.863475776847418e-05
2.6895122032877306e-05
2.287124739335266e-06
3.041347223445025e-05
0.00011683552889821403
1.812601800681907e-05
3.704461145188687e-05
3.621598010960236e-05
2.8534704660021853e-05
2.6317870647976856e-05
1.4013070050808373e-05
2.663303192490456e-05
2.2811806896914335e-05
5.025824463449502e-06
3.203685019620935e-05
2.287124739335266e-06
3.5687596010747936e-05
4.920724115999283e-05
2.458875442011468e-05
3.396251672882827e-05
2.9330489673099512e-05
1.7056312353918003e-05
3.625716631748268e-05
1.342453361442969e-05
1.610944033731563e-05
1.4478339492230725e-05
1.1887001372988533e-05
1.9202079140981478e-05
3.274384162557607e-05
5.60841658525844e-06
4.047230645027354e-06
2.355632049313898e-05
2.9607604478973962e-05
1.5180825888375736e-05
7.728077171932337e-05
2.287124739335266e-06
6.965631718328883e-05
1.3572654590888933e-05
2.287124739335266e-06
7.040423622768352e-06
2.5318899780881724e-05
5.726404530242934e-05
1.2379787378765879e-05
2.287124739335266e-06
2.9294282294229375e-05
1.4013070050808373e-05
2.020127397826247e-05
7.859964459913948e-05
4.047230645027354e-06
8.376374105749172e-06
2.4820010558109813e-05
3.3052615119661703e-05
4.292889399701416e-05
2.9808724971926458e-05
8.1903915655065e-05
0.0001594236993332795
3.5643241053917133e-05
3.034061519821328e-05
0.00016057656712626848
2.2864595781819902e-05
4.0112097619037804e-05
1.8372095800106505e-05
7.040423622768352e-06
3.588127221975447e-05
1.5951373544466033e-05
1.4949047862285917e-05
2.75091885916182e-05
4.1495034581285794e-05
2.5740735950922248e-05
1.8921036385995258e-05
8.094461290054708e-06
2.712791558507603e-05
8.094461290054708e-06
5.041803807182072e-05
0.00016392161832749972
3.245820469320558e-05
2.287124739335266e-06
4.574249478670532e-06
4.574249478670532e-06
6.0877893616665284e-05
2.355015580743853e-05
0.00018572825240563396
3.560762705845947e-05
4.4391134593760774e-05
6.128216462720469e-05
1.6825249755775322e-05
3.723420125550413e-05
6.773511190145524e-05
4.574249478670532e-06
0.0001620799676169991
5.772905719787632e-05
9.148498957341064e-06
5.082355455581683e-05
9.148498957341064e-06
9.936206828302511e-05
6.430233530037276e-05
7.477888780344587e-06
1.4955777560689174e-05
0.00011756004863835716
9.621865245590665e-05
4.574249478670532e-06
7.149428637698115e-05
6.68656312795829e-05
9.854747822029509e-05
3.4746619397966486e-05
4.047230645027354e-06
0.0001231717200844707
6.070845967541031e-06
4.574249478670532e-06
5.727702676762257e-05
5.964677160474757e-05
6.102161663514826e-05
9.148498957341064e-06
0.00013005359561634364
6.264483302819474e-05
4.574249478670532e-06
9.565104278413516e-05
5.956662893064993e-05
6.560965487999043e-05
2.276515061385725e-05
7.184095400436507e-05
0.0003677265279256257
4.116824530803478e-05
2.287124739335266e-06
1.1614557206696224e-05
2.287124739335266e-06
2.287124739335266e-06
2.287124739335266e-06
2.4602264308904247e-05
2.649620677845768e-05
5.60841658525844e-06
7.545733661404291e-06
1.2847702226116465e-05
8.094461290054708e-06
3.155407991086376e-05
2.138586201213215e-05
7.468634596217229e-05
1.6188922580109417e-05
3.757536811705823e-05
3.401149580387244e-05
1.5180825888375736e-05
0.0001613413347181733
4.7866948386570914e-05
2.1233917696441623e-05
1.9360636636119586e-05
5.986098542059358e-05
6.423851113058232e-06
1.0831521967088546e-05
3.159696528041912e-05
3.2754538855662936e-05
2.287124739335266e-06
3.099707321833361e-05
1.5905805761266023e-05
5.722595689018458e-05
1.5430551809475134e-05
5.839629246316702e-05
2.5855432047054277e-05
2.6876680497302586e-05
3.0251998952630267e-05
2.674293924342763e-05
2.5057219041138147e-05
7.482982444352496e-06
1.1614557206696224e-05
4.4460279718700714e-05
1.5406210370292727e-05
3.604722739251453e-05
8.376374105749172e-06
2.3395347865216852e-05
2.585524542102371e-05
4.57918964560096e-05
3.528770652603349e-05
0.00010882168667980704
2.856335076346778e-05
1.5448033042200708e-05
4.047230645027354e-06
2.771900117750268e-05
9.506481872123514e-06
2.5455392919924264e-05
2.891493167119935e-05
2.7136195064749244e-05
3.41851093395793e-05
5.60841658525844e-06
2.8935885463864828e-05
2.1770198577525364e-05
2.88788864909258e-05
2.287124739335266e-06
2.6504478686669935e-05
3.06639892646197e-05
5.9430150978248285e-06
2.3197549098141595e-05
2.6799825281105748e-05
2.287124739335266e-06
2.668348413033278e-05
3.150783490675637e-05
2.6973019141821202e-05
2.287124739335266e-06
2.287124739335266e-06
2.287124739335266e-06
2.7181165556858322e-05
0.00010160437157526846
9.864696576391283e-05
3.689524409832037e-05
0.00011297890813955372
3.9597391063566736e-05
3.6764237626563624e-05
2.6901622289574493e-05
2.78874064958589e-05
2.027450911697166e-05
3.099479429585765e-05
1.0476175422093494e-05
2.9056337196233518e-05
2.287124739335266e-06
2.387970984003379e-05
2.215402200833442e-05
1.2705888638954208e-05
2.287124739335266e-06
2.287124739335266e-06
1.8864334153510727e-05
1.1294123234625963e-05
2.2864595781819902e-05
2.540686203260635e-05
2.839591118807656e-05
2.023615322513677e-06
2.4115836039266085e-05
7.736801405063247e-06
3.232542654686629e-05
3.5906897097198215e-05
3.0722310533309016e-05
6.423851113058232e-06
2.0898877967768052e-05
6.437042587366532e-05
2.287124739335266e-06
3.687864280375854e-05
1.6799394653031927e-05
2.95968729872841e-05
2.287124739335266e-06
3.879432437130596e-05
6.707645358390777e-05
8.231594081465078e-05
9.06144924872249e-05
4.6192524067791544e-05
0.00014256414103824762
2.7504028325697968e-05
6.924103087726943e-05
2.983726286112717e-05
3.6764237626563624e-05
3.0093999867721796e-05
2.627995789651963e-05
3.727422923180873e-05
2.981006271329629e-05