0.0023200786047369837
0.005876096449938777
0.00029174255145114684
0.0012119888657663373
0.0011507543797318785
9.141708788196605e-05
3.154164682891178e-05
2.9703130742172222e-05
0.00010580145968357801
0.00010891479539921231
4.86460543662787e-05
4.651266480466936e-06
3.888158420267294e-05
3.543683587404466e-05
2.429292332240109e-05
0.00030536193508516574
3.264462458825169e-05
6.742602959377456e-05
3.4032418218141354e-05
0.0013990932911958505
0.00012467488241667642
2.9223442794339106e-05
3.7373098254573365e-05
0.00014071535806314006
0.0008002511797477621
0.00011246919039124697
0.0010348150505558483
0.000550806039836378
0.00031131786757808335
9.703226729887024e-05
8.051325720051704e-05
0.00029200496480296577
0.0018414561604360967
7.208050894669615e-05
0.0002638954964946519
0.00023051284588709967
5.412751989377161e-05
5.3774052861576584e-05
3.8840186583695076e-05
0.00018030439682618446
0.000321461023078289
2.944137015371905e-05
0.0003585508319421734
0.00010460655607180595
0.00012305776230733123
0.0007480339691148582
0.0002056935360062508
0.0002673582824155296
0.000690197592174701
2.6047317663840246e-05
0.00012532020388668314
0.0007175272551922955
0.00012622210075717436
9.549067559489929e-05
0.00012760060958059063
3.466380825158976e-05
6.280835907790649e-05
0.0021281247751382456
5.302008625975056e-05
1.830645565000157e-05
0.0001044393106041275
1.4220753210347887e-05
0.0001229628913477202
0.00021707297050235373
4.958159191580126e-05
9.436171799060671e-05
0.00026234732231681106
4.651266480466936e-06
0.00015665025485835392
3.272411371898207e-05
0.0011806425548199432
1.1679492643056635e-05
8.11396175375602e-05
4.815307529306164e-05
4.104404900772064e-05
0.0001411654016120985
0.00012180951495737055
2.628470569075981e-06
3.383802418441332e-05
2.325633240233468e-06
2.1114070549934074e-05
9.650798398882742e-05
2.2433699959304954e-05
2.3076855988550736e-05
3.329276637591218e-05
1.5016490541072816e-05
9.026882131362045e-05
6.445454277126107e-06
8.255189280232936e-05
3.3230389929094925e-05
3.677987694847441e-05
4.203212402395379e-05
8.630931341403304e-06
8.092775250616359e-05
3.307217023536567e-05
1.6512595925108766e-05
2.731945291364259e-05
4.651266480466936e-06
7.701216268223625e-06
6.445454277126107e-06
9.228237150997611e-06
3.915834040119604e-05
1.5808255383745294e-05
3.1424804612960104e-05
0.00013336229674158753
1.4453182570219612e-05
4.651266480466936e-06
2.325633240233468e-06
6.068387734172862e-06
0.00012842763354050667
2.0887848533461836e-05
0.00030463990774883324
0.00015636452941004085
1.2979733905707146e-05
3.3032479797457276e-05
8.091183645563816e-06
6.222758487734141e-05
3.183001061608562e-05
3.482302217316142e-05
4.296969518084072e-06
2.820387479692461e-05
1.5296976645375677e-05
3.0103701637718777e-05
0.0003914992183966701
0.0001380543279928284
2.489618184714043e-05
5.9186181255971426e-05
8.799390468257986e-05
7.407043305257271e-05
2.8114063310159475e-05
8.641422220217192e-05
4.2718144632640025e-05
0.0001202055928200274
1.2039710077839085e-05
8.870044080904975e-05
7.71103822086091e-05
7.701216268223625e-06
6.800759634163913e-05
6.64387241862889e-05
1.7336914259688377e-05
3.422084433808627e-05
8.191267397791825e-05
0.0006403427459352436
0.00010630705763699936
3.445961122373905e-05
0.00011461584549405838
4.19613628065319e-05
0.00011053026331467132
1.1420912552555742e-05
2.5319313751833443e-05
3.9576706238734705e-05
3.3555873329235094e-05
0.00010964755024240099
2.4799455450289917e-05
0.0002030434073043119
2.325633240233468e-06
1.6119646042688444e-05
0.00015895502964286326
0.00011786137273716535
3.335104338146929e-05
8.936605690484204e-05
6.445454277126107e-06
5.256941138151962e-06
0.00013475477488886353
6.905948945630702e-05
2.506032993993413e-05
4.651266480466936e-06
4.651266480466936e-06
2.8562883653331034e-05
1.8789137341285496e-05
8.742224932365629e-05
6.226664361745168e-05
4.1952911193469474e-05
2.9450897863425764e-05
1.5835552912450552e-05
0.0005474219505116001
2.7471540968025345e-05
9.626520335279532e-06
2.0776338605609137e-05
3.784082474770765e-05
4.575330384675781e-05
3.5661255390424984e-05
8.892428877601213e-05
2.466794497333135e-05
0.00014398873580209358
0.00018366655731132342
0.00017046739050970757
0.0011035263717847795
0.0005807109131800356
0.00017880828081970356
0.00014231025627350696
0.00010909864160122844
2.579772900500724e-05
2.628470569075981e-06
0.00036044164436332884
0.00019116815303890384
1.5428101013570093e-05
3.843160062504588e-05
0.0001514129120950351
2.628470569075981e-06
8.184389609199582e-05
7.509260790304354e-05
7.301215631615128e-05
3.160617728383646e-05
0.00018947178802375107
2.579772900500724e-05
7.291941792870638e-05
3.6638089255248954e-05
0.00013464421657449137
1.0799670709499065e-05
2.1472632764609695e-05
6.074367881800342e-05
3.408294143503479e-05
0.0004883693781680066
4.5992277512896136e-05
0.0002575628227003818
7.204050214012023e-06
3.726623697887331e-05
4.81260225836101e-05
9.358997134564938e-05
3.5949066438469815e-05
6.016975924605676e-05
0.00010057351353708836
2.8969447294313025e-05
0.00014288655608690428
7.961125946942885e-05
0.0002001307323969021
7.113194813468695e-06
2.160081018411276e-05
0.00017137354961496219
8.398603959282849e-05
6.902913878849077e-05
4.093508856805102e-05
1.3570553603622505e-05
6.920928071456124e-05
0.00026499804725820116
0.00010275629460237401
0.000363530706810575
3.760423734839911e-05
9.760746335694408e-05
1.2979733905707146e-05
2.5507782991753538e-05
1.6687610885864373e-05
0.00043879086559596805
6.901949044047336e-05
0.00015381094719798107
3.106681317546658e-05
9.309532365503902e-05
2.2996244556560896e-05
0.0002168557360026825
0.00015565201317589426
7.748427068033328e-05
0.00011551012312819999
7.90765967086872e-05
3.752408020996406e-05
2.7322194304580987e-05
0.00010909655364017692
3.048147865730519e-05
9.361745643355617e-05
0.0001904125024207811
6.524115844530926e-05
2.4094746016733533e-05
3.966161813672086e-05
4.069812237440163e-05
0.00012391756343010428
2.628470569075981e-06
8.091183645563816e-06
0.00012417483286184398
0.0001421087993517367
2.170158659669387e-05
2.081054789254693e-05
2.9379918228039337e-05
3.0823506145623216e-05
0.00019592806332049807
0.00013691350397336769
6.496401257457164e-05
9.01233521743873e-05
3.6084282811973935e-05
7.570669747324174e-05
9.643265739119483e-05
0.00013047638456933387
3.341465240897759e-05
3.710640810924605e-05
0.00032715542093718076
2.8519373767833404e-05
6.445454277126107e-06
0.00011561355639481589
8.106935621698366e-05
1.5078392892913894e-05
0.0001537489402342867
4.493507382432061e-05
3.512848209001612e-05
1.8094071471496673e-05
0.00011415960103197913
3.2448725206809506e-05
2.489618184714043e-05
4.769211665363743e-05
2.0057110647541457e-05
3.425757893430908e-05
4.6603023908242696e-05
3.546630410060429e-05
1.4057870304852178e-05
4.651266480466936e-06
7.482284635167335e-05
9.313391080806903e-05
4.045591822781908e-06
0.00019448073356771368
7.701216268223625e-06
8.746112683806767e-05
4.0572329801045046e-05
9.734800429280357e-06
1.156254605617569e-05
2.494085325469422e-05
9.487054790867005e-05
6.27371418300254e-05
2.0859513607330465e-05
5.9445771606453716e-05
3.710758775009433e-05
2.0689095948564155e-05
0.0003201770185744853
4.53005277052748e-05
6.445454277126107e-06
0.00011057896923016391
1.0010993694048543e-05
2.7223105637407662e-05
3.5651885087200174e-05
5.520219220736604e-05
2.5633657563040165e-05
0.00026496594231447177
0.00017093138165683426
3.485985511295301e-05
8.342494745040454e-06
4.71210136112663e-05
4.255300833156276e-05
0.0001235356011922074
5.8406105134577784e-05
0.00012985781884949284
0.00023367135551944507
2.860295804139734e-05
0.00030293252238587827
6.174420838438283e-05
2.421847402349286e-05
5.092087356152949e-05
2.553322367313688e-05
4.289635153560847e-05
3.704283465702265e-05
1.1679492643056635e-05
3.496770807713088e-05
0.00017273347189028087
7.654123108188778e-05
4.3718454566044145e-05
0.00014441209309776128
3.0119500027678853e-05
7.823901554360264e-05
0.00022112945167734237
7.701216268223625e-06
9.12586892495912e-05
2.7705529425928092e-05
0.0002004966841368918
2.628470569075981e-06
3.984707459230413e-05
2.9571143089445578e-05
5.7738536422807244e-05
3.495258273271801e-05
7.382589720798089e-06
6.090135663485423e-05
3.329988881758467e-05
3.003195395456788e-05
5.58106240969694e-05
2.9627499568400244e-05
8.85006567731937e-05
3.4520827777004916e-05
4.562899419366209e-05
8.031866674047694e-05
3.588519983365553e-05
3.0229677301374594e-05
2.5834671567172038e-05
3.2468697723737e-05
1.4602200643920537e-05
0.0002518367924152531
5.1782884217467616e-05
0.00019048071766717979
4.150914053926342e-05
0.0017207937869523609
1.3885290912213083e-05
4.296969518084072e-06
0.00020070049003930365
3.996109948368453e-05
3.626372994674919e-05
8.078819254339515e-05
3.6317733183086785e-05
7.45356492141279e-05
8.202348889529756e-05
9.355854823877529e-05
0.0003476980530006197
0.00043618694157212395
7.932539563664794e-05
1.960191076078806e-05
0.00017496912466948136
0.00012299915218742934
2.466794497333135e-05
3.490493437921267e-05
1.1357267167493752e-05
3.380463191476891e-05
2.628470569075981e-06
0.0001107248489645062
3.434373879080035e-05
4.045591822781908e-06
1.5994732994512268e-05
4.2060462867837246e-05
0.0002466822381845315
9.927763928517463e-05
8.89149351683587e-06
0.0006201243833662967
0.00018895536973980893
2.048492430248366e-05
4.3878250294964736e-05
2.8354552985517847e-05
5.4065943280013654e-05
7.930978228121255e-05
1.622466738213393e-05
7.784435412026941e-05
6.875101239614508e-05
4.097994308980341e-05
0.00013139303633909996
6.925949632615163e-05
2.7994640962652468e-05
6.20784943139583e-05
3.003298108214563e-05
2.9272144819119973e-05
7.915349509395618e-05
1.3142352845379905e-05
9.969507593929421e-05
1.0669792220203042e-05
2.047677334461359e-05
0.00012304155630259278
2.628470569075981e-06
3.046018478067858e-05
0.0001566941980236081
3.046555049813291e-05
0.00019561877899275054
2.628470569075981e-06
7.992156246851311e-05
7.701216268223625e-06
2.9272144819119973e-05
0.00011988231555663987
3.7418659607809954e-05
3.6912948603990445e-06
2.6617729361708595e-05
2.8341093157608033e-05
0.00016616343820455087
0.0002587802856923689
2.088979963049377e-05
2.628470569075981e-06
2.628470569075981e-06
0.0002090254316145422
2.628470569075981e-06
4.651266480466936e-06
0.0012246584192253033
5.947082980983902e-05
0.00010698511686425461
2.65706072830766e-05
5.752806378127565e-05
3.851381871283876e-05
0.00014623120401317544
0.0003085310505234454
3.760050566701483e-05
4.362395695395231e-05
2.5421263906701647e-05
5.2476343284043434e-05
6.903367653753079e-05
0.00011486542113353331
0.00012772019287296023
2.9877805555581457e-05
2.1690035288079774e-05
0.00012597905938924273
4.623988436123567e-05
4.191845158563219e-05
2.628470569075981e-06
2.628470569075981e-06
3.155018792565369e-05
0.00010575921551630755
3.307217023536567e-05
0.00012077731578991589
1.379127665282853e-05
2.215552130597678e-05
2.545440395299913e-05
6.068387734172862e-06
0.0008048456298232112
0.0001852141732851132
2.628470569075981e-06
1.2039710077839085e-05
8.89149351683587e-06
0.00045418252126728885
3.4010377322338055e-05
6.224045461785108e-05
5.633621452830492e-05
9.976341301877688e-05
3.1921834916060735e-05
1.0669792220203042e-05
3.7828071450647195e-05
0.0002578165930991053
3.205288579782545e-05
3.3054241793627376e-05
2.4811355013327353e-05
2.32206137356808e-05
1.8605065921867742e-05
2.628470569075981e-06
6.359400330896629e-05
7.598798195723515e-05
3.53063280388922e-05
3.6460686458565155e-05
3.393887006347163e-05
2.9043504563735837e-05
3.324663531111371e-05
1.5334071837589777e-05
7.060709417712967e-05
4.651266480466936e-06
3.966269781832397e-05
4.651266480466936e-06
6.025009802244381e-06
3.51239339694714e-05
2.5319313751833443e-05
1.8094071471496673e-05
3.5265031172151254e-05
9.996041142343831e-05
1.583703412083106e-05
7.490686402723223e-05
6.445454277126107e-06
6.843297387794623e-05
3.66265642908826e-05
8.112533816938404e-05
3.945362607045152e-05
8.150693213394543e-05
2.3000922290403364e-05
3.3873558766432245e-05
0.0001607108641845771
1.3885290912213083e-05
2.321624754281482e-05
0.0003227388553739458
6.445454277126107e-06
1.878855366903348e-05
3.482302217316142e-05
3.914166612149834e-05
4.2511639736412045e-05
2.971127350692735e-05
2.69285867372432e-05
0.000135796021713564
2.6329073778616583e-05
5.345841879861057e-05
3.0718066272405925e-05
0.0002676859216236638
8.286570767519656e-05
3.51063614541782e-05
4.05442612266457e-05
3.265467722008301e-05
5.1016365133413394e-05
0.0001836617533938514
4.5237196569064425e-05
0.000346059047357683
9.228237150997611e-06
3.6892081020135356e-05
3.302519185021753e-05
3.788450128379275e-05
3.7480641649172977e-05
0.0001255910267362349
3.0835604377723336e-05
2.628470569075981e-06
0.00014950793727263304
2.628470569075981e-06
4.045591822781908e-06
0.00010182004260228885
2.628470569075981e-06
7.885411707227944e-06
7.701216268223625e-06
1.620209613321393e-05
3.393927354676191e-05
4.7521792783722385e-05
4.301565223300587e-05
1.5428101013570093e-05
4.753584678293356e-05
8.164449744085289e-05
0.00017434426011967658
1.5808255383745294e-05
3.0254109833114533e-05
4.67478062158664e-05
5.118258965293128e-05
3.5629296412802954e-05
4.651266480466936e-06
9.433181944697675e-05
1.3656616201655776e-05
8.091183645563816e-06
8.731899145755473e-05
0.00015384549166026537
3.4404230443107174e-05
0.00015106701366994908
2.2285678497268282e-05
0.00024132073717969636
0.0002391856826609229
7.714050506785045e-05
6.145477290745098e-05
8.091183645563816e-06
7.701216268223625e-06
1.3570553603622505e-05
4.7289362168146636e-05
0.0002674281419672194
0.0001795576381091462
6.749928161785172e-05
3.42180066149824e-05
1.9580344409631327e-05
8.0972459299276e-05
1.1073884581197132e-05
8.553169970421783e-05
9.156857526096503e-05
2.9585766517516772e-05
0.00015389417711832433
3.605008280760148e-05
0.0003807055859293774
9.946538983032931e-05
8.756289785930166e-05
5.092087356152949e-05
4.793113066261953e-05
4.7661151898847474e-05
2.3893245515188674e-05
2.590021604481001e-05
4.296969518084072e-06
2.628470569075981e-06
2.837304793168026e-05
1.8279694850871166e-05
0.00011280706676028677
4.506342203198881e-05
9.795481546327947e-05
1.0669792220203042e-05
2.28146723123978e-05
6.445454277126107e-06
2.9722672665195783e-05
2.540875494833495e-05
0.0009048201557178342
0.0002491061102475633
2.048492430248366e-05
2.3003787771576294e-05
2.7119595756177154e-05
2.4017966628682588e-05
9.851247001428859e-05
2.628470569075981e-06
9.141708788196605e-05
1.5808255383745294e-05
6.67341235206267e-05
9.576461868185922e-05
4.198217996684673e-05
2.707202369291537e-05
1.876198473091436e-05
3.42591163291696e-05
1.1336970029647422e-05
7.927914442486805e-05
0.0003253045999196193
6.667765146005284e-05
4.703019798232842e-05
3.6052814024679247e-05
4.04311330903841e-05
3.1719249510113904e-05
4.5507171179927685e-05
3.726623697887331e-05
6.136609729731443e-05
3.43529666376811e-05
3.0125049011221907e-05
0.00010212027058064172
2.628470569075981e-05
5.18971063015757e-05
3.598278758462697e-05
1.1357267167493752e-05
4.4406777745123554e-05
1.1073884581197132e-05
0.0004100183100174214
0.00015123854914960645
0.00036071612653615755
3.8451992316709375e-05
0.0001735207666348373
4.374183614082697e-05
1.70968801832182e-05
0.000124435498187281
9.728780499305081e-05
3.2176098290626186e-05
3.7344272770710655e-05
2.501932896786225e-05
4.708641226471788e-05
7.128078162588422e-05
3.247792673782907e-05
3.299845144649392e-05
4.3492697213282215e-05
1.0010993694048543e-05
3.971088762588949e-05
3.865430430555747e-05
5.292849890629997e-05
9.009933606778839e-05
4.107469732502118e-05
8.599792912742204e-06
0.00012915815448538527
3.0156785785827788e-05
2.8101867817328927e-05
3.602025107006012e-05
4.045591822781908e-06
4.004260527275717e-05
2.683775240017234e-05
1.9934608776596505e-05
3.0607924166050856e-05
2.628470569075981e-06
2.839001155246565e-05
7.160213116098089e-05
9.121341219253123e-05
6.445454277126107e-06
3.5723094014096235e-05
9.228237150997611e-06
4.6755560565118855e-05
5.402578238055978e-05
0.00014786028802772356
4.0172295527318675e-05
9.302532960933871e-06
4.173468124826348e-05
6.445454277126107e-06
1.5579754719998744e-05
3.158155676175704e-05
3.0285586771351904e-05
4.5685745112684505e-05
3.769350970031384e-05
4.166131168466537e-05
2.872409953589149e-05
2.3644681084073318e-05
3.324663531111371e-05
1.9934608776596505e-05
3.953832009242542e-05
2.0656459243345246e-05
3.763094227869076e-05
1.8599591587717435e-05
8.234873745769961e-05
6.52348161274215e-05
3.661291130000314e-05
4.0866658064014716e-05
0.00020460974022998955
4.522555308732756e-05
3.957161610586525e-05
4.143125701722744e-05
2.6887026430788292e-05
4.2294127173397774e-05
8.003229415755225e-05
3.879660421438713e-05
2.6429910138451265e-05
6.560322140840676e-05
9.626520335279532e-06
0.00011568018820309213
4.354777050923903e-05
7.374572748894119e-05
3.643579013883704e-05
4.296969518084072e-06
6.856067778145022e-05
3.0125049011221907e-05
0.00016970703339432765
8.495243597550446e-05
1.7753601062152508e-05
6.445454277126107e-06
0.00022769216999701984
6.411214236448371e-05
7.47900668615927e-05
2.621639389612424e-05
2.4909787100052566e-05
5.9890974732109965e-05
1.5022277821821353e-05
1.2513794143111337e-05
1.8984300285842683e-05
4.045591822781908e-06
1.3953799441400808e-05
5.5369422905985674e-05
9.288613990638481e-05
6.853120543370965e-05
1.8599591587717435e-05
8.913848542306092e-05
1.8035991201983873e-05
1.1073884581197132e-05
3.0008438226110878e-05
1.7155182321821432e-05
4.2246888426386286e-05
5.640774959384922e-05
0.00015995300125654652
2.628470569075981e-06
2.628470569075981e-06
0.00012867946986967367
6.648031505785363e-05
0.00035567845436378884
0.0006464612288169852
8.215028096654345e-05
3.559140347748034e-05
3.950772160479558e-05
4.651266480466936e-06
6.204449386247354e-05
3.672955747680037e-05
7.578132302887555e-05
3.781068796015184e-05
4.108228649863723e-05
3.561114685953534e-05
2.15541152044556e-05
3.383360167548241e-05
2.839001155246565e-05
3.244933476426786e-05
4.045591822781908e-06
4.4257003299922333e-05
4.024015323450352e-05
2.0944456351189156e-05
7.701216268223625e-06
3.577689056300975e-05
2.6466751234976363e-05
9.033038251718432e-05
7.075951845096905e-05
4.39498398281756e-05
6.992292819714611e-05
3.4310364643642865e-05
3.434072261528896e-05
4.730066184759006e-05
2.0234455598307456e-05
7.786257457582409e-05
3.3375221771728746e-05
2.242847025585857e-05
3.8642187743883306e-05
4.448219739975065e-05
1.6230075119771266e-05
4.909947231116727e-05
3.070005432249168e-05
4.952751597596449e-05
3.277587888397386e-05
0.00011796711209224802
4.651266480466936e-06
0.00018797742043834623
2.2341773008436007e-05
2.000509448731158e-05
2.375332936867583e-05
1.2448090923570215e-05
3.6502826393620646e-05
0.00018219550004021031
3.6832595886156474e-05
0.00013924488581900025
1.1357267167493752e-05
3.324015752892681e-05
2.683078740207022e-05
0.00010585125083153817
4.5774834046054896e-05
4.209071510928529e-05
3.229280720530992e-05
8.333685779752845e-05
0.00010990196539590757
4.963881964258732e-05
7.26508734392039e-05
3.189799651021394e-05
8.47653174048725e-05
3.5587722818492814e-05
3.0103701637718777e-05
3.7810725615774286e-05
2.2673940059294843e-05
4.906880397127291e-05
3.224010915670945e-05
8.219987288624343e-05
4.307459823030783e-05
0.00024326377664098006
2.258174964050877e-05
3.533048168238117e-05
2.7976247101877718e-05
2.509864362168842e-05
2.8697491878836053e-05
2.5046568378610823e-05
3.625080752074656e-05
6.787921481895462e-05
4.2255393783233954e-05
2.5319313751833443e-05
1.1551824402335436e-05
4.813260167639766e-05
3.524048860401916e-05
2.4273550936691453e-05
1.3953799441400808e-05
3.7966286984807496e-05
0.00019734002529919967
0.00010223905676256131
0.00042264808509606417
1.0669792220203042e-05
1.0669792220203042e-05
1.1073884581197132e-05
3.427829637716691e-05
3.0856202027140186e-05
2.9851596512148137e-05
3.8624293789023126e-05
4.651266480466936e-06
2.628470569075981e-06
6.945290624080761e-05
4.651266480466936e-06
1.1073884581197132e-05
5.081503438678871e-05
2.3003787771576294e-05
5.1579170242229136e-05
4.1200094637258843e-05
5.012065987986826e-05
5.636566100710045e-05
0.0001244604708575532
4.683851326177467e-05
1.0328229621672623e-05
3.166084923341798e-05
2.0137074391200967e-05
4.651266480466936e-06
6.445454277126107e-06
0.000367990874362386
4.47606108540772e-05
1.7343819084263532e-05
4.360055500730247e-05
3.164013022646647e-05
0.0001310593493127227
0.0001651111295635545
9.626520335279532e-06
7.871937726844653e-05
3.6832595886156474e-05
2.9712828474353644e-05
1.3347991592064726e-05
6.068387734172862e-06
2.1339584440406085e-05
0.00010173021656291877
0.0009138969677473734
7.397018999194057e-05
4.651266480466936e-06
6.445454277126107e-06
0.00019831348909161986
8.214939465004236e-05
4.810115135541031e-05
8.597707225722827e-05
3.4219851821003286e-05
6.767604836882664e-05
3.4541356595133664e-05
9.775051394767752e-05
8.859484392749595e-05
0.0002013179072081931
8.826592319429716e-05
1.620209613321393e-05
7.701216268223625e-06
3.816422669718445e-05
2.3117634295152273e-05
2.9627624438833956e-05
2.706493894819089e-05
3.628927413390152e-05
5.34347053119382e-05
1.6119646042688444e-05
7.885411707227944e-06
7.75186701730162e-05
0.00030061151147687593
0.00012901692542606258
9.228237150997611e-06
8.048030646900703e-05
5.9402503337506086e-05
3.874501986673879e-05
1.19569045023519e-05
1.5016490541072816e-05
3.412603157855812e-05
5.386617181183721e-05
3.706213493791984e-05
2.628470569075981e-06
2.9627624438833956e-05
8.091183645563816e-06
4.173468124826348e-05
2.22798568679608e-05
7.538492910134708e-05
4.7309864135335056e-05
0.00013532469474095447
8.634735166476879e-05
1.2448090923570215e-05
1.2039710077839085e-05
9.228237150997611e-06
2.9982551121921268e-05
5.863120228410737e-05
0.0001245364405233436
4.009802708166491e-05
1.854022308617385e-05
8.913974806521816e-05
8.823098857209929e-05
2.4156711860185904e-05
3.898132718165141e-05
6.793202534831869e-05
1.2039710077839085e-05
0.00019147369782399732
9.638439480840422e-05
4.651266480466936e-06
3.87438214807603e-05
0.00021023916740993873
3.6554494845801376e-05
3.37611886610871e-05
2.549875140797401e-05
3.194365228840156e-05
8.89149351683587e-06
1.7705536494295923e-05
4.861268863822797e-05
4.337948904548694e-05
1.3759668660387527e-05
0.0001475102155636167
0.00012767780969673257
0.00013329501932780885
4.191947769985474e-05
4.8068251888085694e-05
2.762203179046847e-05
5.297150231175938e-05
0.00010736955051103631
6.445454277126107e-06
7.639698688774375e-05
2.125681880558891e-05
4.651266480466936e-06
4.7536635932501205e-05
3.163063530671885e-05
2.6878305033677478e-05
0.00018328221365189533
4.5049668033894195e-05
1.0319751495290644e-05
4.296969518084072e-06
9.228237150997611e-06
4.296969518084072e-06
2.7579007085799546e-05
1.3759668660387527e-05
3.239273286145093e-05
9.626520335279532e-06
8.091183645563816e-06
4.0080490615144244e-05
4.296969518084072e-06
7.885411707227944e-06
2.1651951158552714e-05
0.00013941495186028485
3.534275224788599e-05
0.00020773006293331662
2.579772900500724e-05
7.45356492141279e-05
3.4933408975346094e-05
3.51063614541782e-05
4.2121260106173184e-05
3.122901270771222e-05
9.28135235768591e-05
3.4658117343462664e-05
1.5984327305437827e-05
3.7000568055900575e-05
4.0941462979632496e-05
2.9812011396985052e-05
0.00026887026430788297
2.7715045090324156e-05
4.650074974308426e-05
3.8819011560442025e-05
0.00011125073923909583
5.826874066802385e-05
7.24125139713495e-05
2.6600266219582487e-05
2.338621785215242e-05
9.228237150997611e-06
3.575484862634669e-05
2.8947044437351384e-05
2.1339584440406085e-05
3.5515288787735365e-05
2.4100039208977526e-05
4.2752728829691294e-05
2.628470569075981e-06
5.334896110101521e-06
7.071219672905443e-05
5.775912201167718e-06
9.724211877337822e-05
3.967939510376598e-05
0.0001750056790976207
6.219285833074558e-05
4.7382509658833347e-05
4.7765040142904586e-05
3.308001798304154e-05
1.979444114056319e-05
3.460914983484473e-05
5.256941138151962e-06
2.628470569075981e-06
1.0554875025039727e-05
2.7075719805047626e-05
3.2079469461902684e-05
1.8094071471496673e-05
1.0554875025039727e-05
9.228237150997611e-06
4.438717291574869e-05
2.628470569075981e-06
0.00016211329521140618
1.1073884581197132e-05
2.651004312987528e-05
8.022844259016582e-05
3.1714905741473456e-05
6.445454277126107e-06
1.8516681295101633e-05
2.201679456681169e-05
4.6303762382551255e-05
3.082190444836886e-05
3.0089607104540152e-05
4.871497752616712e-05
3.167618342933747e-05
4.0812341233347854e-05
8.914216676937693e-05
3.519492453916454e-05
2.834162592421224e-05
3.754756084745428e-05
3.932248186709606e-05
4.651266480466936e-06
2.3246096786409457e-05
4.651266480466936e-06
5.420144919217031e-05
3.1330050971670786e-05
2.466794497333135e-05
4.426384123573981e-06
3.6188142942993345e-05
0.0002445286280377432
1.4171212537059277e-05
5.1663943637040364e-05
1.9280031367182023e-05
1.9469600858560714e-05
4.161560285805161e-05
2.2673940059294843e-05
3.2644368716086385e-05
4.376656992323338e-05
2.8274071176099466e-05
5.6996614643985734e-05
0.00013078896937573388
2.628470569075981e-06
0.00011330807267498354
7.939048758135994e-05
6.445454277126107e-06
2.628470569075981e-06
2.628470569075981e-06
4.481007146825607e-05
2.0234455598307456e-05
1.2515708164398282e-05
4.651266480466936e-06
1.5579754719998744e-05
3.7411423175836676e-05
2.1346917266142438e-05
2.628470569075981e-06
9.626520335279532e-06
7.844186717229361e-05
6.068387734172862e-06
1.2039710077839085e-05
3.454280167076584e-05
1.1073884581197132e-05
2.28146723123978e-05
0.0006450846271303128
1.3885290912213083e-05
6.976899720700404e-06
3.6945739152603795e-05
4.747133103899345e-05
0.00012942593249327662
2.7264570759997806e-05
0.00012974553858077046
2.1395641540651028e-05
5.129805903944144e-05
1.622466738213393e-05
3.019096049422625e-05
0.00010934320878562141
0.00010248226704848566
4.142715728113369e-05
6.858075201884315e-05
4.364602425122871e-05
3.442580572918363e-05
0.00016034514276416133
0.00024727185012640826
2.45819091629804e-05
4.713302823048338e-05
3.468218914840454e-05
1.5016490541072816e-05
2.628470569075981e-06
2.628470569075981e-06
2.628470569075981e-06
9.626520335279532e-06
5.962571142622302e-05
3.450685912708048e-05
5.2620682071168365e-05
2.6107125879508436e-05
5.2465623666635635e-05
1.2342480810856075e-05
1.6230075119771266e-05
3.8247234079099625e-05
3.702744243256822e-05
8.89149351683587e-06
3.419870602629429e-05
2.85243153353795e-05
8.091183645563816e-06
3.454280167076584e-05
1.5898500827241572e-05
2.3644681084073318e-05
2.3770262779482918e-05
2.628470569075981e-06
4.550739346623883e-05
1.0669792220203042e-05
4.224840270838305e-05
3.341256615570121e-05
4.3367297064761435e-05
4.13692692308051e-05
8.599792912742204e-06
6.445454277126107e-06
0.00014613916923691663
9.84018552645114e-05
8.445031483000838e-05
8.794709878946255e-05
1.3759668660387527e-05
1.3347991592064726e-05
8.89149351683587e-06
3.949465663595047e-05
2.007032623275849e-05
1.3014491600924996e-05
3.744323429993176e-05
0.00015097935836248794
7.358235711778696e-05
4.768803173866225e-05
2.325633240233468e-06
8.091183645563816e-06
2.6488112815141507e-05
3.337192325557675e-05
1.4879673270173949e-05
9.626520335279532e-06
1.6230075119771266e-05
3.3313172390816673e-05
2.8279375539995587e-05
3.569903314798044e-05
2.2851237211776184e-05
4.651266480466936e-06
5.784009410154606e-05
2.6695983184129452e-05
1.2448090923570215e-05
8.799290546268994e-05
7.17279824788422e-05
2.628470569075981e-06
2.9097662130476593e-05
4.651266480466936e-06
9.626520335279532e-06
2.501932896786225e-05
4.263100043143269e-05
2.5307217986465985e-05
3.32216537435914e-05
3.1176066568367776e-05
7.336526597108923e-05
3.4841644757175046e-05
5.592830697839837e-05
3.829140812228635e-05
3.085974249921218e-05
2.0776338605609137e-05
3.122901270771222e-05
6.445454277126107e-06
6.817075558081166e-05
2.1114070549934074e-05
8.852768247147961e-06
3.21799790627536e-05
5.254154415719504e-05
6.445454277126107e-06
3.412603157855812e-05
6.445454277126107e-06
3.749422265272872e-05
4.079889502626336e-05
3.248200628728582e-05
1.1073884581197132e-05
1.390634240488698e-05
3.477816184423965e-05
2.744367783405013e-05
2.4273550936691453e-05
3.542636644701004e-05
4.055428042845938e-05
3.742001382742499e-05
0.0005960946400456704
2.891441878785315e-05
7.846131931556853e-05
7.808685473833492e-05
2.8597567690405647e-05
3.0718066272405925e-05
4.173468124826348e-05
0.0001214715382459658
4.651266480466936e-06
3.5156469295254127e-05
3.0962046635461605e-05
3.938051523900008e-05
4.651266480466936e-06
4.7533394757490036e-05
3.259025786853691e-05
4.780361228205255e-05
1.2448090923570215e-05
3.617170829704205e-05
1.9280031367182023e-05
2.628470569075981e-06
1.4602200643920537e-05
2.6887026430788292e-05
8.932744402191145e-05
7.372335905377422e-05
0.00018844862254137996
4.085624163282171e-05
3.598402049053265e-05
4.9678635890009195e-05
3.090913035887641e-05
8.783826321976076e-05
7.263546636617357e-05
2.3770262779482918e-05
9.228237150997611e-06
3.5897298084324096e-05
1.2448090923570215e-05
2.020472336256048e-05
3.161651076749059e-05
8.727241769167349e-05
4.160285788859458e-05
3.099081289765839e-05
2.9140253233841532e-05
3.410808130269761e-05
2.8445212983708326e-05
1.878855366903348e-05
2.5628530271858524e-05
1.6182367291127632e-05
4.706390256921226e-05
1.4762435025669163e-05
9.949041632808823e-05
3.9329067306921344e-05
4.651266480466936e-06
2.3004770053825144e-05
4.835713151289931e-05
4.651266480466936e-06
2.628470569075981e-06
2.1747052815103084e-05
5.099750281594802e-05
3.145365542535886e-05
3.789422260571795e-05
1.0319751495290644e-05
2.628470569075981e-06
8.091183645563816e-06
4.301102117855099e-05
3.6327711035239286e-05
1.983969755188299e-05
3.838899655246163e-05
2.1434944845662706e-05
3.9329067306921344e-05
1.1679492643056635e-05
3.64522166712797e-05
9.626520335279532e-06
2.7688477287901326e-05
1.69709111149271e-05
4.320472986104073e-05
7.382589720798089e-06
4.706390256921226e-05
6.51769294485835e-05
3.412603157855812e-05
1.2039710077839085e-05
8.091183645563816e-06
3.319517355658668e-05
2.6887026430788292e-05
4.651266480466936e-06
0.00011688415928331039
2.628470569075981e-06
9.734800429280357e-06
6.180268322665558e-05
9.42658006707151e-05
1.6126983020206486e-05
1.9469600858560714e-05
2.628470569075981e-06
1.8789137341285496e-05
5.3116609482887774e-05
2.32206137356808e-05
2.628470569075981e-06
1.2585671494500604e-05
4.651266480466936e-06
6.825206315711624e-05
0.00011600081177562543
2.628470569075981e-06
6.092036956135716e-05
6.896581506870392e-05
1.2890908554252213e-05
3.660451489902118e-05
9.302532960933871e-06
2.8779897419208448e-05
3.5748322400368416e-05
2.5980055473639813e-05
2.628470569075981e-06
3.4771061222055714e-05
1.2448090923570215e-05
2.9759346540347898e-05
2.837304793168026e-05
3.1989465989024536e-05
6.555050109503939e-05
0.00029183400368058344
3.21869114908526e-05
3.356148484737171e-05
4.651266480466936e-06
8.692041360546458e-05
0.00010123648510322651
4.651266480466936e-06
6.445454277126107e-06
3.336967481821032e-05
7.701216268223625e-06
7.249068233131774e-05
2.1256485826461283e-05
1.6182367291127632e-05
1.3347991592064726e-05
3.302519185021753e-05
3.479146867358535e-05
2.0234455598307456e-05
4.1029405624634145e-05
0.00018735405304709868
8.091183645563816e-06
4.330610046983961e-05
9.219739198500119e-05
0.00010183825297239382
4.2693834532284876e-05
2.886879137023075e-05
2.5966257866664577e-05
5.102613274871345e-05
2.628470569075981e-06
2.261277654366378e-05
1.69709111149271e-05
3.40362144818436e-05
3.384616919268433e-05
5.108098164393085e-05
2.9712828474353644e-05
4.651266480466936e-06
4.021473631938167e-05
4.651266480466936e-06
2.258174964050877e-05
2.2250147847819168e-05
1.7343819084263532e-05
1.3759668660387527e-05
2.4625104959325094e-05
0.00034634831980602396
1.4602200643920537e-05
3.914514862381532e-05
2.4156711860185904e-05
1.5078392892913894e-05
3.598402049053265e-05
4.0262611518575315e-05
3.9652214597211114e-05
6.724019154482453e-05
4.651266480466936e-06
3.7123608030539075e-05
2.3559482677775423e-05
4.651266480466936e-06
4.018595199661474e-05
2.628470569075981e-06
3.530751412985278e-05
4.5347880118589687e-05
1.7389080922119824e-05
7.454078430876285e-05
2.3484241354670113e-05
4.604424002184042e-05
1.3347991592064726e-05
5.775912201167718e-06
3.440627354187169e-05
3.6832595886156474e-05
2.531362838119594e-05
1.4460023525386516e-05
2.9532993084843127e-05
3.0760529756576046e-05
2.8562883653331034e-05
6.445454277126107e-06
3.637506492977593e-05
3.8703919392917475e-05
5.012410939086425e-05
2.7777446595957737e-05
1.4602200643920537e-05
7.857424849144356e-05
2.2836040300295005e-05
4.573727971955624e-05
2.466794497333135e-05
2.6135877369326306e-05
2.501028679673092e-05
2.579772900500724e-05
7.5065030871557e-05
3.7872089016705004e-05
2.5460436780764745e-05
1.2136775468345727e-05
2.28146723123978e-05
6.134343405753679e-05
3.454927799371907e-05
4.283728510115118e-05
3.2968302477754195e-05
3.672725011400697e-05
6.21228357482583e-05
2.3006704405058486e-05
0.00020655226493864176
3.1655819610323344e-05
3.60806728347214e-05
1.9544185762303473e-05
2.6070608846866745e-05
6.445454277126107e-06
3.956235682332885e-05
2.444275130071663e-05
2.1809826032044673e-05
5.543009018064831e-05
3.283347327910013e-05
4.517313390824873e-05
0.00010028555323770727
5.694963289402395e-05
3.454280167076584e-05
3.9473603915881224e-05
4.314802112193487e-05
2.949746827325584e-05
2.6760434977011317e-05
2.501932896786225e-05
2.9331301560859957e-05
2.99253058566285e-05
1.2979733905707146e-05
3.736341098827621e-05
3.8624293789023126e-05
1.5898500827241572e-05
9.049877178883088e-05
1.7343819084263532e-05
1.1151988737029405e-05
2.8114063310159475e-05
9.508156802176374e-06
4.966831346453115e-05
2.4689968767283892e-05
7.917776456225276e-06
3.3329098241760076e-05
2.2147769162394265e-05
3.50533033030604e-05
3.68802741649117e-05
3.610165414457281e-05
8.89149351683587e-06
2.592143072501634e-05
3.539261496163298e-05
2.970990423933347e-05
3.978691997555846e-05
9.728465239620313e-05
0.00011035263717847797
2.5498156052733085e-05
2.3282781161595748e-05
1.5808255383745294e-05
3.610104208294908e-05
2.6570274303948968e-05
4.403564618905898e-05
2.148484759042036e-06
4.247076171181856e-05
3.0998653354607135e-05
3.0177430505987893e-05
4.282182356618367e-05
3.057756591630998e-05
1.2646604306996237e-05
2.325633240233468e-06
4.261954912514206e-05
2.0079666685119236e-05
0.00011888490523665825
6.445454277126107e-06
3.814883121109453e-05
3.591062037305913e-05
2.8671894618226406e-05
7.253358302263902e-05
2.7498709538744938e-05
0.0001069980442964183
2.375332936867583e-05
4.768034019946087e-05
2.628470569075981e-06
4.651266480466936e-06
2.8879561005838595e-05
7.526188455738152e-05
2.0776338605609137e-05
4.651266480466936e-06
9.42199744455595e-05
3.355413865743608e-05
3.619011041572647e-05
1.947469339999843e-05
1.0669792220203042e-05
3.572902332137514e-05
1.1065778768621708e-05
2.856202320448619e-05
9.734800429280357e-06
4.282825765108743e-05
3.665644273037907e-05
4.0822797850550265e-05
1.3347991592064726e-05
3.8049357236854154e-05
9.626520335279532e-06
1.960191076078806e-05
2.628470569075981e-06
1.0669792220203042e-05
3.212796382586339e-05
3.87110795234389e-05
1.4879540078522898e-05
3.690841811254438e-05
0.0001887395911652184
4.5410914893443394e-05
3.591969534828329e-05
3.086586056257489e-05
3.638938922273559e-05
3.210481062521427e-05
6.445454277126107e-06
3.366515333303315e-05
2.7161895860335418e-05
7.527200059131603e-05
3.218549313598402e-05
2.5072958778046712e-05
2.549875140797401e-05
2.628470569075981e-06
2.125681880558891e-05
3.914040225778353e-05
1.7556052788957565e-05
8.599792912742204e-06
1.3347991592064726e-05
1.3347991592064726e-05
1.8878507241750902e-05
3.6437231498002656e-05
1.9245042792058413e-05
2.6742814196721937e-05
3.0428221955077348e-05
2.628470569075981e-06
2.7339116936188343e-05
2.507452327253963e-05
4.6603443643624015e-05
4.296969518084072e-06
2.5462821237393642e-05
4.26963281877617e-05
4.519975712254631e-05
4.294526552921939e-05
7.793947129158365e-05
9.529275436542896e-05
5.77283935403071e-05
3.477816184423965e-05
8.514022008338435e-05
7.757548239259866e-05
1.2890908554252213e-05
3.565539416922437e-05
8.677190819392923e-05
8.202348889529756e-05
5.256941138151962e-06
1.6182367291127632e-05
4.93358899466627e-05
8.846091100596786e-05
6.578295542981353e-05
0.0003887923101216734
4.750665873735166e-05
7.721297188372942e-05
9.302532960933871e-06
3.117666758153041e-05
1.6182367291127632e-05
5.256941138151962e-06
9.302532960933871e-06
9.07382675709031e-05
6.091662705218635e-05
9.302532960933871e-06
9.302532960933871e-06
2.0021987388097086e-05
7.885411707227944e-06
4.516349928101754e-05
0.0001585320669106404
1.0513882276303925e-05
5.256941138151962e-06
7.309656460641463e-05
5.256941138151962e-06
3.993243782977222e-05
5.256941138151962e-06
1.7199585825484408e-05
5.256941138151962e-06
4.2791283081302056e-05
5.256941138151962e-06
5.6996614643985734e-05
6.401875332121825e-05
7.056750055435876e-05
1.8456474301995222e-05
9.302532960933871e-06
1.0669792220203042e-05
1.3953799441400808e-05
5.8492235412976996e-05
5.152619115586448e-05
2.1339584440406085e-05
0.00010168270699077272
0.00010611275302645829
1.9253040670559063e-05
5.986615891380549e-05
7.507756267812776e-05
7.760475598274475e-05
1.2890908554252213e-05
6.462846764207802e-05
9.379342632237804e-05
7.751927167574543e-05
4.165587273663925e-05
9.302532960933871e-06
7.855939999673124e-05
6.825206315711624e-05
5.256941138151962e-06
1.778298703367174e-05
5.840880257568215e-05
2.159934141899813e-05
6.670208676293858e-05
5.256941138151962e-06
6.145027525290999e-05
4.600757554315259e-05
5.256941138151962e-06
4.798662186803309e-05
1.5808255383745294e-05
2.826618469399629e-05
1.1073884581197132e-05
9.069149810434572e-05
5.256941138151962e-06
7.103057757547073e-05
5.7918500775213055e-05
8.524599957010932e-05
5.942565694870729e-05
4.3152403514556346e-05
9.302532960933871e-06
0.0002473328060597037
4.103831215083707e-05
1.5835552912450552e-05
0.0005253594920590111
0.00022004373071868096
9.626520335279532e-06
2.325633240233468e-06
2.325633240233468e-06
1.1327104345050543e-05
4.045591822781908e-06
8.091183645563816e-06
6.445454277126107e-06
3.020215500254445e-05
9.626520335279532e-06
2.628470569075981e-06
3.384616919268433e-05
3.6210275427209184e-05
0.00021866505455274865
2.628470569075981e-06
6.068387734172862e-06
2.8109163995824124e-05
2.2849618563588955e-05
1.7389080922119824e-05
8.759625737513007e-05
6.526781469877108e-05
0.00018270428756328295
8.091183645563816e-06
9.228237150997611e-06
2.628470569075981e-06
4.651266480466936e-06
9.644628479187538e-05
2.2292124715244316e-05
7.70435593975315e-06
0.0003018632145098374
3.1797001654483144e-05
7.8902016149423e-05
6.854885569076685e-05
7.012889181092132e-05
5.876309652200422e-05
4.2287810864892636e-05
8.016098123028849e-05
2.628470569075981e-06
9.626520335279532e-06
1.3347991592064726e-05
2.7027157913772543e-05
9.228237150997611e-06
2.7279400995318907e-05
1.390634240488698e-05
3.2826336729578554e-05
3.4397520106325076e-05
2.628470569075981e-06
2.628470569075981e-06
3.6664126951074944e-05
3.6428654584624796e-05
2.628470569075981e-06
4.628430304071027e-06
2.325633240233468e-06
5.207885644560883e-05
2.1679773855329416e-05
3.51003848915339e-05
6.031357157165558e-06
2.628470569075981e-06
1.4281441826665517e-05
4.230463404978953e-05
2.7715045090324156e-05