0.00015957164059895673
0.001024753519972511
0.0013558963968293273
3.8231671408194335e-05
0.001405569903970502
0.0007342601843564561
0.0022995781380817336
0.00022233280947430234
0.0006322642486566867
0.00022713173881763112
0.0004860267810107423
5.9432425512512706e-05
8.945164580231402e-05
8.123753016770685e-05
4.394138570477147e-05
0.0001659499378982535
3.744941558071671e-05
0.0012005689456476294
0.001303088512820823
0.00025232727592801394
3.99888013150985e-05
0.00012646282883418367
1.4690395158906212e-05
0.00011609053020196002
0.000595198561788542
0.0005077897446283385
3.310385821816399e-05
6.877854845205298e-05
0.00012976189737467345
8.490954510474416e-05
0.0009363000463326625
0.0001313515909854481
8.192827586507986e-05
0.00012835510034814825
6.0511701350319906e-05
7.245208229621683e-05
1.718701340128032e-05
4.6993913216236115e-06
7.855761453897528e-05
3.7571148617774205e-05
0.0001505608633713708
2.380131231138705e-05
0.00019139412730571708
0.0007387771647270475
0.0001319122439976747
4.970809146079819e-05
0.00031060169566501884
3.3924062529600464e-05
0.00014639951268235305
0.000225914421957512
8.211525652260228e-05
3.458442712938371e-05
3.8020420043275456e-05
8.647014114564201e-05
0.00014396823439824543
0.00011644110646414022
1.3985422042838512e-05
0.00015455012036121615
0.00013229997858756355
8.2686509145385e-05
0.00015327154349320228
0.000458305834299873
5.219693563186053e-05
3.053252113052985e-06
0.00015010737759011295
0.0008311565646443235
4.708540131388387e-05
0.00010771704997837596
3.1447075922205215e-05
9.000633903474317e-05
0.00020741354027989893
9.159756339158956e-06
0.00039898679657827615
0.0001037051456170062
0.00029176067084087337
0.0004535263924969084
0.00012005128926814522
5.758945401498409e-05
0.00013747980500522925
8.733082984810517e-05
0.00010855983171890565
4.557219057087699e-05
0.00012514533989953293
8.60584969226318e-05
8.461008498193836e-05
8.575674359844213e-06
8.646319614160345e-05
3.098293883282821e-05
1.3242036974968863e-05
0.00024346401741285963
0.0001426737774712706
0.00019209349889600118
0.00027783997263975947
2.526154781475469e-05
3.9897761005605985e-05
1.615371685424115e-05
0.00020617928287514756
4.056848862142565e-05
0.00013643057257990606
6.576244264454699e-05
4.352881387809841e-05
2.8971491557544727e-05
3.053252113052985e-06
3.4886547343985414e-05
0.0006441595957217037
5.052309562950938e-05
0.00014301127975123535
5.101680915470929e-05
7.487090448244928e-06
6.842938043550191e-05
5.0121081139179465e-05
2.101821591766964e-05
5.402947773864792e-06
4.5906543740691365e-05
4.487825865903619e-05
8.908198872344331e-05
2.304579420351798e-05
2.4942779322959253e-05
7.487090448244928e-06
7.487090448244928e-06
3.838977608075472e-05
0.0002250471523063696
7.583991157010388e-05
0.00025416783399599506
3.053252113052985e-06
0.00023030826656205816
7.348803681720526e-05
5.205173191062396e-05
0.0002854587815699871
9.398782643247223e-06
0.00010010946794157999
0.00014794727525545073
0.0008723523188427908
6.069861541602365e-05
0.00010781809452467283
5.4485173049579025e-05
0.00013778407198738573
0.0004742395306874212
1.0719592949805265e-05
2.6564392158692223e-05
0.00013076441531898966
1.6962031264800232e-05
0.00018283539627749935
3.7182344012651784e-05
0.00027743119788854287
4.907930218563948e-05
2.2209086101855958e-05
8.993418967217308e-05
0.00048387197410186707
9.563637689831416e-05
0.00013703152643365315
3.517997610191492e-05
0.0001771688525003638
0.00014030809986128627
8.447298278545469e-05
3.168796702983722e-05
0.00022798894514697575
6.264608373653258e-05
3.7731354309103136e-05
4.478411495726585e-05
3.184228586885928e-05
0.0008950404792091618
5.50889818458983e-05
7.600339703373732e-05
2.4592858666550695e-05
0.00044100353104285366
6.68619109853965e-05
0.0002519175900936182
2.8499354562478447e-05
9.283751637031549e-05
0.0001351421006672365
1.4690395158906212e-05
0.0001019405850178656
3.053252113052985e-06
0.00010560617989779225
0.00013061342553378737
8.276057503522269e-05
0.000305739304488475
0.00015397137437204018
4.6908994605957624e-05
9.968331797054117e-05
6.790132773721234e-05
4.673463466507933e-05
8.742479781234801e-05
4.2873109144678295e-05
3.767009348377357e-05
0.00012308007531306342
5.531597543411128e-05
0.00029924218768495906
5.402947773864792e-06
3.974614069367181e-05
6.10650422610597e-06
7.79883934227864e-05
2.6817458790765847e-05
0.00014188433144564223
7.752495413057559e-05
4.074973246528543e-05
0.00013908200331738896
4.0132713403696646e-05
2.9380790317812424e-05
5.510290480811754e-05
9.515040718025616e-05
1.7921403638404635e-05
0.00020796319463351775
2.5720199900459217e-05
3.7640964929665174e-05
4.2810952088476456e-05
3.053252113052985e-06
0.00010757312115328973
1.7151348719688426e-05
4.795001843258919e-05
7.752566076441203e-05
3.053252113052985e-06
5.402947773864792e-06
3.053252113052985e-06
2.518339604523909e-05
0.0001419755034505349
0.0004213803746554201
3.555440575810338e-05
7.138112367360175e-05
0.0001032951541483455
5.687050067141344e-05
9.736928623346503e-05
0.00012532943226375935
5.2621449738038657e-05
1.702667376071629e-05
3.836232293675802e-05
5.3394298815805315e-05
3.867313961303662e-05
7.459127526388737e-05
3.647260932731743e-05
6.285224825761074e-05
2.8807242754397473e-05
5.607318535686597e-05
4.666191030383065e-05
0.0001905680543882652
6.789236258701259e-05
3.7472806575871376e-05
4.755052125706336e-05
3.713497491551429e-05
2.701473886932396e-06
2.1374579644004398e-05
3.463084798176037e-05
7.644601289758273e-05
4.5405360195933914e-05
3.388887720306917e-05
1.4403621377198736e-05
5.608285480440601e-06
5.361251530728112e-05
4.3050140331426576e-05
4.2270201098764235e-05
2.405412508053972e-05
0.00011298724824578402
0.00014288046252517245
4.4178999284271524e-05
3.5352242665717344e-05
2.4302570415242603e-05
3.998928704883021e-05
0.00013745079542155922
3.494683309779179e-05
1.7449996222886823e-05
5.815290982464804e-05
1.0805895547729584e-05
2.101821591766964e-05
6.692736514471491e-05
0.00016766314835686658
5.725189167275269e-05
1.2394114670883929e-05
9.690707595551504e-06
1.7443273671992707e-05
3.053252113052985e-06
3.2657517347978526e-05
7.487090448244928e-06
0.00013271079742140744
3.746646096244854e-05
2.4692088128559392e-05
6.941258846054691e-05
8.368281462707978e-05
3.1064663578800875e-05
1.4098173964870832e-05
3.354672549980923e-05
0.00011805428825544351
0.00034224799647941104
5.601638197920244e-05
3.053252113052985e-06
0.0001077389007528324
2.6059162545017077e-05
3.555715652251758e-05
7.61439783023591e-05
0.00017564169856023438
3.465330080337704e-05
0.00012413173564592046
1.5110037627143457e-05
0.0003611764501999067
2.6718052471871345e-05
0.0001014491677500301
3.436743618646624e-05
7.487090448244928e-06
9.056088714989548e-05
3.053252113052985e-06
4.6993913216236115e-06
0.0001287490508734588
0.00026350571550532977
1.075284218304278e-05
8.575674359844213e-06
1.1987504608147294e-05
0.00010757363007988938
5.318338907691817e-05
3.345145679242724e-05
3.0794274874408035e-05
3.053252113052985e-06
9.398782643247223e-06
7.245223095767339e-05
1.5616090822804028e-05
4.0132713403696646e-05
7.487090448244928e-06
0.00017771315326006585
6.000415474898079e-05
6.709345099961846e-06
1.3418690199923694e-05
3.429632156906897e-05
7.945470175346811e-05
4.2182601868498525e-05
4.983813197697124e-05
4.327132805523551e-05
1.8852983075960716e-05
0.00017110300113030232
6.640046697368143e-05
0.0001145741068821972
3.639323394248222e-05
7.950240456559501e-05
5.150998595756439e-05
2.590847588455068e-05
4.078636869842369e-05
0.00011385043628022691
0.00025034760597130015
3.673886646117554e-05
2.4942779322959253e-05
4.175871868488372e-05
3.053252113052985e-06
0.00010467296317031864
4.609189783997754e-05
3.505909792338837e-05
3.5471733389419215e-05
1.1017796369179658e-05
0.00046765293726694265
0.00011938697798713084
4.611030779951013e-05
0.00012533697314120047
0.0001254144393902242
0.00012208364324980226
2.4168484456603878e-05
5.512185422394751e-05
3.251879540862666e-05
2.3391384198474626e-05
4.424617050890893e-05
0.0003102555277647695
2.6059162545017077e-05
3.0949957647462657e-05
3.3982288278662905e-05
4.4418172203711916e-05
2.7778468868466432e-05
4.639230436857859e-05
4.004285577324289e-05
4.410462543847948e-05
5.857797023895585e-05
4.144026386855034e-05
3.335932296230718e-05
4.760173748037478e-05
7.609857840880046e-05
0.000453834972591237
6.04134247258354e-05
0.000186705828006094
6.904882108905172e-05
8.583292311745197e-05
2.056689062832078e-05
2.179406921983161e-05
0.0001094380268100684
7.487090448244928e-06
0.00024584206736264944
0.00015581963232011797
4.271465576537289e-05
0.00017448920198443534
0.00010195749400856485
5.616564572556396e-05
3.4516330121334145e-05
0.0001272059118294508
0.00011494168693467632
4.1496227337129025e-05
3.1527323876504464e-05
8.305106565860816e-05
4.456159636136169e-05
8.945793466615796e-06
0.0002475008821240453
0.0001983539137531977
6.324514779748852e-05
3.9859532486167815e-05
4.39580864920904e-05
2.101821591766964e-05
0.0003536231776019304
8.008571154648578e-05
8.758235665377488e-05
4.30133177848633e-05
0.00018585876665252264
0.00023767628561580413
2.41339585443335e-05
3.7910459808028134e-05
0.00037471455694521044
0.00025088592594320433
4.112742685656441e-05
3.053252113052985e-06
5.1937267421604156e-05
0.00011096713575296796
0.00012200981378860202
5.6587701539829896e-05
5.017718518864086e-05
1.1752251487778245e-05
1.4256668379490936e-05
5.730895829735388e-05
2.6973247784843324e-05
0.0002767320348265944
6.340834043603028e-05
0.0001868407237191409
1.612926327456417e-05
0.000106914416514802
6.673228046402354e-05
4.834101201558744e-05
1.0328428892403274e-05
2.5381812687835383e-05
9.871466216639256e-05
7.261491480113393e-05
3.813962113470532e-05
0.00017860998690411213
1.6208843321594375e-05
5.315932077270073e-05
5.2346025920669524e-05
3.276184307829799e-05
0.00015143475282755432
1.2394114670883929e-05
4.512884239473048e-05
3.053252113052985e-06
5.14586360231393e-05
7.487090448244928e-06
3.053252113052985e-06
9.892806193486079e-05
1.598333947752973e-05
8.945793466615796e-06
3.053252113052985e-06
4.005561695540802e-05
8.439711046086765e-05
1.4690395158906212e-05
3.053252113052985e-06
0.0006178719485260917
4.991393632163286e-06
3.053252113052985e-06
2.865510470802707e-05
6.621248353976259e-05
0.00011759709836437141
0.00028793646879649097
2.0146716836191273e-05
5.402947773864792e-06
4.187923269806875e-05
5.764118331649669e-05
3.053252113052985e-06
3.053252113052985e-06
3.360800440148676e-05
4.991393632163286e-06
2.3795449394845665e-05
6.680354572292633e-05
2.143918589961053e-05
0.00010827954161830743
3.024760489211735e-05
2.101821591766964e-05
3.053252113052985e-06
1.598333947752973e-05
0.0001435750631821785
5.472333216362274e-05
5.402947773864792e-06
7.487090448244928e-06
7.487090448244928e-06
9.398782643247223e-06
3.720601523644641e-05
4.124022073385941e-05
3.164652250192268e-05
0.0001930034132059
9.938132662022996e-05
1.1628849114661803e-05
3.681535774532476e-05
3.053252113052985e-06
1.2863511539766318e-05
3.053252113052985e-06
3.053252113052985e-06
0.0003485917772322082
1.550513215288241e-05
0.00010216004256429775
0.00010328428892403274
2.4956968160816433e-05
7.487090448244928e-06
4.140015864735523e-05
5.6477587926965245e-05
9.222324173665394e-05
4.238321282333337e-05
1.497418089648986e-05
2.518339604523909e-05
3.819722669190116e-05
3.499349417546368e-05
0.00010351495779783728
0.0002307804162945894
4.527964127917792e-05
0.00013903322813796611
0.00012210174861766404
7.861303075492907e-05
4.603802435304898e-05
9.836001059069474e-05
2.9342923145142812e-05
9.941618292159638e-05
5.145404615906527e-05
0.00019085282665894264
4.379359244245465e-05
2.236448366653949e-05
0.00014736556239053648
0.0007542193252292119
0.00033800073483802184
0.00011124093523667977
0.0005736304860571827
9.159756339158956e-06
3.469056766166168e-05
0.00027598961603143135
3.553817707933053e-05
0.00015376159933896505
8.387050958073158e-05
0.00011319406292730943
4.8710838077202e-05
0.00016404843479268701
3.992415775059476e-05
4.3250519974177615e-05
6.25628004601846e-05
2.114726094730625e-05
0.00013904686477509359
0.00011693630016619417
1.1987504608147297e-05
6.43175576988316e-06
4.193596576596809e-05
2.9754668402763307e-05
7.647906992615127e-05
5.306496206409442e-05
8.973256768704962e-05
0.00017538934984011575
3.9271444124187964e-05
1.1182241833269744e-05
0.00012824660240464366
9.721641588569012e-05
0.00012640222059844602
0.00012210773628075196
0.00010572297685115274
4.297032745617755e-05
0.00012798689193266715
2.517702711003049e-05
5.394649556968665e-05
7.863195336643316e-05
7.238236887610781e-05
7.410592790559959e-05
6.174355767596026e-05
0.00021732904841943767
4.363205216808142e-05
6.10650422610597e-06
2.0599385817297676e-05
2.7592054459429848e-05
4.60351176345302e-05
1.0719592949805265e-05
2.4486156341237854e-05
0.00010449626823362032
4.395620003507304e-05
0.0003445303998360645
7.964062324736138e-05
7.487090448244928e-06
1.0719592949805265e-05
4.668031831600203e-05
8.079717337398415e-05
0.0001408468867193359
0.000378910947009891
0.00036846127812085284
1.8319512678317912e-05
8.945793466615796e-06
0.00016287809200300575
4.542573682587775e-05
4.050393311393963e-05
5.7800093773591515e-05
9.159756339158956e-06
3.0701191760497946e-05
3.233123520380435e-05
2.9418688580622915e-05
3.053252113052985e-06
3.8197582928340317e-05
0.0001228924137976198
7.049086982435416e-06
0.00020155982440823463
5.7816286226812254e-05
1.0719592949805265e-05
0.00010709721661260189
0.00011307498615061819
3.4886547343985414e-05
3.922963706871286e-05
6.67098786978247e-05
1.9298775193654927e-05
3.1437476689737736e-05
0.0001698633181974212
1.8852983075960716e-05
0.00018143074958788943
9.159756339158956e-06
1.978683659965121e-05
9.670795162572667e-05
2.5727023079532635e-05
1.965798834160829e-05
2.495696816081643e-06
8.448656084623433e-05
3.4516080980431426e-05
8.175376132091091e-05
2.747926901747687e-05
3.5804827483349045e-05
2.350450297555649e-05
4.699391321623612e-05
6.207017450508982e-05
3.155147213965132e-05
3.9306515377464534e-05
5.4373387329743856e-05
6.197057335441964e-06
1.221300845221194e-05
2.1605432065798105e-05
4.235188506441683e-05
0.0001033025344741165
8.467170458778017e-05
3.053252113052985e-06
3.053252113052985e-06
4.991393632163286e-06
8.067704285232451e-05
0.00013001580645520628
8.945793466615796e-06
3.053252113052985e-06
3.053252113052985e-06
4.763956533049276e-05
0.00033590583266149585
4.138727130478177e-05
5.069956549609504e-05
2.139980971141814e-05
1.7252492966306214e-05
1.1357156962039295e-05
1.652548622784524e-05
3.4305757348759536e-05
4.701021798749877e-05
7.487090448244928e-06
7.487090448244928e-06
8.604094268613915e-05
5.678578481019647e-05
1.7812178607077212e-05
4.3288754357739634e-05
6.10650422610597e-06
3.6453855622863906e-05
7.235249723466577e-05
3.053252113052985e-06
5.402947773864792e-06
3.053252113052985e-06
5.402947773864792e-06
4.2405747885016495e-05
1.612926327456417e-05
2.495696816081643e-06
0.0001086052397074107
0.00020616568325384393
9.601451508210375e-05
4.9618153788027226e-05
3.580811898255368e-05
1.3566990633772106e-05
1.7443273671992707e-05
6.214488544861702e-05
5.522181602522804e-05
2.111382674113038e-05
0.00010388083257962861
7.049086982435416e-06
5.402947773864792e-06
0.0001254759243590121
1.8797565286494446e-05
2.4130087704149005e-05
1.6208843321594375e-05
9.144104857433987e-05
1.9979174346912158e-05
2.701473886932396e-06
9.398782643247223e-06
2.056689062832078e-05
0.00010049827169049246
4.311542102839058e-05
1.9266697924530504e-05
3.053252113052985e-06
8.742435592893758e-05
4.568195249967905e-05
0.0001251557424124762
5.5174108776332164e-05
4.228936483464543e-05
3.3972520650030934e-05
7.991669738764864e-06
2.3383855615274296e-05
3.746646096244854e-05
1.4690395158906212e-05
8.569537761800326e-06
1.786575509889986e-05
6.709345099961846e-06
4.125483914965814e-05
4.9621733223804987e-05
8.087835045963606e-05
0.00012065146627066077
2.4977640641632362e-05
2.139980971141814e-05
6.900997186522486e-05
5.305304850733016e-05
8.293655609112437e-05
0.0001520531358757286
1.598333947752973e-05
2.139980971141814e-05
1.0073358418095636e-05
5.402947773864792e-06
0.00010498657747944782
0.0003561199107246873
0.00010156740224039132
5.638720769600962e-05
3.876892045017876e-05
9.679105267628188e-05
3.672598789726553e-06
8.474169628773425e-06
0.00016687432321663492
8.680621460297236e-05
8.057857056032452e-05
3.809305392664456e-05
2.4803387454135768e-05
3.053252113052985e-06
3.053252113052985e-06
0.00016319291085557786
5.6064013756595585e-05
0.00011147764685920939
4.5465799505349856e-05
5.3066487856994036e-05
3.305338910753898e-05
5.926008320971782e-05
5.017782667590042e-05
4.3220040317915594e-05
3.9206579827153756e-05
8.87786318184152e-05
0.00011917645873642179
0.00012033007022575564
0.00012988074312699944
0.00010025234352192255
6.431755769883159e-06
7.324079094204584e-05
4.5267551824808225e-05
7.072457700832199e-05
3.606061594183164e-05
4.400827340330125e-05
3.053252113052985e-06
1.0073358418095636e-05
0.00010769324529588762
3.584691991705041e-05
2.139980971141814e-05
6.431755769883159e-06
2.2479388786042307e-05
4.472896733307898e-06
5.680807855901042e-05
5.8224560211209e-05
2.9825303416669224e-05
7.654427414588552e-05
3.364453909081205e-05
7.487090448244928e-06
4.4397065453179256e-05
2.208937955422334e-05
5.788986578562986e-05
1.612926327456417e-05
3.1385782520673454e-05
1.703573544305894e-05
4.376713119278091e-05
3.623828258830723e-05
1.5117735936759473e-05
1.1603289151196402e-05
0.00031345170754533603
3.506487784624594e-05
4.0486376504135227e-05
3.522301191801017e-05
6.760014696760436e-05
3.8087712143336105e-05
9.05334017684378e-05
9.143540043913722e-05
3.145136935516607e-05
3.327013145882897e-05
5.016214031924481e-05
0.00010572349327021194
2.150568436608556e-05
0.000333279157309403
8.050668313559774e-05
3.053252113052985e-06
2.7802017484469617e-05
3.669326424769375e-05
8.545766160499032e-05
2.0497355279197243e-05
0.00020331740888992895
4.229040577200722e-05
3.053252113052985e-06
5.093499450000412e-05
1.4815252877135638e-05
3.563069239053056e-05
3.507005747319472e-05
3.875944171665603e-05
0.00012651628407324417
3.993114905730629e-05
7.487090448244928e-06
1.2863511539766318e-05
0.00014928038319088615
1.1997352866520456e-05
3.6217578930366925e-05
0.00012559393027299643
4.991393632163286e-06
0.0001434308282043863
2.956803609306544e-05
4.741944560141416e-05
3.305338910753897e-05
0.00010897292399586744
7.777955543687319e-05
1.2922973483392922e-05
1.1182241833269744e-05
7.487090448244928e-06
3.361598241305196e-05
8.945793466615796e-06
4.51889744033109e-05
2.7869411714802347e-05
7.1850849457277e-05
0.0001414926004092763
1.612926327456417e-05
3.4886547343985414e-05
0.00010029286647809474
0.00014988582277808418
7.653182830265429e-05
1.3192690983733512e-05
5.8253527405932925e-05
1.884670140533359e-05
0.00011854471529479615
4.3161167002533976e-05
0.00012359381445395162
5.402947773864792e-06
1.2544982546883245e-05
1.5081304815093127e-05
2.603557867855388e-05
4.8755933560295105e-05
3.688227760447365e-05
7.12147180041586e-05
5.458980724663845e-05
2.182560990587388e-05
5.090776804901555e-05
4.210287374124115e-05
8.399932764205398e-05
3.196667895505946e-05
4.7946464400368494e-05
4.371827433851661e-05
8.691480757503648e-05
0.0003339025867257044
1.895390188955288e-05
0.00010752842183042781
1.4403621377198736e-05
8.040452201171474e-05
4.7576309470499086e-05
0.00011737169258057125
5.402947773864792e-06
4.5845494660896004e-05
3.275939428477565e-05
4.9677147982433327e-05
0.00029655927633754855
2.883042190890223e-05
3.511211822789137e-05
9.098844878219733e-05
3.509231565042447e-05
8.802876943542844e-05
5.180783773505678e-05
3.0173126314924937e-05
3.053252113052985e-06
1.598333947752973e-05
3.746646096244854e-05
3.538279052456183e-05
8.532532594164705e-05
1.6461392085706262e-05
9.989587173456079e-06
0.00033444982722789925
1.3192690983733512e-05
3.145136935516607e-05
0.00010426819474962092
3.640344288784727e-05
5.8311747387466854e-05
0.00013709859531388678
3.2194014641426584e-05
1.7769088539665266e-05
5.5154911496545e-05
3.008201574012415e-05
4.991393632163286e-06
5.466531308945509e-05
3.300271054986955e-05
5.076028402805972e-05
2.906264956398109e-05
1.7443273671992707e-05
1.819661697124111e-05
0.0004197877448011826
3.007570305657677e-05
1.9927594887366e-05
4.235302052939152e-05
5.02378131338176e-05
4.716496395396137e-05
4.855882458488936e-05
3.584280727680927e-05
1.3192690983733512e-05
2.906264956398109e-05
2.3795449394845665e-05
1.1987504608147294e-05
7.049086982435416e-06
3.942451525169802e-05
1.4012143945113095e-05
2.2280798180680845e-05
3.461751786173096e-05
7.505069446195967e-05
0.00011533030795883348
3.803812808021565e-05
1.1628849114661803e-05
1.2854095764042935e-05
4.172392334715725e-05
3.053252113052985e-06
7.049086982435416e-06
2.6798632648349788e-05
6.200343585643964e-05
3.618978822981767e-05
3.5441538420019454e-05
3.562175814172399e-05
0.00016667616284016346
3.053252113052985e-06
4.8629175241593824e-05
2.2769733910808775e-05
7.843452525693082e-05
7.049086982435416e-06
1.5266260565264927e-05
8.481015632400116e-05
4.8274441756087994e-05
5.836688565576276e-05
9.982787264326572e-06
1.5725684677583034e-05
2.3728758609550744e-05
4.278311213270047e-05
0.00020575773129190408
6.618507968993091e-05
4.00923956212071e-05
9.398782643247223e-06
1.67644391413197e-05
2.9529540354298224e-05
2.589470762656764e-05
4.1503114867159315e-05
7.361147745499957e-05
4.037843273411355e-05
8.960701819202318e-06
4.721051394190093e-05
3.053252113052985e-06
7.669563976090641e-05
3.053252113052985e-06
1.5863632929897112e-05
1.2394114670883929e-05
8.945793466615796e-06
4.3250519974177615e-05
5.617784690111924e-05
2.056689062832078e-05
1.4690395158906212e-05
5.968120968564797e-05
0.00011043786132965006
2.945874356735737e-05
3.053252113052985e-06
3.753646849105106e-05
7.487090448244928e-06
0.00033630973813728423
3.412794438958466e-05
9.546110987946786e-05
3.450498593261243e-05
0.00013166026306804884
3.508306110221734e-05
2.4209906211546722e-05
9.159756339158956e-06
5.913748167548853e-05
3.6717163326786294e-05
0.00011858150767100397
1.8567520479491358e-05
8.569537761800326e-06
7.049086982435416e-06
3.674401840860263e-05
3.3850124430488736e-05
4.525785330740156e-05
4.009124865419299e-05
8.276057503522269e-05
3.3511412929524766e-05
3.5171281827904905e-05
3.384954764488893e-05
8.569537761800326e-06
6.895602057281867e-05
0.00012839282432614815
6.370151249097679e-05
2.9948361792979712e-05
8.178894241828439e-05
3.178028438916341e-05
1.9530877584545562e-05
3.4568691305276965e-05
2.4803387454135768e-05
3.872405669149201e-05
3.053252113052985e-06
1.931432770502982e-05
4.6541105711362624e-05
2.329849768410066e-05
2.7221087189907914e-05
0.0001320673861761548
4.271465576537289e-05
2.2263598838577494e-05
9.930176805404069e-05
2.3055153899755063e-05
7.410592790559959e-05
3.67370161019973e-05
8.351576827514675e-05
3.76783598503632e-05
5.188173122847687e-05
3.079322119597586e-05
4.253404453281852e-05
3.407147088611788e-05
3.8370788673666535e-05
3.122151089549552e-05
0.00013410697862874758
2.2280798180680845e-05
1.0805895547729584e-05
7.487090448244928e-06
3.78791088224176e-05
7.540652407546564e-06
3.5352242665717344e-05
4.9608473753233214e-05
5.256204300778694e-05
5.378681503994469e-05
1.9753670502847514e-05
4.245477255237208e-05
1.4337122910723708e-05
6.649469309038057e-05
2.3795449394845665e-05
4.1496227337129025e-05
4.7833309075243556e-05
4.1503114867159315e-05
3.053252113052985e-06
0.00010241034483134984
5.402947773864792e-06
7.247698351123804e-05
6.496676183873019e-05
3.220602718702551e-05
1.8687567899670587e-05
2.3867896829860877e-05
9.568191557140497e-05
2.0967579570110716e-05
3.6437979012024597e-05
3.578490499855174e-05
3.424430081523118e-05
3.053252113052985e-06
7.487090448244928e-06
7.487090448244928e-06
9.398782643247223e-06
3.95367347877691e-05
1.598333947752973e-05
0.00042446147857195843
3.053252113052985e-06
2.2769733910808775e-05
2.296151728955619e-05
0.00010541096795131037
7.278646788496445e-05
3.954961231175749e-05
7.487090448244928e-06
2.4692088128559392e-05
3.499349417546368e-05
3.053252113052985e-06
5.713573731126228e-05
2.6506634075237716e-05
1.6461392085706262e-05
4.287295218313941e-05
3.053252113052985e-06
3.053252113052985e-06
3.7153151210091765e-05
2.8517255536139112e-05
1.9753670502847514e-05
1.3985422042838512e-05
1.1182241833269744e-05
3.2194014641426584e-05
4.942267136325282e-05
1.9266697924530504e-05
4.32971481650789e-05
5.401563710927589e-05
1.2854095764042935e-05
4.201734122117435e-05
5.908396329769484e-05
0.00016844800955378007
3.053252113052985e-06
6.688808669586505e-05
6.925692005435118e-05
0.000248756859733623
4.93827838088817e-05
2.3795576039315306e-05
2.9397063715205773e-05
0.00016081576636451305
3.598590439233545e-05
2.8765776301052392e-05
5.475009677962631e-05
3.696157707733828e-05
2.9008435585738917e-05
0.00010354543335549542
5.199427807167623e-05
0.00011365782529043233
3.677399266232077e-05
3.407147088611788e-05
2.1509122816951528e-05
2.6829450168622963e-05
3.053252113052985e-06
1.810753129427689e-05
3.4568381872335394e-05
1.598333947752973e-05
1.2863511539766318e-05
6.472418245969782e-05
2.0999831910513496e-05
6.528883430938517e-05
2.1985303889106818e-05
2.419776316907047e-05
8.026542680739329e-05
6.962024540577341e-05
3.053252113052985e-06
3.674239507326816e-05
3.0701191760497946e-05
4.9141396074242816e-05
1.4459800449364584e-05
4.0985882192359326e-05
2.4692088128559392e-05
3.0928202912385725e-05
5.433419225502471e-05
4.254570552575042e-05
3.053252113052985e-06
4.093562909211741e-05
8.574075237823761e-05
3.053252113052985e-06
4.64187472869024e-05
4.896567725824714e-05
3.620775157790993e-05
2.2355193267887376e-05
4.394138570477147e-05
3.053252113052985e-06
4.309533460907778e-05
2.8901618121172865e-05
3.053252113052985e-06
2.8971491557544727e-05
2.6712495881157067e-05
1.771579935657891e-05
3.361427223919543e-05
1.6208843321594375e-05
2.1611791095459167e-05
0.00014046012488514004
5.402947773864792e-06
0.00010315279596701721
2.8545878156998716e-05
1.1182241833269744e-05
3.1275175156369424e-05
5.4359580910945255e-05
4.422799896783142e-05
4.2968346474906565e-05
5.5220558865705175e-05
4.3125444032922665e-05
2.865447914867694e-05
6.57791616996829e-05
5.080918959796173e-05
1.884670140533359e-05
1.715735202037907e-05
4.09746080688293e-05
2.0999831910513496e-05
4.0609114674432456e-05
3.8100436905974945e-05
2.9039683910694716e-05
8.019006232743528e-05
4.9520505833395156e-05
1.97135440022451e-05
4.2343181957778554e-05
2.528318009955432e-05
6.952518883307383e-05
1.2863511539766318e-05
1.1308020843200153e-05
0.00010248981117152798
1.1628849114661803e-05
2.4692088128559392e-05
2.5880457198550035e-05
1.2863511539766318e-05
3.424876167078117e-05
0.00031113834247383263
3.8597550387309855e-05
0.00018330800266448525
4.511706661403792e-05
0.00010655742412837142
7.722405752413515e-05
6.853537325175952e-05
7.487090448244928e-06
0.0007537217151227633
2.4942779322959253e-05
4.4786013620750816e-05
3.616562751867402e-05
0.00010014971986713414
5.643770209109097e-05
4.354335646397137e-05
7.482833796887776e-05
0.00010711314173432725
7.84950737522488e-05
3.053252113052985e-06
2.701473886932396e-06
3.772661547232647e-05
4.4646659896036746e-05
1.792338003660321e-05
4.740793698639915e-05
7.201655972128581e-05
5.895026259128279e-05
5.690291457335618e-05
0.00024871083744756385
7.982636222442422e-05
4.157875767289245e-05
0.00019197063049750335
5.091259193571619e-05
3.328466719023516e-05
3.4886547343985414e-05
5.424706769625406e-05
4.200950114431857e-05
5.839718963258832e-05
4.604563925578883e-05
4.771320666473566e-05
0.00010472150365294388
3.0676675265130415e-05
2.3785981177992485e-05
2.4683300417007352e-05
0.00039609828971187244
3.874083464164111e-05
4.164964204818893e-05
2.9207800346018097e-05
3.5362288504160996e-05
5.07465240981174e-05
5.7321823455594784e-05
5.018972052431315e-05
5.030654560852842e-05
3.359375440844513e-05
4.71834971459786e-05
9.159756339158956e-06
7.87436221487198e-05
8.217427305740494e-05
9.159756339158956e-06
3.053252113052985e-06
6.43175576988316e-06
9.159756339158956e-06
9.159756339158956e-06
1.6208843321594375e-05
6.10650422610597e-06
6.10650422610597e-06
6.10650422610597e-06
6.10650422610597e-06
1.9381415191103008e-05
1.0805895547729584e-05
7.748166928328222e-05
1.938446022508938e-05
3.053252113052985e-06
2.3994705733040913e-05
5.07465240981174e-05
5.402947773864792e-06
2.0199293343496037e-05
9.053787520342284e-05
4.462355235431024e-05
0.00015560396330421844
2.820590220611105e-05
2.22678175311403e-05
4.3615542378995295e-05
7.936489788461991e-05
4.0265752653200244e-05
4.5574696928265424e-05
4.9596391069623114e-05
4.302039918065749e-05
8.945793466615796e-06
1.8724707790358355e-05
3.000975794841313e-05
2.8036592678432984e-05
5.389288197985573e-05
4.266534322161552e-05
7.928972393435304e-05
1.5077361124266873e-05
3.2043489049129716e-05
3.81442869948681e-05
4.4101937957741936e-05
3.053252113052985e-06
3.282534839458569e-05
2.7810217984791885e-05
3.700327217243914e-05
4.278503344938275e-05
3.014089563203415e-05
1.965710584697879e-05
3.454089212909436e-05
3.3534215406272966e-05
9.937512341784383e-06
0.0001099330448078696
1.3169113668565012e-05
8.26274311392262e-06
6.439980566788351e-05
4.3467382756057246e-05
2.547349157395239e-05
2.045990556627095e-05
3.3534769308734644e-05
1.9927594887366e-05
1.028344531416039e-05
5.402947773864792e-06
4.5821332742144575e-05
8.015415741561404e-05
1.2863511539766318e-05
1.918116146837901e-05
9.464487819744647e-05
4.009966540790728e-05
7.487090448244928e-06
3.045316961190478e-05
0.00019873952980646055
3.538061686049872e-05
3.8681413097374814e-05
3.66551465693517e-05
3.435007269454877e-05
1.2863511539766318e-05
5.2329821015978124e-05
2.182560990587388e-05
2.747926901747687e-05
0.0005371313447139681
0.00021270625431939687
0.00011308020843200154
2.5638218185658316e-05
4.7536392681531064e-05
2.4335533678945318e-05
4.1503114867159315e-05
2.0199293343496037e-05
1.781425402491224e-05
2.701473886932396e-06
4.609189783997754e-05
8.630720940760252e-05
0.0001358430499324489
0.00010853221314289557
1.1104543050927979e-05
4.8217344547659564e-05
0.0001002863164327344
4.934070932785657e-05
3.592326908277638e-05
1.846782376650867e-05
2.701473886932396e-06
3.9347792627783484e-05
4.774057458901265e-05
9.690707595551504e-06
2.3795449394845665e-05
4.0398586686992074e-05
3.556293519590798e-05
3.530201015035463e-05
6.390113262872278e-05
1.6962031264800232e-05
5.0445534552758695e-05
2.6321437433213693e-05
1.5425167971240587e-05
5.5798918369507045e-05
5.051818410523863e-05
3.053252113052985e-06
4.668031831600203e-05
3.053252113052985e-06
3.053252113052985e-06
1.2394114670883929e-05
3.293687204880498e-05
5.521516569040681e-05
3.365338554370095e-05
3.053252113052985e-06
2.6968175980825093e-05
7.487090448244928e-06
0.00010652741973934111
4.611294665319735e-05
3.7378598982728435e-05
4.077982593856959e-05
1.4459800449364584e-05
0.00011183348308801203
4.812687443510587e-05
5.156048962157519e-05
0.00018973544339246558
5.590356684035431e-05
1.836299394863276e-05
3.505434093230423e-05
1.2862624206697442e-05
8.977413920482159e-05
4.6993913216236115e-06
8.483244806965023e-05
2.553421558453371e-05
8.474945671185904e-05
8.26274311392262e-06
1.1182241833269744e-05
2.2560952340554284e-05
1.5266260565264927e-05
2.2278053293242634e-05
4.77557236051e-05
5.0563370997945625e-05
8.516082511274284e-05
3.053252113052985e-06
4.3970747999224904e-05
2.9196526558364365e-05
9.398782643247223e-06
3.359375440844513e-05
2.701473886932396e-06
6.827356322089988e-05
1.8707084492219437e-05
3.51142310821391e-05
4.298265706204061e-05
0.00010599338592704806
5.695188322780161e-05
5.40056981945132e-05
5.007525055716581e-05
1.2394114670883929e-05
9.398782643247223e-06
3.329054807662981e-05
1.2863511539766318e-05
4.3641436617038054e-05
7.487090448244928e-06
6.779933539158428e-05
5.4407985872578286e-05
2.2278053293242634e-05
3.8393341804517656e-05
5.382421309014068e-05
1.2863511539766318e-05
3.053252113052985e-06
1.1628849114661803e-05
1.3169113668565012e-05
3.9928396951253925e-05
2.3496956608118058e-06
2.236448366653949e-06
9.690707595551504e-06
5.317240771879716e-05
2.150568436608556e-05
7.049086982435416e-06
9.159756339158956e-06
4.95072039058254e-05
4.2837257021755804e-05
5.0362747498879685e-05
8.575674359844213e-06
1.6526694553769486e-05
4.113378125664156e-05
4.7582800881931485e-05
4.35882670855694e-05
7.819751193116462e-05
3.6656061092883034e-05
0.00010842607898234057
3.80011827263997e-05
1.3271148435620165e-05
9.18149697431638e-06
1.5077361124266873e-05
7.049086982435416e-06
3.053252113052985e-06
3.053252113052985e-06
3.053252113052985e-06
3.5362288504160996e-05
3.053252113052985e-06
2.73668806166776e-05
4.4443669959051284e-05
2.5638218185658316e-05
2.996684517726846e-05
4.6063433843394995e-05
4.991393632163286e-06
4.1713464229710505e-05
3.657732404389489e-05
0.0001017525024144251
3.053252113052985e-06
2.7988646726574804e-05
7.901096881609117e-05
1.3711260418880521e-05
0.00011917645873642179
2.5727023079532635e-05
2.819634792974167e-05
0.00011508696881027407
6.10650422610597e-06
0.000139943233632874
8.945793466615796e-06
2.7133981267544212e-05
2.4977640641632362e-05
4.191299551674492e-05
3.1232181645608055e-05
4.311849856615547e-05
3.838663291559935e-05
3.196860244729835e-05
1.884670140533359e-05
3.053252113052985e-06
6.153211425221598e-05
4.5504303609809084e-05
1.3566990633772106e-05
2.701473886932396e-06
0.00010619080922138143
3.867865806833772e-05
3.993079706126971e-05
5.300299899772397e-05
6.275677428291439e-05
1.1987504608147294e-05
0.00010117892638493396
3.5239591006432635e-05
4.834101201558744e-05
3.053252113052985e-06
1.0719592949805265e-05
4.323753298322617e-05
5.469594730667802e-05
2.922565041169721e-05
1.1308020843200153e-05
2.8610258079580102e-05
3.642043223569978e-05
3.588415223844114e-05
4.105441934619079e-05
0.0001357735599222047
2.375233869988299e-05
3.4512849291065735e-05
4.8966625732038875e-05
4.595594525170932e-05
3.0701191760497946e-05
4.219591336747856e-05
2.2209086101855958e-05
3.3642606940060684e-05
5.402947773864792e-06
6.257136938930393e-05
5.769510407364735e-05
2.2209086101855958e-05
3.225185629105595e-05
3.568234769624839e-05
3.562496653945381e-05
3.053252113052985e-06
2.654229687124033e-05
9.398782643247223e-06
3.689112648155197e-05
3.145136935516607e-05
4.2878371799221065e-06
1.884670140533359e-05
5.814424557330902e-06
3.862865541005964e-05
4.329059855914894e-05
5.241894892527678e-05
9.351734810775801e-05
4.717136419079666e-05
3.7105998064295826e-05
0.00010273736834373415
4.81289544897088e-05
4.879271689566586e-05
2.1883565596390456e-05
4.360534403290768e-05
0.00010872204324786836
7.487090448244928e-06
1.2863511539766318e-05
5.402947773864792e-06
1.5077361124266873e-05
3.074398666835647e-05
5.079776685918943e-05
5.067809288570597e-05
3.812548427218298e-05
4.200824673681752e-05
4.350620158431535e-05
7.283372125424457e-05
1.713907552360065e-05
7.685201880883809e-05
5.402947773864792e-06
1.5863632929897112e-05
4.0800238310723134e-05
3.668538504893189e-05
3.571919595926989e-05
4.350620158431535e-05
3.464897886095156e-05
4.8755933560295105e-05
4.3785077715869074e-05
3.053252113052985e-06
4.95072039058254e-05
8.575674359844213e-06
2.8392892405098235e-05
8.306622748959298e-05
9.398782643247223e-06
3.053252113052985e-06
4.991393632163286e-06
4.128980715120027e-05
3.5646788532219735e-05
3.053252113052985e-06
6.236065772093004e-05
3.053252113052985e-06
1.0805895547729584e-05
3.053252113052985e-06
3.053252113052985e-06
3.053252113052985e-06
3.053252113052985e-06
9.982787264326572e-06
5.402947773864792e-06
3.053252113052985e-06
3.053252113052985e-06
3.940076897353722e-05
2.495696816081643e-06
3.053252113052985e-06
3.053252113052985e-06
3.053252113052985e-06
3.053252113052985e-06
3.053252113052985e-06
3.053252113052985e-06
3.053252113052985e-06
3.053252113052985e-06
3.053252113052985e-06
7.487090448244928e-06
5.402947773864792e-06
1.97135440022451e-05
3.053252113052985e-06
7.487090448244928e-06
3.053252113052985e-06
3.053252113052985e-06