2.9712150389509087e-05
2.9566273581494327e-05
0.00019749431581609427
0.0001554640309157254
0.0001703472455258835
0.002382501811684838
0.000789642502349997
1.5146291512588983e-05
5.596863647836977e-06
5.859756638528944e-05
0.0003058690112030689
7.198099066362824e-05
1.3724456024677544e-05
0.0003583562670830439
0.00022554333838137536
0.0001233464455690222
2.0728537455430054e-05
5.596863647836977e-06
0.00027132023325235073
6.559351720784755e-05
0.00015730442987550827
0.00010021426471880386
3.14173429522845e-05
0.0004685442446581238
5.168623778399263e-05
5.0578517873751846e-05
6.181120950662e-05
4.744101853388344e-05
0.0003079554297613949
0.004041705353218051
0.00013095248082511276
0.00015444744896249153
0.0025878966455596367
5.233372348031535e-05
0.0004394606478546434
6.149392238235707e-05
0.0001200244442492944
9.203851220788897e-05
2.6254347539048504e-05
1.9808100259672723e-05
5.596863647836977e-06
0.0004655198779053092
5.596863647836977e-06
6.128170638435964e-05
0.00023536572666062
2.9566273581494327e-05
7.475081397598212e-05
3.6930598230552126e-05
0.0014525673497162736
0.0013945119208277103
0.000972342101436093
1.831173949540295e-05
9.149637349785031e-06
6.909382690652972e-05
9.904050129836362e-06
0.00011108092595062409
7.925346019288542e-05
0.0006120710574716295
9.298235750923811e-05
5.642141243268964e-05
0.0005176920345658021
0.00011359718634441734
0.003477636457165936
8.404014310486218e-05
8.126397744844088e-05
8.054819424679161e-05
4.084254583796985e-05
0.00039895957983008987
0.00015880591608765642
9.136388316247346e-05
0.00012925709380693246
9.149637349785031e-06
0.00015546648623108303
1.7228745927997543e-05
0.0003891574885663838
0.00013232357015811205
0.0004035156373596649
8.289256967016688e-05
0.0010253346558642899
7.110427979549476e-05
0.00021322374291443102
8.928569447131197e-05
1.1193727295673953e-05
0.00016982797071392
0.00017293802390550716
7.44876883800902e-05
6.730559713586841e-05
9.904050129836362e-06
4.7125241312385974e-05
1.7228745927997543e-05
7.621730165903143e-05
0.0004796854966339038
0.00014547309209428225
9.064552754742274e-05
0.000181244890757467
0.0003220657355150455
0.0002149182201071328
0.00016010821060728365
0.00010501190698451008
0.00015999672552231397
8.291414982172023e-05
7.349267708609241e-05
0.0004028767506973988
0.00012617358257259817
7.806583040693249e-05
6.547624041255638e-05
9.488203706776688e-05
0.0002492884189635957
8.687317096961328e-05
5.685690004955789e-05
0.00011039021325300192
5.733966739840056e-05
0.00023181682458476674
7.506518755443182e-05
9.451071628605907e-05
0.00042599837237700426
0.0015084731182960962
0.0001924490796202209
9.677171920043038e-05
0.00035524631167371205
0.0001500042439653831
0.00010121918653328409
0.00020013235138398368
6.77763835073342e-05
0.004332609904816649
0.0015279109472836096
0.0006122357781506607
0.00013540258081513906
7.513051186840001e-05
0.0001317006466523441
3.751854912886917e-05
4.6730820170415234e-05
6.281550375480816e-05
0.00010524579026444453
0.00013290849271849683
8.508940292140455e-05
5.044634111045715e-05
0.000571820603590056
2.6506010147030717e-05
8.257597634727949e-05
0.00021415352656919867
9.260880228079036e-05
5.666063059257819e-05
0.00010473453200365221
3.1067707601427985e-05
8.442174938419253e-05
7.381045486353548e-05
2.271943726888347e-05
7.820910283781854e-05
0.0001338644660736021
2.3562620656192987e-05
0.0004551190539651398
0.00039094804631995553
0.00039579083417374666
6.797190712953684e-05
4.9826085398102984e-05
0.0004979953410441738
8.365498937134141e-05
0.00011541240910693709
5.38826139788087e-05
0.00041490338574330616
7.669876017324079e-05
4.097891818579656e-05
0.0003235272667349405
3.317433486243342e-05
1.6398379301961887e-05
0.0003917857730053673
5.596863647836977e-06
0.00014842975325876946
0.0002657126102261629
7.573145756294491e-06
5.596863647836977e-06
0.0001306070201852457
9.904050129836362e-06
2.827560865705605e-05
8.064192187617188e-05
8.850268091800589e-05
0.00011593358671449398
5.596863647836977e-06
0.00017993284019336705
0.0005286134467991389
3.6930598230552126e-05
3.109280618314508e-05
0.00021280354333261543
0.0001532432271115616
5.895772005965155e-05
0.000168997929960355
1.3724456024677544e-05
7.783633789722519e-05
6.287968147157953e-05
4.3085697935644145e-05
6.649666465281279e-05
0.0002015757458708559
3.454756242571676e-05
7.302231772464609e-05
1.0987043697241768e-05
0.00013705222757492362
1.3724456024677544e-05
5.596863647836977e-06
9.904050129836362e-06
0.00019493884213297365
4.898250148052937e-05
4.715650799387723e-05
0.0002163832746463221
1.2921559445998156e-05
0.00014454622639841668
7.205209360169814e-05
0.00011191678986935084
7.962611629775584e-05
7.460824774090917e-05
0.00014660734109029784
9.904050129836362e-06
7.618056697326587e-05
6.634866972486684e-05
1.1789940275921159e-05
9.671014287435806e-05
5.596863647836977e-06
4.737775842482998e-05
6.744433177472716e-06
7.094934464941788e-05
0.0001532633600167251
2.7638049940573407e-05
8.418982025526397e-05
8.796331042198999e-05
0.00040344669449869397
8.572465120727865e-05
8.301863078963577e-05
9.19585462581874e-05
9.904050129836362e-06
5.595235920142595e-05
0.000600124820108449
4.8149912159139714e-05
8.62616259892355e-05
6.245582407545518e-05
0.00010429854799316739
9.224494843210087e-05
6.596513902895776e-05
0.0003219657602179334
7.891726777758571e-05
8.975813620722295e-05
0.00017087507224480638
0.00010704687843928596
8.725792178733363e-05
0.00015186868461005047
8.621739255954263e-05
9.108709560154913e-05
7.529353410842566e-05
0.00011183181003007189
8.297916642773117e-05
0.0001399215911959244
3.708852741460292e-05
0.00016837973308533652
8.286204896439212e-05
7.277645936694712e-05
0.00012385267778806312
5.635094319648178e-05
0.00011645176216584389
1.1193727295673953e-05
6.728392707145994e-05
0.00017577966948586221
3.7700811542741396e-05
1.96499004598686e-05
0.00013576442998189346
6.715690685315708e-05
6.072711685044923e-05
5.338843553340473e-05
5.8055086009258484e-05
3.4323938039769677e-05
6.679382919647817e-05
5.2572925976652625e-05
0.00026688682354988734
7.455135990391271e-05
3.803932106997534e-05
6.740547453867348e-05
4.8966214254331526e-05
2.0003452628083768e-05
0.0003062396177228809
0.0002736822702121652
5.176785123494034e-05
0.0002133496664178785
0.00018979472159011637
0.00017851587201580504
1.679059094351093e-05
2.798431823918488e-05
0.00013797594338030682
5.596863647836977e-06
5.596863647836977e-06
0.00037591799645622697
6.336727022726711e-05
0.00012713858279177963
5.596863647836977e-06
5.596863647836977e-06
8.463211864903446e-05
0.00015177982974774745
6.628669192693722e-05
9.738945576374682e-05
2.7157583845456154e-05
9.904050129836362e-06
7.975046576132393e-05
0.00020595727931568226
0.00012457701567596808
0.00010840966979881252
6.93264199985862e-05
6.988716590645271e-05
7.577776768569299e-05
6.563977569474658e-05
9.368373611318278e-05
7.8486125528778e-05
0.00023081623894095077
0.0001515122728445758
1.3724456024677544e-05
1.8299274699570063e-05
0.00018787230047833474
0.00011677014094210633
2.744891204935509e-05
1.679059094351093e-05
9.043398283298509e-05
3.652892957548744e-05
3.613655659960417e-05
9.962951555385168e-05
6.911817412748137e-05
7.496294797585613e-05
5.513125116686779e-05
4.921519403319005e-05
6.729976997580816e-05
7.332290772808019e-05
3.8528128125773366e-05
0.0002072576592285712
7.931992315689036e-05
8.144266397085925e-05
7.24565703513553e-05
5.55905116471939e-05
2.3802522781732306e-05
9.660555404541262e-05
7.545403188671232e-05
0.0002669220864979598
8.872555687315812e-05
1.9808100259672723e-05
1.2321250335462364e-05
4.1528229986656726e-05
3.029479798653384e-05
1.0547398750469924e-05
0.00016506359201933163
0.00010307324998181096
0.0001688696402641497
0.00016379339563228255
0.00015202956672944452
7.56454117525695e-05
5.2852160346079616e-05
6.421354687628895e-06
3.782255475915486e-05
0.00028563323664939987
5.711230040775108e-05
7.187160763571421e-05
1.6398379301961887e-05
2.3746189551328778e-05
5.172748785642097e-05
6.175582666046855e-05
9.007169752314092e-05
3.495653997233517e-05
0.00016496114309825293
5.596863647836977e-06
0.00021828570745835592
0.0001231447006098389
0.00024584482782879656
0.00018794668758364628
0.00018372643650173403
0.00037902206739863986
0.00025399132609765806
7.042134293725984e-05
0.00014499542077603725
4.8568006980335905e-05
0.00040002376209098987
0.00014092886435654014
0.00020174203477284802
0.00013004285716709614
7.198780509381223e-05
9.904050129836362e-06
5.089434265657152e-05
9.615538081739359e-05
6.073781969269961e-05
9.403302614468471e-05
0.0002774035739071329
5.42135014760344e-05
9.595087720220481e-05
8.575668372312954e-05
1.9808100259672723e-05
9.443595803429659e-05
0.0001027699740891579
3.876467833799447e-05
1.9808100259672723e-05
7.45568664289113e-05
6.111442230356573e-05
0.0001570600547895187
8.509010055473277e-05
0.0002665998886355237
0.0004832682653038972
6.892449423875639e-05
0.00012163922782892254
3.961295424627001e-05
0.0003921249149606156
7.69452822277558e-05
5.1053701047744284e-05
1.971084905432955e-05
9.672242131318223e-05
9.266812231414562e-05
7.424705934720663e-05
0.00040581816595924034
8.199189650980943e-06
4.569157155229638e-05
4.979232189194962e-05
0.00018304064348073686
1.4543257998787376e-05
4.146791857804177e-05
8.63666236731168e-05
2.706504488111995e-05
0.0001866362985015036
0.0003776037791170807
4.144628483508344e-05
8.29359432155618e-05
0.0001206347600810351
0.000244010827292583
9.827617467605366e-05
9.149637349785031e-06
5.796679335724699e-05
8.982177181975582e-05
4.21487648947932e-05
0.00013250264689671493
5.9551005517282574e-05
4.8637630599756185e-05
0.0001293473916172519
0.00016079378198086784
0.00027931113413579283
0.000171079610426115
9.649874355214284e-05
6.16696809923819e-05
8.152853951131989e-05
0.00011173910088752707
3.9478129157928083e-05
8.210684034866089e-05
7.332838560301511e-05
1.464939159632236e-05
5.596863647836977e-06
1.9808100259672723e-05
5.859756638528944e-05
6.854743696848961e-05
6.951096002551036e-05
0.00010530798656683407
4.5262639742426915e-05
7.88433962173182e-05
1.96499004598686e-05
5.0578517873751846e-05
0.00011058205818341014
8.221447164945718e-05
5.596863647836977e-06
7.68274176450609e-05
5.7532735176993885e-05
7.288818484847967e-05
9.54151296226325e-05
7.607864213995068e-05
5.596863647836977e-06
5.596863647836977e-06
0.00017602725198360224
4.3619026785438895e-05
8.012844250620468e-05
0.00011450234413833451
5.801448018388049e-05
4.5262639742426915e-05
2.51338743618276e-05
7.703536815889154e-05
5.297905637550334e-05
5.9863930296520034e-05
4.332231654730226e-05
0.0002657578049785711
9.488203706776688e-05
6.949300827967864e-05
4.626125139827774e-05
7.001867569537973e-05
0.00022069974874784759
5.234283214252668e-05
5.596863647836977e-06
9.795279988935689e-05
7.682722547531495e-05
5.596863647836977e-06
5.596863647836977e-06
3.109280618314508e-05
1.2921559445998156e-05
0.0002339693911393523
2.9712150389509087e-05
8.551220458986117e-05
6.018784590481015e-05
0.00017739954171824582
9.327841854943526e-05
1.5719920367894883e-05
4.952025064918181e-06
2.4155340449567997e-05
8.199189650980943e-05
0.000384059458873314
1.5672548923934653e-05
4.018266545549011e-05
0.0007301542406833809
2.3579880551842317e-05
3.613655659960417e-05
7.386119646110425e-05
0.00027024072999023453
2.0497974127452358e-05
2.7638049940573407e-05
0.0002354713001958142
0.00012213327499922895
7.743542682072154e-05
0.00023048167642594484
0.00012446383163845572
3.3660886651704266e-05
7.363228476087242e-05
7.901153967322167e-05
5.596863647836977e-06
0.0001242145571941007
0.00018421789889416508
2.563643529356413e-05
0.00030876452219806056
6.916469308691237e-05
5.595235920142595e-05
8.514791345085334e-05
2.3579880551842317e-05
0.00017038286813782374
8.300279807197187e-05
8.520731468202555e-05
5.454276809468943e-05
7.000937493879011e-05
4.403759564374063e-05
8.730435936909143e-05
0.0001228965498719683
0.0001623809307550564
5.985349807231122e-05
4.169288373539543e-05
7.08353041975078e-05
0.00022051800961912318
9.623621699603153e-05
5.264050011647019e-05
0.00018895704647053831
0.000309662005607378
1.6398379301961887e-05
5.596863647836977e-06
2.1542848967822073e-05
0.0002021185654492725
0.00018283540799362538
2.5718724807536272e-05
0.00010121396537835474
7.55590277456559e-05
3.696375100638709e-05
3.8487581413434785e-05
0.00023406342811788466
0.00013584229491267052
0.00012812087081566373
8.452884506804145e-05
6.483933909395007e-05
4.9826085398102984e-05
7.014458548942525e-05
7.88599497762729e-05
2.0728537455430054e-05
8.242840391757818e-05
0.00018960313325924654
5.6063110481986585e-05
0.00017866262330812867
9.904050129836362e-06
5.596863647836977e-06
8.713605779418503e-05
8.440546504181441e-05
0.00019429464277454374
8.720928297197913e-05
2.4183293698001732e-05
9.149637349785031e-06
3.109280618314508e-05
6.978910492524493e-05
0.00011446322340333547
1.831173949540295e-05
0.000390657142894691
9.174860953187688e-05
8.259164140445091e-05
5.596863647836977e-06
7.586629130906614e-05
5.596863647836977e-06
6.909382690652972e-05
8.298393724818727e-05
9.879010997510396e-05
5.596863647836977e-06
5.421857875511188e-05
9.159423092020499e-05
0.00011763192187276023
5.872569947951881e-05
8.424104851403558e-05
4.80838458510683e-05
6.185939463973737e-05
9.595459488315212e-05
6.436875647931793e-05
9.618820693846647e-05
6.554265628332096e-05
5.836954357013453e-05
8.054819424679161e-05
9.236895712542783e-05
7.866921955626377e-05
5.813952198131942e-05
6.480358467595405e-05
0.0001309982259708622
7.037817091685266e-05
0.0005792643116898711
4.898459307701715e-05
9.451988645690474e-05
3.751854912886917e-05
6.155099705092021e-05
0.00014971897901377396
3.314645389560586e-05
5.178425450213343e-05
8.311027903265145e-05
7.474006767881503e-05
0.00014825670557939302
0.0006636828327143378
6.290169056493859e-05
0.00010170721329677127
7.73321957703021e-05
2.8422189615584444e-05
9.923290504371678e-05
2.889609609433003e-05
9.289713568071515e-05
0.00015990179296239177
5.596863647836977e-06
3.079006513074783e-05
4.287834186156477e-05
9.096074105235832e-05
7.188848593097645e-05
2.7157583845456154e-05
3.215875639617357e-05
4.049165966405752e-05
7.35249902782938e-05
6.638520495555948e-05
9.11952072690824e-05
3.8097501151522846e-05
4.8044134390911576e-05
6.373720377590117e-05
0.0001834270875172518
3.1622488094310625e-05
9.955770490256886e-05
8.090149056499622e-05
3.6404785472837555e-05
0.00010672317696695296
7.998116029006203e-05
3.840445645414912e-05
0.0001825763215960549
0.0001111810232943878
0.00017495494039720396
0.0001186769832543359
5.5938217295440165e-05
9.79966776713219e-05
0.00019015662282490455
0.00015072463995690916
0.00013671128744857197
0.0001612040355219704
7.514669499350809e-05
5.253782164839853e-05
2.929878319264472e-05
9.964560771495076e-05
2.6506010147030717e-05
8.619359043163286e-05
1.7228745927997543e-05
2.771206031114255e-05
0.00014573448295557943
3.0175093161617948e-05
6.194373105333817e-05
0.000103407503125562
7.699456145966164e-05
0.000208267812822357
0.00016567025503048418
7.299581746720112e-05
5.109976187863772e-05
1.9808100259672723e-05
5.596863647836977e-06
6.121652703208864e-05
7.95768668833602e-05
7.301529688622698e-05
6.864961588857232e-05
6.70492601646735e-05
5.3361544654055234e-05
0.00013855856452474468
7.647360902296164e-05
5.9979594967728916e-05
0.00010014249675635649
6.128170638435964e-05
4.944419405973536e-05
2.1974087394483536e-05
4.405377423032608e-05
9.904050129836362e-06
0.0001721819081382974
0.00013054246804070573
5.9609641508444955e-05
6.988822266718541e-05
9.669451953250505e-05
0.0002090973016319183
3.319260247777974e-05
6.456669402714948e-05
5.874629311102295e-05
8.549201136868682e-05
8.200837187575892e-05
6.181120950662e-05
8.012803750178564e-05
4.2423652347896734e-05
6.880053072265238e-05
3.680634430447945e-05
3.097916509530441e-05
0.00013623329189506645
8.102756644675812e-05
0.00013878275503638232
1.6398379301961887e-05
4.1207473004413334e-05
6.609086675354517e-05
6.347683123778502e-05
9.01910547285609e-05
0.00012210346700574013
6.279753034685083e-05
1.96499004598686e-05
4.354000131602611e-05
0.00011000923938353258
5.820676076708268e-05
8.63531745664639e-05
0.00011970699614462245
1.9533139537417554e-05
1.3724456024677544e-05
4.360167076086142e-05
6.436341672150314e-05
1.6398379301961887e-05
9.269232042513297e-05
9.904050129836362e-06
7.43845219685565e-05
6.372065126764805e-05
6.580934984034062e-05
0.00011279345454654328
0.00010885342547042487
9.904050129836362e-06
6.939519570202747e-05
6.407050174440429e-05
7.039488456975593e-05
3.9428001073479565e-05
7.15247619977443e-05
7.742298196651825e-05
4.2193089019919034e-05
5.635627029883689e-05
0.0001867361151744512
2.271943726888347e-05
7.805341790408535e-05
9.520530674727138e-05
1.2298784476471413e-05
9.904050129836362e-06
5.7830629835933456e-05
7.769193448367425e-05
3.6930598230552126e-05
3.6209544577767434e-05
1.6237262718548638e-05
8.00568613430876e-05
7.891446776542707e-05
1.6398379301961887e-05
2.3630354480346686e-05
9.778492130587695e-05
8.42716030587193e-05
5.914200161021934e-05
8.754019108964947e-05
4.952025064918181e-06
2.6506010147030717e-05
7.936071472271292e-05
2.9566273581494327e-05
1.2993454235790589e-05
0.00013524897197296796
0.00010141722477145687
9.49036716243225e-05
1.7763868509740274e-05
9.815902785771556e-05
0.00015807954812674743
9.09364353461523e-05
6.041539228760789e-05
7.955878189383326e-05
3.210677343814448e-05
0.00010515121240657228
0.0002265576839388978
5.732998273024711e-05
0.0001645634220912444
7.342525874983816e-05
9.190121519345766e-05
6.257554403479472e-05
6.953236532877825e-05
4.4093200711545745e-05
2.3579880551842317e-05
7.282124694355058e-05
8.022710182204047e-05
1.724975046964731e-05
0.00017273781212858377
7.023985395421564e-05
4.270807319837399e-05
5.8601092305649164e-05
7.905128433830061e-05
2.131664221168833e-05
7.595517522422356e-05
4.287834186156477e-05
7.928178022334211e-05
6.407050174440429e-05
8.75124216902352e-05
0.00011403692192139748
8.783046475232218e-05
1.7228745927997543e-05
2.5173585274472043e-05
0.00010566105633505182
8.250067388165734e-05
1.7228745927997543e-05
7.448906614118847e-05
8.28665419340158e-05
1.3724456024677544e-05
7.661898830049895e-05
0.00012247115169415748
4.80838458510683e-05
4.377264741739974e-05
7.001932870623586e-05
7.756838329598303e-05
6.376362422606594e-05
6.6102091478335e-05
6.303838388199442e-05
0.00010579997225120665
6.810479898511557e-05
0.00014673234458995746
0.00011754331453478243
0.00028029294323760935
7.73028040542331e-05
2.0497974127452358e-05
6.765213388816397e-05
7.194267078605425e-05
5.690444164261966e-05
7.656969570348372e-05
2.271943726888347e-05
5.596863647836977e-06
4.952025064918181e-06
7.266535445900496e-05
5.596863647836977e-06
5.596863647836977e-06
7.588203918124404e-05
5.596863647836977e-06
5.059463051259466e-05
9.869842043114019e-05
7.029472546507136e-05
1.971084905432955e-05
5.596863647836977e-06
1.3819024970286704e-05
7.873651040277227e-05
6.869075370825143e-05
4.768949871357642e-05
0.00017291455957858316
0.00021354036599186994
8.083893428483206e-05
0.00013774204560922332
1.1193727295673953e-05
8.926012093683357e-05
5.596863647836977e-06
3.9714525140909686e-05
0.00019379896057376722
3.529899548865822e-05
6.64054658175969e-05
5.3443126869640305e-05
0.00010505324790054034
5.914200161021934e-05
0.0002458291833811178
5.9036311490201635e-05
5.3519647931798736e-05
1.7228745927997543e-05
3.1974963317532496e-05
4.752545267045033e-05
1.3724456024677544e-05
1.1789940275921159e-05
1.96499004598686e-05
5.391300492119723e-05
8.991101187916683e-05
8.939363433542101e-05
5.596863647836977e-06
5.596863647836977e-06
6.21211147526937e-05
0.00011067179807362086
0.0001804436336842804
0.00010033587259180916
4.224513042626513e-05
8.508940292140455e-05
5.596863647836977e-06
4.081875123377447e-05
0.00018179956456026164
5.391300492119723e-05
7.658277137639598e-05
5.596863647836977e-06
6.169449535339967e-05
6.278729322528847e-05
8.300384855521564e-05
3.285141509054925e-05
6.162087603234638e-05
8.614372963998772e-06
9.7902600726303e-05
4.952025064918181e-06
7.177897445444735e-05
1.6398379301961887e-05
9.904050129836362e-06
2.131664221168833e-05
2.4880751146825067e-05
8.992925576137506e-05
6.28852905385532e-05
1.7228745927997543e-05
3.8716972419671803e-05
3.429163307671503e-05
0.00020052439027621206
7.611973611867922e-05
7.640306289044568e-05
8.7211310142163e-05
4.772536903632659e-05
2.929878319264472e-05
6.84988999138745e-05
0.00010592363121847588
6.328609993049177e-05
3.1893766684329814e-05
1.5140290635979407e-05
1.3724456024677544e-05
2.2995990563384474e-05
9.711142230422874e-05
8.412736829289926e-05
9.904050129836362e-06
5.35730343636976e-05
7.424705934720663e-05
7.57856049986649e-05
4.596127978826973e-05
6.223437482079838e-05
0.00011525498972869263
2.0497974127452358e-05
2.271943726888347e-05
7.49737591842855e-05
8.572903115439917e-05
0.00019473140690850986
6.384254494532408e-05
2.3220085459680644e-05
5.391300492119723e-05
0.00010192679492802545
9.157510396718282e-05
7.033682916270602e-05
7.520531920131545e-05
3.6930598230552126e-05
7.033682916270602e-05
7.071201533392366e-05
9.904050129836362e-06
9.332699183404216e-05
2.7638049940573407e-05
3.1974963317532496e-05
1.3724456024677544e-05
8.75150526367825e-05
7.037817091685266e-05
9.039986392801725e-05
5.820676076708268e-05
7.518111279379179e-05
3.7803156547380375e-05
7.596796730686614e-05
4.0858139774536794e-05
5.596863647836977e-06
5.146496380055487e-05
1.1193727295673953e-05
7.796842148196358e-05
5.596863647836977e-06
1.6398379301961887e-05
8.598806680400351e-05
5.914672492852508e-05
8.563017538081873e-05
1.5087546580808974e-05
5.596863647836977e-06
4.6996974388447344e-05
5.1437449615072545e-05
5.596863647836977e-06
5.677482300037892e-05
2.015044018106858e-05
6.548137564995871e-05
4.270807319837399e-05
9.191655618910018e-05
8.746131039433082e-05
9.454461841630259e-05
6.577615614724962e-05
6.128170638435964e-05
7.866942351892777e-05
7.942730004262427e-05
0.00013862317662789237
6.158013026149566e-05
5.596863647836977e-06
6.0093218658170064e-05
4.7306813469612374e-05
6.928253045549074e-05
4.224484681817808e-05
6.28852905385532e-05
6.021593348065226e-05
4.322793982428767e-05
0.00010840389498108349
8.11167906650857e-05
8.334526199705511e-05
4.189225114057204e-05
2.0728537455430054e-05
7.312250108759275e-05
9.904050129836362e-06