0.007128799270882502
8.309281769412051e-05
0.0003626544642650207
6.118393702642263e-05
0.0009852625188114382
0.0036910894022821428
1.887469943100167e-05
9.302415435980893e-05
0.0007476642905869876
0.001994311764716451
4.2356056651723954e-05
6.583192062661226e-05
7.718536806494102e-05
2.432623742360516e-05
4.998173871766592e-05
4.9050618943478806e-05
3.437459189071631e-05
0.0002670496736398333
9.163597759078113e-05
2.046429381540423e-05
3.27132045341562e-05
5.962989851176142e-05
4.0877931579940516e-05
0.00012677896589061738
0.00010903028296783103
0.0003340510155563973
2.5268390500486167e-05
3.040321609118099e-05
0.0003576736890478874
0.00017379409559463378
0.0001418153372448497
0.0003403106365792975
0.00010326131167319933
9.806915883332052e-05
0.00011714855296616026
0.00011370825300533725
0.00039638034687848193
6.807555580581322e-06
0.0014959226726356696
7.519018840023412e-05
5.608318848524334e-05
0.0004430060778443499
3.5220285221075834e-05
5.827180439562134e-05
0.0001811003559836304
6.391730017193565e-05
0.00024326674053258245
0.0006197271356333958
1.945013081517268e-05
0.0006296696884979216
3.125677437193627e-05
0.00011054815178619463
7.963469893533981e-05
0.00013862711894573328
1.3999456011303307e-05
6.051820177673787e-05
1.4004756466995218e-05
7.296152056838135e-05
1.047326009968831e-05
8.694449183390517e-05
3.9809990256715994e-05
0.00012739237507083817
6.954349012779825e-05
6.741739971375238e-05
1.1230395777993853e-05
0.0006915661665819285
4.723676682111054e-05
0.00014996285448903493
4.531435161079324e-05
2.481783426912078e-05
8.898101555026232e-05
0.00021010709262193127
9.129366197539667e-05
0.00013284265447436415
5.1383541304883505e-05
2.415904400851108e-05
9.159725986266777e-05
0.0005122040123446905
3.226657360275299e-05
1.8240380142095338e-05
0.00020469886546657575
0.00032046670568249133
3.589409366462141e-05
2.8853143961312922e-05
0.0001341967195232593
0.00036824791292599103
0.0001567706225849216
8.408458485810413e-05
0.0004114706325626196
0.0001058440492265762
5.4229134025018225e-06
3.5517340078843225e-05
8.103733556848555e-05
9.091742516079345e-05
0.00027042968946566987
2.5917818742257052e-05
0.0009002055922327497
3.403777790290661e-06
2.2114761294186507e-06
1.7024354799288983e-05
3.9133650245639815e-06
5.472114042628602e-05
7.702574570316546e-05
2.951510628353116e-05
2.072246262567329e-05
6.31419379179435e-05
1.9903285164767856e-05
2.432623742360516e-05
0.00015208394289655005
9.603901933580301e-05
0.0005807253343387272
6.168214249104785e-05
3.1297036114170196e-05
0.00011894316621035428
1.5223532503647825e-05
1.931876787534408e-05
8.099318356955328e-06
2.4813046750241114e-05
4.822481058278282e-05
3.145445305672444e-05
6.479454685564263e-05
0.00010655202023652968
0.00010637723611491977
1.6198636713910657e-05
4.45479238488885e-05
2.9260770749520706e-05
5.495514868696733e-05
0.00013037133411492656
5.863226651462267e-05
3.9133650245639815e-06
3.36986083181426e-05
6.686878252355745e-05
0.00011874459986330603
3.6387340588308766e-05
1.0211333370871982e-05
0.00014840117158878075
0.0003959743674272404
2.9605644354086034e-05
1.953309953691372e-05
0.0003483122179793707
2.655005256816662e-05
7.413306867389829e-05
9.998793297745352e-05
0.00019395561463776727
3.9133650245639815e-06
4.4229522588373015e-06
0.00011406830112809205
3.099984318267227e-05
5.271937275803426e-05
1.9438364056692788e-05
8.845904517674603e-06
0.00034356432783038554
2.2114761294186507e-06
8.789554259749836e-05
0.0002911584141761611
3.9133650245639815e-06
0.00024052502706140358
0.0001013974518122696
0.00010730210671436625
6.468805501773919e-05
2.2114761294186507e-06
1.863413020436737e-05
0.0001926041333474844
2.2114761294186507e-06
0.00012208218852437748
3.9034713685944224e-05
6.645803184373841e-05
5.360307638526834e-05
3.9305040945094975e-05
2.9750564576412986e-05
6.479454685564263e-06
2.436794500937075e-05
2.066777596404978e-05
7.423136091901793e-05
0.0001812822324077516
6.197577384404264e-05
0.00010000024412393563
3.194311489630862e-05
0.0009517696141784354
0.00022655440771025476
0.00014464887452726084
9.17889007453895e-05
2.8798480465619975e-05
0.00014706306887749213
2.6837530040679114e-05
0.00010797311688953685
3.496526708298946e-05
7.735801159032958e-05
1.6138023162358852e-05
0.0006759737331172169
0.00012738022849486928
0.00036106665996998535
0.00037093397253968544
1.75502503077718e-05
5.504940046590955e-05
9.87058345646078e-05
0.00018446155168005054
7.409919786536841e-05
9.07763386390509e-05
3.7646872918782544e-05
1.5560731830184723e-05
0.0012965589354200454
3.186487775372656e-05
2.8196034384978066e-05
0.00012415055932696743
5.105666685435991e-06
0.00012166009098007906
2.2999106304284004e-05
2.7074777393261494e-05
4.3419242698252905e-05
0.00019085767510457335
4.027432503249855e-05
2.0536297247298256e-05
0.00018628809100427644
0.00041929736418706354
0.0001047898352159074
1.6198636713910657e-05
0.0001760350727341893
2.150482833864926e-05
4.8093980535304605e-05
4.597155826116983e-05
3.144403275607598e-05
5.456903619336896e-05
2.5478475014167634e-05
0.00017465014724118253
5.763963113229542e-05
7.163865839101275e-05
0.00014758581784216876
9.821436701407158e-05
6.084086773360891e-05
5.768385011202229e-05
0.00042663891193059383
0.00012612980507617502
0.00019872311612564574
1.5648854241359412e-05
2.0565024267269608e-05
0.0001914383671740273
2.098410469913667e-05
1.6473027334549496e-05
3.552884598776785e-05
3.801223909681299e-05
2.2114761294186507e-06
7.506222722107493e-05
6.224571647241201e-05
0.00012413843223176057
5.2579453303203045e-05
1.141764937773587e-05
0.00015844261477451413
0.0004241903626807392
2.7232280489308815e-05
3.32859757943159e-05
0.0001353290803408394
0.00016444754429932997
2.8971915412461868e-05
0.00022210226208651174
2.4517707475202478e-05
3.504667186991355e-05
1.2639064406238288e-05
0.0002563271333835542
0.00014903350530557236
2.442332401776726e-05
0.0001712507156908575
6.233232783641601e-05
1.9354345504784333e-05
0.0001721109714661255
4.2584694793625476e-05
5.007666975662444e-05
6.487718431811674e-05
5.919576560231917e-05
3.9133650245639815e-06
0.00017836588706719565
6.192658962814347e-06
2.2460791555987706e-05
1.6111437885847633e-05
0.00016397689936164609
9.542494837193886e-05
0.00014737567946277371
7.4809000712059355e-06
6.519175714994172e-05
6.08941300145913e-05
2.0454914480829072e-05
5.562994443123909e-05
4.848929341908984e-05
3.1879487049580446e-05
7.913815845867743e-05
2.593215490130143e-05
3.266437467227289e-05
1.9821882039055258e-05
8.511574551447581e-05
6.58352605757361e-05
0.0010040837375032727
5.017129866729438e-05
0.00012295454941538473
6.550630877083894e-05
6.505951198808096e-05
0.00011534780708036348
0.00017701202569894202
5.92995031055153e-05
7.05050874738784e-05
0.00017551472365665496
7.011585896690451e-05
7.205668707036966e-05
6.838932441494621e-05
2.9459486735131323e-05
0.00010143192161712386
3.6099703191015326e-05
2.2114761294186507e-06
6.61088151300559e-05
0.00023109529769638575
2.7084994405255845e-05
3.158343100185054e-05
3.9994509236264956e-05
1.330035034069123e-05
2.2114761294186507e-06
3.071182541495356e-05
3.9133650245639815e-06
7.363158687962667e-05
1.1603355757816517e-05
0.0002120754462228587
3.4688531484791647e-05
0.00015615403966768722
7.76632871771547e-05
4.963454483654244e-05
8.801122008180465e-05
0.00010033511069576634
0.00021198615341077567
9.491785314900831e-05
5.488562069900704e-05
1.96621503418166e-05
3.839046463975673e-05
5.370326185159792e-05
0.0002608062181463428
9.851753218665456e-05
3.3736664496516646e-05
4.6013322543247876e-05
0.00013370347107567073
6.872207379972734e-05
6.479454685564263e-06
7.235476390043351e-06
0.00013664444712654998
2.142125875315679e-05
0.0002634562054808872
2.4375209137119108e-05
3.9133650245639815e-06
0.00012440295178090113
0.00026267158609223976
3.9209674304261235e-05
8.150911765190526e-05
6.137856671108024e-05
4.0187342152319017e-05
3.451174320205606e-05
2.616312756872719e-05
2.9706143795526762e-05
3.1511621943719796e-05
3.3889186904480323e-05
7.644392303824671e-05
0.0001160494285648066
1.806610100694434e-05
0.00012343858781360732
3.7914322993045846e-05
1.612862125398694e-05
2.635968637901713e-05
2.197548534774025e-05
3.6152756016678823e-06
1.0129666946060692e-05
0.00016940527872846234
0.00012702719634063157
7.188222554939783e-05
3.2887186024268233e-05
1.0384404532484968e-05
0.00011861676797713828
2.4368801634996957e-05
4.028600714602277e-05
0.00014991549630281425
1.626874020750547e-05
2.8867187365061376e-05
7.939167716856749e-05
6.536537823032325e-05
4.017076549090237e-05
4.4142671432416656e-05
5.422913402501823e-06
3.3211303116392044e-05
6.216894431382884e-05
7.066205113692522e-05
1.8173943684315905e-05
7.593815154256339e-05
3.625242147278558e-05
0.00040639062699193967
3.103932663369677e-05
0.0001696223256593315
1.1740095073691945e-05
3.1108982382205776e-05
2.9407520587955263e-05
2.6967846874462763e-05
2.8920211457860093e-05
1.6654146556766177e-05
0.00043532326547447443
2.9961606626917437e-05
5.75856969596351e-05
3.705396284453806e-05
0.00020124000395001
8.383464102449191e-05
3.32657523772278e-05
3.1962015489999396e-05
1.3115318269592114e-05
1.2870183559032654e-05
3.069823911565263e-05
6.327700544899957e-05
0.0002129410939428219
2.0376327520657093e-05
9.555490379780838e-06
3.58677935893694e-05
8.880393960461231e-06
0.0001668210535619095
3.47277124801243e-05
4.859591014173196e-06
1.6942422660689584e-05
8.540934446547106e-05
9.225020987761421e-05
8.219607488509145e-05
2.48923973329188e-05
2.1073048618011245e-05
2.8971915412461868e-05
0.00015356067921146885
0.0003858825154183638
8.425061737260644e-05
2.8131139506623314e-05
2.737416678816257e-05
6.172059488439294e-05
5.806551585778325e-05
6.590310104901876e-05
6.112195698970967e-05
3.0374297248196734e-05
6.23195087358544e-05
2.3653899968619026e-05
0.00036679968422461903
1.933643990567051e-05
5.949315410639003e-05
0.00016393685583612958
0.00043168727645061033
3.1120659448923955e-05
9.324920607118116e-05
7.832619031226101e-05
2.0422666741743964e-05
5.92995031055153e-05
4.164558002252012e-05
4.2753469216692114e-05
2.9986211165256105e-05
3.064162019993549e-05
2.3678226719228812e-05
9.317065102183685e-06
1.0920560434035245e-05
6.08902706520037e-05
5.745029275562858e-06
9.141185611773848e-05
6.617186052925477e-05
8.540279258214884e-05
3.726826040873474e-05
0.00013732854550494472
3.416630597063644e-05
0.00017682430547020367
6.807555580581322e-06
7.264875220280013e-05
1.0129666946060692e-05
9.16877333243429e-05
0.0001554223607845721
2.5670371559122818e-05
2.2114761294186507e-06
1.7024354799288983e-05
7.243519968212277e-05
5.460280217017622e-06
0.00010551872055835715
5.4229134025018225e-06
4.275555199862423e-05
6.6344283882559535e-06
0.00010367629041766983
1.3954904795010506e-05
3.0213570082146003e-05
2.7750825187833317e-05
0.00011496091056767403
3.102939288028222e-05
3.406688416642653e-05
2.1858442394934033e-05
1.7954160170894246e-05
7.788303399363725e-06
2.2114761294186507e-06
4.2344943049138664e-05
2.531271718085446e-05
6.47899918199767e-05
8.414371676814397e-05
2.2114761294186507e-06
2.6114335348251654e-05
3.181220092191028e-05
1.4592304113676272e-05
4.854475622233e-05
6.807555580581322e-06
3.403777790290661e-06
8.637560709934076e-05
0.000641857271276878
2.9492262315587358e-05
1.3650700542544054e-05
6.426377625947038e-05
7.97760196682931e-05
3.553035465491489e-05
0.0002643176793333522
2.0137052473896888e-05
1.711591130997529e-05
2.337068590604644e-05
4.695653221705804e-05
7.734717796371561e-05
0.0001491987124374797
0.00011203141948347466
5.6545227752378116e-05
1.0920560434035245e-05
6.023114153684599e-05
0.00011093221603689244
1.0920560434035245e-05
6.6344283882559535e-06
8.181364192866385e-05
0.00015816343669980168
9.93109117683622e-06
6.807555580581322e-06
3.585306896128476e-05
3.31329825183744e-05
3.4135721329934515e-05
0.00012283987824153285
3.090064537221264e-05
0.00012343900538228943
2.150482833864926e-05
6.775190887862185e-05
5.984720056964749e-06
5.597046842552658e-05
1.0730714947848093e-05
0.00011952382394161207
0.00010065561544095973
3.7235838783535364e-05
3.9133650245639815e-06
1.1057380647093252e-05
4.088990919160628e-05
6.353408497758594e-05
1.4980803313458719e-05
2.080505379291285e-05
2.2114761294186507e-06
1.8076378008339412e-06
1.874526281938948e-05
0.000187537412242188
0.00023374622938656002
2.7750825187833317e-05
2.2114761294186507e-06
3.122857886726566e-05
2.2114761294186507e-06
0.00011557091675163202
2.5268390500486167e-05
3.911642667802234e-05
3.153451489912592e-05
2.2777175014360167e-05
3.643579219565828e-05
1.8304461400962538e-05
6.807490181778284e-05
5.247728433595001e-05
0.00017631188342037113
3.3370398164436576e-05
2.075449202747308e-05
2.8292501218729694e-05
5.249490965555141e-05
5.4229134025018225e-06
6.32538809179086e-05
0.0002583069561503693
3.633253062932824e-05
3.3711847778403404e-05
3.579693190243921e-05
2.2829421140176237e-05
0.00012019638868838081
6.123276903077077e-05
1.0129666946060692e-05
0.00012416685548338678
0.00021698189264110653
1.803439209831158e-05
0.00010855455288611926
8.987039354859446e-05
4.369366742625911e-05
8.684364230889541e-05
1.0211333370871984e-05
0.00010315006741291416
3.0510660489956542e-05
5.00004829683973e-05
6.415793052783627e-06
7.237505168012858e-05
0.0010315805693441045
2.2114761294186507e-06
5.4229134025018225e-06
0.0008614171241408666
2.3643639233118102e-05
5.2129313671131205e-05
3.455876347255661e-05
1.552844183697281e-05
5.9997668619871324e-05
7.131770020516903e-05
1.2901393774228831e-05
1.2111791099563204e-05
5.121138895960718e-05
2.5228946519465863e-05
2.471102289129943e-05
1.3615111161162644e-05
8.024510153528906e-05
3.0462305342671097e-05
2.6784228012360193e-05
2.7725423789146655e-05
3.4530296239578884e-05
6.988749347534452e-05
2.2114761294186507e-06
1.2634195250243084e-05
3.566319045721921e-05
2.4081114342594744e-05
3.529728000591372e-05
7.000552200861548e-05
0.00025175505808107645
6.479454685564263e-06
1.9998176249938977e-05
1.141764937773587e-05
5.908347177460229e-05
3.362118416086394e-05
3.464386501440977e-05
2.2304350013014495e-05
6.807555580581322e-06
7.808909648534313e-05
0.0002526752632184678
1.8634130204367373e-05
7.918837392281136e-05
8.190420325526432e-06
3.249673202926723e-05
3.963621028369348e-05
2.8230933059375815e-05
1.2213040808295199e-05
7.1391907096366e-05
0.00011994805451292496
1.872026699495659e-05
2.4725333798656255e-05
1.1700166871847867e-05
1.557660679872745e-05
7.064381085330359e-05
2.4393293770573624e-05
3.651988516835047e-05
0.00011737087635687579
2.6914488318751483e-05
8.68257166805202e-06
2.2939175398786036e-05
5.042607198433618e-05
3.7578033492283604e-05
3.852082666949688e-05
1.737940955946338e-05
2.1562685005913057e-05
3.4456459959563686e-05
6.735237482448327e-05
1.2706816995517186e-05
4.925651463324287e-05
4.044245078641078e-05
1.8750160874707007e-05
5.4229134025018225e-06
0.00017512479269419552
1.5914531935535452e-05
8.68257166805202e-06
5.069170457503295e-05
2.422895177062912e-05
0.00011463858290810714
5.915862231917242e-05
1.3650700542544054e-05
5.494316446662853e-05
3.098927853523325e-05
7.726234189117457e-05
2.9477838946877527e-05
5.561157105459299e-05
1.8778625089631297e-05
2.6282348241622737e-05
2.543388179366989e-05
7.206751376582269e-05
5.8136396481409634e-05
2.1253133282191972e-05
0.00010329209033651759
5.759641165368053e-05
3.177523638690551e-05
8.845904517674603e-06
7.513615815719639e-05
1.990048623669925e-05
3.855618799601902e-05
1.9676104859564963e-05
1.330035034069123e-05
2.499202486741209e-05
3.2638740397651956e-05
3.501348404456393e-05
3.111098004625285e-05
3.3430936121581046e-05
6.807555580581322e-06
1.1576762224069363e-05
2.4297955070865985e-05
0.00011799446274806922
8.977080085447123e-06
7.580550200355816e-05
3.320659249241435e-05
1.2285630488289649e-05
3.0663935796941186e-05
1.3376278770869916e-05
2.7832029390366497e-05
9.317065102183685e-06
0.00012205248829254674
1.4630385374760353e-05
3.0174338440297258e-05
0.0004347592831481938
1.7244787895502757e-05
2.0376327520657093e-05
6.0666410765235666e-05
2.846978148849035e-05
3.259729721732418e-05
6.224410499454677e-05
3.921002745060701e-05
0.00024112110246500524
2.747416693026592e-05
5.4229134025018225e-06
2.0119126909568878e-05
2.0324363632812386e-05
2.7618593469449333e-05
2.5184337796181985e-05
2.663501290833283e-05
6.960190398832446e-05
0.0001246444852947782
4.567059751094348e-05
7.197050728696663e-05
5.170147935717204e-05
3.6776561212803716e-05
0.00011030456209080689
0.00021863111540247997
1.0845826805003645e-05
3.889257757821911e-05
6.107750395441461e-05
3.3856243006569805e-05
1.5499921591336135e-05
2.1858442394934033e-05
2.0429586921716794e-05
0.00014386847658188096
2.9807971431619513e-05
2.7596368345895768e-05
5.105666685435991e-06
1.2980505665606207e-05
6.000051479906243e-05
7.31879424508282e-05
0.00010599200698023785
5.4229134025018225e-06
3.969923664437749e-05
7.488106797982636e-05
3.9133650245639815e-06
2.2114761294186507e-06
1.863413020436737e-05
3.9133650245639815e-06
5.959386652472165e-06
0.00012561237956183998
1.0640280272552984e-05
7.88240320750811e-05
2.6837530040679114e-05
0.00024625068605103526
3.1665226630214936e-05
3.69292874787001e-05
3.9812353422695506e-05
3.552633565041351e-05
2.531271718085446e-05
0.00011537129807563632
9.82659630574462e-06
3.6523947289582085e-05
0.00014925706973929227
8.422796833495388e-06
3.514818006343667e-05
3.105109243882105e-05
5.606810955658097e-05
6.744382021514469e-05
3.806052902067453e-05
8.099318356955328e-06
3.188248319055058e-05
5.07843645098547e-05
5.016291476307433e-05
6.838932441494621e-05
7.623217733262556e-05
3.771523518616421e-05
2.9114777626802943e-05
1.2339014560361765e-05
2.8915594587683604e-05
3.2660558746040344e-05
2.027668183001318e-05
1.8569808656160125e-05
2.9217265370464523e-05
8.720459472211446e-05
2.76732601616835e-05
1.864065250698938e-05
0.00013344631222733438
2.2114761294186507e-06
4.2795599124507715e-05
4.516793925241457e-05
7.058331789787175e-05
1.9981354307293198e-05
1.0920560434035245e-05
1.9195232319878363e-05
0.000400727596393457
0.00011784705101528673
5.0961842980670574e-05
3.526915057813091e-05
0.00015524105100614096
6.807555580581322e-06
3.0952843478737164e-05
0.0001137385621024353
4.357059524417929e-05
0.0007062752048670808
9.317065102183685e-06
3.828786045644336e-05
8.112738505835037e-05
8.099318356955328e-06
8.34992304965056e-05
3.83856023306808e-05
1.6999339442296876e-05
2.7978806265515566e-05
1.574534399323503e-05
3.455839061926916e-05
6.479454685564263e-06
2.2219172399402244e-05
2.903899599658435e-05
3.403777790290661e-06
2.9086415879356905e-05
0.00011101486127047745
0.00011339439707281144
5.491338420288761e-05
3.0556096367944674e-05
2.8073535028285033e-05
1.9192388224936033e-05
1.8691399026359414e-05
3.411210570227587e-05
9.82659630574462e-06
6.479454685564263e-06
2.2114761294186507e-06
2.2114761294186507e-06
2.9806140753990622e-05
2.8449712454845775e-05
5.8103527670903583e-05
2.836186453488264e-05
3.554589318780179e-05
4.9476480636855435e-05
2.2355025795835854e-05
0.00012656358590427228
0.00025806605325430493
1.1230395777993853e-05
2.5177797440871037e-05
2.075449202747308e-05
1.3650700542544054e-05
9.719182028346392e-06
0.00012879323346199332
0.00017133354762310284
2.499202486741209e-05
3.082217924353439e-05
4.556799986711441e-05
2.4677748887932056e-05
1.945013081517268e-05
5.4930987643468e-05
9.317065102183685e-06
1.9566825122819907e-06
9.176703820361246e-05
7.12423368449536e-05
0.0002914780191956541
8.517579495316029e-05
1.3108100227877734e-05
8.977080085447123e-06
2.129774081269962e-05
3.3737766457259516e-05
0.00011209578079027464
2.2114761294186507e-06
3.2096699343380785e-05
0.0001115809007722292
1.788424475951823e-05
2.7184998770388493e-05
4.047013090865181e-05
9.083790945732816e-05
8.977080085447123e-06
7.123349448784866e-05
1.7302171062054524e-05
0.00010441869025101608
6.911678123853832e-05
3.9133650245639815e-06
4.9356058241447065e-05
2.809527395365657e-05
0.00012295488035619367
3.7131475710969925e-05
3.631272020418856e-05
1.9217524882986063e-05
3.3440498456095015e-05
7.018997361246157e-06
3.0330907460227986e-05
3.161665891296526e-05
2.828642638962316e-05
9.194826183926688e-05
3.9373788092439544e-05
4.418785125965407e-05
2.3553423412427745e-05
3.150304204914045e-05
2.3994909836751096e-05
3.090258668279817e-05
2.3729463287252077e-05
6.897304994209269e-05
3.8206687753485354e-05
3.843615490057975e-05
1.9566825122819907e-06
3.505194138175054e-05
2.098410469913667e-05
6.679746386035719e-05
0.00015990543934382123
1.2639064406238288e-05
2.824356850337986e-05
1.7735368140207336e-05
3.7620539190305186e-05
3.968923673066832e-05
3.381064053904128e-05
0.00018577850069074347
7.453969043454203e-05
1.925794147469881e-05
0.00012509015895830665
0.0006033482652539154
3.604648637177459e-05
2.3349313261420452e-05
0.000114896395380073
0.00010923416856564777
3.6269313285215845e-05
1.9676104859564963e-05
2.2780284755761995e-05
3.6152756016678823e-06
3.6152756016678823e-06
3.9133650245639815e-06
1.844216756674979e-05
5.40063055034459e-05
5.886539392024995e-05
5.105666685435991e-06
2.6731235315287603e-05
6.43605128230795e-05
7.24343110524632e-05
4.315362270844381e-05
3.734535760469409e-05
0.00010090620721995827
6.961429173898794e-05
0.00021531356788042388
8.168271679315e-05
3.857900316763423e-05
3.3971792202383876e-05
6.043368983989245e-05
1.2602112207414928e-05
2.010976700333931e-05
2.5276570079504057e-05
3.501348404456393e-05
1.2234407416675871e-05
2.3318184104515154e-05
9.120964827354297e-05
0.0003708045662885829
3.201623986161268e-05
0.00011822341315271469
2.467864181874216e-05
2.2114761294186507e-06
3.664204137350995e-05
0.000180046619992547
6.5196610970056e-05
0.00021913306182625849
2.9880955985403017e-05
3.069823911565263e-05
6.807555580581322e-06
8.459438403104595e-05
1.5960420408829473e-05
3.695156884111148e-05
2.417051118051912e-05
2.943215256848484e-05
2.7792032913368693e-05
7.988045722069486e-05
0.0003475674475972867
0.0003025906574477755
1.7203862670919408e-05
9.583518433067111e-05
3.326573408778998e-05
3.277029247673714e-05
4.4216659380806004e-05
7.907899588075136e-05
2.878948150137557e-05
2.5524100675485074e-05
3.93243006836332e-05
5.107306439786695e-05
9.533228217930878e-05
9.046881460016074e-05
1.639835434279896e-05
4.1853365870639605e-05
0.0002454109662523031
7.46630920637064e-05
3.19664237823663e-05
1.986218235367244e-05
0.00012692700104145914
5.166979605188994e-05
0.00027080610024389354
0.00011086821980119199
3.1317024781077064e-05
7.360237922746922e-05
2.8577465208918376e-05
3.339969219860224e-05
2.9725467654338527e-05
6.343138543186593e-05
2.8060057889578438e-05
2.2114761294186507e-06
3.805883125911957e-05
1.634093933638483e-05
0.0004621123020098554
2.9423538365435304e-05
3.0015259450839488e-05
0.00030487624550963984
3.3355393435278065e-05
3.288077930574815e-05
2.087515074205082e-05
4.6309835274220666e-05
2.7931400480420088e-05
2.7398696913483266e-05
2.9271966513248285e-05
2.7393555171947873e-05
3.366276149023553e-05
2.072246262567329e-05
6.259541696543765e-05
5.458101088246315e-05
2.531271718085446e-05
7.703032220309091e-05
6.296473203168022e-05
2.2114761294186507e-06
1.7235087826688573e-05
2.6948385367337007e-05
5.984720056964749e-06
0.00014213417725802597
9.657189604292964e-05
1.6086081971576003e-05
0.00033598694427127936
2.8292501218729694e-05
5.984720056964749e-06
2.2460791555987706e-05
3.364430329460337e-05
3.869581993954898e-05
9.086353965924346e-06
2.2114761294186507e-06
5.4229134025018225e-06
3.9133650245639815e-06
0.00015789079577261544
1.5543870119648435e-05
3.0322638344777704e-05
1.3954904795010506e-05
0.00012147316930194636
2.964975155275765e-05
2.924617320432823e-05
9.53748834427976e-05
4.942204578259886e-05
2.685970445904799e-05
2.9176641881814997e-05
4.9995440624847445e-05
3.6152756016678823e-06
1.1490058551125716e-05
1.1230395777993853e-05
3.3490654607460265e-05
2.795854553749163e-05
2.2304350013014495e-05
3.11760935845733e-05
5.7928628535382085e-05
6.513949923373676e-05
1.8500178014089955e-05
2.9619940822307978e-05
5.484329898734275e-05
4.136421078405258e-05
3.1712733097892894e-05
1.1682455099045588e-05
4.515158381214064e-05
7.412309914051692e-06
1.5174666394539015e-05
1.737940955946338e-05
1.6654146556766177e-05
3.403777790290661e-06
0.00018453801651858138
2.3349313261420452e-05
3.111983874540962e-05
2.0259333892121383e-05
3.466389424026056e-05
0.0001935670014892804
3.066924468599647e-05
3.405747928522629e-05
9.299515915245074e-05
3.9133650245639815e-06
6.807555580581322e-06
2.1965353681155046e-05
0.00013487262517237878
3.141331270260317e-05
0.0005217202196715473
1.1970315306622107e-05
4.150898405494616e-05
2.436794500937075e-05
3.1962015489999396e-05
5.4229134025018225e-06
3.251178719271465e-05
1.7477466970503646e-05
2.954164197467527e-05
3.9133650245639815e-06
3.9133650245639815e-06
3.3525524434166756e-05
2.539218225492735e-05
3.410404290054928e-05
6.956683753839139e-05
1.9195232319878363e-05
7.980210204414737e-06
1.9195232319878363e-05
1.3549575755208255e-05
8.977080085447123e-06
2.8089831279356363e-05
1.9354345504784333e-05
3.678272826234017e-05
7.374518033481871e-05
1.2213040808295199e-05
2.33014829867184e-05
3.0017051847335704e-05
2.2114761294186507e-06
2.8867187365061376e-05
1.2634195250243084e-05
3.964548738773207e-05
0.00020998085062435927
1.8674017503779616e-05
2.9855468479418407e-05
2.2293665637396678e-05
1.4040086566893634e-05
9.317065102183685e-06
3.378026592999212e-05
3.9683260943826225e-05
2.101086332680674e-05
1.4896636765254326e-05
1.0211333370871982e-05
8.977080085447123e-06
1.580832945648263e-05
5.764555171833827e-05
1.6138023162358852e-05
2.619416736848235e-05
2.7048512431233025e-05
3.937274458136795e-05
1.330035034069123e-05
3.3474913063214966e-05
9.01823476347009e-05
3.351124012995943e-05
3.1390229365992565e-05
1.1682455099045588e-05
5.12259413981845e-05
2.2114761294186507e-06
7.018997361246157e-06
1.874526281938948e-05
1.1172477573940745e-05
1.614418475939808e-05
2.9686149965826507e-05
2.9210807390668347e-05
1.4592304113676272e-05
3.558257573713837e-05
8.246208070445432e-05
1.36552503681498e-05
6.807555580581322e-06
3.336948976921969e-05
1.3376278770869916e-05
2.9806140753990622e-05
1.047326009968831e-05
1.953309953691372e-05
3.054448288536246e-05
6.807555580581322e-06
4.131007296055427e-05
1.4896636765254326e-05
1.9354345504784333e-05
1.1576762224069363e-05
1.2634195250243084e-05
1.1576762224069363e-05
2.905502548579994e-05
2.7972213666391572e-05
2.466481949919668e-05
2.964923965620677e-05
1.4307619930464124e-05
2.0493288228476722e-05
6.889258654683259e-05
3.278675482938969e-05
3.3194494661770266e-05
8.121453686190138e-05
3.647783077904595e-05
2.5632334821958527e-05
1.9566825122819905e-05
1.1057380647093252e-05
6.641195245589093e-05
1.965319261148924e-05
1.3208589058229337e-05
0.00023074138379412356
3.6297706557829214e-05
1.557660679872745e-05
1.2531425686002804e-05
4.095210162763217e-05
5.4229134025018225e-06
1.1172477573940745e-05
7.764220918486404e-06
6.177197184661471e-05
1.8076378008339412e-06
2.931418239819362e-05
1.9432620175609858e-05
3.027532561770305e-05
1.4592304113676272e-05
2.762797733021047e-05
3.1654087650971136e-05
2.9778744739036782e-05
2.6592006556097698e-05
2.543388179366989e-05
1.6281862703615907e-05
3.464575386970998e-05
1.047326009968831e-05
2.1915033756386093e-05
6.554050113938867e-06
2.5553490554454202e-05
2.8609256215021096e-05
3.9133650245639815e-06
3.288950885986599e-05
3.183755665047774e-05
3.4175093892423e-05
2.8989010443351665e-05
6.342546619578579e-05
2.9971818469381003e-05
5.139170731166976e-05
7.440963047017258e-05
2.2293665637396678e-05
1.999922287329044e-05
2.9290169105851564e-05
4.599821260856801e-05
6.807555580581322e-06
7.270100711020043e-05
1.8508521840542647e-05
0.0001136563935514224
2.9677984097387355e-05
8.137943597440802e-05
1.1740095073691945e-05
2.8941905560173407e-06
0.00015040771162588617
9.426693002144108e-05
3.0039434770342376e-05
3.133151242112332e-05
3.279712376067641e-05
3.108327677545358e-05
2.7071015867938713e-05
1.5630856380299737e-05
2.789171145630401e-05
7.999732639264258e-06
0.0002431495014932557
1.578585791455287e-05
2.3370512226660235e-05
2.0813495738780354e-05
2.1096568600068995e-05
3.3976271197066155e-05
8.845904517674603e-06
3.6536616488065625e-05
5.836004733706574e-05
2.0447565173467846e-05
0.00014197709859013375
2.8015023283008722e-05
3.456477580634006e-05
2.248452388136784e-05
3.2571589305666586e-05
2.950163719675122e-05
0.00012807889928894935
5.121138895960718e-05
1.5207511372509882e-05
3.081593287931655e-05
7.132638091443843e-05
1.1576762224069363e-05
2.539755561174914e-05
2.4691409684923808e-05
7.186301783148103e-05
4.092545091890185e-05
3.0000750288802127e-05
2.3417573210598632e-05
2.1178028325861977e-05
6.800962823075555e-05
2.5038166786175057e-05
5.125249192269511e-05
8.68257166805202e-06
2.8629601475728622e-05
5.6999357353853907e-05
3.020204642355257e-05
2.805681833631265e-05
2.0186885491721586e-05
2.6504101547479293e-05
1.7597737404203855e-05
6.311189030468882e-05
1.36552503681498e-05
1.3631710115645231e-05
6.852842507691768e-05
3.9133650245639815e-06
2.7808368187585874e-05
3.261034966280182e-05
2.660070068138246e-05
1.910885626062572e-05
2.1453494945746405e-05
3.465015853158902e-05
2.1791269114349954e-05
2.5961011331212415e-05
2.421410264147306e-05
3.5465930230423805e-05
2.3063426306678234e-05
0.00013584996303594673
3.961637538136691e-05
2.2114761294186507e-06
3.05968858204277e-05
2.02722283777152e-05
2.8853143961312922e-05
7.694378229005293e-05
5.105666685435991e-06
4.45577188084415e-05
2.6599298614434548e-05
2.2287480323834826e-05
8.099318356955328e-06
3.06471343440031e-05
2.378188801348708e-05
6.6344283882559535e-06
3.3611210905474834e-05
7.4809000712059355e-06
3.93663861219913e-05
2.9607199955493284e-05
2.85552490147474e-05
1.798510517612682e-05
3.6733122966101455e-05
3.238381532210899e-05
3.0500357584924283e-05
2.467802912072353e-05
8.190420325526434e-05
0.00016443268222866435
3.9133650245639815e-06
0.00010471094496294168
1.0999572580309742e-05
3.458955857077653e-05
3.4793033148686375e-05
2.723022232232529e-05
0.00014729284138157684
3.735720216686941e-05
1.0845826805003645e-05
1.6198636713910657e-05
7.16537774798546e-05
1.3650700542544054e-05
1.047326009968831e-05
4.516013951116345e-05
2.711456701250911e-05
5.105666685435991e-06
3.23753359313283e-05
2.6535557372162482e-05
1.9589077911360416e-05
9.317065102183685e-06
8.977080085447123e-06
2.8360358602509764e-05
1.8240380142095338e-05
3.1848093767709543e-05
1.748027062717917e-05
1.5648854241359412e-05
2.5267526321846773e-05
2.2569843227890125e-05
1.3323317245412943e-05
8.68970477973169e-06
3.379915060408986e-05
2.7317692202502436e-05
1.7660952713325897e-05
1.0530150184663082e-05
4.1758316880776124e-05
3.250834715928124e-05
3.2986752368208444e-05
3.23346087255288e-05
3.679291610300173e-05
2.2144669152559995e-05
3.403777790290661e-06
3.928664403979092e-05
3.433947080931253e-05
3.9133650245639815e-06
1.8160576981104796e-05
7.892742239742938e-06
1.3367265773725245e-05
3.187969992328796e-05
3.3453006903335826e-05
3.9133650245639815e-06
1.2980505665606207e-05
6.016502157445861e-05
2.018586623906361e-05
1.5223532503647825e-05
5.272719478926771e-05
2.116819242534694e-05
4.336378589642297e-05
2.721285214798975e-05
3.1941706060257466e-05
3.485838380059065e-05
5.105666685435991e-06
5.934080111677502e-05
2.9038165246263374e-05
2.482014854245242e-05
9.72820274245085e-06
2.2114761294186507e-06
3.3667774369308966e-05
3.895788920599677e-05
2.9993711159795555e-05
2.4988284770039172e-05
5.105666685435991e-06
2.8261418139334497e-05
2.740836055564439e-05
1.4307619930464124e-05
3.0952253369912187e-05
1.8870299395303465e-05
3.218094661162485e-05
3.248174931294143e-05
2.6599298614434548e-05
1.2413863971045273e-05
1.877845699749414e-05
2.4041635745846862e-05
2.3886070325782152e-05
6.62005100763034e-05
2.1846833713129557e-05
3.1001351628848567e-05
2.9961606626917437e-05
2.2114761294186507e-06
0.00010757447693618745
2.1050130611106918e-05
6.479454685564263e-06
3.54666172117382e-05
3.6041352170665516e-05
2.627467735836037e-05
2.749622509993216e-05
6.479454685564263e-06
4.859591014173196e-06
1.887469943100167e-05
3.94567711445298e-05
6.479454685564263e-06
3.233765799956553e-05
2.2614188905340054e-05
2.7076569024754663e-05
3.166097104374695e-05
2.5871479426232912e-05
1.0059998083975219e-05
1.7163000206414985e-05
1.3108100227877734e-05
2.4892124414024806e-05
2.0718448379325212e-05
6.548218961535443e-05
1.96621503418166e-05
2.7825426650788943e-05
1.3568513343204033e-05
3.258116270125796e-05
0.00018017505170248745
9.881691501776914e-05
3.07355648389107e-05
4.6585325510918425e-06
2.7825426650788943e-05
1.6138023162358852e-05
2.142125875315679e-05
3.9133650245639815e-06
3.0188970185470217e-05
0.00017657006241829986
0.0001094267786408293
0.00011709572621886731
2.994521974084605e-05
7.10023003662638e-05
3.5732975985701175e-05
2.3154917637110333e-05
1.0640280272552984e-05
2.6856123533910133e-05
3.412584952027491e-05
4.874716264854099e-05
2.0163541597822125e-05
3.335094132668246e-05
2.7738037022281607e-05
3.243721695359897e-05
4.298971788209485e-05
6.227745346913552e-05
2.4889339059695466e-05
2.2114761294186507e-06
2.2114761294186507e-06
2.4332018196015814e-05
1.0920560434035245e-05
1.7477466970503646e-05
2.2114761294186507e-06
3.9133650245639815e-06
2.2114761294186507e-06
2.7104468569718203e-05
2.990628337332925e-05
3.000414448005239e-05
2.2114761294186507e-06
2.2114761294186507e-06
6.807555580581322e-06
2.2114761294186507e-06
2.827400300294065e-05
2.9337073360601547e-05
0.00019087339562187664
1.6875144787236308e-05
3.5074105391880766e-05
3.552884598776785e-05
6.807555580581322e-06
6.609632227888974e-05
4.4229522588373015e-06
0.000265663741530884
1.863413020436737e-05
2.3364910198091175e-05
2.8080400492434882e-05
9.261665087996987e-05
1.6198636713910657e-05
4.600959760334626e-05
0.00010546720182509144
0.00011988592741515716
4.914070086176104e-05
0.00010950180095757893
2.169165361000729e-05
1.2422753469578248e-05
2.094652019937662e-05
6.427696579503573e-05
7.826730049127963e-06
6.6344283882559535e-06
9.978641560060249e-05
6.6344283882559535e-06
1.872026699495659e-05
5.646478506737598e-05
5.764813870719448e-05
9.752457213579938e-06
7.4809000712059355e-06
2.7960478728181107e-05
1.9566825122819907e-06
2.6938244700028e-05
2.348019014738389e-05
0.0002508270286882439
1.5653460098255926e-05
4.7398740209197724e-05
3.298432042457029e-05
2.9793273530508652e-05
2.9759488668145165e-05
4.599821260856801e-05
2.7951195306551057e-05
4.9476480636855435e-05
2.3292662755459217e-05
3.141978029906494e-05
1.0845826805003647e-05
1.3615111161162644e-05
8.031401507535717e-05
4.4229522588373015e-06
7.230551203335765e-06
4.72995558147201e-05
4.4229522588373015e-06
7.074907370117095e-05
5.8346286589260265e-05
4.3919694929948355e-05
4.4229522588373015e-06
1.047326009968831e-05
4.4229522588373015e-06
5.78957615392636e-05
6.369618753541909e-05
4.4229522588373015e-06
2.0259333892121383e-05
7.230551203335765e-06
4.932963899839336e-05
4.4229522588373015e-06
1.6198636713910657e-05
1.863413020436737e-05
4.4229522588373015e-06
6.224131889784791e-05
1.2422753469578248e-05
4.7458926574504154e-05
5.6522836278668993e-05
1.4592304113676272e-05
1.863413020436737e-05
1.552844183697281e-05
4.4229522588373015e-06
0.00018241058123853396
2.3940630613244215e-05
2.7456692101443806e-05
3.9133650245639815e-06
7.601325919676791e-05
3.044706500729565e-05
6.905555556219286e-05
1.0845826805003645e-05
2.3940630613244215e-05
1.7954160170894246e-05
1.6198636713910657e-05
2.5961011331212415e-05
5.414677618531903e-05
2.3846033217440207e-05
7.826730049127963e-06
4.554242846183993e-05
7.270501404532113e-05
1.7954160170894246e-05
0.00010238277972178949
7.230551203335765e-06
4.4229522588373015e-06
8.100119779220836e-05
4.4229522588373015e-06
4.4229522588373015e-06
2.757561186885792e-05
9.303613810452293e-05
2.4571260976579298e-05
5.4839934809088856e-05
1.7954160170894246e-05
3.403777790290661e-06
4.5490679997982815e-05
3.906619907382744e-05
7.826730049127963e-06
8.845904517674603e-06
7.578109955139097e-05
6.501081082039824e-05
4.7458926574504154e-05
4.055336366002636e-05
6.6344283882559535e-06
4.4229522588373015e-06
9.52879359618698e-05
2.5961011331212415e-05
0.0001334501613495657
7.616977111671812e-05
1.4961800142411871e-05
7.826730049127963e-06
1.94738715937789e-05
1.1283327323575302e-05
1.9566825122819907e-06
2.5981516272972494e-05
2.0298043338197103e-05
9.82659630574462e-06
3.024591686088726e-05
2.215209059448668e-05
3.035664452404367e-05
3.063026484458276e-05
3.9133650245639815e-06
4.4229522588373015e-06
6.623091991213328e-05
3.2397273427821314e-05
4.186471438503152e-05
7.257889682374973e-05
0.00031538550267042737
1.0845826805003645e-05
0.00024814207568206573
3.6306478536311225e-05
4.4229522588373015e-06
2.3153524448138725e-05
1.2980505665606207e-05
4.6730320951726474e-05
0.00025312717180854457
2.6230636539184228e-05
7.796313380144457e-05
2.8538049541736107e-05
1.3115318269592114e-05
1.4592304113676272e-05
2.4806441162615715e-05
2.8850369833238825e-05
4.4229522588373015e-06
9.189305639229376e-05
2.9210807390668347e-05
1.0845826805003645e-05
5.427405337281614e-05
8.845904517674603e-06
6.807490181778284e-05
4.4229522588373015e-06
3.6480760284190676e-05
5.3198597228869096e-05
8.63257405989472e-05
6.6599335166175e-05
6.956594389753822e-05
7.603755686254942e-05
7.826730049127963e-06
6.110587246310124e-05
4.4229522588373015e-06
4.460870002602899e-05
2.8557112464333657e-05
4.055336366002636e-05
4.372949834756855e-05
6.454758648362427e-05
0.00012129055337911082
4.4229522588373015e-06
1.2634195250243084e-05
0.000168941224160005
1.1057380647093252e-05
7.230551203335765e-06
3.613220201388868e-05
2.8400883827068423e-05
2.2114761294186507e-06
1.827910408785187e-05
3.3788244832000996e-05
3.999844574658088e-05
1.493707611646343e-05
2.2114761294186507e-06
6.807555580581322e-06
1.1970315306622107e-05
1.0129666946060692e-05
1.4237677972351246e-05
1.5223532503647825e-05
1.0730714947848093e-05
5.4229134025018225e-06
2.2114761294186507e-06
3.5769049826160304e-05
9.317065102183685e-06
1.1230395777993853e-05
1.722940379571186e-05
1.2413863971045273e-05
1.9566825122819907e-06
2.0835104759942284e-05
5.984720056964749e-06
3.209809129771109e-05
3.14762776096166e-05
2.7614358483535978e-05
2.397891189393066e-05
1.1576762224069363e-05
2.634476986192346e-05
4.577668060294288e-05
7.10964579492508e-05
2.2114761294186507e-06
1.9566825122819907e-06
3.105688367394562e-06
2.2114761294186507e-06
1.8778625089631297e-05
1.7203862670919408e-05
1.1230395777993853e-05
0.0001523844248648591
2.2114761294186507e-06
1.5499921591336135e-05
6.204631617607887e-05
0.0001560048318665324
5.007633357235013e-05
3.0214333400184317e-05
2.855496811777473e-05
2.1908395937903175e-05
3.362118416086394e-05
3.6739909532764915e-05
3.0495189002122972e-05
8.416188877917642e-05
4.913301661445205e-05
0.00014984807462109035
9.317065102183685e-06
2.2114761294186507e-06
9.261967054844133e-06
2.179195085501446e-05
1.1576762224069363e-05
2.7137026686408066e-05
3.9597436742724045e-05
3.6417497402577114e-05
2.4129122957364006e-05
5.007633357235013e-05
4.072710115145828e-05
5.304843978511817e-05
1.0129666946060692e-05
7.055851078243905e-05
2.882406935359724e-05
4.54548472078863e-05
2.2923130910445943e-05
0.0004227275673032821
2.7392792215721817e-05
2.7084994405255845e-05
6.479454685564263e-06
1.788424475951823e-05
1.2825706139582273e-05
3.6003662204820554e-05
2.869699532062972e-05
3.1699954077039157e-05
3.138462176910866e-05
8.076373535185758e-05
7.980210204414737e-06
6.650175170345615e-06
0.00010404731235310175
4.068971798720401e-05
2.6403745680957358e-05
1.2980505665606207e-05
3.020865820553485e-05
3.9133650245639815e-06
3.0361618974559958e-05
3.567317741343913e-05
2.2114761294186507e-06
2.6856123533910133e-05
1.2285630488289649e-05
8.422796833495388e-06
2.2114761294186507e-06
1.047326009968831e-05
2.7456692101443806e-05
3.457858611052075e-05
2.9624212630748576e-05
1.047326009968831e-05
2.9879906046832206e-05
3.6497538020445334e-05
5.0014622096158325e-05
3.773274737435441e-05
1.1682455099045588e-05
2.5651412279164545e-05
2.663800505913242e-05
9.317065102183685e-06
1.6798672598620755e-05
3.6152756016678823e-06
4.212060073865233e-05
3.9133650245639815e-06
2.2114761294186507e-06
6.807555580581322e-06
9.317065102183685e-06
6.211376734789124e-06
2.1298048488993062e-05
6.479454685564263e-06
1.7758670039421613e-05
9.317065102183685e-06
3.9133650245639815e-06
1.0920560434035245e-05
2.984034618096954e-05
6.807555580581322e-06
5.6151978889969264e-06
6.807555580581322e-06
2.7587000061037853e-05
2.436794500937075e-05
3.4241557505735424e-05
4.561609363103396e-05
6.479454685564263e-06
2.395351895947039e-05
1.4896636765254326e-05
2.2114761294186507e-06
2.2114761294186507e-06
1.9566825122819907e-06
6.807555580581322e-06
1.047326009968831e-05
2.2114761294186507e-06
2.5372554172746375e-05
1.7954160170894246e-05
4.4229522588373015e-06
4.101077141664813e-05
2.2114761294186507e-06
1.8569808656160125e-05
2.2114761294186507e-06
1.5223532503647825e-05
8.68257166805202e-06
7.26423079244192e-05
3.727158485573785e-05
6.807555580581322e-06
6.807555580581322e-06
2.771607210366476e-05
4.150945327026698e-05
6.807555580581322e-06
3.1189149075693226e-05
3.273045739609981e-05
1.7764422993883926e-05
2.261379785003508e-05
1.1490058551125716e-05
1.0129666946060692e-05
3.591702627230362e-05
4.335574528267542e-05
1.8076378008339412e-06
3.6152756016678823e-06
1.0920560434035245e-05
9.916322269508386e-05
6.08551181163688e-05
9.544445275676005e-06
1.0129666946060692e-05
2.4030793141742393e-05
1.0384404532484968e-05
2.6422054799261905e-05
3.567490229510795e-05
1.624374028443293e-05
1.96039123606765e-05
1.2696091127463675e-05
2.611983897491878e-05
6.211376734789124e-06
9.82659630574462e-06
3.2521981519114305e-05
3.5593203692514546e-05