0.00037847250696834364
0.0001345702729181625
0.0018723322482044166
0.0011784330057308284
0.0036163832901638924
0.00010641456580074977
5.190954429304866e-06
6.364548993312809e-05
3.3859952879596194e-05
0.0004178936315535466
0.00010754766407620965
2.4017717218497433e-05
3.83935308444804e-05
3.499202203462151e-05
2.3987991230488104e-05
0.00021107025805886773
3.4104284508244584e-05
0.00026381988396689154
0.00035312765082384974
0.00021022207410763947
0.002425926257692073
0.0001443047863594658
0.0008117317330932306
0.00019622021874547563
6.639163866348955e-05
5.792625245492008e-05
9.150066540295064e-05
0.00010971120202343474
6.153677178108292e-05
0.0004481707830224351
8.482246822835872e-05
4.112608281761763e-05
6.657967775786943e-05
1.2851129781666526e-05
0.00017435418671306826
9.343717972748759e-05
0.0007139353570814427
9.69122813641483e-05
0.00040507259950105744
0.00012133732788681982
0.0005226128702142889
9.842084573595928e-05
2.610475400051069e-05
0.00013716763082362464
1.2729097986625618e-05
0.00042604465645547243
6.387619269883787e-05
0.00012717838351796923
3.486315237313205e-05
0.0001602058709696588
7.240415233000013e-05
0.0003986628071722269
0.00068121716019855
6.812245288521018e-05
2.6424529935458877e-05
5.792559466999951e-05
0.0001417239520840903
0.0003177408890061738
2.5260853103121686e-05
0.0002458719474657409
3.6604838141137864e-05
9.379029814753107e-05
0.0002601101114828332
0.00019755154646492872
0.00014908361804708407
1.5215297086039694e-05
3.4737264124373485e-05
0.0005835077861137266
4.59288238238576e-06
0.0001681002124877483
0.00021130994522137837
3.0302256081433652e-05
8.4667541046985e-05
0.00012139438909744113
2.572036388563305e-05
1.8552714083229713e-05
0.0001536982222155274
0.000109942598173698
7.794518154077175e-05
0.0005036981197435883
0.0003426844068945156
0.00021663738639354977
5.1020773973661924e-05
3.799699468091041e-05
0.00010557478524244431
4.384353496645536e-05
7.852358524172133e-05
0.0013672749086368983
0.00020447483217087955
1.7851321547361192e-05
2.595477214652433e-06
4.2625181217400006e-05
3.202923337349563e-05
1.404884285986402e-05
3.904200172228071e-05
6.994175548194319e-06
8.158382347367272e-05
3.409037316437122e-05
0.00044903995302590947
0.000544773072793303
5.267930886962171e-06
2.595477214652433e-06
0.00012859712496250997
3.240932031226712e-05
9.127462520783958e-05
0.00019423676815653556
4.774856759561974e-05
4.59288238238576e-06
0.00010971101799418718
0.00020884825262513498
0.00013588951271252374
4.04555827228966e-05
0.00018584893897764844
9.771862527103219e-05
0.00036783646373313866
0.0011711866676290207
0.00011744866807633479
0.00015517592170695129
3.300891292064005e-05
2.595477214652433e-06
0.0002926228946964802
0.0002361833519162251
8.458132891762872e-05
0.0006147974341261864
0.00011094991575581676
9.240394399346075e-05
9.556349626775566e-05
2.6901750997101633e-05
0.00013556738916720122
4.2430326622085395e-06
1.4827999028004957e-05
9.531664263499305e-05
0.0002454537633337364
9.196211471358321e-05
6.272006022456323e-05
3.651075128957623e-05
1.828133141022197e-05
3.432448361428481e-05
4.013222907613475e-05
0.0005728306190096592
1.5636780281750336e-05
6.06833740843449e-05
6.0727614887517425e-05
5.9556497451509274e-06
5.703411211194902e-06
0.00012873403433165382
3.47463733946491e-05
0.00031129216119911375
6.141219483705422e-05
2.2813644844779614e-05
3.709028702433141e-05
5.196017141755538e-05
0.00024995884091892227
0.00025464859396378663
0.00033236669122764886
7.815985499867273e-05
0.00016661500212032809
6.186018339137262e-05
0.0001166491442346942
1.8345000898217893e-05
1.2816808375509983e-05
9.38880755361349e-06
4.6168670683548326e-05
1.877751302412709e-05
0.00030880358946250747
6.477605660862407e-05
6.114680339722962e-05
1.5479953589720373e-05
6.47544227374152e-05
4.412215361829021e-05
2.5689171363302472e-05
4.215202064788738e-05
1.5979241341866617e-05
6.3038850638174e-05
4.9516470892209406e-05
0.0003074740691340217
0.00022917269734965695
1.602635032747288e-05
6.412228169708731e-05
1.5609825399848912e-05
0.0005332160824037826
6.472769145786315e-05
0.00012951903071959072
0.00012372882564486308
0.00021178951804191632
2.5954772146524338e-05
1.2291838736245067e-05
0.0004052614265774843
0.0002141307135545691
0.0009091708239810018
3.9530433216004136e-05
9.934316516643503e-05
3.0504031784281558e-05
0.00030087673969698053
2.9199957192925344e-05
6.364548993312809e-06
4.6405142980231706e-05
2.938579825741466e-05
7.556398852396796e-05
1.935586167174051e-05
1.2729097986625618e-05
0.00019196015946854498
2.7018985259358326e-05
2.229829671615092e-05
3.994810335466654e-06
2.595477214652433e-06
5.434953051206139e-05
0.00015662246970105933
0.00011324798543768089
7.038792738676873e-05
4.217889084212357e-05
7.989620670933309e-06
2.873241950959195e-05
3.817822826915629e-05
2.970802162857605e-05
0.00010119587875917413
6.364548993312809e-06
0.0013254835337319958
0.00018496713931469028
0.00017521596972614763
2.28348189896022e-05
1.2729097986625618e-05
3.121214929940899e-05
3.6392294697247426e-05
2.9339864100198575e-05
0.00010752557205737586
2.595477214652433e-06
2.7114933576052193e-05
3.2128928000628546e-05
2.2556141938480215e-05
4.030983555657173e-05
1.5979241341866617e-05
0.00012532084061611293
9.316176487826329e-05
2.6793525647780063e-05
0.00018609668690290705
4.9641683516126336e-05
0.00023989358180793243
0.0001280673878610685
8.5100028884788e-05
1.441890942244873e-05
3.314778646526381e-05
0.00015794522299809616
0.0002659777719679367
0.00023202233903477884
4.59288238238576e-06
1.997405167733327e-06
2.595477214652433e-06
5.267930886962171e-06
2.595477214652433e-06
2.595477214652433e-06
0.0005289785766744797
3.7880464410390444e-05
2.742199711533295e-05
5.190954429304866e-06
0.00010573475070360091
1.637803679916505e-05
3.916483968671322e-05
3.316416559724127e-05
0.00020744254859134673
9.109142233127614e-05
0.0001070737595272387
0.00012256901747609042
5.1007776514807954e-05
1.71708079398338e-05
2.1071723547848686e-05
0.00019913873930033028
2.727518411624322e-05
3.635748693430847e-05
1.4579842461157734e-05
2.654092045166479e-05
1.3586953154190195e-05
7.288999820257592e-05
7.496866248710427e-05
3.651309582834278e-05
0.0006755528824911914
3.438591310822634e-05
0.0001710562875782319
0.0001038729192513228
9.709339853495185e-05
2.413593852288337e-05
4.2430326622085395e-06
7.604548281593204e-06
0.00018637047495812358
0.0003869715640999787
3.802274140796602e-06
0.00010361411870565699
3.349340124040576e-05
0.00017939259417419276
3.745425109974563e-05
3.6805595267246286e-05
5.190954429304866e-06
3.148450201911001e-05
9.505685351991504e-06
0.00011896572395869807
1.2291838736245067e-05
3.703532474992723e-05
0.00012032778874675294
4.59288238238576e-06
0.00022250570497593135
8.289188704323532e-05
0.00010326685112958464
6.93313916584607e-05
3.134829105261815e-05
5.8696313045714115e-05
2.29644119119288e-06
1.2187554273481312e-05
0.0002155573429286916
8.124010019960964e-05
0.00013805538953843432
9.026959305499578e-05
4.004523088333228e-05
9.388478903033888e-05
2.8557033907876294e-05
0.0002426771745288441
2.4358305496678654e-05
0.00012322026910780058
3.4555973072068415e-05
4.6722603627652045e-05
0.00010638226592575357
2.2039348693060998e-05
3.733611399716624e-05
2.0763817717219465e-05
3.1835421594072935e-05
6.918640684403018e-05
2.1853755559788477e-05
1.9684383561827512e-05
7.60991123378774e-05
2.5238930330506766e-05
0.00010140301866995605
3.496118084947839e-05
0.0001283477168293717
1.688227499263387e-05
3.2070254017270545e-05
3.771901444666845e-05
5.992215503199981e-06
4.0327493097957155e-05
0.0002199223839001821
5.800369808376142e-05
2.02277913614483e-05
0.0002669039825040892
2.514084970820284e-05
4.294815451350902e-05
2.8774475996596657e-05
3.6310436107384624e-05
0.00032526562846141733
3.1202100071492925e-05
0.00018593097900021434
3.715858735469046e-05
7.01984308470197e-05
0.0001839981065426437
0.00012363244486933282
7.631912832291225e-05
1.894746370297557e-05
0.00015000427220810994
1.837152952954304e-05
0.00032381874352199855
2.6339654434810857e-05
0.0001721558384445342
7.473167063145612e-05
0.0006082979211112513
0.00011899454946299105
7.670530572177439e-05
0.0004891437973775814
6.931958857240166e-05
4.693916251369172e-05
5.1702307568343983e-05
6.568918993037743e-05
3.729269375115898e-05
0.00010511873106874724
9.551017485699351e-05
7.42793409077743e-05
0.000128717617990508
0.0001258662122178079
8.027687550899558e-05
3.862846792529335e-05
0.00010557906567181177
9.62637772583247e-05
0.00012016054272787427
0.0001689564699537314
7.202012776409064e-05
0.00015416551061844688
0.00010227570233772467
1.7495443237330435e-05
4.525868598463107e-05
3.652445596411367e-05
5.7713242673339155e-05
5.224572526413349e-05
0.00011347219361308695
9.299073886588635e-05
3.966587772689648e-05
7.947009341709482e-05
0.00012484859719763596
0.00024241580471622332
0.0006660454910134136
5.450927766083007e-05
6.68967353044185e-05
7.832967937342644e-05
2.7767786848952087e-05
0.00010688333207942573
0.00016740263520962267
3.664180212980026e-05
2.595477214652433e-06
7.11494576280639e-05
9.18576476477152e-06
0.00013144140579834506
8.588795875074741e-05
5.732714420540915e-05
0.000121699827786758
0.00017561616862877706
6.813662335399825e-05
3.594890915860026e-05
1.3485194240965535e-05
4.719213819788839e-05
3.145516602060273e-05
1.2291838736245067e-05
0.00011353470928767353
7.156046860674318e-05
5.386357041648902e-05
7.412279199032406e-05
3.338972528696334e-05
8.531868122929894e-05
1.9003473217262702e-05
7.766569051200663e-05
0.0002001899337653681
2.5102168543856017e-05
7.860343816962797e-05
0.0002040617690099
8.448105798470037e-05
1.5783687213737774e-05
0.00012883860568352633
8.852822987212603e-05
0.00013672313004095332
7.912376828329516e-05
2.8546602193067995e-05
9.18576476477152e-06
3.1822744966564044e-05
2.5998583312776205e-05
1.877751302412709e-05
0.00012244573490491158
0.00012167865883747441
4.3421580155466856e-05
7.045843550776288e-05
7.546802802416187e-05
7.962138448035364e-05
4.0807185168960905e-05
6.936609553803557e-05
4.625058213296578e-05
7.35969198913314e-05
0.00012477762408021176
0.00015577080231075883
3.901180878130442e-05
9.612606281632487e-06
2.595477214652433e-06
4.116021711558641e-05
7.839844068374835e-05
1.2593998087327994e-05
0.00022090511208204213
4.205047736222946e-05
3.400260365353788e-05
3.636862879341832e-05
7.501591087124666e-05
0.00018709348106110983
0.00010348069638294138
5.792625245492009e-05
0.0001032935030667205
3.583376023263916e-05
6.44835047401226e-05
5.129580238900913e-05
4.1195357416987365e-05
2.7849851263908817e-05
1.441890942244873e-05
2.5948750272826437e-05
4.59288238238576e-06
1.171032792208774e-05
0.00018138305168646267
2.896312622746004e-05
2.966559793849744e-05
1.8553290429051783e-05
5.936762904480562e-05
4.505624531257009e-05
3.143383557712423e-05
4.5108918239979843e-05
7.661227348570186e-05
2.5306833239157374e-05
4.5290620645915183e-05
2.2528295672493225e-05
4.108979435509084e-05
0.00027900439201603776
1.2358607225096212e-05
8.20426691770859e-05
7.077999089855054e-05
6.446971885211212e-05
7.526967253894997e-05
2.834106752571214e-05
0.00012599892828878405
0.0003726844146150757
1.7539748197237086e-05
3.518206675071756e-05
3.576154203769267e-05
6.16740334646032e-05
0.00012923973897003256
2.7068163510557506e-05
2.595477214652433e-06
8.237777237780532e-06
4.0460363357022925e-05
3.241635808831006e-05
2.5779421370560628e-05
2.595477214652433e-06
8.295442384353791e-05
0.00010425944173108157
5.457142707586283e-05
0.00018658354501504144
0.00016702800609396924
7.2924728426924965e-06
2.4645485844166803e-05
7.416117012873667e-05
4.145520699655158e-05
9.112401538223583e-06
8.696579498425038e-05
5.816244264241406e-05
0.00013915935213739257
2.595477214652433e-06
1.8765891477068436e-05
1.3643284208281005e-05
0.00011400028378552532
8.926479230896174e-05
4.81014659846798e-05
3.261064969310183e-05
5.100771592678352e-05
3.408751194716804e-05
1.6021010469387477e-05
4.064206870784447e-05
4.708184220532539e-05
9.112401538223583e-06
7.073036837406986e-05
5.4003083570631926e-05
2.1722344670595033e-05
1.4827999028004957e-05
8.277068334629976e-05
9.826494369657536e-05
3.9753760845774266e-05
5.94160432571521e-05
0.00010616184597380486
3.466569582923035e-05
3.424287886129333e-05
4.414739622255524e-05
6.653979746394053e-05
2.595477214652433e-06
2.595477214652433e-06
0.00018053918610999155
0.00013381832136836861
0.0009284196539221112
0.0001622364614009205
1.0535861773924343e-05
2.9701228635459776e-05
0.00014075747853703566
7.7864316439573e-06
4.203900351188091e-05
4.943402864452299e-05
4.413113296136096e-05
2.6339654434810857e-05
0.00010919694186207561
2.321491591806889e-05
9.505685351991504e-06
0.00013747275040254444
1.9781592699494782e-05
2.595477214652433e-06
0.00010158962612320011
2.1625561216886173e-05
2.1970857289059933e-05
2.595477214652433e-06
7.891834441106558e-05
8.338362957709922e-05
1.188858400991642e-05
3.177604627117091e-05
1.9334566027920472e-05
3.2470306371985716e-05
7.842484920259345e-05
0.00012236211284311554
6.038605688898016e-05
0.0003231270956845661
6.354326318792309e-05
3.093678673353265e-05
3.293241103776883e-05
1.4214884533169367e-05
1.404884285986402e-05
8.445808004265861e-05
0.00013126216373648202
3.564789092709617e-05
5.011183409956326e-05
6.813662335399825e-05
5.16381608163495e-05
6.75402639459703e-05
2.9850225285039346e-05
3.120742653507286e-05
1.311246844975054e-05
3.888619914813397e-05
4.146591076131281e-05
4.858334276657886e-05
3.094546504901382e-05
2.3601783469800002e-05
2.0849040375667117e-05
0.00014416981525836804
9.241573525125436e-05
3.706758324694175e-05
9.439635968675875e-06
5.190954429304866e-06
2.595477214652433e-06
8.940803424395488e-05
7.502381041794837e-05
4.59288238238576e-06
0.00017311701414124972
3.560026824194269e-05
3.196289307445816e-05
2.844646377664138e-05
2.9129923289363616e-05
1.4579842461157734e-05
3.686792557774138e-05
1.0535861773924343e-05
1.1984431006399962e-05
4.89550519137138e-05
0.00015891445840672
5.5942897806058814e-05
0.0001112947933811075
8.51349099430755e-05
4.621247808889607e-05
3.564849530593801e-05
3.1810893028476805e-05
6.129766581744426e-05
2.7099196522325654e-05
6.364548993312809e-06
3.4218147399683974e-05
1.1214707328571235e-05
2.1108041848968923e-05
2.436377363750699e-05
3.411560504819122e-05
4.59288238238576e-06
4.6936741266810255e-05
6.119151943216918e-05
5.911470085212592e-05
0.00013919255749872002
4.59288238238576e-06
1.5979241341866617e-05
1.9877907946317546e-05
9.402814952294855e-05
6.291221001793029e-05
1.2358607225096212e-05
3.994810335466654e-06
2.5799027960994707e-05
4.59288238238576e-06
3.46197664810617e-05
2.8717583936214076e-05
2.8016900886512725e-05
7.724565738395911e-05
3.7075821675288634e-05
9.913810329891506e-05
3.975722308947186e-05
2.595477214652433e-06
4.59288238238576e-06
2.595477214652433e-06
2.595477214652433e-06
9.885332685336637e-06
2.8033651574819636e-05
7.617221420925819e-06
1.1984431006399962e-05
2.595477214652433e-06
2.595477214652433e-06
3.7880464410390444e-05
7.28200489012139e-05
2.595477214652433e-06
8.899209670776318e-05
8.526349369408132e-05
0.00017259912477044574
4.4078697386121996e-05
4.3488019154363704e-05
3.152362803666511e-05
2.6098153944244765e-05
1.441890942244873e-05
2.1215163311042697e-06
4.052318689371359e-05
6.410541951851479e-05
9.606661915631794e-05
0.00018247243938427927
6.898982860403078e-05
0.0001461514850499149
1.6504456460320025e-05
6.155822757806443e-05
3.290238881034566e-05
2.7206344464222327e-05
2.782555983448775e-05
3.561919601395978e-05
3.899946110814918e-05
2.4265987080461248e-05
4.982168503800795e-05
7.0900960907047e-05
9.432980368400833e-05
7.423729538691785e-05
2.595477214652433e-06
2.595477214652433e-06
1.7510914443016646e-05
4.046555049871801e-05
0.00018500232853186312
0.00010494998406106662
0.000181604545280311
5.8673953142114645e-05
7.197685348152302e-05
2.2328934160270508e-05
0.0001987790794631755
0.00017990852723635833
6.523569231966459e-05
2.595477214652433e-06
0.00012204881591288394
3.566575202974926e-05
2.595477214652433e-06
4.2430326622085395e-06
2.595477214652433e-06
3.4822373877103335e-05
3.4039219796083044e-05
1.611213835660039e-05
1.1194664966513773e-05
2.4627788151078815e-05
3.990221517627007e-05
0.00018587731284810531
2.595477214652433e-06
0.00011026475461621904
3.210334314553051e-05
3.394192181560567e-05
3.223460676567526e-05
5.190954429304866e-06
3.2449533980324015e-05
4.419580443832953e-05
4.6941325841906974e-05
4.1665575842546005e-05
4.59288238238576e-06
2.595477214652433e-06
4.271526959229788e-05
4.0175842028854134e-05
8.779884811603619e-06
3.945917220553279e-05
4.308847400676766e-05
3.994810335466654e-06
2.595477214652433e-06
9.099874258568141e-05
7.35056499696915e-05
0.0003807922415834898
2.377716801983284e-05
2.595477214652433e-06
2.3639906298582855e-05
0.00012020748621899426
4.949493646964002e-05
6.067893288571865e-05
2.747387663762952e-05
2.8725649337845107e-05
5.190954429304866e-06
3.66055957109485e-05
3.902376347273555e-05
4.6901840026742614e-05
1.2427692354402269e-05
4.7533129666766616e-05
5.6787672410214216e-05
4.066815030737192e-05
8.908403893686262e-05
3.583407446510224e-05
3.6595621383548814e-05
1.67578871260368e-05
5.5110072330061834e-05
5.02266341189306e-05
3.139787611070302e-05
2.12151633110427e-05
2.112707700248386e-05
2.595477214652433e-06
5.017963320340626e-05
3.4797538592326356e-05
3.391587912540704e-05
4.714602393388333e-05
4.0092859111787036e-05
2.595477214652433e-06
5.467440922934149e-06
4.520025453920065e-05
2.595477214652433e-06
4.578350206542548e-05
3.3168735514993e-05
3.865378692560844e-05
0.0003051870076772961
3.2950808607103084e-05
0.00012024164487188914
3.23445491911882e-05
2.3343885713010076e-05
3.61813527890268e-05
4.265410651670377e-05
5.472873098612619e-05
7.627894003522558e-05
2.595477214652433e-06
5.922382318502773e-05
0.0001557001365337203
8.67545763770127e-05
3.383266145275927e-05
1.4083134768095316e-05
2.5293543084357372e-05
6.52895372927304e-05
1.6182233089158643e-05
2.595477214652433e-06
2.9655998056009915e-05
1.0664109989296147e-05
2.7749124706651162e-05
0.0001192612825373228
4.687545659080525e-05
3.05391162790867e-05
2.9590814801900443e-05
1.1256654862264325e-05
6.364548993312809e-06
3.076838589054145e-05
3.273507986484871e-05
2.947689027977808e-05
2.3253196009414197e-05
3.2478449687666197e-05
0.00016266992709873513
3.517613004460825e-05
2.4943530902321537e-05
2.7463571611324915e-05
2.2855317916548038e-05
4.055911535023012e-05
3.790712630284914e-05
1.637803679916505e-05
9.002751124117636e-05
4.225415400496772e-05
1.2358607225096212e-05
1.8940232205195222e-05
4.169985138369718e-05
3.871382237841774e-05
0.00018819322201038687
0.00028397251003003737
7.7864316439573e-06
4.0674588770165465e-05
0.00015193794451145304
4.3813262169772656e-05
4.113836634971141e-05
4.2430326622085395e-06
2.701610557838812e-05
0.00015957008218736715
4.610334422564564e-05
8.344998270161684e-05
2.9436605839000726e-05
2.021974271685693e-05
0.00012122485027852103
1.922450012792744e-05
3.0259251630156527e-05
4.284136053089393e-05
3.525548725138509e-05
2.0753259915935352e-05
3.8188505473502086e-05
1.5099731391690788e-05
2.6134532600227705e-05
3.7060276288393674e-05
6.823121009638243e-05
4.0002776347867226e-05
5.6281175966446166e-05
7.04201711799916e-05
4.5203787310903904e-05
4.385337030916601e-05
1.188858400991642e-05
9.519011302625435e-05
1.0535861773924343e-05
2.595477214652433e-06
3.871457757021954e-05
2.7426381499857646e-05
3.514101500068747e-05
6.073237769487104e-05
1.8940232205195222e-05
7.604548281593204e-06
0.00014276182327269913
1.0664109989296147e-05
9.169932083856565e-05
2.595477214652433e-06
1.5392664328956437e-05
6.590221790224426e-06
1.0934881845868298e-05
3.118513554717432e-05
4.142630561363514e-05
0.00040683408579813516
9.990233307950963e-06
2.595477214652433e-06
7.336714663031204e-05
3.725186723610281e-05
4.030553974965127e-05
2.981199446291797e-05
2.0858296377881092e-05
4.193765591627272e-05
2.2091941116565906e-05
7.688083518920638e-05
8.486065324417079e-06
6.0748828640602073e-05
0.00018484263698626433
3.831531885340536e-05
6.364548993312809e-06
0.00013053594711977685
7.498401451814015e-05
1.6983691442737742e-05
6.926590444204203e-05
0.0001847514096481872
3.712539246384467e-05
3.507963655192379e-05
7.52089549310533e-05
3.378699128701948e-05
3.4522870411870325e-05
1.3731785805662457e-05
2.6078656867097604e-05
6.476356492339688e-05
7.482336626552045e-05
9.505017105388841e-05
4.1761140143377875e-05
1.7413057489791286e-05
3.4748199110945044e-05
2.595477214652433e-06
9.112401538223583e-06
3.3774789702265297e-05
4.860381009778925e-05
3.408133212151427e-05
2.8117391972781702e-05
2.3976983813981428e-05
3.026520418456229e-05
2.595477214652433e-06
0.00013158006166079893
3.5994657466200875e-05
2.595477214652433e-06
4.752193024992462e-05
3.0320874043002367e-05
4.0988105302368904e-05
3.562896899226782e-05
2.1071723547848686e-05
7.180098805052524e-05
0.00012828752775165877
2.595477214652433e-06
3.1219650799697824e-06
2.595477214652433e-06
8.237777237780532e-06
0.00010191713453439282
3.1676798297108925e-05
3.3912645835267295e-05
2.361261547336431e-05
0.00013088640541109972
3.690397986644064e-05
2.595477214652433e-06
2.595477214652433e-06
3.0283187896830017e-05
1.4227245610935879e-05
2.6291129253973643e-05
5.992215503199981e-06
3.994810335466654e-06
3.295996955790251e-05
2.6325066177853853e-05
8.305992950811819e-05
2.908487264674924e-05
3.12349779916922e-05
6.829214695394722e-05
4.620943454005736e-05
7.388364744349335e-05
3.051828287575071e-05
2.5908822207184623e-05
2.595477214652433e-06
5.992215503199981e-06
3.123359804345459e-05
2.595477214652433e-06
4.969772604721086e-05
8.509459600934188e-05
1.1214707328571235e-05
2.379752825656358e-05
3.7508802188328324e-05
2.7630629014411776e-05
2.595477214652433e-06
4.2777469112515395e-05
4.4935951458003905e-05
9.465896934207708e-05
4.0718821705448935e-05
9.902673876192015e-05
2.0017521369341456e-05
3.283705086810509e-05
1.2844585681651236e-05
4.7933058703930074e-05
2.5998583312776205e-05
1.7392346502987648e-05
2.595477214652433e-06
9.112401538223583e-06
3.2388206364116166e-05
9.893146589979764e-05
1.9805347752384032e-05
5.256723120806049e-05
2.500149809804474e-05
2.669102781124636e-05
4.050436806768504e-05
2.6540461493451215e-05
7.395172540125288e-05
3.42209647780663e-05
5.190954429304866e-06
1.3586953154190195e-05
2.8454491221871758e-05
4.071185389742283e-05
6.24859475602183e-05
0.0001200776238527708
2.6500876847032104e-05
3.9728614601679984e-05
2.29644119119288e-06
3.733607681420851e-05
3.590396304584006e-05
1.0934881845868298e-05
4.2430326622085395e-06
3.429055621931087e-05
3.579644478063289e-05
1.4827999028004957e-05
1.1806817834958362e-05
2.29644119119288e-06
3.514464945893456e-05
3.74152963534823e-05
3.1521142427574616e-05
2.4265987080461248e-05
5.190954429304866e-06
3.52995986882299e-05
6.7934765770950976e-06
9.282052653938208e-05
7.070526419001185e-05
2.900184904188071e-05
3.377101863231437e-05
4.620943454005736e-05
9.82682207949903e-05
1.568836003987419e-05
2.9606201107838574e-05
7.827106232408189e-05
3.296735428393079e-05
1.8641538531603402e-05
6.02555583458908e-06
4.286597160973964e-05
1.404884285986402e-05
3.35157742520736e-05
1.1398355043913377e-05
1.3731785805662457e-05
2.73577612741382e-05
3.698330525193892e-05
1.7559769623207238e-05
4.728127616928613e-05
2.6783894685902757e-05
5.1307891981414195e-05
2.5100725000491045e-05
5.190954429304866e-06
9.276357041614856e-06
1.8191330570584878e-05
2.4627788151078815e-05
1.0664109989296147e-05
7.296397020932632e-05
2.742877571818421e-05
6.515325117395974e-06
0.0006343820335047832
6.510619921610581e-05
1.3993331208142214e-05
3.506949018370522e-05
5.703411211194902e-06
8.779884811603619e-06
8.324848058271028e-05
5.810912776461899e-05
5.992215503199981e-06
7.150357028133257e-05
9.612425709799637e-05
9.134563974656117e-06
4.871661099335731e-05
4.428466794354148e-05
2.0580108557793207e-05
0.00010260509555521952
2.595477214652433e-06
2.29644119119288e-06
2.595477214652433e-06
3.415541300701036e-05
2.595477214652433e-06
1.452417444295385e-05
3.2421337631245316e-05
2.413811821465101e-05
6.364548993312809e-06
4.044869893659308e-05
7.604548281593204e-06
7.604548281593204e-06
3.135250794968855e-05
2.90483488859077e-05
0.00010774792694385377
3.110627817601649e-05
0.00011986788446519628
5.600872175370543e-05
1.6969159099712347e-05
0.00010032075184188583
2.677918242032556e-05
3.848057578412917e-05
7.282931144981913e-05
4.182500097244979e-05
3.705306665084317e-05
7.284704694305855e-06
2.7232827080538463e-05
6.646644908167764e-05
1.7530752513255193e-05
3.174522065674001e-05
1.3485194240965535e-05
7.604548281593204e-06
0.00016861465890177684
2.1473381887729294e-05
3.7060276288393674e-05
1.7141488437411028e-05
1.1532888132892744e-05
1.5371263487153346e-05
3.842483963288665e-05
3.842626398976343e-05
2.965012478518411e-05
2.072760349827579e-05
4.321719875264886e-05
4.066164837009895e-05
4.6901840026742614e-05
2.6549532375171704e-05
5.703411211194902e-06
3.1519425319087e-05
4.652751390757322e-05
2.638874037122878e-05
2.595477214652433e-06
3.5565089656379654e-05
4.590860955307642e-05
1.0535861773924343e-05
4.7755087428496754e-05
1.637803679916505e-05
4.59288238238576e-06
7.7864316439573e-06
0.0001209311333815464
2.29644119119288e-06
0.00010035437753374172
3.402706380252057e-05
6.445306904600599e-05
7.887338776192094e-05
2.595477214652433e-06
3.553700641949867e-05
2.29644119119288e-06
3.73532421018943e-05
2.9956109788592313e-05
8.74730204070526e-05
0.00011579088041457828
6.496273269591625e-05
5.227254411159297e-05
6.877182621645269e-05
7.984725865548658e-05
1.6972130648834158e-05
8.486065324417079e-06
7.234829521181084e-05
1.2409541797296427e-05
2.595477214652433e-06
2.595477214652433e-06
2.595477214652433e-06
0.00012528342043013362
3.761233043958157e-05
3.822516639134553e-05
4.0611776387641116e-05
3.677192148169494e-05
3.673145870303238e-05
2.7372162869299168e-05
3.5724211872847194e-05
3.4039219796083044e-05
3.199335991142416e-05
4.767433752201599e-06
9.885332685336637e-06
1.5885735892397798e-05
2.970802162857605e-05
7.804912699924456e-06
3.047842298229153e-05
1.2136674816868982e-05
3.428205034252922e-05
3.03484494157168e-05
2.3092667000451763e-05
4.370147606184799e-05
3.015768598519533e-05
2.595477214652433e-06
4.857573635019524e-05
0.00011241705464288008
4.989192162080213e-05
1.1019674346530499e-05
3.390966751969956e-05
4.890583167501097e-05
2.9214397063322002e-05
1.1139940505563528e-05
0.00010276674550360218
9.505685351991504e-06
1.4827999028004957e-05
8.919652834332844e-05
3.812188569991662e-05
3.397439563130427e-05
3.737820209975952e-05
5.992215503199981e-06
2.595477214652433e-06
1.0381908858609733e-05
3.35157742520736e-05
2.595477214652433e-06
4.021385613823308e-05
3.994810335466654e-06
7.804912699924456e-06
3.1129889873903026e-05
9.18576476477152e-06
2.3853489535581058e-05
1.3586953154190195e-05
2.595477214652433e-06
4.59288238238576e-06
4.2430326622085395e-06
2.29644119119288e-06
3.4080357119568515e-05
3.5587866341883455e-05
4.197999362442664e-05
5.0385637358562235e-05
1.3180443580448852e-05
3.149760324857946e-05
9.942153883521815e-05
4.2430326622085395e-06
1.6021010469387477e-05
4.59288238238576e-06
3.602868649347516e-05
2.595477214652433e-06
0.00013711145425689619
2.5306833239157374e-05
5.822261832218128e-05
2.347189128015886e-05
2.595477214652433e-06
3.109327615725793e-05
1.8101953892162526e-05
8.392905265007168e-05
1.1532888132892744e-05
2.0408708585027166e-05
4.2752827015206514e-05
6.364548993312809e-06
3.5164145016110215e-05
2.595477214652433e-06
2.8628949383455658e-05
1.188858400991642e-05
3.7019147743841405e-05
1.8641538531603402e-05
4.31913543374584e-05
1.9230241181588407e-05
3.0435018618473017e-05
3.540510017903926e-05
2.5649261490860182e-05
7.933608154349127e-05
9.18576476477152e-06
6.364548993312809e-06
1.3537681960687012e-05
6.425484338141925e-05
3.226027006638693e-05
0.0001410930009895791
1.5636780281750336e-05
0.0001392422586435067
3.641734185321825e-05
3.84988769003541e-05
3.316416559724127e-05
2.500149809804474e-05
4.066681785820385e-05
5.9093969700202465e-05
5.043979777392334e-05
3.7128532792533475e-05
2.595477214652433e-06
3.0484588239988178e-05
3.417472535993036e-05
2.7510034316029164e-05
1.6791997449770656e-05
3.9346902107881904e-05
3.952372623068527e-05
3.405638233627236e-05
3.27389567642367e-05
3.806962073424482e-05
3.541381561716896e-05
2.4843840900877894e-05
4.036289025502513e-05
3.618227110430403e-05
3.3655122086477865e-05
6.983291517727065e-05
4.046479636581371e-05
7.989620670933309e-06
3.417472535993036e-05
9.885332685336637e-06
1.8940232205195222e-05
3.052114964307461e-05
3.5811559818708805e-05
6.187697389828861e-05
4.402461450039881e-05
3.805988451843767e-05
5.1415615100259404e-05
5.964609690879071e-05
2.617728108221994e-05
1.388141168177872e-05
0.00012262116874417936
3.230158099415014e-05
3.2076684849615524e-05
3.521362456962467e-05
1.637803679916505e-05
3.1788037366837924e-05
2.841864347670792e-05
1.523612291814457e-05
3.617819692150106e-05
2.595477214652433e-06
3.219988399897284e-05
6.59474840502148e-05
0.00023053665227989187
3.59687078807233e-05
3.0051871554748566e-05
3.3848024874524646e-05
6.414856471798706e-05
7.028929891786913e-05
3.793313132489831e-05
3.849085266340159e-05
3.351285914217282e-05
2.595477214652433e-06
4.2430326622085395e-06
7.604548281593204e-06
2.696149380584199e-05
2.3455170422625507e-05
4.4731901834497294e-05
4.40914066173506e-05
2.4191127569474572e-05
4.6488654230388295e-05
4.0528851739841304e-05
5.308891735427842e-05
1.0190214865642645e-05
4.6857420013244076e-05
3.844261004162026e-05
3.296260603860671e-05
2.339934468473049e-05
3.3599331721606436e-05
3.0504031784281558e-05
4.449356883025239e-05
2.923328122840048e-05
4.384353496645536e-05
2.976291842415098e-05
3.868183131126727e-05
1.090192995231856e-05
5.719839811823008e-05
3.543586986405143e-05
5.703411211194902e-06
2.685356392766732e-05
2.6549532375171704e-05
2.373244235478708e-05
1.3367928606676231e-05
2.595477214652433e-06
3.913306024859994e-05
2.595477214652433e-06
4.59288238238576e-06
1.14174094948011e-05
2.2990528678395802e-05
2.595477214652433e-06
3.095687106308373e-05
3.879398042673782e-05
2.500149809804474e-05
3.0230974898055665e-05
3.303066241932359e-05
3.16158060182337e-05
2.2020137447361997e-05
1.311246844975054e-05
2.560411715490546e-05
3.7942398230860435e-05
1.3180443580448852e-05
1.997405167733327e-06
3.0472381714703244e-05
6.86612082225667e-05
2.7814805197726452e-05
1.748329126633405e-05
2.9211128059600747e-05
2.2716007249802234e-05
1.2977386073262169e-05
7.032829003222043e-05
3.160758532177303e-05
1.4102176866498167e-05
3.382908558026789e-05
3.400260365353788e-05
3.806962073424482e-05
2.291322476038636e-05
4.749737121287377e-05
3.8732562956851865e-05
2.843607101113585e-05
5.992215503199981e-06
3.5871714662412015e-05
0.0002369564367571975
3.945917220553279e-05
8.237777237780532e-06
2.9707245150772792e-05
1.0535861773924343e-05
4.9167354944980267e-05
0.00022051544758547176
9.834190001904815e-05
4.59288238238576e-06
9.18576476477152e-06
4.863200644686797e-05
1.2729097986625618e-05
3.5702643094722384e-05
6.291072354003251e-05
5.951715469844047e-05
5.190954429304866e-06
2.7463571611324915e-05
6.626591400129636e-05
4.883529363106321e-05
0.00010275668545320989
8.210147248514436e-05
4.430421079829263e-05
6.493198651924049e-05
2.1869763691736596e-05
5.190954429304866e-06
1.2729097986625618e-05
0.00010831332909771474
0.0001070737595272387
7.989620670933309e-06
4.618116326101324e-05
5.190954429304866e-06
3.127356056350067e-05
1.2977386073262169e-05
3.656266282044393e-05
7.729820027478588e-05
5.190954429304866e-06
2.883781884489746e-05
4.045579803615809e-05
5.190954429304866e-06
0.00010874201735085014
7.7864316439573e-06
3.1958482683733235e-05
5.190954429304866e-06
6.819263394011905e-05
3.573389847090556e-05
1.7126114242201648e-05
5.190954429304866e-06
9.18576476477152e-06
3.746358095963739e-05
5.190954429304866e-06
6.239825249261463e-05
0.0001723945170575517
1.9770665370673274e-05
1.837152952954304e-05
5.190954429304866e-06
5.190954429304866e-06
5.190954429304866e-06
1.5209096563186408e-05
8.830059830813873e-05
1.5209096563186408e-05
3.127356056350067e-05
2.377716801983284e-05
2.595477214652433e-06
3.8658500226616797e-05
2.005189291001435e-05
2.595477214652433e-06
2.595477214652433e-06
5.1558842741121255e-05
3.861750163661339e-05
4.2561648976983665e-05
4.176323854779027e-05
3.3844204901717524e-05
4.448419102928465e-05
3.757554510954961e-05
2.595477214652433e-06
2.065341147229783e-05
4.7384279334124725e-05
5.190954429304866e-06
3.7105428166459425e-05
3.7075011433301835e-05
1.602635032747288e-05
2.595477214652433e-06
1.3180443580448852e-05
1.879008641419515e-05
7.289921230578867e-06
2.474492966991541e-05
9.112401538223583e-06
2.595477214652433e-06
4.7706979071162116e-05
2.6098153944244765e-05
2.595477214652433e-06
3.2618270040028084e-05
1.8366123910884164e-05
8.627616858522332e-05
4.59288238238576e-06
6.408404187754991e-05
8.688937868238013e-05
0.00026218894168129935
4.049695267633939e-05
1.5979241341866617e-05
2.7367157495048118e-05
2.595477214652433e-06
9.140665705110982e-06
0.0009538372368110008
4.543007459491218e-05
0.0004324836138186339
0.00043768805802181174
2.595477214652433e-06
3.5631342023539114e-05
5.188314978983838e-05
1.997405167733327e-06
2.29644119119288e-06
2.6800423853179172e-05
6.442223177026353e-05
2.595477214652433e-06
2.595477214652433e-06
8.741645633167026e-06
1.9011370703983008e-05
3.473714746204854e-05
0.0001311673366724107
0.0001521830319011419
0.00012464083255850605
2.595477214652433e-06
2.595477214652433e-06
3.300891292064005e-05
2.594722375798344e-05
4.2430326622085395e-06
7.989620670933309e-06
7.023907849282896e-06
6.243930159939565e-05
2.595477214652433e-06
3.178149113009301e-05
9.45424578412545e-05
2.2389329933027546e-05
7.034708775098886e-05
5.432041888034384e-05
1.71708079398338e-05
4.311943357297305e-05
3.0230974898055665e-05
3.54540946721863e-05
9.365895239909346e-06
0.0001353081962288748
3.394192181560567e-05
1.901137070398301e-06
1.5636780281750336e-05
7.767079401199528e-05
6.364548993312809e-06
4.59288238238576e-06
7.48305927069646e-05
5.6332539072381266e-05
9.70765024111847e-05
3.396575207151764e-05
1.441890942244873e-05
7.274052409316257e-05
2.5661347879692423e-05
8.960667359319898e-05
4.9710769417609076e-05
7.023907849282896e-06
4.59288238238576e-06
5.190954429304866e-06
9.505685351991504e-06
2.1453090780930752e-05
8.491845721368871e-06
7.4445621814386595e-06
2.6337658603359548e-05
1.1002970973546685e-05
1.3180443580448852e-05
6.364548993312809e-06
4.09071511227931e-05
2.29644119119288e-06
2.595477214652433e-06
1.0934881845868298e-05
1.67578871260368e-05
1.404884285986402e-05
4.59288238238576e-06
8.632489891373591e-05
1.922450012792744e-05
2.669364563615737e-05
3.916377355759884e-05
4.829082828691332e-05
4.59288238238576e-06
1.4303862265610689e-05
2.595477214652433e-06
4.59288238238576e-06
1.95906636913991e-05
2.841864347670792e-05
4.448419102928465e-05
1.5564944936951513e-05
2.6339654434810857e-05
5.190954429304866e-06
1.1984431006399962e-05
9.79526608580489e-06
9.505685351991504e-06
4.59288238238576e-06
4.318164421293718e-05
2.595477214652433e-06
1.3468490867981721e-05
4.59288238238576e-06
2.595477214652433e-06
2.595477214652433e-06
3.8669132055840945e-05
2.595477214652433e-06
4.59288238238576e-06
2.595477214652433e-06
2.595477214652433e-06
2.595477214652433e-06
1.2187554273481312e-05
7.841196776337712e-05
4.59288238238576e-06
2.595477214652433e-06
2.595477214652433e-06
2.595477214652433e-06
2.2607651843735404e-05
1.8191330570584878e-05
3.580823294394162e-05
7.989620670933309e-06
2.595477214652433e-06
7.109067290647297e-05
2.595477214652433e-06
8.491845721368871e-06
1.3586953154190195e-05
1.2729097986625618e-05
3.015768598519533e-05
7.604548281593204e-06
2.12151633110427e-05
7.719392027638552e-05
2.3344035869626177e-05
2.4411389524025577e-05
2.29644119119288e-06
2.595477214652433e-06
2.595477214652433e-06
7.529832432241873e-06
0.00011686742140960562
3.690943777964119e-05
2.595477214652433e-06
1.188858400991642e-05
2.7849851263908817e-05
2.0191144264405415e-05
2.4499915410649603e-05
2.595477214652433e-06
1.0535861773924343e-05
1.935586167174051e-05
3.0105527800442075e-05
2.595477214652433e-06
3.252869550241827e-05
2.595477214652433e-06
2.3853489535581058e-05
9.505685351991504e-06
4.309816620623421e-05
2.595477214652433e-06
5.992215503199981e-06
2.595477214652433e-06
2.595477214652433e-06
2.2722381677625195e-05
5.90993488047224e-05
5.190954429304866e-06
5.190954429304866e-06
5.190954429304866e-06
1.7559769623207238e-05
9.345075426833546e-05
5.190954429304866e-06
1.959053217160978e-05
2.595477214652433e-06
1.1532888132892744e-05
1.248786031987913e-05
2.595477214652433e-06
4.59288238238576e-06
2.273852205425814e-05
3.12349779916922e-05
3.051558949690539e-05
2.4758235446104703e-05
2.5640321575451213e-05
2.595477214652433e-06
6.364548993312809e-06
1.441890942244873e-05
2.120310180940539e-05
1.5392664328956437e-05
5.467440922934149e-06
5.9912219577184626e-05
5.4807383847936704e-05
4.1867473909914964e-05
2.595477214652433e-06
2.595477214652433e-06
3.442228370986154e-05
6.768840980343505e-05
2.595477214652433e-06
2.595477214652433e-06
1.887927193735175e-05
7.604548281593204e-06
6.364548993312809e-06
3.6902800890819064e-05
2.595477214652433e-06
3.9239944556188e-05
2.29644119119288e-06
3.830613674285093e-05
7.989620670933309e-06
4.58582831934784e-05
1.6182233089158643e-05
4.59288238238576e-06
2.595477214652433e-06
2.851121432510877e-05
2.595477214652433e-06
2.595477214652433e-06
1.748329126633405e-05
1.004509780472664e-05