0.0013044196839054134
0.0006760915048186965
0.006987169229288343
0.00011265141282871874
0.001979914832771051
5.482580436709668e-05
0.0006129053589180058
6.499772052043134e-05
5.0996065469369574e-06
5.632570641435937e-05
6.626553695806984e-06
3.3132768479034924e-05
1.3793785607904042e-05
0.00013336635036671792
0.00013729081627770145
4.9011563707108216e-05
0.0001340080226643398
3.062205883488422e-05
0.0004912357593815405
0.0004199239059827574
0.0007448814527778195
0.0006488677791926343
0.00019727135349963893
4.0297580055489546e-05
0.00157024110009321
0.0011771339662668013
0.0002495768944020226
1.2487869737203262e-05
0.00012625420604997354
0.00026833186133416146
0.0003113345988849276
0.0005359474395586707
0.00016295266658561928
0.00015041794781952503
9.271943039040333e-05
6.461127394353414e-05
0.00023595606812026917
0.00012481888738485818
0.00010365155085781897
0.00020521835194961486
0.0006933186507838473
0.000463972762913468
9.486969425285601e-05
0.001636791499492258
3.7549654770699204e-05
7.31830047274225e-05
0.0003350091846008704
6.815196648471751e-05
0.00046959389093492835
0.00015504462863270024
0.00027752016041125694
3.8286060278400224e-05
0.00010952315748943791
0.0002872829244155063
6.201944824386416e-05
1.63656770649245e-05
4.697536340838393e-05
0.0003315577519356351
4.5506595480227805e-05
0.00012252412552428494
0.00012167720967826114
0.0015505802491720905
5.510860385654467e-05
6.174350244699374e-05
0.00011460213390752187
0.00036233406480383647
8.033775147789459e-05
0.00010634684556701059
0.00043224264396538416
9.148853907944798e-05
3.420348585660232e-05
0.0006028284068536057
9.336846510481034e-05
4.318478521255563e-05
0.00029784289982541073
2.7082383550179728e-05
0.00011984111402605447
2.8579932043565325e-05
0.00044956854947410024
0.001215108016970768
0.00017344829378521706
0.000686523771958668
0.00010633534600528054
0.00011567599241728497
0.00022318066805509796
8.871151237019609e-05
3.313276847903492e-06
0.00019471217306004022
7.698382790752428e-05
8.40494550155206e-05
3.524976973950093e-05
0.00013621426695455377
0.00018376523660386474
9.6781280329292e-05
0.00031564793936372093
5.29081451127594e-05
0.00017808262528976182
0.0005939994385536746
8.124715065053917e-06
1.3988035906932223e-05
5.928316944478669e-05
9.030765338432213e-05
4.448595148725479e-05
0.0001512219359758194
0.00011798580459254061
0.00012365997173881217
8.854983471947448e-05
7.488708222882114e-05
0.00015745289055608887
0.00013303238302349088
0.00031305322848493365
1.861201254240373e-05
8.180698758374474e-06
4.079685237549566e-05
1.94476478058296e-05
0.00015434127169477365
6.591910024686515e-05
0.00012510223869034373
0.0006247298649039181
5.7617179424716886e-05
6.216580250269959e-05
0.0007484608770017457
0.00012280860929738427
0.00017357745231638976
0.0004642436658476285
0.00034185175896807285
0.0001435739112960319
7.81011586722675e-05
4.442183845396836e-05
2.994188224277001e-05
4.350554787192396e-05
0.00010338566950587069
2.6185083303879204e-05
1.9638812477909398e-05
6.735626948519686e-05
3.242592285834042e-05
3.7044778672830696e-05
0.00018913948506501263
0.00013284195126266036
1.5237223028070284e-05
0.00010962853786195081
3.349315719243603e-05
3.54991344784395e-05
4.4889065833622e-05
2.5724218116007314e-05
4.9955615783227576e-05
0.0004152555757582568
0.00015757342963971851
2.1435956388401594e-05
0.00020448021751940117
4.595870732361197e-05
4.0903493791872366e-05
0.0009282663330208165
3.2959550123432574e-05
7.080442656728736e-05
4.066411087476606e-05
4.662097434506877e-05
3.893866009738739e-05
8.900265165117117e-05
2.9817849087077645e-05
4.125773462243829e-05
0.00015104706458071796
4.2021921460173975e-05
4.5429970623971105e-05
0.00018726037070834924
0.00013706007252375585
8.16856750701285e-05
0.00011296924842560938
4.522970636986324e-05
4.2060319987481045e-05
5.597625871254744e-05
4.9275706300730974e-05
0.00010035270926591506
9.29934706080231e-06
3.24068886902507e-05
9.633930461719417e-05
0.0004351446977372969
6.566507176205339e-05
6.979504703401398e-06
2.2825838849577724e-05
0.00018644568206848742
0.0003540239954864213
0.00016358221437412138
4.017200476395306e-05
0.00015354256370822656
3.7182065885209287e-05
0.00014743813212936795
3.625804376006809e-05
0.0001492705999497918
4.4077989291291375e-05
0.00019583752238283287
0.00012386906583426553
5.14554516365719e-05
6.129190695175429e-05
0.00021408894903659494
3.293395201430244e-05
4.4768233462996984e-05
7.280222597160141e-05
1.1208030996889844e-05
4.2557130395340656e-05
0.00015729871139501334
3.3371285981162914e-05
4.5890862670711676e-05
0.0007211934386893422
0.00011797335260424885
9.949968781892977e-05
0.00022742734923629864
0.00020571359771105844
0.00013295480566385506
0.00011865131045342058
5.86308012137197e-06
1.8555925877299486e-05
6.626553695806984e-06
5.222265528495223e-05
5.440442857891633e-05
4.766170991567038e-05
0.00034567057995427955
0.00039618208616219855
8.990445869348686e-05
5.861578187199464e-05
2.9089164462719148e-05
3.313276847903492e-06
0.00012560270104826696
2.094232073685343e-05
3.313276847903492e-06
0.0004162564263418276
7.256260135032721e-05
6.8932480207506e-05
2.603817177024647e-05
9.939830543710476e-06
4.057926906591595e-05
3.614190158404326e-05
0.000463773878494209
0.0005002670714637304
2.188239190711635e-05
3.571387917902903e-05
3.53436020518224e-05
0.0009380375859293896
8.790749479109855e-05
3.987149518781652e-05
0.00012591462440927372
7.621107962981559e-05
4.759400520056845e-05
8.2278072117483e-05
6.487407819266835e-05
0.00015763019646699054
0.00013200197457508358
0.00011271341160203718
3.7455581052058674e-05
7.157315672099352e-05
4.163856800581558e-05
0.00013600288836456022
5.075059939766059e-05
0.00013411945977985195
8.781112802596918e-05
0.00023212342442316533
4.456756850222897e-05
3.9154943881892356e-05
3.792897655195447e-05
0.0001859553764421898
0.0005017576693857774
2.858127518453546e-05
0.0001780363713642111
0.00014951820512102952
2.5677765386676857e-05
2.3450398730358654e-05
9.143105658165298e-05
5.632513456370099e-05
0.00022714985311985552
0.0014795048780318178
0.00028461422066869467
0.0002805928284843871
5.14278860784506e-05
6.381738478535332e-05
8.120095903625695e-05
4.6376536058806974e-05
1.2134557384055622e-05
0.00012309491277714182
1.8406572206342563e-05
9.295900604540718e-05
4.5265916524644307e-05
5.718934134142379e-05
0.0007855591907747296
5.1994592635276774e-05
9.285748802634581e-05
1.1208030996889844e-05
5.506826072012325e-05
6.003779329942327e-05
0.00017253186005987566
6.128740031124982e-05
0.0001015468870508731
1.0199213093873915e-05
3.313276847903492e-06
4.3525921544568575e-05
4.1012512793303506e-05
1.3959009406802797e-05
5.518801040153019e-05
0.0001758135114512489
9.433840874712247e-05
7.649409820405436e-06
3.313276847903492e-06
9.518801040113691e-05
6.449388133509168e-05
3.158942701024794e-05
5.599722451465951e-05
3.024286013087008e-05
0.00015591311169143592
5.301864874260315e-05
4.5775007428219316e-05
0.00018404111134762588
4.768357493244785e-05
6.5041994587529164e-06
0.0005122235152124637
0.00021326992097238547
3.208614480484875e-05
8.460492345709186e-05
3.0767882730447744e-05
0.0001213289874986206
0.00011472668437527169
0.0016186135696126178
2.6945636805419676e-05
5.0996065469369574e-06
3.626485162956626e-05
0.0003789310684729285
3.906497720749343e-05
4.583348635703381e-05
2.5243957477492876e-05
4.9881372468164864e-05
0.00019654917254321088
2.294822946121631e-05
3.0597639281621745e-05
6.626553695806984e-06
4.9112157135064536e-05
4.854798275731129e-05
5.294806103485164e-05
3.4730472962933074e-05
0.000106621023677633
4.3713016279312736e-05
4.599270305487541e-05
0.00014801821752295988
3.1537717939311225e-05
0.00013628546299648974
7.020051604022593e-05
0.0001662904787793636
0.00022253163208251427
0.00012036925517125584
1.4057462360504722e-05
0.00027833217679324335
0.0001915243018208327
0.00047371990733536135
0.00012736744206740327
0.0006274223454226246
0.0001472525776507405
0.00018570663628401856
0.00013694285140711325
0.00040084689783483865
9.314248843605118e-05
8.556406663232026e-05
0.00015961296344766
5.160007603474205e-05
4.683691030512367e-05
0.00026094102700495594
9.139246614022713e-05
3.779402883261767e-05
1.4722399034927177e-05
5.693226482685444e-05
5.037232955688186e-05
4.486417862680608e-05
7.373145876389503e-05
6.626553695806984e-06
8.931396656235429e-05
6.0236502640072106e-05
0.00012467301091290784
0.0001127276571939768
8.267443807135114e-05
3.7160655217003094e-05
0.0001597974250302585
0.0008004037728929718
9.939830543710476e-06
9.940311573655713e-05
0.0004441483120991541
7.379707489117011e-05
3.4068654842049184e-05
5.8117620077512583e-05
8.124715065053917e-06
6.0346179440389245e-05
3.069908345631259e-05
0.0003147143751699166
0.00035459565146138286
3.493717153124183e-05
0.000195197571993247
0.00026677876568107097
6.449702009655082e-05
5.531003182581905e-05
4.368144513751942e-05
0.00013115424881521287
8.229932655839357e-05
4.749349202818121e-05
0.0001331507266225367
0.0006064988931623759
1.3613353464080721e-05
3.399705037368799e-05
0.00014741064179725225
5.063854937686935e-05
0.00010596585332567105
4.763083941668496e-05
7.649409820405436e-06
1.932912082079566e-05
5.3410244688447976e-05
4.3361329725019446e-06
0.00031409976139176325
2.878560806992676e-05
8.395129240183958e-05
3.9160778151151945e-05
0.000108971413563643
0.0013505435233552591
0.00014927347427418108
0.00015520189826139506
3.146138875418564e-05
9.012396056781308e-05
9.155948401290961e-05
1.860855311247555e-05
6.127795291845473e-05
3.8500495136283476e-05
4.7253697114715796e-05
0.00013534298236524698
3.306770742763675e-05
1.1928821412828431e-05
4.7117033035019696e-05
0.00022035220847457885
1.639685685533045e-05
6.318315035382532e-05
2.94582187168641e-05
0.00021870060330857145
0.0002507590362013287
4.057926906591595e-05
0.00013945624533699788
3.629224525916594e-05
8.124715065053917e-06
0.00051675101134685
0.00032387021930412144
8.263022759591748e-05
9.762747209415517e-05
0.0003003925419381366
3.7565656623249294e-05
2.7492029965615957e-05
3.0128846765537144e-05
2.3265015678004662e-05
8.745917879452883e-05
7.9662572408049e-05
5.763934076891352e-05
4.485953903055118e-05
3.9807514415005195e-05
1.7502883025246642e-05
3.493576010198724e-05
3.313276847903492e-06
3.8102378741661353e-05
0.00011983493230256243
4.731101648996649e-05
2.0423295066437024e-05
0.00012072520576890205
1.94476478058296e-05
1.6076967291301195e-05
0.0007663582412686667
3.76449275782483e-05
4.664047866512334e-05
8.124715065053917e-06
4.296271074659579e-05
2.199192640565292e-05
4.544580236701408e-05
6.188324779085857e-05
2.143562060315906e-05
4.514570396813777e-05
5.828113381946995e-05
9.050917917570213e-05
0.00010081310821035752
0.0002686169802427352
0.0002495593332588975
0.0010167538781998468
8.045927866134062e-05
0.0001519763502204125
5.099606546936958e-05
0.0017970344780186944
2.0693856749201385e-05
7.433099194661528e-05
4.163910911341271e-05
0.00017988853979489372
0.00014502723749581587
0.00013771704599319583
4.371808293840429e-05
4.1659172441341244e-05
5.6798615165503194e-05
0.00010905702657926735
4.7235867166826665e-05
5.482331173595749e-05
6.77710749133845e-05
1.6014301338357102e-05
1.172616024274394e-05
0.00015017219071387922
3.729386829863836e-05
9.422013138601047e-05
8.629207194048455e-05
0.0002611275664824662
1.3449637196267812e-05
0.00010100606859190973
5.788751276119422e-05
9.939830543710476e-06
8.966424797511876e-06
0.0004984652749367411
2.601679783501167e-05
0.0001565041209766735
5.784708319545033e-05
5.416476710035946e-06
0.00016152818485883535
0.00012187072597580878
0.00038610699927101564
5.416476710035946e-06
0.0007441461020995604
5.4434108945839256e-05
0.0001498082965666794
0.0002626125477407958
3.186453551759645e-05
0.0004376420371379362
3.313276847903492e-06
2.9245043152167392e-05
0.0001167343928954245
0.00017172602356143698
0.00012809633024314914
3.6558716376152746e-05
5.681996125501718e-05
6.263232778669355e-05
0.000154750535874836
0.0004961423065821378
3.837385432039074e-05
3.180013190408163e-05
3.89260165169846e-05
3.367827406199659e-05
5.426953089247568e-05
0.00010852250341361623
1.0515999310662269e-05
4.599270305487541e-05
4.656926226047414e-05
4.132574562855667e-05
3.837385432039074e-05
1.5072086150145661e-05
2.191952989826855e-05
5.86308012137197e-06
8.990559375654868e-05
9.693630029180529e-05
0.00035605061133202277
0.00022013713692088579
3.313276847903492e-06
4.157682978438291e-05
4.079685237549566e-05
0.00011155809791469639
1.5970497553778124e-05
9.816385147841203e-05
0.00012237864602036036
3.27937137106609e-05
0.00011062217193185
7.967617148598424e-05
2.7424102555922807e-05
4.349707346345338e-05
3.4818350762041047e-05
1.832982879726898e-05
7.77905912233184e-06
5.11280160913555e-05
1.3204012858145847e-05
8.779121554397016e-05
1.5383941365223872e-05
3.776146263218871e-05
6.077331856967522e-05
5.810897939944883e-05
5.516925490620041e-05
9.186074742048385e-05
9.049859489170144e-05
0.0001087337936321645
3.2565485109004986e-05
3.7923017400185326e-05
0.00011283700337904665
4.152476203305738e-05
5.1853844370730067e-05
5.9320786340693556e-05
3.338917010051071e-05
5.1012443549916955e-05
0.00034351951299506014
9.32553371268447e-05
5.099606546936958e-05
5.1355530773353714e-05
0.00027162881305781925
6.73227918437468e-05
5.941279048163009e-05
0.00013294778774442689
5.0092059786564026e-05
1.5691243395645784e-05
6.626553695806984e-06
4.087819936799998e-05
1.861201254240373e-05
8.003581490110581e-05
5.166838711537478e-05
0.00018286142830536156
0.00011847597656114166
5.9041544313358694e-05
5.274783870830397e-05
0.0001296725673187147
6.626553695806984e-06
5.4068287636634384e-05
5.7799818098927354e-05
4.4260007268541095e-05
0.00010355211527399998
5.258825745040939e-05
9.299331518370312e-05
3.731797502806495e-05
0.00013441853835484218
2.33409086473566e-05
0.00017758380589544788
3.0115942062598644e-05
2.217198937414434e-05
4.523451895945658e-05
4.310931384343721e-05
3.7966657601655715e-05
4.204012827432687e-05
3.043445179943696e-05
7.335719212478609e-05
0.0002029119234604569
4.859807370881935e-05
4.7048731780988874e-05
8.579804901523113e-05
5.86308012137197e-06
5.7059521419630526e-05
1.0199213093873915e-05
4.424523294339347e-05
0.00013487468610420917
2.679494548550199e-05
4.1255843411061745e-05
9.306006271201866e-06
4.8150504495420684e-05
4.148760306818003e-05
0.00014998446929803281
4.7941163815901925e-05
3.985369072412464e-06
3.985369072412464e-06
0.0002586571651295824
0.00019768559371760765
1.7106145907474303e-05
2.931540060685985e-06
3.2722795033497894e-05
2.6294128725204696e-05
9.334870946798207e-05
1.9415291814489e-05
3.313276847903492e-06
4.3487206272022804e-05
2.657147588721271e-05
0.00020657160879208257
3.71817235726562e-05
5.180787240664126e-05
3.6478827206092285e-05
3.5858694600326774e-05
0.00013003460842076522
7.001153210098655e-05
8.658290942630262e-05
4.637327218536695e-05
3.1412832031335475e-05
4.702105498879218e-05
3.511815063132269e-05
4.973264200215967e-05
8.966424797511876e-06
4.0874915293863714e-05
2.8109979613813446e-05
4.535908576966846e-05
5.86308012137197e-06
7.716466579073237e-05
4.8763151801005394e-05
8.681906782078051e-05
5.364741202687635e-05
4.535908576966846e-05
9.358121617592319e-05
5.86308012137197e-06
3.6546510459236274e-05
0.0004782594341775597
4.695725636658478e-05
2.1031998621324538e-05
2.4269114768111245e-05
3.2970656116056706e-05
0.00010678406776467596
4.6741167756716035e-05
1.0199213093873915e-05
0.000254940268102205
2.363879828115426e-05
5.86308012137197e-06
5.433939548280557e-05
0.0001265555253388524
4.7211329137638354e-05
4.531502499424919e-05
4.416719710478153e-05
3.3821123110977535e-05
0.000244692029258614
0.0003932729300396628
2.914696662107881e-05
5.751006117733157e-05
0.00011655618702967738
3.533142049680348e-05
0.0001384551266993193
1.992684536206232e-05
2.194780388599254e-05
0.00010142941185174784
6.466295394645319e-05
7.814972074206e-05
3.313276847903492e-06
0.00010554118329881817
3.8498031189409585e-05
0.00016172343932204037
3.630029005635205e-05
0.00010562197897262968
3.576519513761951e-05
2.9963227384938702e-05
4.083214516185268e-05
4.9567330258582805e-05
3.7869852323862305e-05
2.657147588721271e-05
3.499852773186695e-05
2.931540060685985e-06
3.5923088873538786e-05
1.9649626689368125e-05
0.0003229210720622167
0.00014401287423444715
4.983940170700984e-05
5.384767905028333e-05
4.2862947961317954e-05
5.114280622992266e-05
2.2318432945925545e-05
5.0752395765848056e-05
4.821412446352932e-05
0.0001358002954639077
4.024173525630068e-05
0.00011808308862671739
6.418529653215562e-05
3.597994885186983e-05
1.7925744699572054e-05
4.3922004989959926e-05
5.371577008472603e-05
4.3136542061777593e-05
3.8032685379610865e-05
2.8252851996282356e-05
5.050775057363763e-05
6.4363042941627e-05
4.190035287325849e-05
5.594922225242963e-05
4.4752370096060495e-05
3.89849490304543e-05
2.5822083553642745e-05
4.437717543377833e-05
2.732809475888408e-05
4.290380982755834e-05
4.142356718696633e-05
1.8406572206342563e-05
3.836295294615084e-05
7.848186967017196e-05
1.8651550294908503e-05
1.9415291814489e-05
7.7270568784562e-05
3.412520968768679e-05
4.6765471414064506e-05
3.184496243511732e-05
4.3466881663479854e-05
3.1668798344677214e-05
1.8438164426568287e-05
3.247526113206414e-05
2.7664090872397147e-05
3.192407837962552e-05
7.280734430433374e-06
3.313276847903492e-06
3.721864247581865e-05
5.047507038536275e-05
2.679494548550199e-05
2.6294128725204696e-05
1.3304780150257792e-05
8.880073196170306e-05
0.0002649856537260261
4.6273988999044175e-05
3.0372249578363215e-05
6.626553695806984e-06
2.7918018813605594e-05
4.8211943729381375e-05
4.5779742006454804e-05
3.313276847903492e-06
9.165811590307404e-05
0.00011967846543242978
4.2315067469900574e-05
2.332159894300927e-05
4.38390597965371e-05
4.313529096012521e-05
4.9121758199877895e-05
4.0563961738450235e-05
9.306006271201866e-06
0.00011180993250944907
0.00010911573106828051
4.7167497333524234e-05
2.9204027784962086e-05
5.874523103801627e-05
4.719113500637304e-05
1.7502883025246642e-05
1.7106145907474303e-05
4.3540558699147716e-05
2.931540060685985e-06
1.2619199172794723e-05
3.313276847903492e-06
3.794674319199685e-05
5.4607914576273364e-05
0.00012157383317385361
7.925945801295201e-05
3.543256043153142e-05
4.20011699037355e-05
3.456326872099438e-05
1.992684536206232e-05
3.0993392397459455e-05
2.3970581907950962e-05
8.290044985892139e-05
3.313276847903492e-06
7.294033952298937e-06
4.1149663279196786e-05
9.7076459072445e-06
0.00017543227063704435
4.345303369814518e-05
4.0887169724860004e-05
4.461359891899611e-05
5.431909982957317e-05
0.00018638293873643016
1.1563386758797632e-05
4.490436541599545e-05
3.5071993262635664e-05
4.995877004721072e-05
2.708238355017973e-06
7.424772351562768e-05
2.8091858236319193e-05
7.235802521994874e-05
3.25571891048522e-05
2.8091858236319193e-05
3.373244147844038e-05
3.697268668699376e-05
2.3912214434474782e-05
1.2134557384055622e-05
1.5691243395645784e-05
4.265398419447709e-05
4.1162334964662497e-05
5.037192839261776e-05
6.99647968290278e-05
4.6684154244410805e-05
3.230563697176707e-05
5.400555183711866e-05
4.61563800761179e-05
3.2288671320149976e-05
3.839610235855271e-05
4.757846623431422e-05
4.413913076355661e-05
5.86308012137197e-06
6.863130726866929e-05
3.215343090473859e-05
9.309263551710124e-06
4.978506874992812e-05
3.898260980288226e-05
3.80430647492962e-05
4.1460620343127594e-05
2.4951568535641673e-05
5.197993204060573e-05
6.126988519931107e-05
2.368434879103287e-05
6.3095995863973615e-06
3.88952956116592e-05
3.311592142372177e-05
2.9562652498859122e-05
9.101473400958177e-05
3.9219997115570665e-05
5.305678272529493e-05
2.8091858236319193e-05
1.4878955297283699e-05
2.8887665742712595e-05
3.8655421223823333e-05
9.771492904895335e-05
9.189852606504223e-05
0.0001110168694428027
4.2213923872665196e-05
3.651941570721495e-05
5.383329036070441e-05
1.4574983871404845e-05
4.6629818251406915e-05
4.931147448504807e-05
3.543873618443842e-05
6.224826965908359e-05
5.054658244590601e-05
3.792400861903091e-05
3.949692434939878e-05
5.0655763822439e-05
5.15847442244389e-05
3.2643896605826116e-05
1.6361397516748947e-05
2.3337177366995518e-05
5.460540152735628e-05
5.4681326250809646e-05
3.0295835908099115e-05
5.7705250151782966e-05
1.7502883025246642e-05
5.112005437985029e-05
2.7543409198639166e-05
4.265398419447709e-05
4.1081132173752176e-05
8.332608366713417e-05
4.188464147370686e-05
5.893697960849403e-05
2.657147588721271e-05
3.313276847903492e-06
5.86308012137197e-06
3.313276847903492e-06
4.866479296173332e-05
3.313276847903492e-06
1.992684536206232e-05
8.124715065053917e-06
6.031684601242756e-05
4.67872684572179e-05
4.52369401361758e-05
6.035728489028753e-05
4.7699650898594096e-05
4.806133401113432e-05
2.732809475888408e-05
4.7396720496581306e-05
1.3449637196267812e-05
4.9337812697645236e-05
4.74350868842369e-05
2.3042179147329587e-05
2.2318432945925545e-05
1.0515999310662269e-05
2.139241258641256e-05
2.7355590463725685e-05
3.61192961171187e-05
3.98515901199644e-05
2.8792072146645884e-05
3.313276847903492e-06
2.5252347713123605e-05
5.468947566881473e-05
2.4541186810191053e-05
4.1888040480354674e-05
4.2767689831047684e-05
3.998319641512281e-05
5.089720440054486e-05
4.3953377862812225e-05
1.6022185322799495e-05
7.255608560047328e-05
6.011754051770083e-05
4.254713864488125e-05
2.708238355017973e-06
1.4067251940289082e-05
5.1314235223925194e-05
3.902871635235635e-05
2.994188224277001e-05
4.6169034156578415e-05
1.5176465403756805e-05
3.081092211437515e-05
5.680398124388382e-05
3.905057933613375e-05
2.5811671563180568e-05
3.313276847903492e-06
2.7410237280839417e-05
4.707373018693734e-05
0.00017089936272870524
0.0001783449949975845
9.939830543710476e-06
7.898519675231898e-05
8.517841437280609e-05
1.172616024274394e-05
1.6249430130107835e-05
6.626553695806984e-06
1.172616024274394e-05
6.908144295008176e-05
5.852974454710823e-05
9.939830543710476e-06
6.626553695806984e-06
5.1550327967639225e-05
6.626553695806984e-06
6.626553695806984e-06
4.7300243998174595e-05
6.626553695806984e-06
2.4269114768111245e-05
1.3253107391613968e-05
1.0832953420071891e-05
4.4946973178110715e-05
6.626553695806984e-06
6.912653744198876e-05
5.86308012137197e-06
8.030917883359639e-05
1.9415291814489e-05
1.172616024274394e-05
1.7589240364115913e-05
6.626553695806984e-06
4.752449449136727e-05
3.27937137106609e-05
2.8632445654310655e-05
6.38317179927528e-05
6.626553695806984e-06
4.693387286218621e-05
2.8134503880578164e-05
3.313276847903492e-06
2.3108191585781358e-05
5.318851847911957e-05
4.1655761594168197e-05
4.8749836957568535e-05
3.895835398560224e-05
4.134754963544687e-05
4.7701698012336675e-05
2.9963227384938702e-05
3.9586039964828894e-05
5.486950971498135e-05
2.280819454329907e-05
7.649409820405436e-06
5.0522826152264914e-05
5.2079866152030396e-05
4.5585803654760136e-05
2.2318432945925545e-05
3.313276847903492e-06
3.313276847903492e-06
8.816584285286815e-05
6.055093307931372e-05
3.356214778949395e-05
5.86308012137197e-06
2.741290218354834e-05
9.7076459072445e-06
3.4212291814948606e-05
0.00011209210051053397
0.00011877295972637717
3.792897655195447e-05
4.587006688966789e-05
1.5941476289649856e-05
6.495642668612112e-05
4.707373018693734e-05
9.939830543710476e-06
3.4212291814948606e-05
5.416476710035946e-06
1.4316222827155327e-05
3.313276847903492e-06
3.313276847903492e-06
2.931540060685985e-06
2.708238355017973e-06
1.900682878608256e-05
7.280734430433374e-06
8.124715065053917e-06
9.294282938566393e-05
3.6390697733543796e-05
3.069908345631259e-05
3.792897655195447e-05
1.3019085885123236e-05
0.00028279650729658216
5.990284146743404e-05
0.0002791459231016413
2.5775163983819612e-05
3.313276847903492e-06
4.5890862670711676e-05
5.86308012137197e-06
1.7344531890007778e-05
1.3449637196267812e-05
3.313276847903492e-06
7.58934863839937e-05
3.445771149267951e-05
0.00022830532971592686
5.2017053895703764e-05
4.229613680023397e-05
1.4316222827155327e-05
5.0393218620531085e-05
4.1450611504136666e-05
5.7605447868323965e-05
0.00017960425608590745
0.00011812918419755102
0.00013668584969916348
7.968822924988574e-05
9.292570945395376e-05
4.9082373620382105e-05
3.15894010637508e-05
0.00010388644453902522
1.4722399034927177e-05
1.2134557384055622e-05
1.5691243395645784e-05
5.4777140562845306e-05
2.4269114768111245e-05
1.0199213093873915e-05
2.039842618774783e-05
0.00015581966292663144
0.00020802947361119216
1.5691243395645784e-05
4.425159462376389e-05
6.626553695806984e-06
2.039842618774783e-05
1.1632507839002331e-05
3.1438796624908325e-05
5.86308012137197e-06
6.010269589534416e-05
0.00017272874189217194
3.313276847903492e-06
4.957563143020827e-05
6.337048144996305e-05
3.897143027231533e-05
3.931124756857739e-05
3.313276847903492e-06
3.313276847903492e-06
1.2271048137561708e-05
2.7066986345418984e-05
3.954115407922075e-05
2.5282672412687274e-05
3.436792183634145e-05
2.6926750081057026e-05
4.303335019032897e-05
2.456833563109553e-05
3.313276847903492e-06
8.124715065053917e-06
2.6615006438017788e-05
4.123748523158567e-05
1.5691243395645784e-05
8.22723076677684e-05
3.680602387038107e-05
4.4383575540845565e-05