0.003679772020949011
0.0015172441551048884
0.0001523755128174892
1.529708275012702e-05
5.9976908518543996e-05
3.7508412988664873e-05
6.8772792896479505e-06
3.72952995437729e-05
2.1064202674802427e-05
2.7089096897202773e-05
7.704318321642975e-05
5.32338480962249e-06
6.960712609933311e-06
1.0164671043727593e-05
3.1903193421421975e-05
0.00016369991845057545
5.7815892968483263e-05
7.822734862697623e-05
1.8314319062799362e-05
2.3265392380905455e-05
9.34340006302763e-05
3.709590056856038e-06
0.00010712172517510679
5.158340799721453e-05
0.0018808145826413397
0.0005048931129421261
0.00019508039206691388
0.0002969391465097441
0.00021417704771254037
4.12171507643689e-05
0.000387105433429879
3.412923481835739e-05
1.769233875348094e-05
0.00011678246770628553
7.284323599766489e-05
0.00018454735737155243
7.948992849416763e-05
3.398241024974086e-05
0.00017915498583209472
0.00011189661628662087
1.2016253367646796e-05
6.355449730879639e-06
0.00031682710732006255
0.00032395972805588177
2.6855251756688677e-05
0.00039796639298735504
0.00024811015580727524
0.00012230628670310633
4.1129314238701777e-05
9.570958026426592e-05
0.00012081209724041951
0.0001720778947157702
3.842407086766228e-05
7.213156343974014e-06
0.0007228475360298238
5.6051469779319126e-05
8.117189279823854e-06
0.00048185410237070597
0.00027438599135782454
3.0246483192114004e-05
5.38394554256126e-05
8.126479956722803e-05
9.01047704223632e-05
0.0004982400193550235
8.489672451719065e-05
3.0315770647914478e-05
9.152904549640635e-05
0.0002848067450319556
8.146975770656015e-05
0.00010334931836720329
2.4996285100984943e-06
3.103410056576159e-06
0.00012365386821845085
0.0001451510114493432
1.750369404754507e-05
5.3402383350834524e-05
1.572346042708907e-05
8.202308206982528e-05
1.1325835378044752e-05
0.00017804584518136665
8.058677333785411e-05
8.943012034478689e-05
3.766486496795681e-05
0.00010379797971063266
9.017227842992899e-05
0.00014020693527126737
0.00010235319415039242
0.0005215234548736302
3.6835430674904426e-05
0.00029120093795323714
5.923265732605768e-05
0.00015652038434739804
9.074800734087871e-06
1.925187658932539e-05
1.0633644528507503e-05
0.0002345525494145524
6.211611064474598e-05
0.0002594048966152415
1.664609724008925e-05
8.451119132220483e-05
0.00013108865400792555
4.164426040211711e-05
7.070820264212063e-05
5.727310676912098e-05
6.460789997117751e-05
4.436530212208688e-05
9.169705719530601e-05
7.772983739321102e-06
5.8521147201752826e-05
8.053455689966412e-06
4.708427738109231e-05
1.1766986730866939e-06
0.0002839359222082562
7.894247921162701e-06
3.114466687675876e-05
3.7494427651477412e-06
3.084803528468066e-05
5.631329374391874e-05
1.9298099613741877e-05
1.26615054752575e-05
2.9754944946160162e-05
1.1667600943827265e-05
1.1231043162206478e-05
2.9389149671787912e-05
2.485288164802388e-05
3.1253175390255834e-05
6.238011216570326e-05
0.00011607121743579846
9.892240151616103e-06
0.0001929785823862178
2.302960223859342e-06
2.8310741653421086e-05
1.941194846487807e-06
0.0005511581381674106
0.001695463100184987
2.4351567839471564e-05
1.0124672887175726e-05
1.3329017946944907e-05
4.011746252294638e-06
0.0001714536628914674
0.00022779510559195178
0.00020323578480079617
6.39795644352712e-05
5.573107341732974e-05
2.3067756982844654e-05
5.411459519882569e-06
2.5921228993451257e-05
1.8723735710935492e-05
5.320294345531451e-05
0.00015664383181793488
0.00018671667331574088
6.22337454674786e-05
1.0590288057780242e-05
2.421177930355646e-05
2.7057297599412847e-06
3.785851683117927e-05
0.00013241632876850328
9.600362812966362e-05
6.259113139374893e-05
4.368279151670321e-05
2.0799272283533e-05
0.0001384752775832347
2.9038142704110155e-05
8.662391747643008e-05
0.00022771353329833024
0.0001113103221419593
2.9763781101579375e-05
1.604323049110449e-05
1.9731420261353564e-05
0.0005758110971522678
4.5073434705096565e-05
0.00016024688004548897
5.738610329018901e-05
1.3125382293905637e-05
0.00032885700435589276
4.278120346069997e-05
1.2655841108969656e-05
0.00018361515137572306
0.00027471408602248206
3.109193495728441e-05
0.00022518292694536968
9.549926471271516e-06
9.068028852506762e-06
3.911489227525833e-05
6.942683043414137e-05
5.826115484054269e-05
3.693667654171014e-05
2.7057297599412847e-06
0.00010096618551930163
7.652953193640589e-05
8.131257397583429e-05
4.743298538140672e-05
1.3725358787426169e-05
5.996512855728852e-05
1.9428129045843365e-05
3.8850287132100156e-05
0.0002742945109489056
2.624609935603419e-05
0.0003841094407630363
4.1544950630375566e-05
8.048181670170594e-05
2.69244552384405e-06
1.2906218159109462e-05
0.0001668793019914322
2.0689400377174395e-05
5.2402014842406056e-05
0.0001739185610038678
0.0001067981280360582
0.00014812044693532077
1.5784215961883715e-05
5.4936718405900765e-05
6.990338531845984e-05
0.00039175593756378424
0.00017576299819818954
4.999257020196989e-06
3.3458372825158967e-05
0.0001163613238396994
0.0002740651479657913
6.457741310372003e-05
9.304034768809823e-05
0.0003971794743642919
0.0004311039107248331
9.858220133989778e-06
1.1766986730866939e-06
9.150413578604654e-06
1.3488508292923134e-05
3.79845164257725e-05
3.645056745319696e-05
1.529031086854591e-06
4.294592192661195e-06
9.533174596319458e-06
3.058062173709182e-06
0.0002602825936005404
4.2949752839025866e-05
6.252956104651975e-05
3.058062173709182e-06
1.614321247226526e-05
0.00011703858699541148
0.00018275263446254218
2.8239843017664816e-05
4.7067946923467755e-06
4.7666126669565246e-05
0.00018361542708191607
0.0004172027891350539
6.377827019180172e-05
0.00010982161173536319
0.0005420845076982981
2.721357541642187e-05
1.0736480481652987e-06
7.066460381259919e-05
5.717977833185369e-05
9.036925199052269e-05
0.0004883901531437907
0.00024216957562361283
0.0003936738313426362
0.00028693051645094507
8.934371175026657e-05
4.548174644359952e-05
3.266279326478916e-05
9.766430496122633e-05
8.123729283872432e-05
5.216578090987628e-05
0.000437621490825924
3.094775680341578e-05
0.00012291278193983583
0.0001245962982555651
6.139238445817404e-06
9.47232174760132e-06
0.0001533037391641184
2.659463135816495e-05
0.00011831118829859457
2.9047259568382296e-05
3.103410056576159e-06
2.1184867762501926e-05
9.034457556907398e-05
8.159578398381462e-05
4.262395641378848e-05
5.605299749536407e-05
1.8203852394052032e-05
0.0003668350161376734
4.118615347804614e-05
5.845293772431749e-05
0.00012790375681995676
1.2167206867570805e-05
8.380814127496782e-05
3.929780647909226e-05
8.638101268257558e-06
2.985950337667213e-05
1.0459201117653634e-05
6.239781685059901e-05
1.2170428212108071e-05
9.025690616343224e-05
0.0005728683120103026
1.4861619577954597e-05
9.705974232439035e-07
0.0001585342594294214
8.494376533533565e-06
7.308783682716423e-05
9.647013641402019e-05
2.7581620099735865e-05
2.619806643872313e-05
4.8476786841960004e-05
1.621443544474397e-05
5.674186665551328e-05
1.1438479839514634e-05
1.529031086854591e-06
6.565560268993253e-05
4.0783672100882306e-05
0.00014494137237827963
2.4996285100984943e-06
6.5951586151616e-05
6.0716567784824864e-06
0.00021250250659511142
2.9299957678394793e-05
7.427051373292593e-05
0.00018398951142254826
1.5215498272455735e-05
4.2379314442167015e-05
6.179283469096335e-05
7.736306242579907e-05
7.764779385951228e-06
1.8176913049373728e-05
0.00013790075950815953
8.655787612768817e-06
9.211840895437368e-06
1.3189860149100746e-05
2.2612209083715005e-05
5.337780426441402e-05
4.7188251539093465e-05
1.2898627143389154e-05
0.00014114297857529325
5.180697628512479e-05
5.351391442406186e-05
2.789510771775634e-05
0.00015516540641654622
4.7273612345487765e-05
1.4147161682945852e-05
0.00017810193216881965
1.4648128019705992e-05
5.3438164091451316e-05
9.567164297637582e-05
9.434429483665023e-05
3.346057581445354e-05
1.0996220599180908e-05
1.4536234796482595e-05
4.8742375703234584e-05
6.486205806230882e-05
1.485481926193816e-05
1.1338087968119819e-05
6.798520952380479e-06
2.4925545771493936e-05
2.769663375358371e-05
3.910207799723432e-05
0.00022789265745513576
9.549926471271516e-06
5.197485128218197e-05
1.2498142550492472e-06
5.162091988221545e-05
2.519197842573175e-05
4.511480817488282e-05
2.988367637554048e-05
0.0001040513081636161
3.75254852235084e-05
0.0001218438936887184
2.1250798724688705e-05
0.00020322485805837574
2.50169901490056e-06
9.131501078255176e-05
0.0002151674041490052
8.441722371416418e-05
8.707382211023084e-05
9.384916286070172e-05
0.00018695294399265975
3.7494427651477412e-06
5.807478311190399e-05
7.14803720244561e-05
4.952043381328132e-05
7.659833896141239e-05
4.2294802599247105e-05
3.335796771405261e-05
4.159017771885803e-05
6.494104683079276e-05
1.075885539719004e-05
8.667899448340134e-06
2.2485940538688272e-05
1.05256638948836e-05
3.427461757785833e-05
4.255639999163496e-05
4.314059546808226e-05
1.679978732581517e-05
0.00016255576491860707
4.9421344269641136e-05
0.00017883673380353078
7.175061913219478e-06
3.167155192194982e-05
2.3225531398262116e-05
1.6519751704704636e-05
7.566920909241008e-06
8.271871000558749e-05
0.0001719445032954388
3.7875870952734235e-05
3.6801904541405816e-05
4.8705785123094564e-05
1.4324889706907274e-05
1.2555538302605137e-05
1.0771504029258506e-05
0.00015625613295076492
1.0249852696320887e-05
9.1337503605657e-05
0.0001739606565124744
9.161133374732416e-05
4.859180557765637e-06
0.00024649998876434944
0.0003511599451902656
0.00021556188531860265
3.001597398608235e-06
1.1199858217210114e-06
3.812586445704123e-05
2.5421798923518558e-05
8.152739522122911e-05
7.951840924983253e-06
2.2989903515621494e-05
3.384534495598023e-05
7.060192038520162e-06
0.00020103239144413673
5.693352775611279e-05
3.5526047016206634e-05
3.34814354736137e-06
1.529031086854591e-06
0.00033771782787692225
2.0196570054859695e-05
8.679364883351762e-06
3.055085715254903e-05
0.0005744473247076914
0.00035000231914462823
4.277905935924548e-05
6.7576518740684e-05
1.893552887468486e-05
1.6849212852431865e-05
7.175061913219478e-06
1.7691799081960995e-05
3.1984964512226696e-05
4.093086020987782e-05
4.2899285683437576e-05
4.2361152231120975e-05
0.00015739386595312312
0.0002970406141982673
4.435714263630882e-05
0.00011181492409308181
3.471745953340705e-05
9.836827505159702e-05
6.038845208435055e-05
8.343051289579747e-05
0.00021432923445620318
1.529031086854591e-06
7.046369020886431e-05
9.221014892829084e-05
2.4996285100984943e-06
1.529031086854591e-06
2.619806643872313e-05
1.0181773897942825e-05
2.329022291591951e-05
4.68512291871182e-05
2.9440842942966773e-05
3.0031373193918935e-05
1.2853535911216299e-05
0.0001446143289863942
7.778400629218176e-06
4.7067946923467755e-06
4.719098074185313e-06
1.802611072693619e-05
1.6929375404401975e-05
2.7504404000674663e-05
3.327969919139601e-05
1.1460467286164365e-05
1.4559021877153867e-05
1.4549709759155998e-05
1.392701495207694e-05
1.2498142550492472e-06
2.7057297599412847e-06
1.1559037449520241e-05
7.084781997112317e-05
4.5200254799939734e-05
2.7562305512629956e-05
4.896641182755512e-05
0.00011979673329209477
0.00017323207009849008
6.13426963187931e-05
3.0194226042175276e-05
0.0001337383529403374
5.1051567354687045e-05
2.71435826698455e-05
6.606737303859439e-06
0.00010401874655362731
1.841771533745221e-05
1.0119427964137479e-05
5.826711408077577e-05
1.0005324662027452e-06
2.3690532057277463e-05
2.2238143574576242e-05
1.1314407156580451e-05
7.63209198518834e-06
8.023567646206836e-06
7.557896625282419e-05
0.00011499918220288992
6.187622212227118e-05
0.00012566567981283727
1.839599787114718e-05
2.8659679472867542e-05
9.082789313535281e-05
6.959028821256444e-05
2.4996285100984943e-06
4.859483961021524e-05
8.448678455227329e-05
2.97619748372086e-05
8.638156963762038e-05
7.502076685461526e-05
2.2485940538688272e-05
4.137880075434879e-06
9.072169954403911e-05
2.3832936490798645e-06
1.3594557366960767e-05
1.717517581325196e-05
5.123273796173498e-05
3.880186653733729e-05
7.08233035414267e-05
3.9933566826197265e-05
0.00021596691697631286
2.0932585895142483e-05
1.0164671043727593e-05
0.0002920847202522896
2.196397006354476e-06
1.529031086854591e-06
8.812076893025053e-05
9.068028852506762e-06
4.03209552713667e-05
0.0001218377255643596
2.1891564023923037e-05
4.8888082410397886e-05
1.529031086854591e-06
1.449329611667675e-05
2.6525928155523468e-05
6.034770325162377e-06
3.1822361245781025e-05
8.617203223406805e-05
0.0003284720700124561
3.275754335018955e-05
3.530096019260081e-06
2.203880178278483e-05
1.1393997650507846e-05
7.503513655999049e-06
0.00010889760880905446
2.9605958974049813e-05
8.556546499506478e-05
4.919193184109605e-05
9.3170791113582e-05
0.00012686305682130158
2.6379720298201492e-05
4.687886638138863e-05
5.897266360653665e-05
0.00044460439885781464
0.00013101843120514928
7.647034411151494e-05
2.9094077223827376e-05
3.2395037546446926e-05
0.00011375773535070047
6.013742450296077e-05
4.340534499989283e-05
1.5832618288445348e-05
0.00012857314190540045
9.684711721422583e-06
5.6085683351007015e-05
4.569076460966345e-05
3.0383741499924985e-05
6.824354288735123e-05
1.529031086854591e-06
0.0002552867523958945
0.00010474358892364138
6.151908139570272e-05
0.00016618453294397963
5.98142504728547e-06
5.573107341732973e-05
4.062763436917131e-05
1.3143039220157798e-05
8.542344460603767e-05
4.84539982797047e-05
3.9464243363013376e-05
1.9708326975851626e-05
7.335764575624482e-05
1.1035153687498315e-05
0.0005807506777295457
2.4518442903400304e-05
1.2839304179907393e-05
4.2706469235701456e-05
8.24441220094394e-05
2.201450433803903e-05
6.423726036427165e-05
5.96125880636965e-05
3.393579441921782e-05
0.0001899584389041187
7.279510938576934e-06
3.189666243998214e-05
1.3167157496130257e-05
0.00012723569078742833
1.529031086854591e-06
3.557509785077743e-05
0.00010608572313560918
1.0962605918631652e-05
6.008126683823398e-06
2.112346393038913e-05
6.245518477546168e-06
6.403584306065276e-05
2.3533973461733877e-06
5.01544390775182e-05
6.139238445817404e-06
2.1178514812010126e-05
0.0001646003801547007
1.529031086854591e-06
7.198266296745947e-05
7.845494877161975e-05
5.1023108877509794e-05
3.103410056576159e-06
1.529031086854591e-06
5.9688375873344055e-05
2.4368105804246035e-05
6.800561162063816e-06
6.886638596852141e-06
5.3848910476881e-06
1.8391922812497194e-05
1.529031086854591e-06
1.529031086854591e-06
1.2893464745135325e-05
1.3927846570543055e-05
0.00011132700109111987
8.131257397583429e-05
5.172350094293598e-06
4.506531245336593e-05
0.0002588310158223655
9.998514040393977e-06
0.00013208424897051703
3.9534752122024856e-05
1.0736480481652985e-05
6.556966981775138e-05
1.7208290878812616e-05
8.18565126108987e-06
8.780681743013333e-05
1.5113090070233064e-05
6.004866320403794e-05
0.00010466089053467469
2.2120860428270555e-05
7.658263132369201e-06
1.0124672887175726e-05
0.0001750779131373024
0.00011400322079706315
8.723350898583636e-05
2.151421782061669e-05
2.881284579586166e-05
7.865719698006258e-05
1.5485163906546337e-05
0.00012330350169374867
6.562691146952819e-06
1.6389446168372242e-05
3.1570422620447384e-05
1.3698775456936025e-05
4.276146980416581e-05
2.5981732575910315e-05
5.2632199775878986e-05
2.7324143339264484e-05
3.220463856706967e-05
8.411669412276219e-06
3.395868980687626e-05
3.991702877081788e-05
5.6639412659824224e-05
4.313037963584548e-05
3.2069996637787144e-05
7.605186505824158e-06
3.287744530910568e-05
0.00016595632674057934
6.737181415800344e-06
6.035435001209534e-05
1.2498142550492472e-06
0.00022356763247089834
8.486614074478598e-06
2.4996285100984943e-06
7.08263187162577e-05
0.00013348095944385428
1.3614329444567101e-05
4.537400367043936e-06
1.529031086854591e-06
1.8154070804557363e-05
3.271136229096184e-05
4.66376812351622e-05
2.1449642841718788e-05
3.83826703976557e-06
1.3612201101131808e-05
2.8381024848877216e-05
1.589224291581263e-05
1.529031086854591e-06
8.959886573768091e-06
1.7943273291964143e-05
0.00012345761761794693
4.4799432868840455e-06
0.00013546200693172287
3.74360948724758e-05
5.510946656395282e-05
6.058971016457909e-06
8.272972192707598e-05
4.291519059873855e-06
7.858806836521192e-06
6.45946262850635e-05
5.889652475292299e-05
1.088902554194259e-05
1.1199858217210114e-06
4.587093260563773e-06
3.3869663227213136e-05
4.6715390367082174e-05
3.0342077601709132e-05
1.9486299431932736e-05
3.806369937961521e-05
4.916511277593433e-05
3.657100528629696e-05
0.00012501270156102333
4.665579196200841e-05
3.5899273651254005e-06
1.7790916114161393e-05
1.4876227542014598e-05
2.806843705302294e-05
4.294592192661195e-06
2.8840089911817085e-05
1.8723735710935492e-05
9.877012332207772e-06
1.529031086854591e-06
4.493696570624518e-05
8.306736971325964e-05
1.6392915365029483e-05
1.7763807589019336e-05
7.582883340805113e-05
2.9117922697317103e-06
9.484699737703031e-05
7.463211468575736e-05
4.022112967270325e-05
2.870024765287791e-05
3.6551360211153524e-05
4.691409519152967e-05
7.671888779390606e-05
7.852329293322838e-05
0.000274758427800713
1.681537979831335e-06
3.120344900172138e-05
4.3781262950930635e-05
7.691311266632416e-05
8.18565126108987e-06
1.2595349859337675e-05
9.732684810438861e-06
0.00011447967824271838
3.719888993066815e-05
4.9686197340494e-05
2.1472960963305974e-06
6.533406277195173e-05
2.9643999469569462e-05
5.517576843749158e-06
4.4233486154696484e-05
2.7419542825801184e-05
0.00010085793995252482
2.7655223657542394e-06
1.4237435464747274e-05
0.00010878381015224266
2.001359211920448e-05
1.2505898093390872e-05
7.299379333610135e-05
7.934471978371415e-06
3.2209441444958954e-06
6.139970605348767e-06
2.7057297599412847e-06
2.1772896499863546e-05
7.194313635105932e-05
1.8116620145845938e-05
5.942518081287797e-05
2.7496872423594087e-05
2.4996285100984943e-06
2.9285293418059677e-05
0.00010734478430077806
3.0638064727747454e-05
2.3908443203525524e-05
4.755780626726652e-05
2.325559265612603e-05
0.00032630026879607314
6.535777842240706e-05
3.152468394422663e-05
8.974818412813501e-07
1.1199858217210114e-06
6.793732554692226e-06
7.41929633386917e-06
1.529031086854591e-06
4.6262598759940384e-05
3.924684982438844e-05
3.510310263347043e-05
4.759689336394699e-05
2.7295607600541456e-05
5.172350094293598e-06
1.7446701797167274e-05
1.5196693893556365e-05
1.0232064076362339e-05
1.7800117168442567e-05
1.185353133616801e-05
4.092825630544935e-06
1.0093869029431466e-05
4.8211917158469156e-05
3.780563936351617e-05
7.707003332765434e-06
1.3528648799706423e-06
1.529031086854591e-06
8.263966316222569e-05
3.6083300750778245e-05
1.8876392296741254e-06
1.2266760859110688e-05
7.478174801450188e-05
4.5411885382542295e-05
4.4887323897999403e-05
9.574006079212623e-05
1.0007390314215784e-05
9.211840895437368e-06
1.8816082196144663e-05
7.022537664210338e-06
4.4049789236872075e-05
2.0689400377174395e-06
6.866430495798169e-06
8.344742848601653e-05
3.925075878096862e-05
5.462721100258256e-05
2.0150258063388064e-05
5.822532621148307e-05
1.4437920523296202e-05
2.287846294981322e-05
2.4938226358420713e-05
6.23331811600329e-05
5.731066074706626e-06
5.3472248715523646e-05
5.717196335206991e-05
3.766907504440226e-05
9.187767605733947e-06
1.5282536187322983e-05
0.00011314407156580452
9.067854042139836e-06
0.00010992615848340137
3.406478699272513e-05
1.289095257945384e-05
7.772983739321102e-06
1.2751052178869654e-05
7.280624360991882e-06
0.00014360035338744452
2.3672437381185448e-05
5.7909187882891845e-05
4.5924520031226376e-05
1.573592324516609e-05
8.036180650780665e-05
2.470829495685425e-05
2.972872201814208e-05
3.1514938815382744e-05
1.8876392296741254e-06
5.425960626366218e-05
6.108246982817e-05
2.6387060008647648e-05
3.103410056576159e-06
1.648686030574756e-05
3.0944265954049494e-05
5.08370083530813e-05
4.404220205447489e-05
3.2570565879676385e-05
5.1875537065532435e-05
0.00011475096568865598
4.7067946923467755e-06
4.933871834368385e-05
0.00013459617929929073
5.5693531503073335e-05
5.828313652732855e-05
2.774195532694713e-05
7.932302667154144e-05
5.684469697718808e-05
5.124579128191544e-05
3.0040633419116986e-05
7.248712867817274e-05
6.653369253721313e-05
1.7949636825627002e-05
2.8437622263497263e-05
6.417292196441796e-06
4.044570351962547e-05
5.249058218821372e-05
0.00023569444222040553
2.8014909053676864e-05
3.601916878329882e-05
6.678822456330736e-05
0.00011551917170187341
4.4796395834107194e-05
4.56687518028285e-05
1.3781651408600921e-05
3.530096019260081e-06
3.204143001050072e-05
5.517576843749158e-06
7.643948138236442e-05
0.00011431828496349956
2.543547278094077e-05
5.7108789476516966e-05
1.1048977521912563e-05
4.278194797627864e-05
1.320468216213553e-05
2.3533973461733877e-06
0.00019968317079848745
7.296495950134786e-05
5.092187060424477e-05
2.3123984528061383e-05
1.410670923193531e-05
5.941535160388831e-05
4.32237365707358e-05
3.2209441444958954e-06
1.2498142550492472e-06
5.0744807124004175e-05
5.416753608663026e-05
1.0736480481652987e-06
4.534437737622952e-05
4.195715270988554e-05
3.1303957347370854e-05
1.4188575201130054e-05
1.3033433412805108e-05
9.559136299165839e-05
1.672400450518611e-05
1.529031086854591e-06
2.5389991317991545e-05
4.999257020196989e-06
2.3321353963600508e-05
1.529031086854591e-06
3.058062173709182e-06
4.825348434543636e-05
2.2124178926033915e-05
0.0002686963587986143
2.9027111260981228e-05
1.529031086854591e-06
1.597164592119295e-05
3.9485766354241174e-05
5.254689346009896e-05
1.1199858217210114e-06
1.0790806634338508e-05
0.00012473740979311097
2.9810437885573102e-05
8.75594655215196e-06
1.2479801990853177e-05
2.350374888122569e-05
5.105508754912801e-06
2.69244552384405e-06
6.441888288991792e-06
3.3938719453245656e-05
3.4784937210233714e-05
5.570936709592129e-05
0.00010835227634913879
4.137880075434879e-06
1.3528648799706423e-06
4.270960196826077e-05
3.3674450533002855e-05
5.517576843749158e-05
1.888121429527576e-05
7.417676849703093e-05
4.291519059873855e-06
6.637161381386642e-06
6.2823728889694505e-06
5.6895851037229576e-05
6.717929249219643e-06
5.857058683611936e-06
6.55156117084838e-06
3.513104034005611e-05
1.1128770170568116e-05
7.123441458904451e-05
6.058971016457909e-06
2.9117922697317103e-06
2.4958323217978055e-05
5.517576843749158e-06
3.5927628190530474e-05
5.279816519635689e-05
1.8391922812497195e-06
1.6247601922361294e-05
8.426600681653024e-06
3.3599574651630337e-06
4.1781044856230816e-05
6.04811330293594e-05
5.1806846973850545e-06
2.9117922697317103e-06
1.0089227878988011e-05
1.1494568867393504e-05
6.491840709576613e-06
0.00010290696988768444
3.7494427651477412e-06
2.5171480347180272e-05
0.000328147132334626
4.101253926639908e-05
1.542015014123998e-05
6.441888288991791e-06
1.2134373934986468e-05
2.0026141128810476e-05
9.497921945205934e-06
3.4332152478990843e-06
4.7067946923467755e-06
1.733973295694707e-05
1.0028815094637323e-05
1.8914033796623037e-05
1.9688957325760533e-05
2.8520802307133312e-05
4.203789164311474e-05
0.00010274168836109616
3.463819846623715e-05
9.528595291022781e-05
0.000137673748894711
0.00010026717932446906
9.751531779850613e-06
3.519877679757126e-05
1.172247782754649e-05
3.330356081629603e-05
9.751886281139523e-06
2.7312993522154973e-05
6.908880671578027e-06
4.4586015703871915e-05
2.4029411576600085e-05
1.0758244284586033e-05
4.744108440134846e-05
4.5979807031242985e-06
1.9085353618114246e-05
1.2699350979842034e-05
1.1199858217210114e-06
1.8833307453907705e-05
2.1472960963305974e-06
3.180111222223583e-05
1.962537939048431e-05
3.882389692975614e-06
1.7949636825627002e-06
1.1766986730866939e-06
3.220024725516556e-05
7.109405565874316e-06
7.003727263419216e-06
1.529031086854591e-06
6.135678977003694e-06
3.504862255115092e-05
9.195961406248597e-07
1.3528648799706423e-06
9.823576493349044e-06
1.529031086854591e-06
1.7372609405082822e-05
1.5545662314525748e-05
1.6234378559647707e-05
5.2723936987113776e-05
8.769577798244678e-06
1.9055973159741237e-05
1.2365300189520129e-05
2.1859993737807356e-05
3.060249618785453e-05
9.454468654324678e-05
2.4730987779563895e-05
2.709062101829156e-05
1.3157795191187643e-05
1.3907539014541708e-05
1.0371200838957569e-05
3.891596473540196e-05
6.327920554484828e-06
6.1033137125752136e-05
3.303426600995491e-05
3.400280581031908e-05
1.650147070239819e-05
2.287463207480479e-05
2.3832936490798647e-05
2.9057219831193843e-05
6.431759400536638e-05
1.6047135292413673e-05
4.300694381944188e-05
8.060741970549087e-05
1.529031086854591e-06
1.2422364481835842e-05
1.7542773158139337e-06
2.4173576576762582e-05
0.00017287707477516996
5.69673459680884e-05
0.00010272235900351856
1.8080177810845708e-05
1.9055973159741237e-05
1.210588965177823e-05
1.749351351891601e-05
7.764779385951228e-06
3.444077421763142e-05
3.53331951469026e-05
4.7067946923467755e-06
2.56780701013651e-05
1.514762832234543e-05
4.604508646805883e-05
7.003727263419216e-06
5.770563815231576e-06
1.982542151313778e-05
2.2399716434420228e-06
4.041858171434678e-05
2.9290764207939744e-05
2.3669411093356076e-05
4.137880075434879e-06
1.5766661580681302e-05
2.1432515500927245e-05
1.3497723771571215e-05
3.110403363201744e-05
1.0315074990106542e-05
1.2498142550492472e-06
6.578108438706537e-05
5.885382929409672e-06
1.3528648799706423e-06
4.460579602445467e-06
3.913814552733406e-05
3.9567720924788754e-05
4.6583567228191234e-05
1.392701495207694e-05
3.5508793461992195e-05
3.707268944128132e-05
5.435159681415273e-05
4.3835169270759955e-05
9.101868831771839e-05
1.2016253367646796e-05
4.042308849480206e-05
4.366543016634598e-05
9.832397152449218e-05
1.467123473983006e-05
7.630641834282232e-05
9.833477425059442e-05
1.518100081044744e-05
5.770563815231576e-06
1.07697820953762e-05
9.937429577808563e-05
5.411459519882569e-06
8.5092502221878e-05
3.47035644909046e-05
8.660987887557103e-05
1.853557660915032e-05
1.8069460883518733e-05
3.0223862070671692e-05
3.9820530620048065e-05
2.6206130427585398e-05
6.273271946387455e-05
5.3848910476881e-06
2.125341540400483e-05
5.3542439041774965e-05
8.687084924366493e-06
3.0991077508552265e-05
1.0210747083425328e-05
1.529031086854591e-06
1.8368218544867442e-05
4.250683080800966e-05
4.3604635185450384e-05
4.167395244197644e-05
4.242492158527238e-05
1.5618881440955952e-05
1.961152201009023e-05
5.0923790251593954e-05
5.52350203472597e-05
7.684551705834192e-06
4.858816613181733e-05
4.800135134116246e-05
4.713461501563863e-05
2.930795805454595e-05
1.436435058659751e-05
1.2883776577983582e-05
1.680360177339667e-05
1.3528648799706423e-06
1.87627426117542e-05
1.7282813703097135e-05
1.2818852111054026e-05
7.997410768166944e-05
1.1766986730866939e-06
1.529031086854591e-06
1.5888624327199098e-05
1.3528648799706423e-06
1.3528648799706423e-06
6.248040632858045e-05
1.0346871662322104e-05
2.9117922697317103e-06
3.882354305622624e-05
5.2563249980419406e-05
7.975233396380626e-06
3.1777248654398197e-06
1.5596606890755218e-05
6.700831171789553e-05
1.673757954739414e-05
2.4022406682425096e-05
1.3528648799706423e-06
1.7975895377402555e-05
1.1903984779493353e-05
0.00016690750397910863
0.0001341383375517875
3.6530651403129636e-05
1.932220271079871e-05
0.00024962786567950425
1.911976607953002e-05
9.378167652675233e-05
6.5891910190634285e-06
0.00010067902748227948
1.4472278249013058e-05
2.4487856748167752e-05
6.907579596513407e-05
3.880186653733729e-05
1.1432214283728286e-05
1.529031086854591e-06
8.236329116245577e-05
3.8682339393285665e-05
6.195475016940592e-05
3.908094967343439e-05
1.583126644557771e-05
6.170144439857786e-05
9.169521712393787e-06
7.872808984669185e-05
5.411459519882569e-06
1.1714117367223872e-05
1.1325415672654038e-05
7.264016196263946e-05
0.00010203955488068866
2.1424873358966056e-05
4.916338833987895e-05
7.405409020115222e-06
0.00017543363443980062
2.1859993737807356e-05
7.926712971471072e-06
5.0026623310137256e-06
1.132879780580064e-05
2.3402586751291038e-05
1.74827588135229e-05
5.490451583428606e-05
1.529031086854591e-06
3.4802384087716686e-05
2.1890631475465318e-05
0.0008326427179500724
8.738743379959504e-06
8.296567097262717e-06
2.758788421874579e-06
2.2923637137982836e-05
4.853749573994587e-06
2.011857794799073e-05
0.00014169768591754887
2.3533973461733877e-06
2.4996285100984943e-06
1.3815257368994833e-05
2.9233516997715817e-05
1.8755191713653815e-05
1.9596421919462838e-05
1.165431147159593e-05
1.0771504029258506e-05
9.248458889072342e-05
5.945469392422407e-05
8.257503570820108e-06
1.1322887591153712e-05
4.6587082983559484e-05
3.435176954323199e-05
3.3236594506157944e-05
4.921650462515802e-05
1.0226131628339493e-05
2.3533973461733877e-06
1.515221775954272e-05
8.872308016037483e-06
1.648655038532865e-05
3.863623502834247e-05
6.494578660789473e-05
2.0297935052025045e-05
9.074800734087871e-06
1.502068914544815e-05
5.544138013727401e-05
8.276365265623735e-06
8.287040943934612e-06
2.259996894468925e-05
2.387535034933762e-05
6.387147561135962e-05
1.515166464477195e-05
1.9109870345591105e-05
5.01001736594288e-05
9.163356474324133e-05
3.039338778711273e-05
7.5145158890921e-05
3.441606322573912e-05
1.2706091948923281e-05
2.956670197352445e-05
3.355368598206312e-05
0.00012078788103781347
5.2529780712970236e-05
1.3528648799706423e-06
9.067854042139836e-06
4.846306054768687e-05
2.1158326098326286e-05
4.294592192661195e-06
6.058971016457909e-06
4.613617724834484e-05
3.801246313887065e-05
1.87627426117542e-05
1.921137926458548e-05
1.7668957425876896e-05
1.2579746368855217e-05
1.529031086854591e-06
7.697701058915243e-05
7.993527687824653e-05
1.3125382293905637e-05
9.982637582757557e-05
3.4332152478990843e-06
3.103410056576159e-06
1.529031086854591e-06
2.7057297599412847e-06
4.587093260563773e-06
6.87850355182025e-05
1.529031086854591e-06
0.00019656208706414282
1.529031086854591e-06
7.2412901320110375e-06
1.4173885115349777e-05
3.058062173709182e-06
2.495659395689389e-05
3.9708460879987376e-06
8.004259729621962e-06
2.7057297599412847e-06
1.1199858217210114e-06
1.529031086854591e-06
2.7057297599412847e-06
1.4120384077040324e-05
2.4396690431376596e-05
1.529031086854591e-06
3.6441124598863e-05
2.8080761226061205e-05
4.137880075434879e-06
1.529031086854591e-06
6.72615191932534e-06
2.4261146370689976e-05
6.297674929668837e-06
1.2498142550492472e-06
1.5226841480309018e-05
3.2358330493297253e-06
7.122987026313994e-06
6.00319479721647e-06
3.632008098131973e-05
0.00011258849512834247
3.458396077584932e-05
3.514924234443642e-05
1.0902988550269058e-05
1.7542773158139337e-06
3.7341538117261316e-05
1.4394921717781235e-05
8.609682716926682e-05
3.940869371199791e-05
1.413759903840179e-05
9.224580515737608e-05
8.034942383308412e-05
0.00012080705466186282
1.5383662531526943e-05
0.0001246975144784537
1.529031086854591e-06
6.949043762033129e-06
3.858863276231473e-05
0.00014141640528424126
6.866430495798169e-06
3.001597398608235e-06
1.3528648799706423e-06
1.627177233023043e-05
1.0790806634338508e-05
5.805701473009688e-05
6.495223680687494e-05
1.5717613673042384e-05
9.044690749712615e-05
4.681717995246424e-05
5.665864283314137e-05
1.5133841818482016e-05
1.2143313556964973e-05
5.172350094293598e-06
1.5723442814977213e-05
4.176296918675518e-05
5.9311563444369044e-05
1.5973777816937253e-05
3.9340686681496095e-05
3.678384562499439e-06
9.076219629711402e-05
1.3737034308144005e-05
2.7057297599412847e-06
8.58303811974771e-06
0.00011457420885955073
5.534748309442565e-05
1.6173307686282898e-05
1.1766986730866939e-06
0.00010411065100529278
1.4713538249997756e-05
7.50509704470168e-06
2.3404669638669366e-05
5.5999291086050565e-06
2.249665659088645e-05
1.7112779190511458e-05
2.262703251166647e-05
5.598781960783924e-05
6.551857745649835e-05
9.813614314322257e-06
1.0148967526012522e-05
1.158615650455563e-05
6.208807066737207e-05
0.00010446982184661448
1.808938149942523e-05
2.0834113167722827e-05
1.1232119260808162e-05
1.7556344160525846e-05
1.2595349859337675e-05
6.899790337192473e-05
1.529031086854591e-06
2.831458844511188e-06
2.6905917537902936e-05
9.844036720429227e-06
3.213651755253204e-05
4.294592192661195e-06
6.206820113152318e-06
2.1472960963305974e-06
3.058062173709182e-06
1.3573882184037779e-05
8.974818412813501e-06
7.80689809693271e-06
6.17659388000292e-05
1.588338435199495e-05
1.706257335809836e-05
1.1002652623219122e-05
1.1199858217210114e-06
1.941194846487807e-06
2.8225176879663475e-05
1.1035153687498315e-05
4.6306359314777666e-05
5.1755655703446334e-05
2.207030737499663e-05
0.0001481207398121343
1.1541050150358423e-05
2.4996285100984943e-06
4.810438363350885e-05
9.60568963229274e-06
0.00015617508108594304
1.529031086854591e-06
1.7019656851980587e-05
3.219914842901731e-05
4.126367573788771e-05
1.5951596710710988e-05
2.7057297599412847e-06
5.803145453404767e-05
9.94701733768849e-06
1.746592936872233e-05
3.692689470542548e-05
1.1704229440350564e-05
6.355449730879639e-06
9.999970993967677e-06
2.4613165288270412e-05
3.156439555807649e-05
1.9681646563101676e-05
2.2274584588119442e-05
1.0461075786956404e-05
4.294592192661195e-06
1.5839027085134034e-05
7.94557449431179e-05
1.458926048553791e-05
6.206820113152318e-06
1.0124672887175726e-05
1.2837244440617242e-05
3.243975098117039e-05
2.0689400377174395e-06
8.872308016037483e-06
8.295750577486626e-05
4.939202977925518e-05
3.210790399665852e-05
1.043810869383887e-05
2.69244552384405e-06
1.1199858217210114e-06
5.379186194083935e-05
2.0640900830509134e-05
1.3164240638629992e-05
1.0417056583861413e-05
1.4574044752213994e-05
4.471352649417967e-05
3.001597398608235e-06
1.1199858217210114e-06
2.7057297599412847e-06
9.351072805369637e-06
1.3383435468244726e-05
1.4426002767529114e-05
1.1325415672654038e-05
1.2134373934986468e-05
4.587093260563773e-06
4.055015830777403e-05
5.192372301059894e-06
4.389290968021862e-05
1.681537979831335e-06
8.915126350683595e-06
1.3462179956131455e-05
1.7324765759560165e-05
1.1042366879660668e-05
2.4730987779563895e-05
2.370752253334824e-05
9.643483356568364e-06
0.00010930307505733686
1.529031086854591e-06
6.769885201487018e-05
5.3702730320481765e-05
2.223864514270174e-05
5.438816761904383e-05
1.4900771794237228e-05
1.6118407012876426e-05
5.625075039580312e-05
1.7034473051421145e-05
1.2321133602130079e-05
1.5915175354295167e-05
2.5363268204184313e-05
6.788644293948269e-05
1.854795028428019e-05
2.203880178278483e-05
7.550556918696502e-06
1.0716257750463622e-05
7.952844719115329e-06
3.069629532014123e-05
1.4653097284433114e-05
1.5515874511305554e-05
3.9884113981538034e-05
7.073580841472926e-06
6.794181962707325e-06
2.1472960963305974e-06
3.1134103199782437e-05
7.820346122461748e-06
2.945051446362799e-05
8.05684536215865e-05
1.4673170547999344e-05
3.7494427651477412e-06
2.0010649324054904e-06
3.976832168804035e-05
1.5214661503830064e-05
1.632219979338668e-05
4.7318976085533245e-06
1.3897200302210964e-05
2.8437622263497263e-05
7.975330299414461e-06
2.4457437196892018e-05
0.00015836195881377405
9.149110451853305e-05
5.621715023531676e-05
7.4988855302954825e-06
6.266698707779316e-05
3.230817794191166e-05
7.349985496607929e-05
1.5141433588763337e-05
7.295344217313798e-05
5.172350094293598e-06
1.529031086854591e-06
6.71687576308066e-05
4.596039107797028e-05
8.243662593187966e-06
6.414424221301764e-05
1.742133278462378e-05
4.37797327607598e-06
7.902354224112007e-05
2.7057297599412847e-06
0.00016957433472577553
4.039314010971939e-06
1.0747147711343598e-05
1.6257871978783484e-05
1.6486864188938706e-05
1.5067117323705345e-05
1.7093124701746478e-05
0.0002562289564095772
8.078628021943878e-06
1.1753470054455518e-05
7.006668672432357e-05
3.2909440038463654e-05
2.5359204482123565e-05
4.211641185827429e-05
1.2498142550492472e-06
3.7737717934660094e-05
1.4246882917808901e-05
0.00010365563303834475
3.77626593526688e-06
3.763216439228933e-05
2.130969585068939e-05
6.222425322947039e-06
8.06862495911775e-05
2.063901687292962e-05
5.2773525327476165e-05
8.275760150869758e-06
4.019627645656852e-05
2.831458844511188e-06
2.52985699103437e-05
2.7057297599412847e-06
3.296276692775027e-05
2.4996285100984943e-06
0.00011110393365983893
2.3044939574944e-05
9.517720360869397e-06
4.294592192661195e-06
1.2790123050058847e-05
2.4389990020552138e-05
0.00010405420683112134
2.8191506532895403e-05
7.728215768319168e-06
1.4279128182062582e-05
1.529031086854591e-06
1.3528648799706423e-06
2.3132090883759606e-05
2.2628814313160902e-05
3.08172732865719e-05
8.417643171681029e-06
3.655215870636905e-05
1.2791161034744475e-05
7.55253187053376e-06
8.58918438532239e-06
2.4012779188865885e-05
3.530096019260081e-06
1.6354482825403586e-05
5.044613939494005e-06
4.3862584398638166e-05
4.853749573994587e-06
2.7610108604385876e-05
7.820346122461748e-06
0.0001210668221789478
3.0263514871130415e-05
1.529031086854591e-06
8.995505314432853e-06
3.9416653951703254e-06
3.3599574651630337e-06
3.232277720863743e-05
3.530096019260081e-06
3.058062173709182e-06
5.8235845394634206e-06
4.559369557608389e-05
5.911879098693867e-05
4.140445114095461e-05
1.0872074768041158e-05
2.928529341805968e-06
3.501985380864682e-05
3.239453705177091e-05
1.6574018158401412e-05
1.2498142550492472e-06
5.770563815231576e-06
1.529031086854591e-06
9.953167792224042e-06
5.003695157107892e-06
0.00013086659448568303
0.00011285367385548248
2.3873335339971123e-05
1.1128770170568116e-05
1.0160712644366178e-05
2.7448348253077094e-05
9.60568963229274e-06
9.11264186329924e-06
5.025515163876954e-05
1.2365493889781948e-05
1.5726297687272576e-05
3.957662295875104e-05
1.9341169696642833e-05
1.3001849172510203e-05
1.8876392296741254e-06
4.428370476697877e-05
1.529031086854591e-06
1.337920360414889e-05
1.2498142550492472e-06
6.55150867003791e-05
1.643872265455284e-05
1.3528648799706423e-06
1.818210925083102e-05
1.1970170252349994e-05
1.088902554194259e-05
2.988761541188179e-05
1.529031086854591e-06
1.8293249653407596e-05
9.211840895437368e-06
1.4007454526838432e-05
6.678822456330736e-05
1.7542773158139337e-06
9.368277716319252e-06
3.349740899467388e-05
1.529031086854591e-06
3.0564001044052764e-05
2.680954215376234e-05
5.0026623310137256e-06
3.370415176272784e-05
1.8419254149850363e-05
9.519378672789398e-05
2.7057297599412847e-06
1.6590300447157285e-05
7.957587677147584e-06
3.247052341539638e-05
3.987758088585153e-05
3.058062173709182e-06
2.7504404000674663e-05
3.7494427651477412e-06
1.1766986730866939e-06
2.1177993523388448e-05
5.0026623310137256e-06
3.8707523323923835e-05
5.9046067385018894e-05
3.5169487856459706e-05
1.529031086854591e-06
1.320468216213553e-05
6.116124347418364e-06
5.411459519882569e-06
1.6008519459243923e-05
5.9889297928909796e-05
7.973314863936449e-05
3.5085546316278674e-06
1.1369683391632728e-05
4.309833303900686e-05
1.26615054752575e-05
7.516892852167206e-05
1.2765341438950164e-05
5.368240240826492e-06
1.1883070320777661e-05
1.3528648799706423e-06
2.445205789971677e-05
7.774448402699183e-06
7.092039060419633e-05
1.89146226869028e-05
3.850375317865078e-05
6.206820113152318e-06
9.6938218137543e-06
6.139970605348767e-06
6.72615191932534e-06
1.0902988550269058e-05
8.243662593187966e-07
1.4185967015177098e-05
1.6877600110141716e-05
2.246052268754629e-05
0.00015570274894131152
4.3856932895348334e-06
6.553307498827422e-06
1.919182910370888e-05
3.782867835621379e-05
4.121831296593983e-06
1.5210373011648316e-05
1.680316023004027e-05
1.2444850645894078e-05
3.122759238773084e-06
4.328282302489866e-05
2.2038784937850108e-05
5.782400172228293e-05
2.7057297599412847e-06
4.3472921969354675e-05
1.582516916276033e-05
4.3856932895348334e-06
3.775278459348251e-06
1.4359462940096028e-05
0.00012638521604881457
9.672432940209239e-05
2.6954503589295545e-05
1.1916531667391311e-05
2.76669531016173e-05
3.0267683636964028e-05
4.147878713698832e-05
9.425066025601192e-06
1.1792595320316803e-05
1.4465396988004967e-05
1.0164671043727593e-05
4.531519122320256e-06
1.529031086854591e-06
8.023492504589277e-06
5.464828667852897e-06
1.2069540650324754e-05
1.529031086854591e-06
3.347435495349661e-05
4.3205223511636923e-05
1.529031086854591e-06
1.529031086854591e-06
1.3439829860652137e-05
2.855316108260819e-05
1.529031086854591e-06
4.6492256062750927e-05
9.441341931722482e-06
1.3898087524066258e-05
4.489971803488426e-05
2.1472960963305974e-06
1.2053164560359381e-05
3.88183584455497e-05
1.529031086854591e-06
1.4052416574478878e-05
1.529031086854591e-06
1.529031086854591e-06
5.517576843749158e-06
6.323733359156053e-05
8.396364154194345e-05
6.437172984374018e-06
1.581148001250877e-05
1.529031086854591e-06
3.568682460145675e-05
1.2202401303929241e-05
1.4260910832510796e-05
4.7067946923467755e-06
4.3856932895348334e-06
3.052836794075336e-05
3.5367904207364624e-05
9.35872273383521e-06
5.579698761620084e-05
4.002129864810981e-06
1.7752058320017054e-05
1.4762031909951913e-05
3.542751421968395e-05
3.3599574651630337e-06
2.2399716434420228e-06
1.529031086854591e-06
1.70614875168115e-05
4.137880075434879e-06
1.529031086854591e-06
9.304438962444065e-06
0.00012239201150729225
1.5709199723185068e-05
2.4996285100984943e-06
2.0706894180844333e-05
1.4725629544808865e-05
1.088902554194259e-05
1.529031086854591e-06
1.656433975415044e-05
1.9011095073406848e-05
5.285482561592785e-05
2.4996285100984943e-06
1.9133595220872974e-05
4.1149605059199604e-05
1.2491036955092337e-05
2.034555052850521e-05
4.392794012708952e-06
6.08523982478352e-05
0.00011823051028522267
1.0625399362344353e-05
1.8475561861606976e-05
2.7057297599412847e-06
6.988432755817614e-05
1.5614725008190978e-05
2.9306194568866227e-05
1.9704440212567197e-05
1.646466804158992e-05
3.591899510619904e-05
1.4838360227424153e-05
1.5461499719289172e-05
5.030930611078532e-05
7.060192038520162e-06
3.2209441444958954e-06
1.529031086854591e-06
1.399695490195981e-05
2.7045389096326007e-05
2.7952249790135688e-05
9.905673037072437e-06
6.816308817558504e-05
1.8381583438731656e-05
2.144599304241616e-05
1.4554217275315105e-05
2.7639189778698914e-05
6.206820113152318e-06
4.3515443514831726e-05
2.0689400377174395e-06
3.051822313120488e-05
2.7057297599412847e-06
2.97619748372086e-05
3.3646677649104876e-05
1.87627426117542e-05
1.1557199264453512e-05
1.529031086854591e-06
1.8391922812497195e-06
4.425772883438151e-05
4.830515293535013e-05
6.408139642693343e-05
2.4770089036427538e-05
1.5044189336637818e-05
2.5180250475698718e-05
2.4561693228743524e-05
2.066306035525224e-05
4.1309276428644915e-05
4.698666859818665e-05
2.02586859207899e-05
1.2262365784755823e-05
1.2635538379807404e-05
7.646585518802801e-05
3.895073331356877e-05
4.946197555912779e-06
7.4342993374091116e-06
1.529031086854591e-06
2.1472960963305974e-06
1.529031086854591e-06
6.738625897323886e-06
2.8954349008471374e-06
9.593563736367113e-06
1.947415397324044e-05
1.1231043162206478e-05
1.3528648799706423e-06
4.999257020196989e-06
4.0812616873772415e-05
1.2084050992854018e-05
4.294592192661195e-06
1.529031086854591e-06
1.263830887359549e-05
6.0189240349319666e-05
3.8356571279420874e-05
1.3477756405235745e-05
0.0002557863519570022
5.928550923615444e-05
2.758788421874579e-06
1.0474358892364139e-05
2.1472960963305974e-06
5.3848910476881e-06
1.3887089786975194e-05
1.627758104516421e-05
7.67653407953114e-06
3.322325646254949e-05
1.2498142550492472e-06
4.503058226821008e-05
4.418617230854661e-05
2.5781712945579705e-05
2.6240312206953496e-05
2.1306365787129684e-05
6.398465009286885e-06
1.2153597493875037e-05
7.941692175997475e-06
0.00011534978551742591
3.839079005572131e-05
3.782503609306373e-05
6.674742024641306e-05
2.173646098467734e-05
4.5534586659531374e-05
8.820986600218348e-05
7.149880947239595e-06
4.554294794055702e-05
2.4043115207733456e-05
1.776630483159054e-05
2.2586826104398413e-05
1.3528648799706423e-06
3.510578663776172e-05
2.5231855374921883e-05
7.016607718501202e-05
4.719098074185313e-06
2.3091474742119073e-05
3.7494427651477412e-06
1.2522318377008827e-05
2.4996285100984943e-06
1.5903681849966507e-05
5.687524452699453e-06
2.1472960963305974e-06
7.218960261648101e-06
7.130200576783328e-06
7.356769124998878e-06
9.434429483665024e-06
5.373573855671799e-06
9.679328280139837e-06
1.529031086854591e-06
1.529031086854591e-06
3.105911754380491e-05
2.7057297599412847e-06
6.00319479721647e-06
2.664366595965564e-05
3.3599574651630337e-06
5.04920944078181e-06
1.1199858217210114e-06
2.9936334490296375e-05
1.5529558771902456e-05
2.7852786116134045e-05
1.529031086854591e-06
7.179854730250801e-06
8.193898056646491e-05
9.705974232439035e-07
1.8391922812497195e-06
1.4630286800438206e-05
1.375084814870858e-05
9.240823593342987e-05
3.821370780497704e-05
9.650696869087271e-05
3.724111449295197e-05
0.0001190098203361168
5.947439469927289e-06
1.620082253007454e-05
1.3528648799706423e-06
4.231665219665257e-06
8.411669412276219e-06
8.760584447395513e-05
2.7419542825801184e-05
2.4996285100984943e-06
1.529031086854591e-06
1.947552212872984e-05
5.019649866908819e-05
1.0747147711343598e-05
1.184201567206888e-05
1.0500305835124511e-05
4.972224566360767e-05
1.1019400891392415e-05
1.2364064287992143e-05
9.705974232439035e-07
4.077028038015434e-05
1.3528648799706423e-06
2.3494070360088245e-05
1.860887792488813e-05
1.428104624704299e-05
2.4996285100984943e-06
2.3307213035251985e-05
1.4188296718893496e-05
1.610472072247948e-05
4.739865349893383e-05
1.2498142550492472e-06
2.185088440103302e-05
3.0494620677415876e-05
1.529031086854591e-06
1.3528648799706423e-06
7.6077491362278675e-06
1.529031086854591e-06
3.3599574651630337e-06
7.684551705834192e-06
1.529031086854591e-06
8.75594655215196e-06
1.2498142550492472e-06
2.1472960963305974e-06
2.6738717485174155e-05
8.898540885656744e-06
3.5280195747103125e-05
2.341948363461613e-05
1.1546066155412382e-05
5.517576843749158e-06
3.936404492334593e-05
4.303297713834414e-05
4.5938838028669735e-06
2.244501582468685e-05
1.1389573938450297e-05
1.3654616997862148e-05
1.8876392296741254e-06
3.7494427651477412e-06
1.4339691053400938e-05
1.0344700188587198e-06
8.307785057587137e-06
2.7057297599412847e-06
1.4978258022176817e-05
1.635340307297964e-05
2.4996285100984943e-06
3.4332152478990843e-06
2.880119801520126e-05
2.4996285100984943e-06
1.5832618288445348e-05
2.4351567839471564e-05
4.294592192661195e-06
1.515221775954272e-05
7.083599574896235e-06
2.2735968785666887e-05
1.0315918934471928e-05
1.3528648799706423e-06
5.022250533326636e-05
1.2317704359907267e-05
1.6877600110141716e-05
1.5472612485159812e-05
7.934471978371415e-06
1.941194846487807e-06
8.177241412701793e-06
2.757344138636356e-05
3.5758619443374835e-05
1.1628987837186077e-05
2.4996285100984943e-06
8.716240549280325e-06
4.852987116219517e-06
1.1656540569116374e-05
1.0757464942624208e-05
8.605394569276821e-06
1.3256107229346784e-05
1.1753470054455518e-05
1.6351632801510925e-05
1.5277195247113798e-05
1.339257418944548e-05
2.3129658431994072e-05
4.3461240959582524e-05
2.16374458817729e-05
2.9454874295081668e-05
2.7057297599412847e-06
1.114133658789906e-05
1.0304287691092225e-05
1.1199858217210114e-06
1.2110789783258621e-05
5.43312010594269e-06
3.0393670092738488e-05
9.026513601982692e-06
2.3091474742119073e-05
1.653513914314088e-05
4.203844949578337e-06
9.535345749487579e-06
2.8170673207105438e-05
1.3941501640919326e-05
1.533345107388836e-05
5.8235845394634206e-06
1.2498142550492472e-06
1.8423681790874737e-05
3.058062173709182e-06
1.6746649303848476e-05
1.529031086854591e-06
1.3528648799706423e-06
1.415729422255594e-05
1.7517289074856783e-05
1.0379870223841695e-05
1.766769045935392e-05
1.672400450518611e-05
2.093533599232196e-05
4.587093260563773e-06
1.529031086854591e-06
2.2399716434420228e-06
1.0887261180762204e-05
4.057898735320992e-05
1.529031086854591e-06
2.3533973461733877e-06
2.9117922697317103e-06
1.8379831517686084e-05
5.857058683611936e-06
1.037521243734041e-05
2.3533973461733877e-06
1.3707436669611965e-05
2.2312687772794218e-05
2.0689400377174395e-06
1.1199858217210114e-06
9.491880831727241e-06
3.5594163542626976e-05
1.2277308672080674e-05
5.736010537623187e-06
1.3528648799706423e-06
9.803359355138395e-06
1.9325516317103952e-05
2.7057297599412847e-06
1.7032393496362565e-05
2.080763553442855e-05
1.2774295122271924e-05
3.001597398608235e-06
2.296825517606537e-05
1.561379619386542e-05
4.291519059873855e-06
1.529031086854591e-06
1.529031086854591e-06
1.6069550221510648e-05
5.770292634865027e-06
6.405206267151779e-06
3.9465937444985315e-05
1.0423565643049696e-05
1.5499380926957737e-05
1.4102227064991761e-05
1.3693087207931451e-05
1.9035440721738794e-05
1.2202792078948239e-05
1.9071255634279825e-05
3.9416653951703254e-06
2.3533973461733877e-06
8.540965213652573e-06
6.491840709576613e-06
5.90668719772816e-05
1.1258545054360208e-05
1.529031086854591e-06
1.4947112716093347e-05
1.4425731587162566e-05
2.1922086860924328e-05
9.90900428498413e-06
1.4395850717705325e-05
1.6351632801510925e-05
3.7494427651477412e-06
5.457100840726581e-06
2.2399716434420228e-06
1.682333882455244e-05
5.817236455049922e-05
1.516482330996219e-05
1.5529986511609408e-05
3.122759238773084e-06
1.9325664866975374e-05
6.764324399853212e-06
2.2399716434420228e-06
4.538109814855701e-06
1.0533696185884016e-05
1.529031086854591e-06
5.3848910476881e-06
2.2399716434420228e-06
1.529031086854591e-06
3.197239386261578e-05
2.1472960963305974e-06
1.4290187600717195e-05
1.5852042627615196e-05
7.179854730250801e-06
1.7447882040045756e-05
1.7158847212359916e-05
4.719098074185313e-06
2.5311682217939314e-06
2.7057297599412847e-06
3.998705384083472e-05
1.529031086854591e-06
1.0365924726827277e-05
4.7067946923467755e-06
4.7067946923467755e-06
4.291519059873855e-06
3.058062173709182e-06
2.703815871294418e-05
7.894247921162701e-06
1.25084950745028e-05
2.550879690222884e-05
1.0790806634338508e-05
6.491840709576613e-06
2.0422035019651203e-05
1.529031086854591e-06
1.0500305835124511e-05
1.529031086854591e-06
1.467123473983006e-05
1.2016253367646796e-05
1.8149601468175743e-05
1.6615658702438137e-05
3.610736754503778e-05
3.889200314609088e-06
8.46740060698701e-05
3.773771793466009e-05
7.254283233711869e-06
1.8634131536128694e-05
1.6026713530271637e-05
1.0399301340824191e-05
1.3528648799706423e-06
5.368240240826492e-06
7.082938963029378e-05
2.7431142382110746e-05
2.831458844511188e-06
3.069629532014123e-05
5.078719607516328e-06
1.2413145395164883e-05
2.758788421874579e-06
5.2867723093736317e-05
5.8075969680839024e-05
2.4730600379040258e-05
5.7634137793756446e-06
1.529031086854591e-06
1.529031086854591e-06
1.5101113837393003e-05
7.754023601137446e-05
3.456902957192799e-06
1.3528648799706423e-06
2.265759561160128e-05
6.95206654614528e-06
7.280624360991882e-06
1.2498142550492472e-06
7.374428449140514e-06
2.6584111321268758e-06
1.264068669549603e-05
2.831458844511188e-06
1.3528648799706423e-06
1.3528648799706423e-06
9.169705719530602e-06
2.1472960963305974e-06
1.2955003380178967e-05
8.053455689966412e-06
2.398657481059193e-05
4.294592192661195e-06
8.004259729621962e-06
1.165431147159593e-05
4.447729028540348e-06
2.2399716434420228e-06
5.172350094293598e-06
2.696273433712022e-05
1.0344700188587198e-06
8.18565126108987e-06
3.0189529145385198e-05
1.7182157943595386e-05
6.042025496427009e-06
8.243662593187966e-07
2.00432179915454e-05
3.775278459348251e-06
1.4845369016297307e-05
1.25084950745028e-06
1.529031086854591e-06
2.2377179726263737e-05
1.3528648799706424e-05
3.530096019260081e-06
2.355160618959972e-05
1.5721898177285125e-05
3.810627845632455e-05
4.002129864810981e-06
3.530096019260081e-06
2.5223069697470023e-06
1.0160712644366178e-05
3.090838711838717e-05
1.1019400891392415e-05
2.0382545888121973e-05
2.441637156774631e-05
1.2498142550492472e-06
1.627758104516421e-05
8.243662593187966e-06
1.0459504523038804e-05
8.53128667904918e-06
1.0589257406005063e-05
1.529031086854591e-06
3.678384562499439e-06
1.3497723771571215e-05
1.2498142550492472e-06
2.2399716434420228e-06
1.0766148033787907e-05
1.529031086854591e-06
5.517576843749158e-06
1.529031086854591e-06
1.529031086854591e-06
4.9832447576351686e-05
1.0716257750463622e-05
4.774963235635758e-06
9.189915758843042e-06
6.0452360280932244e-06
1.9654325533861334e-05
4.002129864810981e-06
2.4996285100984943e-06
9.28029494680764e-06
9.413589384693551e-06
4.946197555912779e-06
9.132516971290683e-06
1.4614724573949554e-05
5.373573855671799e-06
1.2807586176390321e-05
3.5357522364313914e-05
2.2399716434420228e-06
8.631538521254437e-06
6.646027830317189e-06
3.2978356300181215e-05
1.3528648799706423e-06
1.2498142550492472e-06
3.135747708387504e-05
2.5277820107611516e-05
3.001597398608235e-06
2.3533973461733877e-06
3.7494427651477412e-06
8.771386579069667e-06
3.0220660734746153e-06
1.529031086854591e-06
7.858806836521192e-06
3.9721560817997745e-06
3.103410056576159e-06
1.529031086854591e-06
9.89415573968776e-06
1.3528648799706423e-06
2.1472960963305974e-06
2.8852625375896057e-06
1.529031086854591e-06
0.0005156381031781535
1.7542773158139334e-05
1.8375535211467894e-05
4.3856932895348334e-06
8.545901407369349e-06
5.149822871848626e-06
3.2937437503193734e-05
4.399104134903878e-05
3.277216350198139e-05
6.0452360280932244e-06
1.5221211321920993e-05
1.467123473983006e-05
1.0344700188587198e-06
7.820346122461748e-06
2.428662711392995e-05
9.997824929971293e-06
7.356769124998878e-06
1.1095296941193235e-05
7.50509704470168e-06
1.07697820953762e-05
5.662917689022376e-06
4.7735163873100795e-05
5.3576408249893e-05
5.397390552693233e-05
1.4729418582248497e-05
1.0210747083425328e-05
1.2498142550492472e-06
2.876953867135644e-05
7.149880947239595e-06
2.2399716434420228e-06
7.321323354514919e-06
4.681691776140226e-06
9.979494303390483e-06
1.199738991596555e-05
1.1122037029039368e-05
1.529031086854591e-06
1.529031086854591e-06
9.425066025601192e-06
7.778400629218176e-06
1.8391922812497195e-06
1.529031086854591e-06
7.41929633386917e-06
1.272356907874283e-05
7.300178055434211e-06
1.8645770428201587e-05
3.524389462682882e-05
1.696789720960891e-05
5.517576843749158e-06
2.4635408719814534e-05
1.2430561415901918e-05
2.143352274228871e-05
2.0464128152724676e-06
2.3533973461733877e-06
9.533174596319458e-06
1.3759344581953081e-05
9.812689695242155e-06
1.0628254265905188e-05
1.7808408094016834e-05
5.607779608184147e-06
3.501103493002435e-05
4.719098074185313e-06
1.187227206267789e-05
7.72473430777294e-06
4.327855066332045e-06
1.529031086854591e-06
1.1424872525952776e-05
1.2983565198996135e-05
1.79928980134487e-05
4.337945561363075e-05
1.2242482877155063e-05
2.7450717574852338e-05
1.3343187085621042e-05
1.339257418944548e-05
6.606737303859439e-06
1.1199858217210113e-05
3.3599574651630337e-06
1.4279638474565744e-05
1.4533859736543131e-05
1.0423565643049696e-05
1.4246882917808901e-05
1.6922672477990114e-05
1.3634650242684536e-05
1.529031086854591e-06
3.001597398608235e-06
2.695205024429223e-05
9.227200336678983e-05
1.4810818040230445e-05
1.529031086854591e-06
1.529031086854591e-06
1.0822919039765139e-05
8.75594655215196e-06
2.4996285100984943e-06
4.4799432868840455e-06
3.9898557785415285e-05
6.471666098659451e-06
1.2777076548629704e-05
1.5282536187322983e-05
7.814985218364328e-06
1.303829742508611e-05
1.1766986730866939e-06
1.529031086854591e-06
4.7067946923467755e-06
3.073216926181841e-05
5.662917689022376e-06
3.058062173709182e-06
1.3528648799706423e-06
1.4306437084869991e-05
4.294592192661195e-06
3.347384866701607e-05
1.3604205624590806e-05
2.15395641907524e-05
1.4600356110868422e-05
8.296567097262717e-06
4.766587298159729e-06
1.4805975389247122e-05
9.533174596319461e-06
1.4026157396756621e-05
4.7067946923467755e-06
3.7494427651477412e-06
1.1598448122875011e-05
4.4799432868840455e-06
2.4996285100984943e-06
3.058062173709182e-06
4.999257020196989e-06
1.3468229074689643e-05
1.3201176561918553e-05
5.940063757204737e-05
1.529031086854591e-06
2.4996285100984943e-06
3.801140279289935e-05
7.778400629218176e-06
3.7494427651477412e-06
1.5849223649238835e-05
3.678384562499439e-06
1.7932569247129073e-05
1.529031086854591e-06
1.0747147711343598e-05
3.511268832105169e-06
4.002129864810981e-06
1.1509779088798073e-05
4.587093260563773e-06
8.58918438532239e-06
5.947439469927289e-06
3.103410056576159e-06
1.529031086854591e-06
7.944312163599549e-06
5.0026623310137256e-06
1.8454699849715475e-05
2.3533973461733877e-06
3.205342706054327e-05
6.115627414242978e-06
3.001597398608235e-06
1.818787351162748e-05
3.1501523427745695e-05
8.679364883351762e-06
1.4943807705940895e-05
1.7501401415740895e-05
1.529031086854591e-06
5.204009536186378e-06
7.598346946778182e-06
1.529031086854591e-06
1.529031086854591e-06
1.4218811131748633e-06
1.529031086854591e-06
1.1628987837186077e-05
1.0668295011964016e-05
1.2909893141503241e-05
4.514101952048326e-05
2.163946903192204e-06
1.0226131628339493e-05
9.067854042139836e-06
1.0258270066394123e-05
9.433896359115383e-06
3.058062173709182e-06
1.2134373934986468e-05
5.662707836327019e-06
7.67653407953114e-06
1.4794598180704998e-05
4.4799432868840455e-06
1.2210914403694263e-05
1.9810074664115448e-05
3.775278459348251e-06
2.529211017591393e-05
4.044791311662156e-06
3.4810819248717646e-05
1.538169475593725e-05
2.402674556890881e-05
1.0115557546873457e-05
1.529031086854591e-06
5.00339802980112e-06
8.531498491038665e-06
1.0981985031772378e-05
2.6314159737209e-06
1.969716086166364e-05
1.7283704681208002e-05
6.00319479721647e-06
6.48200052434848e-06
7.41929633386917e-06
5.4407124252839025e-06
1.529031086854591e-06
1.1114331216427995e-05
1.2498142550492472e-06
3.775278459348251e-06
3.058062173709182e-06
1.336271078263802e-05
1.4304432108582494e-05
5.8235845394634206e-06
3.058062173709182e-06
1.8959165189272847e-05
2.4996285100984943e-06
1.3528648799706423e-06
1.531140668820342e-05
5.411459519882569e-06
1.3528648799706423e-06
3.072500297057109e-05
1.529031086854591e-06
4.4874092064067505e-06
3.530096019260081e-06
3.058062173709182e-06
2.5615172352780643e-06
2.4645550334974442e-05
1.3662884382167107e-05
9.446512394503259e-06
1.3528648799706423e-06
2.20003894603492e-05
2.4996285100984943e-06
1.9496950281293834e-05
1.4951555790667814e-05
3.001597398608235e-06
2.4730987779563893e-06
3.3599574651630337e-06
1.2498142550492472e-06
1.529031086854591e-06
2.2399716434420228e-06
3.7494427651477412e-06
6.206820113152318e-06
1.2117942032915818e-05
1.3007638056977255e-05
4.684138858159626e-06
1.385035915331684e-05
2.3640130201398776e-05
6.308752059207166e-06
1.4883190142151337e-05
1.529031086854591e-06
1.2498142550492472e-06
1.3528648799706423e-06
7.356769124998878e-06
8.32493101465371e-06
1.2655841108969656e-05
1.4316584279675287e-05
2.0911651179933167e-05
1.2849778160507316e-05
2.3533973461733877e-06
1.2129980764712173e-05
1.0168535519298365e-05
4.852987116219517e-06
2.7635522686312108e-05
1.529031086854591e-06
1.3528648799706423e-06
9.3813713058771e-06
1.4929751688336064e-05
4.37797327607598e-06
1.529031086854591e-06
1.529031086854591e-06
1.3596388364227233e-05
1.3074922503669373e-05
1.529031086854591e-06
3.7494427651477412e-06
1.529031086854591e-06
9.28029494680764e-06
1.529031086854591e-06
1.529031086854591e-06
2.054816318540404e-05
2.4182209864383894e-05
5.8235845394634206e-06
1.529031086854591e-06
1.9517490565169327e-05
8.974818412813501e-06
1.0246068941112257e-05
1.0682376759211688e-05
4.6486616262828394e-05
5.411459519882569e-06
2.0091537336839504e-05
1.2498142550492472e-06
2.915616058172516e-05
4.294592192661195e-06
4.291519059873855e-06
1.4579071639838497e-05
1.0610073390417988e-05
9.304438962444065e-06
2.968595508218458e-05
1.5117450624159758e-05
1.1541050150358423e-05
1.8701543195675495e-05
1.7327875755281012e-05
2.4996285100984943e-06
1.1199858217210114e-06
1.3815257368994833e-05
1.1475460570225104e-05
9.3813713058771e-06
1.529031086854591e-06
2.3533973461733877e-06
1.3498493749408128e-05
1.529031086854591e-06
2.758788421874579e-06
7.80689809693271e-06
1.3808503126600167e-05
4.976583896112021e-06
4.7067946923467755e-06
1.4498981763171098e-05
1.3528648799706423e-06
1.0736480481652985e-05
1.0329594927599584e-05
1.529031086854591e-06
2.7057297599412847e-06
1.9509472587405674e-05
2.7057297599412847e-06
1.0055282418175813e-05
1.2498142550492472e-06
1.2479161608989027e-05
1.5973777816937253e-05
1.529031086854591e-06
7.72473430777294e-06
8.243662593187966e-06
1.529031086854591e-06
1.1514801119296711e-05
1.706299698207733e-05
1.6351632801510925e-05
1.3528648799706423e-06
7.4511153878245905e-06
1.4479986958823822e-05
2.0731849453654554e-05
8.463330439330514e-06
5.172350094293598e-06
1.529031086854591e-06
1.529031086854591e-06
1.9672569734137005e-05
1.3041002075685929e-05
1.3707436669611965e-05
5.464828667852897e-06
3.477699556839262e-05
1.0101171806017232e-05
1.2422364481835842e-05
1.8675976083228187e-05
1.6034998318893572e-05
2.831458844511188e-06
2.1472960963305974e-06
3.775278459348251e-06
7.2161985119883035e-06
6.866430495798169e-06
1.0299645743697252e-05
1.529031086854591e-06
1.6683269741988084e-05
1.4564151461462712e-05
1.8818144252104722e-05
3.7494427651477412e-06
1.1325415672654038e-05
2.7057297599412847e-06
1.399695490195981e-05
1.529031086854591e-06
1.27872209570535e-05
1.529031086854591e-06
4.2058347061381095e-06
8.177729271150023e-06
2.3533973461733877e-06
1.0981985031772378e-05
9.350771597837747e-06
1.8391922812497195e-06
5.662917689022376e-06
5.565685380275613e-06
1.529031086854591e-06
2.230629212322936e-05
3.7494427651477412e-06
1.4295424513755843e-05
5.833800471913632e-06
1.638592121649079e-05
7.017109263255735e-06
9.44067691101799e-06
1.829951046931258e-05
1.8876392296741254e-06
7.321323354514919e-06
1.3522012844239939e-05
1.3699306291706283e-05
1.529031086854591e-06
2.1472960963305974e-06
1.3596651608768738e-05
1.168072221787098e-05
6.724315922422111e-06
3.0706136318124565e-06
1.529031086854591e-06
1.529031086854591e-06
1.3528648799706423e-06
1.3528648799706423e-06
1.2262365784755823e-05
1.529031086854591e-06
1.7937654783048695e-05
8.738743379959504e-06
1.2751052178869654e-05
1.6382355796290122e-05
1.529031086854591e-06
1.1231043162206478e-05
1.6361810605343186e-05
1.2498142550492472e-06
3.2209441444958954e-06
1.6405501541719342e-05
3.75254852235084e-06
6.594930074550373e-06
1.1714117367223872e-05
1.5078941033697941e-05
1.2498142550492472e-06
1.529031086854591e-06
5.0026623310137256e-06
1.5011303168205005e-05
1.6301534077474173e-05
1.0886448249931773e-05
1.0669491004096154e-05
7.894247921162701e-06
9.953167792224042e-06
1.2498142550492472e-06
3.103410056576159e-06
1.3012718423521641e-05
2.7057297599412847e-06
6.042025496427009e-06
1.529031086854591e-06
1.4019449020460368e-06
1.576008680093252e-05
1.0041027998946964e-05
1.9290394101574285e-05
1.1197563921567848e-05
6.849653145853141e-06
1.856814970886643e-05
2.4996285100984943e-06
1.210588965177823e-05
1.0304093990830406e-05
1.4283504063011219e-05
4.719098074185313e-06
1.1163689362851972e-05
2.7057297599412847e-06
1.3528648799706423e-06
9.874797963773468e-06
2.3533973461733877e-06
1.542086625331346e-05
3.0706136318124565e-06
5.266903248157754e-06
1.7851473050417518e-05
1.529031086854591e-06
4.4799432868840455e-06
9.900960151781178e-06
1.529031086854591e-06
8.984834529765182e-06
1.1714117367223872e-05
9.850054250582825e-06
7.018816361217032e-06
1.419452479871165e-05
2.7057297599412847e-06
1.1766986730866939e-06
1.529031086854591e-06
5.2628319474418e-06
2.0689400377174395e-06
1.70956490497458e-05
1.4161015366526984e-05
2.7057297599412847e-06
2.9117922697317103e-06
1.2498142550492472e-06
1.2176446280773641e-05
3.2209441444958954e-06