0.0033000130915478596
0.005550963763785465
0.005551921823564161
0.00010292125584466045
0.00010895966384719874
0.00016505343811393992
0.00023750642762923686
0.00032789985254158885
3.977290479333266e-05
2.526807151134742e-05
1.2480636167080417e-05
4.290567289673765e-06
0.00231908847140448
6.743688089392067e-05
0.00033438436472422555
4.287848820091322e-05
2.9772601892360773e-05
3.7962326935361176e-05
0.0004902095361538669
1.3242116532446593e-05
1.7756584006789943e-05
0.00036405904627251486
2.6173713705906927e-05
4.227835008214016e-05
8.122043324836289e-06
4.379272893821196e-05
5.8508535673032966e-05
3.599885070241484e-05
1.3131522405528306e-05
2.626061150047344e-05
0.0003368914448206502
2.7511759682104778e-05
1.2050923583395243e-05
0.00015468426846799072
4.0393148831774e-05
0.0005123207463838825
4.290567289673765e-06
4.3237703228226396e-05
0.00031170640309136576
0.00019479717173996012
5.8055892561267694e-06
0.00016868754806450444
4.290567289673765e-06
3.7962326935361177e-06
3.432453831739012e-05
0.00024126314566653555
4.190059799165191e-05
4.356500935440582e-05
0.00013765144757503143
0.0001470911589553372
3.0369861548288942e-05
6.966707107352122e-05
9.110958464486683e-05
2.945285447598977e-06
0.00014207914982892998
6.517245212304246e-05
4.290567289673765e-06
0.0001201457271803707
0.00013223694514821093
0.0002045126466649485
8.975266740099319e-05
5.911656431719533e-05
0.00013208137543132948
8.200603340415854e-05
3.274009756173958e-05
9.830461070669135e-05
8.01985152689961e-05
2.8901520383108854e-05
0.00015487352544546918
0.0005457996134808475
9.797562480260022e-05
0.00015150453734992931
0.0008260597301278712
0.00011233380945048255
0.00013181514099703094
0.00010920089642081434
0.0001062336242525779
0.00019364073471471677
0.00019499498810861173
0.0004596356423282481
7.59989317724123e-05
0.00020801431756673196
0.0016247633922184725
0.00035192113004255663
0.0001799812701481361
3.352949939617094e-05
3.107318004144569e-05
4.44065223703006e-05
2.9558591697320024e-05
0.0001248870945672266
0.00015728859904118203
5.2991208354694684e-05
0.0007403879199989618
2.5849064524220063e-05
0.00010297361495217034
3.1445313934157615e-05
3.564295351950435e-05
0.00071156933602284
5.538252897886164e-05
0.00032637770279132387
0.00011124970377269327
0.00017114004170926632
0.003364378865925823
0.0002977260189236077
5.984845546740498e-06
8.351416580764692e-05
7.94419048303657e-05
0.0002091343742682903
0.0005659559071746087
4.429160484795636e-05
4.290567289673765e-06
9.193198761849576e-05
5.635164210507289e-05
3.0127308958488104e-05
4.275371849945899e-05
3.429743082732571e-05
3.0713315172730174e-05
2.5790996379595742e-05
4.575430521404124e-05
4.344928197726932e-05
0.00016463352481632491
3.829668413203137e-05
7.5924653870722355e-06
4.290567289673765e-06
2.024915357020071e-05
3.9805403421848156e-05
2.9713459410199205e-05
0.0001785975745834049
4.17437263599479e-05
6.75306414244738e-05
8.452746315760934e-05
4.0590907328479835e-05
4.883927306102537e-05
0.0007060616723946876
8.592973845998093e-05
6.14544179828417e-05
4.476128683939104e-05
0.0002777973954677654
7.630629506909578e-05
8.170691082897451e-06
0.00010308147272993667
0.0006283588349298175
3.793691779853149e-05
0.00030407264678218815
2.6474668367219776e-05
0.00041142363806814135
0.0001629660852683269
0.0003213289565519154
0.0001820074340251319
0.00024248387029388737
0.0009054503490573303
0.00022460508010086597
0.00013838458808068224
4.290567289673765e-06
0.0013410911181652833
8.715105755055474e-05
1.396463960906116e-05
2.877254148675893e-05
7.592465387072235e-05
7.292251894489955e-05
7.950828702042492e-05
1.4513973140316921e-05
2.98503612790865e-05
3.1461003321048205e-05
0.00010987527483603896
5.590377917728758e-05
5.260598237979685e-05
3.7298430176040234e-06
7.5924653870722355e-06
0.0001144801579695858
0.00013045914963426053
7.904808829935324e-05
0.00022167318247646846
1.5078620972461704e-05
0.0004128791168765302
4.24285636258707e-05
6.338020076520354e-05
4.2613924473839305e-05
4.529897395757903e-05
9.388651495938395e-06
1.931872902309504e-05
6.215958409517682e-05
7.924295834060918e-05
1.3207592389593885e-05
0.00023327325011007847
3.520647244362764e-05
9.428273707880896e-06
0.0007880313806992532
8.952257367878208e-05
0.0002446492291655589
5.612122449735964e-05
3.234507767858852e-05
0.00015844765865589101
4.0107123712806845e-05
0.00012856506937747547
4.476128683939104e-05
5.092558428770555e-05
7.5924653870722355e-06
0.00015259133550474035
2.7178858125343068e-05
0.0003507943119814959
9.39946165984643e-05
3.7852018289329926e-05
9.336908633742955e-05
5.6113047871783316e-05
0.0004575071530853395
6.479812503057736e-05
1.5184930774144471e-05
1.5890539838935912e-05
0.0001054152478154694
0.00010575497846197342
1.5735818559497078e-05
8.58113457934753e-06
4.290567289673765e-06
4.290567289673765e-06
1.5078620972461704e-05
8.58113457934753e-06
7.0141309839729145e-06
1.1801863919622807e-05
4.290567289673765e-06
1.4513973140316921e-05
5.280501807620947e-05
6.410048982976917e-05
2.795559780505207e-05
4.290567289673765e-06
9.276360975826212e-05
0.00015016375582173891
5.2344623911221155e-05
4.164553095807593e-05
2.0147170397689315e-05
0.00020653261859339913
4.551409570465077e-05
1.807638537509286e-05
8.813847752098065e-05
7.404392070056648e-05
5.4471273885983006e-05
6.273462842947839e-05
1.1611178512253539e-05
3.863889834737125e-05
1.5889950977716486e-05
1.5184930774144471e-05
2.3132289051231784e-05
4.423022491538965e-05
5.615127002521649e-06
4.072800260220453e-05
3.330360640727348e-05
2.9924227733702485e-05
5.576602687395863e-05
4.463246784849176e-05
6.29784722146931e-05
0.00011719223259277773
4.519096343773215e-05
0.00011362664748397537
0.00012865156980582557
0.00020239801731179388
3.2546049949420085e-05
4.447402092787857e-05
1.560460368713053e-05
0.00016053438680576056
6.345142716583497e-05
5.3424298851501206e-05
2.1676140287331645e-05
4.2642977171253984e-05
5.071171576858151e-05
3.067032936421556e-05
6.131509729758082e-05
4.706723733851066e-05
0.0003456433284113863
6.609826429311703e-05
5.132451137528009e-05
1.0073585198844657e-05
0.00016093581740867744
9.575143485590917e-05
3.066937661051085e-05
0.0002037544829513941
5.731502320649327e-05
1.9949485155801656e-05
4.315670240396516e-05
0.0003461196650280538
5.375620368418596e-05
4.2659694676317175e-05
7.97550813513756e-05
0.00011034659880332537
6.28551580525393e-06
7.536344982591086e-05
6.371251241594304e-05
4.5460631775865233e-05
0.00016729068983017492
1.2871701869021293e-05
1.716226915869506e-05
0.0002128080640693547
0.000203313390848008
9.681997326103286e-05
4.396405223533908e-05
4.4216552161640336e-05
4.290567289673765e-06
9.385743337621501e-05
4.290567289673765e-06
0.00018070608791753126
5.208230268124588e-05
5.8498496432583526e-05
6.258347884413735e-05
2.1806095350532223e-05
1.807638537509286e-05
6.545969424265024e-05
9.921566029916874e-05
3.313735410008782e-05
4.189391882718349e-05
0.0002323759724733703
0.00047921163924498486
7.13083507121943e-05
0.0001550943871453204
0.00024331943500080855
4.290567289673765e-06
8.58113457934753e-06
4.290567289673765e-06
0.00041636956060510204
0.00011927711569796701
4.728954009573541e-05
2.4249637102579268e-05
4.290567289673765e-06
0.00033221821284233833
4.290567289673765e-06
1.1796280524698289e-05
0.00012558383697242466
3.142757902626965e-06
0.00022316233924245878
0.00014982273239773196
0.0003056494915169609
4.970597193449276e-05
0.00010099417265188787
7.5924653870722355e-06
1.5184930774144471e-05
4.492101602017319e-05
7.945269919467956e-06
8.992647048137538e-05
6.045117492489645e-05
2.2777396161216708e-05
6.890851568837129e-05
4.290567289673765e-06
5.037370526139137e-05
7.5924653870722355e-06
1.5063654479244052e-05
6.0254617916976216e-06
4.403483461435094e-05
3.304372030272019e-05
0.0001348626324947464
3.378515810646704e-05
5.127191577119526e-05
0.00019689729449409978
1.8962439897494254e-05
0.00025509973185449287
2.9452854475989766e-05
1.890905168702821e-05
5.423901499825237e-05
0.00011782927902583336
2.0319562396443692e-05
0.000186474241051107
4.20017155442612e-05
6.559728427991813e-05
2.1676140287331645e-05
6.914327036002484e-05
3.858583372133284e-05
2.465296940427238e-05
2.8083452362620637e-05
9.905694292195412e-06
8.873621933031659e-05
4.357821937607392e-05
0.00010175943411900333
5.2837660347935244e-05
9.905694292195412e-06
4.290567289673765e-06
6.349802259146798e-05
1.0593693225957276e-05
7.5924653870722355e-06
3.229723848934696e-05
9.588164435607166e-05
8.497228994804924e-05
0.00015547031468647276
5.5512110175526295e-05
8.89065850239311e-05
9.57767823204546e-05
1.90736354733847e-05
3.529821805661029e-05
9.296137264337957e-05
0.00010736918025595657
2.7916447714135576e-05
4.962239623544844e-05
2.1489617558431378e-05
0.00014901999731631527
7.180053143314557e-05
0.0006588474078923512
3.5456197147268814e-05
8.708383884190153e-06
0.000369384685934617
0.00011959296937245277
4.49521304426224e-05
5.615127002521649e-06
1.10492199443523e-05
9.278492202746913e-05
4.174721972287125e-05
9.905694292195412e-06
1.0073585198844657e-05
3.365399636358917e-05
2.4287762077415268e-05
6.914791106536472e-05
0.00018353644639401928
5.301995544426808e-05
3.836134332730913e-05
9.70917141599996e-05
4.782856263279971e-05
3.7032059122404774e-05
2.9970158378800718e-05
0.0017223277910570973
0.0001715607500809572
8.545514678168801e-05
2.3544306617608216e-05
5.903187901680038e-05
8.889081732344876e-05
0.0012963719810645017
0.00040712828730167945
0.00023471817492019784
0.00013901317598536124
0.00019400907200399907
0.00012699604518293597
5.381559979073661e-05
2.5112097512440508e-05
3.764490294612675e-05
0.0004300566104559038
0.00015335164682107774
7.994937262966098e-05
2.74676925264094e-05
0.0004696531791907515
0.00012394191233371907
4.831811437958876e-05
6.272420267924087e-05
5.4728938672591703e-05
0.0008912777689292834
5.1194968713903836e-05
0.00017080117986083024
0.00015587254883438401
0.0003726596192736303
0.0005917880973501592
0.0002822706261517948
0.00018094735924990168
0.00016081328972014118
0.000303387140388383
0.00015324381753802123
0.00014871733491687695
0.00012200758265619761
8.397627171367119e-05
5.858011405114544e-05
9.571236073644119e-05
4.4116736821751815e-05
0.0001859942036690759
0.0003036365092115181
4.28323590082044e-05
4.78799530921933e-05
5.0626122397298554e-05
0.00039157821587206513
5.024568417103691e-05
6.778592410504417e-05
3.2834640862468884e-05
0.00014012986433034573
0.00019158444545218335
3.533264842864446e-05
0.0003079536383458563
0.00017245887341022783
6.230728085528533e-05
0.0005236471884549733
0.0002981153446890807
0.00041905336966815813
0.00037703079427035076
4.6726050862054646e-05
2.0319562396443692e-05
3.570321739465727e-05
4.699225956389158e-05
4.8041010769034776e-05
9.758666184205898e-05
0.00020192371039092817
7.685511852643125e-05
0.00013416683879611448
3.3018980973984713e-06
4.725152469152206e-05
2.1815641486071206e-05
3.694795726298517e-05
3.546397134501116e-05
4.045993741288614e-05
7.812896962987575e-05
4.290567289673765e-06
3.23852046717245e-05
4.290567289673765e-06
4.661338106862617e-05
0.00010028569584296712
0.00010815252500752257
1.806315390326224e-05
0.0001601186031409424
6.128847150804502e-05
7.404308633012517e-05
5.03136029082044e-05
4.1095958048394075e-05
2.3783859186069343e-05
4.412908215194493e-05
1.6845381007564944e-05
5.9638557848983506e-05
5.5763563276724974e-05
0.0001957977886953108
0.00010773206644877643
0.00011096843266228753
6.154072715699104e-05
0.00011874346132291902
6.394469548484434e-05
0.00011396747243003535
4.357552877527737e-05
0.00023345680300673055
9.905694292195412e-06
7.117108988278194e-05
2.9205623460597428e-05
3.018519376016871e-05
0.00019686434877030657
3.1306123175664846e-05
4.199724107906468e-05
2.153459866108303e-05
5.073423305361301e-05
0.0006741163503356738
0.0001161827879949818
8.220087776795352e-05
3.8310954384505315e-05
4.651443794394195e-05
0.00013223498034351558
5.4272663752804996e-05
0.00010034116652477638
5.5517493722956274e-05
1.8586339675993236e-05
0.00011129295750780288
9.290233431126906e-05
6.167641106989644e-05
2.8938161877896483e-05
0.00021412110280071153
4.846939692742771e-05
0.0001584007562490113
9.945527681224586e-05
6.247079694461958e-05
7.37605594153249e-05
7.264438390424648e-05
6.052775164734259e-05
0.00024150986437950192
9.86312121162235e-05
7.5924653870722355e-06
6.28551580525393e-06
7.5924653870722355e-06
2.3592561049396578e-05
5.133212742339143e-05
2.6108901123228162e-05
4.915299576636255e-05
6.255572636833707e-05
0.00023549225018644558
6.405906356125689e-05
0.0001839986303804292
0.00023236752377313777
0.0002451126508495253
0.0003885712341201231
4.589455115236739e-05
2.2329542993475693e-05
6.324323166408816e-05
3.9721037940781784e-05
7.961361488459795e-05
3.501739308140881e-05
0.0002134914708545899
3.231133065527508e-05
4.78799530921933e-05
0.00011529842584568346
7.417534391948158e-05
3.289600747575793e-05
0.00010081541679244522
1.90736354733847e-05
0.0001879921063175079
0.0003732947946842972
0.00017821390955533354
5.710236027062939e-05
3.205286369907677e-05
6.603796194796942e-05
0.00016443542722516477
5.895883352647732e-05
7.188040540542066e-05
5.708356226019302e-05
0.00015393116632571844
8.782847980126975e-05
4.7121560446862955e-05
6.606087414639093e-05
4.519096343773215e-05
9.252915620492713e-05
0.00018977019631519099
0.0002105134755466647
1.9811388584390824e-05
3.5070654919864572e-06
8.654404072452047e-05
1.0593693225957276e-05
4.290567289673765e-06
0.0001366718114913657
4.742705727461003e-05
4.371047052398022e-05
7.60702705949946e-05
1.299966587390745e-05
1.2902252788044457e-05
3.3089407865906184e-05
4.762805551971834e-05
5.0057297800648e-05
5.836420075168264e-05
3.960546388308501e-05
1.764940783449973e-05
0.0001104696944302311
0.000199592066881812
3.885933773317114e-05
0.00016095416953713028
2.814155079590571e-05
1.7227128922092826e-05
3.68085640164855e-05
3.990257354654872e-05
9.447257651545132e-05
5.657956973524039e-05
4.922891464787701e-05
1.560460368713053e-05
9.845247664299123e-06
4.429439786443984e-05
4.3891210125941864e-05
0.0001227528294933614
4.071857839986744e-05
4.9014562823210064e-05
7.363213618997442e-05
0.00014055929312539405
0.000517843283634776
3.436212073821786e-05
0.00011027237083974185
0.00010457748103141821
4.626889752452049e-05
4.192609171375171e-05
7.909040095235418e-05
0.00011864754127144772
7.684750502994595e-05
0.00010220158645972954
0.00010422293626294439
5.362362172986823e-05
8.587505533496674e-05
5.070416061216283e-05
9.45428979942633e-05
0.0003753267950650155
7.780328236462287e-05
4.7645219557075376e-05
3.185722508519532e-05
0.0001247694384047305
2.0429936971349768e-05
3.534521944153607e-05
0.00010653390946676475
4.290567289673765e-06
0.00011790359463113662
7.258561462429747e-05
8.132916161234596e-05
5.657169866036118e-05
6.571669555158614e-05
8.025224753381416e-05
2.4613119160747807e-05
4.1168502337864186e-05
3.4925039989385875e-05
1.5078620972461704e-05
9.243795614788212e-05
8.169479746006175e-05
4.719826841915273e-05
1.1349964984083203e-05
8.58113457934753e-06
0.00012198803450880479
4.236654710034966e-05
1.2871701869021293e-05
2.2665566697400476e-05
1.8649215088020115e-05
1.8874048839517265e-05
0.0002027301119582217
3.4730044161157954e-05
0.0001904523861365236
0.00017843900460829713
2.097131753765178e-05
0.00011984610563868319
3.818159013266473e-05
5.044160931190793e-05
5.818671725110931e-05
4.973208425375507e-05
2.231623392424588e-05
0.00015225621884794687
1.560460368713053e-05
4.268136172546055e-05
2.760719458064749e-05
5.307574325639864e-05
1.3207592389593885e-05
5.4810562824771474e-05
0.0002606420962470397
7.659844599922465e-05
2.8944815918770064e-05
5.136737009968841e-05
1.2306559580373904e-05
5.9817802262281334e-05
5.20121136700117e-05
6.859167516221866e-05
5.7659571204360644e-05
0.00016640588512401995
3.302958546915521e-05
2.7639935467892677e-05
0.00018384967298414525
0.00027974814510168535
2.2777396161216708e-05
4.862322130289693e-05
0.0001317262922041709
6.243263036343203e-05
9.783350230400312e-05
4.424199748639943e-05
4.681441211704113e-05
0.0004443746410759921
1.5184930774144471e-05
4.9088012356981366e-05
4.892900575396486e-05
2.5220804655953965e-05
8.598962020532092e-05
4.598992278864917e-05
8.765532942788517e-05
3.908016999124711e-05
0.00013025167163446528
0.00010614989542210398
3.3771714766065304e-05
3.738084068964372e-05
3.8697969587909756e-05
5.2888024887206946e-05
3.01861928115429e-05
8.519788258302556e-05
2.8168127302509292e-05
9.914739643967554e-05
7.410650815732594e-05
3.3362625798330247e-05
3.5070654919864572e-06
3.899650801565499e-05
5.429166370021617e-05
5.622881511086581e-05
9.079162747101389e-05
5.4165732673891806e-05
4.386557140178182e-05
3.122810103642943e-05
2.0279425752565175e-05
6.154072715699104e-05
5.5692114874225544e-05
4.7486192800232965e-05
7.462638030532472e-05
3.781810337405642e-05
8.203127645399506e-05
0.00022091648101778358
6.673359807055394e-05
4.084607602509315e-05
5.7269753074189905e-05
5.4082127135656916e-05
1.0321802230435566e-05
2.1906697578936323e-05
7.5924653870722355e-06
4.290567289673765e-06
5.517938767914939e-05
6.046845599360082e-05
8.766217702950691e-05
9.010012432791475e-05
3.577768548076946e-05
4.3697047789949554e-05
3.89229254724465e-05
5.2103516047220864e-05
4.3329877153864426e-05
5.7126168230749537e-05
6.485245322424216e-05
3.349794458695361e-05
5.508924458825909e-05
4.5912375481871964e-05
3.19900945294418e-05
5.6918683486342196e-05
2.3562283580791816e-05
2.154088710351672e-05
4.248791292292002e-05
5.6746724779197076e-05
9.525611103943668e-05
1.6514792734577605e-05
5.1686024321588607e-05
0.00010392178149358153
5.554535722727798e-05
6.929873079866887e-05
4.11891884083572e-05
2.939177759709926e-05
0.000130707962017724
0.00015406587983672932
0.00023174110454526897
0.00017051777238310503
3.9524431527136815e-05
0.00016045042422658019
9.662830999117429e-05
6.014112514407591e-05
9.428273707880894e-06
5.4351945724446165e-05
4.592193123051377e-05
8.827567132814228e-05
5.036792599422329e-06
6.641800933681912e-05
4.522936811792405e-05
1.0908331853091064e-05
5.127238495339145e-05
3.693326642902963e-05
2.3645626016811917e-05
7.593790840649478e-05
9.079971987266563e-06
3.837903593025407e-05
2.129891563623878e-05
2.851166446940787e-05
3.355620236774948e-05
2.5046235815968746e-05
6.440470309025735e-05
7.974289113286453e-05
2.6298854546562196e-05
3.065754864879041e-05
5.423840764545968e-05
3.4252643257452455e-05
4.071204388214367e-05
4.5591495732437824e-05
3.429486256775799e-05
3.378266702227966e-05
2.3592561049396578e-05
5.6547502739928544e-05
3.3403407001185255e-05
3.953287271827486e-05
7.32873916408078e-05
4.509532790862977e-05
2.7758746861478137e-05
4.565192443778414e-05
4.2505295775043875e-05
4.694634835007652e-05
4.294943500407889e-05
3.102299347530495e-05
5.731502320649327e-05
4.242061506068414e-05
3.0300907469985866e-05
8.424551587289157e-05
5.1657828801067534e-05
3.7962326935361177e-06
0.00031491135641890846
1.0521196475959371e-05
2.13025594004969e-05
3.224201134219751e-05
1.3242116532446593e-05
2.7511759682104778e-05
1.9912880274161633e-05
4.14298943400872e-05
1.4037817506304122e-05
5.515140075383229e-05
2.0147170397689315e-05
3.675679581698886e-05
8.840725182194345e-05
4.290567289673765e-06
5.163434843822386e-05
4.376073042028996e-05
4.00171049921524e-05
3.5844877136632544e-05
4.5026921739798114e-05
2.443351846439975e-05
2.162638594156636e-05
0.0001705070081709978
1.4513973140316921e-05
2.518396299711164e-05
9.03819268754643e-06
6.6876872944845115e-06
2.0505813883982383e-05
1.1796280524698289e-05
3.7962326935361177e-06
0.00015872969698320217
6.749211859793895e-05
2.5787541070117657e-05
4.290567289673765e-06
3.142757902626965e-06
5.546862837467332e-05
5.036792599422329e-06
4.290567289673765e-06
6.853278374774108e-05
6.199765535334567e-05
0.00010624429500074781
2.923098334471401e-05
1.259198149855582e-05
3.525681826256679e-05
5.5235284511430544e-05
1.3253784514195396e-05
0.00018091976411543676
3.3665508293095246e-05
2.1944433671381824e-05
0.00013476676306558045
3.943260043253326e-05
5.520259524529948e-05
5.878355519419852e-05
7.814259936260539e-05
3.9394567216584915e-05
2.791202061607444e-05
0.00011560608153243542
5.704218068868319e-05
3.5085607385870325e-05
3.5070654919864572e-06
0.00021713592487170857
4.093847689424497e-05
0.00010737975005067103
5.3615157381289323e-05
5.246069302549124e-05
4.290567289673765e-06
9.558815517698507e-05
3.879745128256452e-05
1.5890539838935912e-05
5.032003318507983e-05
4.580122479595124e-05
4.443628578182239e-05
2.465296940427238e-05
9.523440091663645e-05
4.8818793949117644e-05
0.0001924865310760924
4.4618063376544456e-05
0.00013044466973867079
6.817448629813409e-05
4.337266642098769e-05
1.416046727370616e-05
3.007197576660132e-05
7.092794269002232e-05
7.648635537179358e-05
2.3791233644523504e-05
1.6341382165794902e-05
3.578033687995535e-05
3.559836216524253e-05
1.2924532262110031e-05
0.0001696290654948856
3.263174650613862e-05
4.4520061432616705e-05
0.00011983731497382239
4.3622206766396095e-05
9.905694292195412e-06
1.9267680255405906e-05
3.1465512279435144e-05
4.4087666395648895e-05
3.2591731017475814e-05
5.3141160560707624e-05
4.1945252959686854e-05
4.089578049111147e-05
4.622342161250192e-05
8.170691082897451e-06
2.374869226458381e-05
4.328826038665781e-05
4.4081104078729434e-05
3.3018980973984713e-06
2.8657511603246634e-05
3.7962326935361177e-06
3.900198802212631e-05
9.069995488978638e-05
2.73371662989113e-05
4.087539094004711e-05
1.4937787027926233e-05
6.9395780080954296e-06
4.290567289673765e-06
2.4835618059238732e-05
4.12538337675915e-05
5.401124497707901e-05
2.8423638960252766e-05
3.7829651398713906e-05
4.170273539952636e-05
4.2363546335762974e-05
4.32206411581306e-05
5.202719196952668e-05
5.395588228882524e-05
3.304372030272019e-05
7.093131659676308e-05
4.132982147819644e-05
3.349794458695361e-05
7.211413292684322e-05
2.4097367336829957e-05
3.845717236789684e-05
4.6915328721222294e-05
9.5151710058409e-06
0.00018912023998180462
7.3661466295682e-06
8.422690503782472e-06
5.7257861662995835e-05
5.252245030220003e-05
1.257103161050786e-05
8.145208763955687e-05
0.00010966385560097532
9.709598516709106e-05
5.178516787308889e-05
4.429439786443984e-05
2.0643604460871132e-05
3.907262937408089e-05
4.272339905847241e-05
4.1477199409366355e-05
2.7702359296822807e-05
2.626889295926536e-05
3.018837969914619e-05
4.1374076789590387e-05
2.6844961894199585e-05
3.408544111082475e-05
1.9064945860094054e-05
4.026800058754618e-05
0.00012414533751334037
2.8979978276099554e-05
3.21658802022238e-05
4.689277668888585e-05
4.7799912964233504e-05
2.6447389029642193e-05
9.111454099424378e-05
3.719755638431444e-05
1.762877409797815e-05
4.526226857388338e-05
5.103643466022867e-05
6.794438014655517e-05
7.137370093357051e-05
3.3195082284280514e-05
4.222379584910006e-05
0.000140451872403014
5.414037886957932e-05
3.222525859890444e-05
4.2541645107987264e-05
8.088228514975659e-05
4.644811003696003e-05
3.398432076531857e-05
7.52294349048782e-05
8.400945970371521e-05
3.233284947010569e-05
8.224016322300191e-05
6.544133688803392e-05
3.636052719487212e-05
2.5297079261679118e-05
6.150814876887151e-05
3.0210558167643585e-05
8.707724024870847e-05
5.846196668942802e-05
5.0937003690675156e-05
3.0566409956799144e-05
4.796449356336895e-05
3.059523769969115e-05
5.0914276351044845e-05
4.290567289673765e-06
4.2347788345878466e-05
1.5226238667263064e-06
4.429838937775924e-05
5.3491910117545286e-05
3.927910411261094e-05
4.290567289673765e-06
3.0012278388850387e-05
4.566077085312799e-05
2.7758746861478137e-05
4.9385104613817835e-05
3.4989196490448945e-05
5.451667771852406e-05
2.6639582731360863e-05
4.3365539094280496e-05
0.00010513720548342642
3.701824974051194e-05
4.290567289673765e-06
0.00014289568773200164
7.630848546434922e-05
2.9504659799057018e-05
5.544420571223062e-05
3.298105224240134e-05
3.270906138310719e-05
3.0824560819180586e-05
4.264635745165689e-05
4.0463646380611574e-05
2.2052357102827823e-05
4.290567289673765e-06
3.848684413120134e-05
2.833686385002925e-05
3.8670870552330094e-05
7.194637045992254e-05
5.4440364481359496e-05
5.168570478060613e-05
4.290567289673765e-06
5.6289167736885656e-05
4.4423631768819074e-05
4.7920872145518784e-05
6.142924714111814e-05
3.6691671369154916e-05
7.5924653870722355e-06
7.994330437888115e-05
5.364212341189046e-05
8.784107568948662e-05
1.1566144525615892e-05
2.5001558870382217e-05
7.844010823841991e-05
2.5570705159182752e-05
2.4745045612152087e-05
3.733665051405307e-05
5.952363636870081e-05
3.70285646189417e-05
2.4220695810074958e-05
4.0685148537175785e-05
4.2363546335762974e-05
7.337548237948932e-05
4.5216133885085746e-05
8.523160323259172e-05
3.668913947633698e-05
7.449278069172385e-05
7.105812523657519e-05
0.00017086431435612334
3.4925039989385875e-05
4.290567289673765e-06
3.6265501399138116e-05
0.00011047056902286109
5.12518856514702e-05
4.290567289673765e-06
5.221553385570785e-05
2.3479395063884198e-05
4.290567289673765e-06
4.740898076802987e-05
4.290567289673765e-06
4.281812548856476e-05
3.342740867200557e-05
6.330258743912004e-05
4.039044937979441e-05
3.719755638431444e-05
1.762877409797815e-05
3.973679138543656e-05
6.490342592954638e-05
8.979674762453688e-05
7.749664921265093e-05
1.560460368713053e-05
1.7833832785292034e-05
0.000140398834715085
4.151223044394803e-05
4.290567289673765e-06
4.026509531632396e-05
5.262836888666617e-05
4.100993089262319e-05
1.0321802230435566e-05
6.939686715369535e-05
9.048095671710819e-05
3.693977235851405e-05
3.6554020672848764e-05
6.173461886431514e-05
3.4142026438510106e-05
5.097906088984316e-05
3.120159041770104e-05
4.165042455100147e-05
3.9491390867090944e-05
0.00012435342045110585
5.225057523295819e-05
3.744545531814999e-05
3.51384939660054e-05
4.642906764103935e-05
4.3697047789949554e-05
3.55798433984014e-05
2.381402775985917e-05
2.1081729280617283e-05
3.5877066527157734e-05
3.483214700625892e-05
6.407484266671415e-05
7.270527619546682e-05
1.7416767768380306e-05
4.635556916213218e-05
3.949385577906146e-05
2.8522772012587056e-05
3.8036075490638385e-05
2.2598555287249683e-05
4.203249107290785e-05
7.484856239564526e-05