0.00018248457665462383
0.00240015503578176
0.0014297447211135904
0.0006445098004724301
4.764892874202441e-05
2.5378286888530625e-05
0.00046561327856086364
5.9161886974694814e-05
3.279682372180893e-05
4.2045013488227646e-05
0.0008739024877833349
1.2004067876298307e-05
5.080991559145019e-05
1.6422754051764473e-05
5.438204333256561e-06
4.435423609880856e-06
1.0294740188551886e-05
6.45100106634273e-06
0.0001380366874820939
1.6015885873114046e-05
2.217711804940428e-06
0.00010156024443848414
1.3404957309649814e-05
2.989438030976264e-05
7.814554604558256e-05
2.373616403608868e-05
2.217711804940428e-06
9.644833620620381e-06
2.217711804940428e-06
2.217711804940428e-06
0.00024390402318708607
2.217711804940428e-06
1.024012615805083e-05
2.7613993729637604e-05
2.0990640800667432e-05
0.0001121270546568409
5.626857580868386e-05
3.879158727462819e-05
1.4329022390522702e-05
0.0002819021494689512
6.182192901426239e-05
2.2586164528417302e-05
1.6422754051764473e-05
0.00021081724383610243
4.987278002076682e-05
4.403714875071234e-05
0.00026691636288617463
7.941835881109666e-05
7.680411620353302e-05
1.3299771860012341e-05
4.762536771630403e-05
3.458069414702866e-05
5.6049974938495574e-05
0.00013024540256967174
8.097212027772708e-05
3.7346601630399097e-06
2.217711804940428e-06
1.7066876930084716e-06
8.091831515736371e-05
3.000797553958563e-06
5.858634558190402e-06
8.763503317172953e-05
5.171018198119484e-06
2.8155155011278933e-06
3.843791604493589e-05
1.7252372217963567e-05
2.217711804940428e-06
9.401515251105376e-06
6.721349810176949e-05
7.226011782776367e-06
2.558525698451033e-05
1.1541711795253344e-05
2.1155883622390125e-05
5.383519146741682e-05
3.149944260930471e-05
5.156334339492564e-05
0.00044667799849583113
7.07208424735462e-05
0.00015531626550839353
0.00010872592507945991
1.954567193171745e-05
0.00024284585419328354
0.0001424814821839347
4.51649955198442e-05
4.608982778391875e-06
4.232476666023285e-05
2.163729090352501e-05
1.5642816006857287e-05
3.512435628517563e-05
4.722776546990943e-05
1.3600581928105292e-05
3.4133753860169433e-06
5.088819378320132e-06
7.742906718996547e-05
7.899217513061583e-05
5.6310310022557866e-06
1.083967115032494e-05
3.864406226505776e-05
0.0001485667648043695
1.2995449468884732e-05
3.196512742180859e-05
3.326567707410642e-05
3.9243994979489e-06
1.96219974897445e-06
8.870847219761712e-06
2.101775716564409e-05
3.144352573489659e-05
0.0001598637641077224
2.158343394789799e-05
2.8734442640255836e-05
2.0088607263154047e-05
0.0003447776048865061
1.1860298308324128e-05
1.0639603980356293e-05
0.001993869205948373
0.0008124923450499501
0.00013590635918067843
0.00015478262664438716
0.00023313038776234492
7.378338967139347e-05
4.2003643078344926e-05
6.816113377888101e-05
4.496070792346361e-05
1.451389049039112e-05
0.0002362982605136796
8.51280626534363e-05
1.2674702640577656e-05
0.00014381297915185166
1.5745415450188438e-05
5.7093742479947056e-05
6.7248453384009e-05
5.462924618671836e-05
5.194333206043897e-05
1.0158229459297454e-05
2.217711804940428e-06
3.8166145337400985e-06
1.96219974897445e-06
0.0003465349851718375
1.96219974897445e-06
4.2940581965797674e-05
4.223273251691839e-06
2.217711804940428e-05
0.00014569629134006105
2.842271592710856e-05
8.389216549705032e-05
9.416632702765336e-05
9.95044089871057e-05
8.851632527577573e-05
2.41435551395319e-05
2.4897734420266066e-05
4.0487790766441437e-05
1.4938640652159639e-05
4.435423609880856e-06
8.787951837285606e-06
1.8286786106991792e-05
3.550525200860592e-05
0.0006969288813385018
2.217711804940428e-06
1.5423073607301963e-05
2.875485770407151e-05
9.298079573672382e-05
7.023369144255443e-05
0.0002514863401826598
7.18991679818797e-05
1.1449843601220297e-05
0.00011873661799185253
4.524640923354548e-05
1.745264560267996e-05
0.00020069467870250786
2.082701309910253e-05
7.218053935965284e-06
7.423811576070639e-05
1.315204584630052e-05
0.00031462052722345
3.766314995475312e-05
6.563310968460554e-05
9.563805600620332e-05
6.263532788673649e-05
0.00023907698775920157
1.9157923585094884e-05
2.2894923306089307e-05
2.8191535861738186e-05
0.00016972385189824253
2.4066737361016947e-05
2.117640536008687e-05
0.00027966547557591894
7.577529777725408e-05
1.883157497737656e-05
0.00011402887494669901
5.864454897151204e-05
0.00018637204954203575
2.1160312227978424e-05
9.4480915484248e-05
2.217711804940428e-06
3.082602482185284e-05
2.49747050722105e-05
4.32371588633148e-05
3.452455412519036e-05
5.963332076169244e-05
7.322084666917386e-05
6.970790385895168e-05
2.388040962291552e-05
0.0002750462916441812
2.6563149653528386e-05
2.6297893703658823e-05
0.0001855923487009406
0.00025442427977851514
9.35807883272402e-05
6.254819950746144e-05
0.00012442136029209352
0.0004484448044471933
0.00029864871251932516
1.5544539502689422e-05
4.01073144420894e-05
3.356230525944936e-05
5.853664924757237e-05
0.00029960598360182454
0.00021296041103758095
0.0003129040537654278
7.469320326079819e-06
5.804813810458479e-05
7.993952790858075e-05
5.0281480763940365e-05
2.1976827342007804e-05
0.00017079023275750924
0.00020978017793168974
0.00013301468373471285
6.273036505747651e-05
1.5793479083764657e-05
6.001595107917126e-06
1.8220326011004496e-05
8.511683184285034e-05
4.753003085592891e-06
2.8155155011278933e-06
1.4860932678407366e-05
1.5903425145807295e-05
1.0954217497910409e-05
1.5948955153487814e-05
3.6891694835696734e-05
2.2439115774874235e-05
2.217711804940428e-06
2.289347964952629e-05
5.740206637384431e-05
2.217711804940428e-06
2.217711804940428e-06
3.685143864500234e-05
1.995940624446385e-05
2.6567459489899622e-05
2.202631889445533e-05
0.0001170708469474331
3.8822508725362226e-05
2.995643968624537e-05
4.095916281125003e-05
6.8267507720338866e-06
1.2995449468884732e-05
2.217711804940428e-06
3.1132749964594685e-05
4.029602671637778e-05
4.408308080824589e-05
1.9918187536212855e-05
9.526628572564516e-05
3.071738875258535e-05
5.860309355519649e-05
3.369745174577532e-05
1.88940710379529e-05
4.019148717163985e-05
5.4297437274703844e-05
1.9002736600280854e-05
0.0006919321043459288
0.00016636926448581533
2.283749699197882e-05
2.489773442026607e-06
8.420608843957435e-05
8.556349628168072e-05
0.00020624149693209526
6.698581195273307e-05
2.0159378332321032e-05
3.9789016583982575e-05
1.5638546392403207e-05
3.0083421701271184e-06
5.911705988893624e-05
5.59019624329292e-05
7.731904920013855e-05
5.026877744651835e-05
3.1692595854441235e-05
8.132527734966355e-05
1.370125318766539e-05
7.990442159311971e-05
5.548866416138284e-05
3.573127924420068e-05
3.455845692587613e-05
5.00116499318875e-05
5.332348220699208e-05
3.578052109342893e-05
4.4522009450739655e-05
0.00017469936151553675
8.234068210170213e-05
4.578357625525336e-05
2.4233643565535363e-05
1.940891874520901e-05
4.483612004458369e-05
6.734525724248946e-05
2.646761052809262e-05
1.5363301546618704e-05
2.217711804940428e-06
2.0747196196926716e-05
0.00010356670839042007
1.96219974897445e-06
7.255878185212469e-06
5.013668621148744e-05
1.7180413485517393e-05
1.938908211753134e-05
0.0001156452255959949
2.003415956093895e-05
3.08777557881383e-05
4.435423609880856e-06
0.0002507414877490477
5.578154506826978e-05
4.35352691112748e-06
8.002711917532203e-06
6.903469340761299e-05
1.8127347777521871e-06
5.1919843079201777e-05
2.1614245384042113e-05
1.237380674736906e-05
1.96219974897445e-06
8.790410040997363e-05
2.7660194765991908e-05
0.00026635939829484467
6.175960130571562e-05
1.2003190215834252e-05
2.217711804940428e-06
3.374935688203148e-05
2.217711804940428e-06
3.5348364295833396e-05
2.7432977910279817e-05
1.6985737052344587e-05
1.9405241678022343e-05
1.9953101960308123e-05
5.9298405694529695e-05
0.00017679881721810754
3.4963900423223555e-05
2.1022345151190868e-05
2.1772444347191872e-05
1.4515797008465399e-05
6.009775957922105e-05
0.0005092552328269541
9.699960493912112e-05
2.217711804940428e-06
1.4866420649623469e-05
9.25083140780433e-05
4.1091226175231115e-05
2.16780353483291e-05
0.00014538209410624924
0.00022732831369964108
4.8551316439124385e-05
6.046963746676109e-05
2.8747301680536883e-05
0.00015651022051507704
4.965148524166271e-05
0.0001794851711081693
2.2542247263330523e-05
1.1134070716786353e-05
4.3153060413928815e-05
7.611807326480772e-06
2.217711804940428e-06
3.6254695555043743e-06
3.621533270929785e-05
2.8596790941412238e-05
2.217711804940428e-06
0.00010389094907543795
2.16780353483291e-05
1.06033631050201e-05
1.7066876930084716e-06
3.4133753860169433e-06
6.653135414821284e-06
1.8127347777521871e-06
1.9278842009127455e-05
1.4633449877068209e-05
3.9243994979489e-06
7.499856999636695e-05
0.00012032184397492927
0.00017546935579677183
0.0001637632568660932
8.599151205558707e-05
3.557075273504461e-05
9.22623938333951e-05
8.70705382225496e-06
0.0002371525084266176
1.84359311135675e-05
2.4198958197113256e-05
1.4247685801532692e-05
2.0792471743001752e-05
0.00013240437574605867
3.2656253603380016e-05
2.2165453131251605e-05
4.0441601264321997e-05
2.217711804940428e-06
2.264630224772025e-06
8.567078877015642e-05
7.54791284535906e-06
1.1020667837805405e-05
1.9641193899951194e-05
9.204625787681732e-05
3.6857916561725764e-05
9.939693523050553e-05
0.00031354933512596245
4.859940036420439e-05
1.4860932678407366e-05
4.2198146962375264e-05
4.639109955918868e-05
1.2481293079340998e-05
1.990730631417996e-05
0.00010574763221965701
2.3376665143030343e-05
1.1340726775584145e-05
7.99529202934342e-05
1.6846039635564132e-05
8.153754281964304e-05
4.10889425804429e-05
0.00014064742453247158
5.201891688687667e-05
1.972752197418637e-05
0.00014194752020255176
8.117213871147711e-05
3.000797553958563e-06
3.855250942378748e-05
0.00016049029027991198
4.8638673412395614e-05
0.0004081651706146434
2.637139209983842e-05
0.00011389232161828758
5.0755010702655814e-05
0.00010036968359533867
4.0013559587661015e-06
6.497724734442366e-06
5.220194762108336e-05
0.00014203893227797307
0.0003040162307170125
7.894983395934351e-05
3.534358220098966e-05
4.106757382933839e-06
7.250790857509892e-05
1.6044491574011298e-05
7.532562564508723e-05
2.2778542890842024e-05
3.4385470014382744e-05
1.1956635810765157e-05
7.992124939772502e-05
0.00017353005597521456
2.3755825245517655e-05
2.2085061836319132e-05
2.0912964363397974e-05
1.7265579358246336e-05
0.00023767401289591277
3.09730748065315e-05
3.0167334120230338e-05
5.123491445610446e-05
8.488323077088788e-05
6.497724734442366e-06
1.679819387650126e-05
6.27903919671824e-05
0.00018940422398953916
0.00013512992357887923
9.089240775893246e-05
2.0684072792477934e-05
1.4945092404686647e-05
0.001692680008345144
7.590025292808161e-05
6.475953246701156e-05
0.00012902232544623112
0.00016734463520480934
1.3031634067745765e-05
3.793044007686764e-05
5.438204333256561e-06
9.864070024951899e-06
2.1517246648869834e-05
5.028780146037309e-05
1.2764641573591969e-05
4.592344365704033e-05
2.4831475539417434e-05
6.537842293329698e-05
0.00047098793111446816
1.4347962972918188e-05
3.793268869848787e-05
2.111645404919135e-05
3.3249429650030853e-06
1.6244311836105915e-06
1.89279202185368e-05
5.514492695239947e-05
8.541230745973443e-05
8.657165277502722e-06
8.676388837876797e-05
5.154672247218813e-05
3.7055056735210216e-05
0.00020390059022506391
4.85963422102162e-05
3.247393027773634e-05
0.00021969879593214015
2.739415078348741e-05
0.0001592447046245148
0.0002296887149869932
0.0003049972466482593
7.093139872641026e-05
8.078356596015528e-05
4.380541208462763e-05
0.00014983595125610833
0.00011832416649896536
5.1557528114037745e-06
2.6931306471972542e-05
5.2049967251771695e-05
3.603606058845802e-05
1.6719724789087506e-05
2.296826244474237e-05
2.7310771557193892e-05
2.036192823085276e-05
1.7072798367680954e-05
4.671668165358626e-06
0.00016410454001081508
1.9256393438693263e-05
7.633791867702556e-05
1.4025543308618037e-05
6.497724734442366e-06
1.9321438420401444e-05
3.165998928151441e-05
6.082495235747483e-05
1.4232357969988955e-05
4.203551433128818e-05
0.00010235712421478357
3.000797553958563e-06
5.9152774488716214e-05
3.949253796752375e-05
1.7923450940414317e-05
1.9465030000775414e-05
1.5003987769792815e-06
1.5266458134960394e-05
0.00012027650686292485
4.408616575522343e-05
1.5266458134960394e-05
1.509582569071812e-05
7.531687724392885e-05
0.000311656466700514
0.0001379732592316203
2.8155155011278933e-06
3.313501894197957e-05
3.866490446575682e-05
9.002392661875689e-06
5.120063079025414e-06
2.0722825712040408e-05
4.9460239329714844e-05
7.477285341969305e-05
8.321759231185844e-05
0.0002744562683073918
8.213514765867679e-06
5.201226951370994e-05
5.029921340872397e-05
1.4474291931822262e-05
9.343336330717253e-06
2.718969901432545e-05
7.048211798260827e-05
3.394621116250984e-05
2.1623485077542366e-05
5.088819378320132e-06
3.248862367221183e-06
7.2558781852124674e-06
8.446546503383678e-06
1.1741801745301559e-05
6.497724734442366e-06
3.9243994979489e-06
3.6254695555043743e-06
1.024012615805083e-05
4.755723472021253e-05
1.463344987706821e-05
2.217711804940428e-06
9.556984703329374e-06
6.228890887144836e-06
2.217711804940428e-06
9.178037147220374e-06
5.584597245466394e-05
8.022245787005649e-06
2.2806213488921347e-05
0.00016004757195665253
6.14347775051707e-05
2.4624508784334318e-05
4.8886109570135794e-05
3.2576119886195748e-06
2.656013340319144e-05
3.206107913330064e-06
3.0136084846268267e-05
2.1521607327167777e-05
0.00012395110236211048
4.2701097121790316e-05
0.0001047873001755971
1.2506036580025359e-05
4.752204733378571e-05
1.432565173788546e-05
0.0001007964493146886
9.341943108684776e-05
3.090765417005427e-05
1.446857385366509e-05
1.741410764450992e-05
2.254792325218661e-05
3.8339810272095344e-05
7.139803459331264e-05
4.433012939000722e-05
3.345803293278907e-05
3.0384090375250502e-05
8.343346161315006e-05
4.287304613774929e-05
1.7862878977100214e-05
1.557222721786209e-05
9.41578748868828e-06
1.037021125138172e-05
2.870557558861123e-05
0.00021240645419172015
2.217711804940428e-06
1.0413685326561849e-05
2.1674548702865275e-05
7.038788752819732e-06
1.9493174203327095e-05
4.213652429386813e-05
0.0001462846936060746
5.475676510578454e-06
2.443815470335539e-05
2.2755617296088484e-05
5.748465509412357e-05
3.2488623672211834e-05
0.00015833121507508708
0.00012908674752644823
0.0001180604520683464
0.0005281789865571255
2.2586164528417302e-05
4.61666578492239e-05
3.3119055217632346e-05
1.857680032138896e-05
6.058356334366661e-05
3.9243994979489e-06
7.430813457879966e-05
2.4562336441067547e-05
8.904656273360893e-05
2.7467665913824862e-05
0.00021113068728386225
1.7143861975304805e-05
1.0670282556709605e-05
6.228890887144836e-06
7.786113608931044e-06
5.5077954138337954e-05
2.4420767868608064e-05
2.1654161807895854e-05
3.399044363036978e-05
1.9049481268638345e-05
5.845200344709732e-05
5.081247844386446e-05
1.781026301721547e-05
1.746161157709704e-05
2.002789914194219e-05
1.1185523400768023e-05
1.059906125464282e-05
4.223273251691839e-06
2.335398515333704e-05
7.944986856930149e-05
5.941410655762336e-05
1.7066876930084716e-06
3.8815516319087853e-05
4.462925097057251e-05
1.380453346036465e-05
6.228890887144836e-06
2.204133567561081e-05
1.1567305205476472e-05
3.790193905122026e-05
6.35292160802606e-05
4.826068699245686e-05
0.00011385886375991164
0.00012219279831322572
0.00011220998899593981
0.0001486842017849701
6.16013607440076e-05
9.171752410326703e-05
0.00013074932104923293
2.5835630672438043e-05
3.4885379496395086e-05
5.449539495607648e-05
2.3755825245517655e-05
9.854304253947626e-06
7.647660133682199e-05
7.247573889264471e-05
0.00012452642218634694
2.9700693831918006e-05
4.873293550831775e-06
6.653135414821284e-06
6.653135414821284e-06
0.00014479465236691416
1.6120263187974217e-05
4.873293550831774e-06
1.5928307838882285e-05
3.8930568044655233e-05
5.543403979245416e-05
5.132048918038819e-05
0.0010574981010225586
2.867066838607255e-05
3.895654329962378e-05
2.7007318539891744e-05
0.0001345109881834037
2.918005277816582e-05
3.774738069135692e-05
0.00021349810619729915
0.0001503779815423052
6.319676035286826e-05
5.371517238837647e-05
2.980312464402268e-05
2.8045621136969827e-05
5.987526326961852e-05
4.055524159288476e-05
9.336497237120905e-06
2.2309661545472776e-05
2.9020532900404377e-05
2.9915159873774068e-05
8.514914586007316e-05
1.883157497737656e-05
4.873293550831774e-06
5.3198019901781464e-05
0.00013577588888939734
8.845899974814184e-05
6.194160588727597e-05
8.365952583024562e-05
9.593048457768439e-05
4.06677115445622e-06
2.0141881497123117e-05
3.236239701016717e-05
8.588015851165376e-06
2.5108541881695742e-05
9.872715216545296e-05
4.082031700422502e-05
0.00010064914207355717
2.6716301736180695e-05
4.223273251691839e-06
7.383088467646829e-05
3.6032513443296705e-05
2.1793481718235972e-05
8.213514765867679e-06
2.449495557692998e-05
2.3430791984764162e-05
2.544548023329167e-05
7.437577579739614e-05
0.00011041452102055164
2.0006779793830512e-05
2.217711804940428e-06
2.217711804940428e-06
8.022245787005649e-06
8.213514765867679e-06
5.803460159551067e-05
2.4184335789325627e-05
5.2678766992475845e-05
1.6625925530280004e-05
0.00012366097879180823
5.0134101656220515e-05
1.6213162112787213e-05
2.28920720387724e-05
2.9403962673437456e-05
0.0002651355733988021
4.61666578492239e-05
1.7003314291323936e-05
4.9219010354355696e-05
6.835073651222137e-06
3.0993612655429894e-05
0.00036614933026255626
1.0294740188551886e-05
1.8127347777521871e-06
1.638953529160352e-05
3.120935974045955e-05
5.54783948745723e-05
1.5003987769792815e-06
9.836418189485962e-06
5.78480523822457e-05
6.858526062470042e-05
0.00010273118373476581
1.7252372217963567e-05
1.649840899649208e-05
9.280562389730869e-06
8.602569009282627e-05
1.7886882344580234e-05
6.586555051973456e-05
3.4133753860169433e-06
2.301636941679357e-05
5.9508123737193174e-05
9.288082924004602e-06
3.1520862329607165e-05
4.381686999164164e-06
8.227612076567447e-06
2.4133090341932974e-05
7.019465063629944e-06
4.9089401580163136e-05
0.0001177117980915193
5.7836526027382365e-05
7.462544278245467e-05
6.788638027137277e-05
3.8953919390148124e-05
2.117640536008687e-05
4.344903111362854e-05
1.875231705274444e-05
0.00016217674006867812
8.870847219761712e-06
1.1956635810765158e-06
3.114445443572418e-06
6.477769622218167e-05
2.274049484667932e-05
5.088819378320132e-06
2.217711804940428e-06
2.0193943057404667e-05
3.9094858412381354e-05
3.905756372126935e-05
3.545371916063289e-05
5.013903616878531e-06
3.114445443572418e-06
2.217711804940428e-06
3.248862367221183e-06
5.475676510578454e-06
8.213514765867679e-06
1.6739177757668052e-05
7.047771741163217e-06
5.438204333256561e-06
2.476937819293322e-05
2.7731372701845974e-05
4.400825088661398e-05
2.217711804940428e-06
1.5765843889693892e-05
1.3138203241411577e-05
1.4511756370424935e-06
1.5959405970534443e-05
5.076396987324659e-05
6.497724734442366e-06
3.3825369828592374e-05
1.96219974897445e-06
2.9466684306775357e-05
2.725423338693547e-05
5.6310310022557866e-06
2.2372995356505543e-05
1.4130056079210201e-05
1.96219974897445e-06
2.217711804940428e-06
3.1865246619170846e-05
1.557222721786209e-06
3.44391662553151e-05
1.8127347777521871e-06
1.9381320434513375e-05
2.7954012532024636e-05
4.691733521262592e-05
3.162883354727655e-05
9.41578748868828e-06
1.81423631129889e-05
4.738037163526137e-05
3.0340120600925948e-05
8.213210394816108e-06
2.56684468797719e-05
1.8127347777521871e-06
0.00013395158047264122
9.026715306754559e-05
2.217711804940428e-06
8.213210394816108e-06
3.373344574581404e-05
1.2722048445800329e-05
3.565462204523054e-05
4.023702483856136e-05
1.6141205495375833e-05
6.37451349939203e-05
3.248862367221183e-06
4.6763097010502685e-05
4.1381114943804944e-05
2.1531772898002775e-05
2.3776339300727702e-05
6.228890887144836e-06
0.00011392386197826826
1.5007137282564284e-05
1.5982575926879138e-05
3.6254695555043743e-06
5.2421950632920654e-05
3.684613845601757e-05
2.3284705699399283e-05
3.09161150676045e-05
7.830978476706832e-05
1.8857925547639912e-05
6.433379353090353e-05
3.905756372126935e-06
3.6008135238020874e-05
6.916662922588099e-05
2.3285511665266286e-05
7.074141576427047e-05
2.7115620936905043e-05
7.810263994921386e-06
4.864585728808035e-05
4.24134524200804e-05
4.5501128962748714e-05
5.6524030405052455e-05
2.053918407433679e-05
1.6244311836105915e-06
5.44143409444514e-05
3.457871293615796e-05
1.95782605038846e-05
4.8460698035416416e-05
8.213514765867679e-06
6.094210299129558e-05
6.805956992938103e-05
4.106757382933839e-06
2.2192981437696422e-05
2.1027114799413777e-05
2.4887249415118378e-05
3.1171316793118766e-05
2.568168241769294e-05
4.816570481300675e-05
1.9525590856599985e-05
2.8178623380055756e-05
3.098199820455646e-05
4.948447176606712e-05
3.30389523060693e-05
1.0367065775624101e-05
1.586990909096852e-05
8.233876590727828e-05
1.640916183565654e-05
2.54058823607075e-05
3.3539104538832986e-05
7.920878528257447e-05
1.5118374488851135e-05
1.502820235292132e-05
2.258330094195339e-05
9.010004583290303e-05
5.550252990369313e-05
5.09136575244046e-05
5.088819378320132e-06
6.547874189917516e-05
1.4038930127259888e-05
1.8183452129944305e-05
1.1203980489119731e-05
2.0663726658052976e-05
0.0001242572426794774
0.0001265237733408254
0.00025854723577252745
4.608982778391875e-06
2.757375591092129e-05
7.368950354379931e-05
2.1083403591133777e-05
5.804702548169974e-06
2.7398673835577984e-05
2.2223191358710064e-05
1.6314612999769682e-05
3.1385958295627596e-05
1.3587781348632148e-05
3.8195670478311654e-05
2.019978909018748e-05
1.3271790474256437e-05
4.782654324306063e-06
1.266981975507552e-05
8.213514765867679e-06
3.300345252751448e-05
1.3932124386006904e-05
7.721055141413916e-06
5.783652602738236e-06
9.288082924004602e-06
3.097080294363799e-05
4.807802279651009e-05
4.392237188924507e-05
4.397791815764443e-05
2.198101254692111e-05
6.349827089546115e-06
8.176061765615341e-05
3.6254695555043743e-06
4.5310895207961435e-05
2.6675706391774013e-06
4.217985479074119e-05
1.3495189406389217e-05
8.851619005987504e-05
3.000797553958563e-06
5.165874938297264e-05
2.2524124009023146e-05
5.0394581629503775e-05
3.565462204523054e-05
3.623265354726327e-05
1.3589590469940507e-05
0.00010719383773260203
2.217711804940428e-06
2.3350876314410595e-05
2.268145355116829e-05
4.326104283027688e-05
3.9243994979489e-06
6.725418006687554e-05
3.6254695555043743e-06
2.2018000627841703e-05
2.8221922737975617e-05
1.8722576111774797e-05
0.00011986394183435099
2.332900505476753e-05
1.9226702284094402e-05
7.173981486459094e-06
1.3653501544067773e-05
1.4322440010498448e-05
2.544409689160066e-06
3.907618044452355e-05
4.807820766337685e-05
4.027876287332408e-05
3.0217867455246627e-05
7.484407908702315e-05
1.562302548850774e-05
3.6491412457488885e-05
2.090324967270375e-05
1.590460979707118e-05
3.8453404568188804e-05
2.217711804940428e-06
4.8828543590417864e-05
0.00011486910378974373
4.074204851019909e-05
1.2194541564223507e-05
3.187287163644332e-05
9.755633251378807e-06
2.217711804940428e-06
1.1792536023442787e-05
0.00016815494631924197
8.421228203286e-05
1.8127347777521871e-06
0.00028024805426677605
3.055621639341139e-05
4.201116575541988e-05
5.9783179053825786e-06
3.872024604841294e-05
0.00011318641729974406
2.327355082457447e-05
3.6871862227135e-05
5.272502826872067e-05
3.723836458737759e-05
4.167832344202646e-05
2.4666418641983026e-05
1.998823007335855e-05
3.371217189242612e-05
1.1107570473882965e-05
1.1402679809277544e-05
9.639762793066739e-05
9.678988104270229e-05
5.789579210275932e-05
0.00013325968880201807
0.00013670147302444275
7.173869109055927e-06
7.481674757169942e-05
4.613576792109133e-05
0.00012645448654210247
2.3158316841103722e-05
6.801981343748061e-05
1.7934953716147734e-05
8.870847219761712e-06
1.830337316571654e-05
1.4122689044382388e-05
2.217711804940428e-06
6.8267507720338866e-06
1.050279143885497e-05
1.5609859983213208e-05
1.6141205495375836e-05
3.519947312064046e-05
4.871245866332411e-05
1.9635865681103588e-05
1.502304452387723e-05
1.95782605038846e-05
3.0166362927416214e-05
2.1282015663359075e-05
0.00010437048669743225
0.00026051855832054453
5.8865992469233495e-06
8.870847219761712e-06
3.921623587451076e-05
1.8419181156750267e-05
1.7828135703596898e-05
2.5220335372985062e-05
4.671668165358626e-06
2.1223823543481355e-05
2.948400734730263e-05
1.5324854986051102e-05
5.546274540369195e-05
1.6387015707758334e-05
6.0238295974667946e-05
1.9802196320643618e-05
1.517277932709288e-05
5.1322054663145044e-05
2.6101581721118063e-05
2.244083344396971e-05
1.648974983795814e-05
2.4042419373474625e-05
2.373122485319345e-05
2.6827991441291718e-05
0.00014486086960949993
1.6387015707758334e-05
3.1801178758905853e-05
2.8533160972323893e-05
2.593221064951645e-05
3.981461262835992e-05
5.2854329060406465e-05
3.3507303655425406e-05
5.1453042111648976e-05
0.0004665801010953507
2.278324031414022e-05
4.435423609880856e-06
1.1773198493846699e-05
5.7146206584349357e-05
8.752851073648272e-05
1.561010071305227e-05
1.8744102963709657e-05
3.9243994979489e-06
6.582928940115454e-05
1.4809701737821407e-05
2.6675706391774013e-06
1.554289610087411e-05
2.217711804940428e-06
2.1193333080193904e-05
0.00024735940256056653
8.959248421575213e-06
4.435423609880856e-06
2.2397320484348748e-05
2.5284128919319593e-05
3.5624362049278595e-05
1.96219974897445e-06
7.173981486459095e-06
5.804702548169974e-06
2.217711804940428e-06
3.0690688096718004e-05
7.729668203895033e-05
2.10466509207561e-05
5.342023073708538e-06
1.585290403349056e-05
8.977346005508331e-05
1.6762600486791032e-05
5.060205772974121e-05
4.684413105778918e-05
2.1487800970238712e-05
2.643765519619352e-05
4.8499521225771234e-05
4.4886730027541656e-05
2.6666987751757446e-05
1.4545826972487863e-05
4.35352691112748e-06
3.0069543822158962e-05
2.217711804940428e-06
9.829815366697088e-06
7.207492142502837e-05
1.3209526963464254e-05
8.313793451117167e-05
2.948400734730263e-05
1.4938640652159639e-05
2.882311457087965e-05
3.4133753860169433e-06
8.866336650296911e-06
1.037021125138172e-05
4.3678691574551306e-05
3.5199473120640463e-06
1.0177638756640264e-05
2.2933023519786025e-05
2.678653962828382e-05
1.4235384576622407e-05
1.96219974897445e-06
1.1289251866099777e-05
1.2297231611898911e-05
1.128181830132645e-05
1.4860932678407366e-05
3.5011404294593084e-05
3.742496143190616e-05
7.786113608931044e-06
5.605958706984232e-05
7.737556793813342e-05
2.4371359825733643e-05
3.4133753860169433e-06
2.439171352270297e-05
1.9442324826029177e-05
7.506657622120712e-05
2.217711804940428e-06
1.8127347777521871e-06
1.1323151123860125e-05
8.208049369083649e-06
2.2809474790219518e-05
5.128266875337971e-05
4.778399724507219e-05
4.311068553401888e-05
3.9243994979489e-06
2.217711804940428e-06
2.1772444347191872e-05
3.791400118530187e-05
4.539119321048016e-05
2.9434942678308975e-05
1.6044491574011298e-05
5.932806213298364e-05
1.3562827288218375e-05
8.492982947705806e-05
9.755633251378807e-06
4.136814558495587e-05
2.399829310397313e-05
1.2033434099372808e-05
5.8149014490513514e-05
1.3337853195887006e-05
1.6990195028141106e-05
8.213514765867679e-06
2.6643631011842064e-05
1.6604209840639005e-05
3.9674772727421295e-05
5.314575603601952e-05
1.0240126158050829e-05
9.504939125502754e-06
2.3982621144421097e-05
1.557222721786209e-06
5.120063079025414e-06
8.90437198542593e-06
1.5108933727623313e-05
1.671854926320829e-05
2.4820432202072864e-05
3.852411959028267e-05
9.978299712143895e-06
0.00010686139141971747
4.5511501081946706e-05
2.2813999312471785e-05
1.0180114737235757e-05
6.39511934703064e-05
2.473436662618314e-05
6.249210195403096e-05
2.1970170806939317e-05
5.76462291417593e-05
7.250939111008749e-06
1.7414107644509923e-05
7.561494174181344e-05
4.5674831266329585e-05
2.736791952825025e-05
3.2582206723390034e-05
1.5003987769792815e-06
4.586464048083636e-05
2.103831496292706e-05
3.2333853187099824e-05
5.866578853440077e-06
2.2806213488921347e-05
9.556984703329374e-06
3.8262560498717643e-05
3.1692595854441235e-05
0.00011538814809354945
1.2194541564223508e-06
1.4079789248256185e-05
7.472686674097281e-06
6.586854006955039e-05
3.4133753860169433e-06
2.742558594706851e-05
3.9243994979489e-06
4.664322678503901e-05
1.1522456945979687e-05
5.548344050691462e-05
5.6310310022557866e-06
9.386526165504124e-06
6.717480497909726e-05
4.518620496354094e-05
1.3514012210558083e-05
1.3438555101201009e-05
4.541840333514263e-05
2.4134493535200466e-05
1.5602663150274637e-05
2.479505155716382e-05
4.6414213740797366e-05
0.0001682087455512015
5.011415900653766e-05
5.718812419562835e-05
5.2068426632809245e-06
2.9314891409921806e-05
3.230749806357504e-05
1.787061340649551e-05
1.954818299050401e-05
1.6975853545916288e-05
4.271512472772097e-05
1.707966421383505e-05
6.719277550600504e-06
0.00010764152147181437
6.372513363345241e-05
1.3017106658202311e-06
2.217711804940428e-06
3.4133753860169433e-06
1.0445142960726552e-05
1.8556157660493252e-05
6.913474167587812e-06
3.5385041439831995e-05
6.885597739418358e-05
2.653259051164242e-05
4.106199442979763e-05
1.3695068786020588e-05
1.6005423835064406e-05
4.483668193159954e-06
1.7741694439523425e-05
1.9475473506549924e-05
5.417539641232819e-05
6.850626593832695e-06
5.405401347005482e-05
1.7741694439523425e-05
1.1861005899849952e-05
1.3606772334741674e-05
1.96219974897445e-06
1.108855902470214e-05
1.2995449468884732e-05
3.9243994979489e-06
2.217711804940428e-06
0.00016497858624979784
8.870847219761712e-06
4.85524827683447e-05
2.1888758242715788e-05
0.00010008917569658202
3.660094039010599e-05
4.856192652929819e-05
4.877816625689403e-06
1.557222721786209e-06
4.753285560811732e-05
2.241834096579977e-05
2.5306466496385454e-05
2.351903651504916e-05
6.4246260030542625e-06
4.093636287175871e-05
1.8780477654886757e-05
2.8213171717277366e-05
2.9293172790952013e-05
5.120063079025414e-06
8.285336671233604e-06
5.169130187721689e-05
2.7988506580760725e-05
2.0813755905723004e-05
7.8487989958978e-06
8.870847219761712e-06
3.4383220781879384e-05
5.858634558190402e-06
5.438204333256561e-06
2.217711804940428e-06
6.228890887144836e-06
1.5415255552386236e-05
0.0001468863281226104
2.8710328055927964e-05
2.6804121091165886e-05
5.2370246712693726e-05
6.3610242229001645e-06
5.467071609881136e-05
4.549387311583194e-05
3.1040259562351194e-05
4.177335397812802e-05
6.206435655207838e-06
2.285848263373974e-05
6.474251004071635e-05
0.00012923232525851686
3.3943190135686394e-05
2.1237743785176383e-06
1.987863767164042e-05
2.1219816932395362e-05
1.9881312014529812e-05
1.4646586395476007e-05
2.6528653922687345e-05
1.4982079048709945e-05
1.4800817570712357e-05
6.524303161113053e-05
6.4168339975524e-05
4.96722962004722e-05
1.6044491574011298e-05
5.806450944164877e-05
1.7732673300593822e-05
8.063569463906512e-05
1.7507156850905775e-05
1.7529559558772833e-05
8.714207047093124e-06
1.606112980929222e-05
1.3299771860012341e-05
1.4979194029773595e-05
4.7299042736953295e-05
0.0002090908330402172
1.3986940530164662e-05
9.21796555678375e-06
1.6961518857416632e-05
2.0343585623709297e-05
4.671668165358627e-06
1.5360189237076244e-05
2.4021060439954405e-05
7.8487989958978e-06
2.472166517918837e-05
6.8069898202892e-06
1.759828395197179e-05
1.8767425662177172e-05
1.4429475514028844e-05
3.0364681378765147e-05
0.00038683653766180586
1.557222721786209e-06
4.6859889399166463e-05
1.6025473970757255e-05
4.786757665060772e-05
3.6254695555043743e-06
1.2043310756336713e-05
4.52926044954405e-06
1.8681716685243205e-05
1.755842286063861e-05
4.309524055215359e-05
2.217711804940428e-06
2.2366476016346036e-05
0.0002625257907579833
6.380475357899874e-05
5.5849797731973354e-05
3.295465706088812e-05
2.217711804940428e-06
2.217711804940428e-06
2.217711804940428e-06
6.001595107917126e-06
1.9226702284094402e-05
2.3768914320878632e-05
4.854709899306597e-05
1.5789740970807824e-05
1.7066876930084716e-06
7.8487989958978e-06
9.111974660741617e-06
2.892152699872679e-05
7.810263994921386e-06
2.217711804940428e-06
2.217711804940428e-06
1.96219974897445e-06
1.2553528211530115e-05
2.9228317818965154e-05
4.540336448844094e-05
1.2531247305932845e-05
3.248862367221183e-06
1.1533376686683957e-05
1.690668544749789e-05
2.505746196997688e-05
2.6683716663744813e-05
2.217711804940428e-06
4.744119323329651e-05
3.473017387164038e-05
2.911337811781352e-05
1.2554383318251037e-05
5.111786270270108e-05
8.132774528696073e-05
4.873293550831774e-06
9.386526165504124e-06
2.217711804940428e-06
6.572530498746245e-06
3.4133753860169433e-06
9.336497237120905e-06
0.0002458340136166068
0.00010073268926202367
9.733275685684218e-05
6.857544790121922e-05
0.00010591990406862756
4.851310419505585e-05
6.146709947998201e-06
8.187578199123175e-05
2.2619080856618352e-05
1.7066876930084716e-06
3.1918811941068885e-05
2.217711804940428e-06
9.002392661875689e-06
3.9243994979489e-06
1.8127347777521871e-06
2.0734131551248202e-05
3.3834858392526115e-05
1.7453981567531998e-05
2.006412067998225e-05
1.5007137282564284e-05
4.215991759249993e-05
4.408267135122162e-05
5.873013708583406e-05
1.767179110049483e-05
9.288082924004602e-06
8.907256573429084e-06
2.4976507086867602e-05
0.00010810802694010964
2.0085645138448182e-05
4.379690856504625e-05
2.217711804940428e-06
8.359274631604144e-06
2.3415824014939414e-05
4.313093054490892e-06
1.8127347777521871e-06
2.217711804940428e-06
4.435423609880856e-06
3.396945337158037e-06
5.088819378320132e-06
0.0004208874972930443
1.96219974897445e-06
3.6254695555043743e-06
1.557222721786209e-06
1.8332291088800924e-05
4.52116144355721e-05
7.265898576471307e-05
6.461004444290249e-05
8.24487491897907e-06
4.435423609880856e-06
1.1178263423636032e-05
1.9008818933514285e-05
6.854401508154861e-05
3.6389989246837516e-05
3.5982983832260426e-05
4.3043214654335554e-05
2.8155155011278933e-06
2.722566322874749e-05
2.217711804940428e-06
2.217711804940428e-06
7.173981486459094e-06
2.217711804940428e-06
6.091462430967078e-05
6.472959062089323e-05
9.0585208990881e-06
2.9620187930354577e-06
1.4810093965177287e-05
8.213514765867679e-06
6.977164565796432e-05
8.787951837285606e-06
6.653135414821284e-06
2.217711804940428e-06
1.8127347777521871e-06
4.435423609880856e-06
3.8268044249229545e-05
5.4673608039956976e-05
3.943518299247748e-05
3.9243994979489e-06
2.217711804940428e-06
2.217711804940428e-06
3.847329495996077e-05
4.877816625689403e-06
1.1134070716786353e-05
2.2061175914265537e-05
4.122386935700023e-05
3.997790664060541e-05
1.4646780537959544e-05
5.994821603705758e-05
2.217711804940428e-06
5.440518564322226e-05
1.2194541564223507e-05
1.3689191276446133e-05
1.86079522908595e-05
1.9323065511674523e-05
2.523874716967742e-05
2.815515501127894e-05
1.5360189237076244e-05
2.217711804940428e-06
1.0190836011474112e-05
1.7532858982590404e-05
1.96219974897445e-06
1.3708377265978301e-05
1.8004785323751378e-05
2.024278410958383e-05
4.435423609880856e-06
5.5865338201558204e-05
7.828266605721114e-05
1.3577886112796256e-05
3.921623587451076e-05
3.1446136736125864e-05
2.018595703784117e-05
5.718559424969202e-05
1.2874828590475928e-05
8.626186108981784e-06
2.217711804940428e-06
2.217711804940428e-06
1.303614940388418e-05
2.217711804940428e-06
9.85879574811937e-06
2.217711804940428e-06
8.002711917532203e-06
3.9243994979489e-06
1.7934448017833473e-05
4.392054425160597e-05
1.8127347777521871e-06
2.2139223508871705e-05
6.016684340254237e-06
3.503724191865145e-05
2.533184215253091e-05
2.217711804940428e-06
1.8127347777521871e-06
4.873293550831774e-06
2.5830929868229943e-05
2.3673682523340937e-05
9.050373284224193e-06
6.396994241224974e-05
2.9045982106307277e-05
5.438204333256561e-06
1.8127347777521871e-06
2.1027114799413777e-05
8.90437198542593e-06
2.759022680696431e-05
1.7559588997491946e-05
2.220771549682805e-05
6.228890887144836e-06
3.2931773671819976e-05
4.435423609880856e-06
4.519286259398301e-05
2.1725787139566946e-05
3.176595249468294e-05
1.740857160121092e-05
5.499687326640277e-05
1.8686672661434505e-05
2.9620187930354575e-05
5.098057871558608e-05
6.653135414821284e-06
7.2558781852124674e-06
2.391260298930474e-05
3.537532314155074e-05
1.2849252006108525e-05
2.435999679144408e-05
1.7984464811117275e-05
2.7681460752654798e-05
2.66413256426827e-05
6.692061113731078e-05
7.521212200884301e-06
3.4133753860169433e-06
1.2412871310415676e-05
4.5561762065524216e-05
2.6005275520327733e-05
4.873293550831774e-06
1.7934953716147734e-05
6.266500075806437e-05
1.9787493300946507e-05
3.9243994979489e-06
1.644480072938084e-05
7.5661423193007e-05
2.462689866559319e-05
2.36449768113496e-05
2.875485770407151e-05
4.8831059866068355e-05
1.4102272876658064e-05
6.228890887144836e-06
1.0559841936192139e-05
2.1752817333026242e-05
8.005770091431974e-05
5.276242433478196e-05
2.1193333080193904e-05
6.001595107917126e-06
9.582433893512293e-06
1.5358316336912046e-05
7.63913409566233e-06
1.2554383318251037e-05
3.066710035549291e-05
3.628473021468435e-05
3.8255222402481325e-05
1.5609859983213208e-05
7.25694524519556e-06
9.386526165504124e-06
1.685608594621306e-05
2.7888758996016625e-05
2.474822792037478e-05
3.0971626875986185e-05
1.6590409435591214e-05
5.120063079025414e-06
2.724355821941471e-05
4.671668165358626e-06
2.8444617149083662e-05
2.6194348755985053e-05
6.653135414821284e-06
1.1518656907194426e-05
1.5108933727623313e-05
2.8356892386850018e-05
5.218844403814075e-05
1.4479944738405634e-05
3.8945309880606324e-05
1.6358667185910416e-05
8.870847219761712e-06
5.866578853440077e-06
3.462888804029264e-05
4.106757382933839e-06
8.768030564200347e-06
2.0802715606378687e-05
2.729090858117247e-05
5.052958268876462e-05
1.290647347756817e-05
0.00010122586598554181
2.14387675465204e-05
1.4158722947098776e-05
1.96219974897445e-06
1.96219974897445e-06
3.671214858888151e-05
6.285975182546637e-05
4.671668165358626e-06
1.569264201560429e-05
1.9531696761082228e-05
4.435423609880856e-06
3.1750245144202686e-05
1.710265882312125e-05
5.804702548169974e-06
1.767179110049483e-05
3.4133753860169433e-06
3.6254695555043743e-06
3.9243994979489e-06
2.036192823085276e-05
3.9243994979489e-06
5.78297303827534e-05
2.019888709303447e-05
2.002289695548121e-05
4.435423609880856e-06
2.217711804940428e-06
1.5654338377312863e-05
3.806625802699186e-05
1.8127347777521871e-06
6.653135414821284e-06
1.0951353021156907e-05
4.524274164993798e-05
1.0413685326561849e-05
2.769646932121746e-05
6.084799887729641e-05
1.9253122154730477e-05
4.5011963309378444e-06
9.386526165504124e-06
3.207037867479985e-05
1.8046970463263752e-05
3.248862367221183e-06
5.124738447584066e-05
3.818691734701482e-05
9.191404609139657e-05
1.5003987769792815e-06
1.2033368680508474e-05
1.96219974897445e-06
1.3337853195887006e-05
2.217711804940428e-06
2.929356107591909e-05
3.114445443572418e-06
3.107470801347497e-05
7.573224594763121e-05
1.5267288139975e-05
6.497724734442366e-06
3.7401448822981435e-05
2.489773442026607e-06
6.349827089546115e-06
2.217711804940428e-06
3.363873861160906e-05
6.10015673168433e-06
2.2049976632814075e-05
2.0805301532543483e-05
7.810263994921386e-06
1.84359311135675e-05
1.5003987769792815e-06
2.4151798025501807e-05
0.00011525081152496627
1.561010071305227e-05
2.3517471427101765e-05
3.62847262259778e-05
2.0288519256967146e-05
2.217711804940428e-06
4.156178706253856e-06
1.1422259040172974e-05
2.217711804940428e-06
2.168578655088046e-05
4.435423609880856e-06
1.5041710850635593e-05
5.013903616878531e-06
3.342927790066118e-05
4.3840152821001735e-06
9.150235097526498e-06
2.8467398081193545e-05
9.263940195857345e-05
9.771630469973937e-06
2.1824668903179892e-05
1.7401054480745376e-05
1.8642811497161493e-05
8.269779871144153e-05
1.4748096401318294e-05
6.206435655207838e-06
2.3570582736198644e-05
2.217711804940428e-06
2.78162496677545e-05
1.6244311836105915e-06
1.1323824701563057e-05
7.891227507780313e-06
2.217711804940428e-06
3.2348197908681685e-06
2.8396209361569667e-05
3.4133753860169433e-06
1.7066876930084716e-06
1.6244311836105915e-06
4.873293550831774e-06
7.611807326480772e-06
2.217711804940428e-06
4.6100324609986505e-06
1.1773198493846699e-05
7.8487989958978e-06
2.217711804940428e-06
1.2048119099881054e-05
6.793890462336516e-05
9.426147310082753e-06
3.000797553958563e-06
1.037981603623346e-05
1.3689191276446134e-06
2.4248055422947128e-05
3.3402212150359064e-05
1.1134070716786353e-05
9.0585208990881e-06
1.807148879240038e-05
3.114445443572418e-06
2.111645404919135e-05
5.0501409507415794e-05
8.502471027323899e-05
1.96219974897445e-06
0.00022932005714568714
3.545662756849941e-05
2.217711804940428e-06
8.70705382225496e-06
2.217711804940428e-06
1.7066876930084716e-06
9.201286158666567e-06
1.96219974897445e-06
2.805834702928412e-05
3.248862367221183e-06
1.6159431869123388e-05
4.9666348951736364e-05
1.801743901316764e-05
1.8516414524856908e-05
1.4412193978480495e-05
5.866578853440077e-06
1.0158229459297454e-05
8.728057022373264e-05
1.735095780821471e-05
2.133045006724287e-05
8.495097514070553e-06
1.0618871892588192e-05
2.217711804940428e-06
1.3830097382995954e-05
4.453628286714542e-06
1.7106829726796064e-05
1.96219974897445e-06
1.96219974897445e-06
2.0569030191418622e-05
2.2796879466920903e-05
1.7704533264234462e-05
2.9905240136114965e-05
5.438204333256561e-06
1.960469510059646e-05
2.8546326035427867e-05
1.380453346036465e-05
9.626561077365239e-06
6.8267507720338866e-06
1.2722048445800329e-05
2.4873147502363297e-05
2.717170084946634e-05
5.572849754402762e-06
7.2558781852124674e-06
7.501993884896407e-06
4.873293550831774e-06
4.853677976079845e-05
7.019465063629944e-06
3.000797553958563e-06
5.804702548169974e-06
7.218053935965284e-06
3.182994836525344e-05
1.128181830132645e-05
1.0166927886140551e-05
1.3325968880201804e-05
9.319365006810848e-06
3.9224745355460284e-05
6.8267507720338866e-06
1.108855902470214e-05
1.368372809335281e-05
1.1178263423636032e-05
0.00010851679189789969
9.343336330717253e-06
4.979546884053214e-05
6.8267507720338866e-06
2.8606954769183945e-05
6.424208451238914e-05
2.5132408979388014e-05
5.807680556513474e-05
2.9890746696389124e-05
1.679819387650126e-05
5.058092617529681e-05
9.0585208990881e-06
1.220031346336866e-05
2.0683333552431828e-05
1.673929013507122e-05
3.7596237271798364e-05
2.217711804940428e-06
2.2014505620824126e-05
3.445239366711356e-05
3.23985424578529e-05
2.1410900480090098e-05
1.286187064561523e-05
4.0687171247418595e-05
8.292183897269809e-05
1.5661956953413665e-05
6.497724734442366e-06
2.217711804940428e-06
9.556984703329374e-06
3.0330328847620422e-05
1.7165096527143272e-05
2.0726535915052767e-05
3.4296385550021717e-05
2.654456449731518e-05
1.8544166445169666e-05
1.047040412015856e-05
3.6489941582274155e-05
4.1426683356168025e-05
3.960940437174891e-05
4.737276014521374e-05
2.650171077662599e-05
2.217711804940428e-06
5.438204333256561e-06
8.36925174662452e-06
3.5199473120640463e-06
2.019978909018748e-05
4.895865535385895e-05
2.334621925177362e-05
2.217711804940428e-06
0.00010764603660927028
2.7551635544070636e-05
1.5003987769792815e-06
1.7205138018565254e-05
1.7934672772639815e-05
7.501993884896407e-06
1.1203980489119731e-05
3.1322029414836285e-05
1.9976105398279927e-05
1.6244311836105915e-06
5.246554299510966e-05
0.00012281146174669385
6.0894458611846175e-06
5.5544681818389815e-05
2.349772721011259e-05
2.0548153054277728e-05
2.4256552097527925e-05
8.36964506753561e-06
1.9079011982619437e-05
4.795874368315553e-05
3.17646080401303e-05
1.8144781709263636e-05
6.001595107917126e-06
8.002711917532203e-06
2.8178018750315354e-05
1.5661956953413665e-05
3.114445443572418e-06
5.3764582683035816e-05
2.234124292297831e-05
1.6140699797061578e-05
0.00020511082744318775
1.6822427969075813e-05
4.0827230652988544e-05
1.7330754094823937e-05
2.0324863784078644e-05
1.96219974897445e-06
2.2979314513598414e-05
1.8607114345735784e-05
1.8268337583553853e-05
2.69354167515527e-05
9.755633251378807e-06
1.0951353021156907e-05
6.925622655331278e-06
2.9094789418826464e-05
1.994077788771101e-05
2.523524600035163e-05
4.1790247958174614e-05
2.3719030540119412e-05
1.8004785323751378e-05
4.590575661823725e-05
7.327927678736885e-05
7.926205786702088e-06
5.475676510578454e-06
4.782654324306063e-06
2.051909064531241e-05
1.1342656185088304e-05
1.213604824037038e-05
2.217711804940428e-06
2.217711804940428e-06
4.782654324306063e-06
9.764390930317338e-06
1.4474291931822262e-05
2.902351274084987e-05
1.0027807233757061e-05
2.2367241349509213e-05
3.3391973746518015e-05
2.0997742345626575e-05
1.2995449468884732e-05
1.8607004710074344e-05
3.739388272910567e-05
2.7984121734201436e-05
4.5789846612178615e-05
5.526947378734016e-05
4.228819287241852e-05
2.477568905268982e-05
5.4935289973124697e-05
2.9293172790952013e-05
1.3337853195887006e-05
2.6412690061752627e-05
2.262137082496899e-05
2.217711804940428e-06
2.217711804940428e-06
2.0570486663112408e-05
4.317325757100308e-05
1.3061758639496178e-05
2.3483603490603118e-05
2.217711804940428e-06
5.661575561930062e-06
2.524486436254852e-05
3.9243994979489e-06
9.284254650908209e-05
8.907256573429084e-06
7.120849210826604e-05
7.430466339203683e-06
2.217711804940428e-06
1.3562390415806199e-05
6.668926597943503e-06
4.483668193159954e-06
1.3861525494409861e-05
8.146187402699532e-05
3.3969453371580378e-06
8.763373998328328e-06
2.451413477295349e-05
1.5900200308335033e-05
2.217711804940428e-06
1.5003987769792815e-06
1.96219974897445e-06
1.96219974897445e-06
2.217711804940428e-06
1.3003316093606445e-05
1.3075574282254217e-05
1.755842286063861e-05
8.36964506753561e-06
9.336497237120905e-06
2.217711804940428e-06
3.905756372126935e-06
8.907256573429084e-06
1.3460170845317502e-05
9.565308648612127e-06
1.1804529008627074e-05
8.002711917532203e-06
8.714207047093124e-06
2.797885215598816e-05
2.2585386170401396e-05
1.3851245310662556e-05
1.96219974897445e-06
8.36964506753561e-06
6.295525763429333e-05
2.2504276311662027e-05
4.4386004997183926e-05
3.2137947024262484e-05
8.90437198542593e-06
6.0400974640596804e-05
2.103831496292706e-05
4.06677115445622e-06
4.435423609880856e-06
1.826143331227685e-05
1.2095626999392617e-05
1.4511756370424935e-06
1.4646780537959544e-05
4.435423609880856e-06
9.025026510381356e-06
1.4218825213480533e-05
3.586576043385591e-05
2.3269581891537677e-05
4.700757625552688e-06
1.3360884860143624e-05
1.050279143885497e-05
7.54791284535906e-06
9.556984703329374e-06
1.9009878251005507e-05
5.260818338520208e-06
2.630409169260104e-05
2.1441821740435378e-05
1.8268337583553853e-05
5.6310310022557866e-06
9.704459372604506e-06
7.521212200884301e-06
2.4962586158681996e-05
2.0396569151212e-05
2.665816913731912e-05
1.2849252006108525e-05
3.9243994979489e-06
3.8159380421421854e-05
9.343336330717253e-06
2.8232637234702986e-05
2.313624924772826e-05
1.6026069221125612e-05
2.5058743968580327e-05
2.7115924390230008e-05
1.3697359803097816e-05
9.71680231343551e-06
1.4347738218111853e-05
2.4289396189283665e-05
2.704388782303693e-05
3.333055250791855e-05
3.9243994979489e-06
3.114445443572418e-06
6.228890887144836e-06
1.1956635810765157e-05
5.6452843782189906e-05
3.6712148588881505e-06
2.26775617332767e-05
4.054418501716953e-05
1.2373806747369058e-05
4.435423609880856e-06
1.8223949321483235e-05
3.929011678741286e-05
2.217711804940428e-06
3.080877611150519e-05
7.810263994921386e-06
6.001595107917126e-06
1.7618109686802155e-05
2.649166635024238e-06
1.2588579870400695e-05
1.4691632925377136e-05
2.549032487839297e-05
2.670093929663783e-05
2.217711804940428e-06
1.1837828688823426e-05
3.069062741250222e-05
5.570742912387494e-06
1.632812680169001e-05
2.452214218892145e-05
2.0367770518340782e-05
1.5041710850635593e-05
3.9243994979489e-06
4.435423609880856e-06
1.9807428600732195e-05
9.336497237120905e-06
1.5229971664176026e-05
2.217711804940428e-06
1.3689191276446134e-06
6.582089661253958e-06
2.101775716564409e-05
4.0824682521701416e-05
1.686672287290702e-05
2.217711804940428e-06
2.217711804940428e-06
5.5670353583931766e-06
6.915048691497977e-06
6.001595107917126e-06
8.626186108981784e-06
2.6708872327057586e-05
4.685189416369414e-05
6.90448966622861e-05
2.2803093726211723e-05
2.217711804940428e-06
6.18056484694479e-05
3.2183725363895434e-05
4.0401990544787126e-05
3.9243994979489e-06
8.446546503383678e-06
6.653135414821284e-06
3.1937895496102946e-05
1.809856369341819e-05
5.32826512853654e-06
2.217711804940428e-06
2.0381953614664634e-05
7.732980893151364e-05
4.435423609880856e-06
6.913474167587812e-06
1.96219974897445e-06
3.9243994979489e-06
1.2373806747369058e-05
1.96219974897445e-06
1.6314612999769682e-05
1.0975087407801158e-05
9.726280606670455e-05
1.96219974897445e-06
3.000797553958563e-06
1.3008149913746635e-05
2.217711804940428e-06
3.6583624692670522e-06
1.905283374413842e-05
5.088819378320132e-06
1.234141811485117e-05
2.1947151619644847e-05
1.653506529307867e-05
1.5896190225597208e-05
2.1012109773756933e-05
5.120063079025414e-06
1.979613259316681e-05
2.8052497248984953e-05
2.217711804940428e-06
2.809347657702177e-05
1.9547451101618646e-05
1.5543626553994705e-05
3.4330193054286544e-05
5.5670353583931766e-06
1.557222721786209e-06
2.533264240228938e-05
4.334913433170607e-05
2.7968795297397115e-05
1.1262062004511573e-05
1.4938640652159639e-05
4.110375956299617e-05
1.2775158198441179e-05
2.1670791354882114e-05
2.110948543860686e-05
2.1102947722086283e-05
1.5746707790324873e-05
1.8732973972384534e-05
4.435423609880856e-06
1.0876408666513121e-05
1.7066876930084716e-06
4.4385962875392845e-05
4.873293550831774e-06
1.5253105018944202e-05
6.497724734442366e-06
2.217711804940428e-06
4.3452044563805105e-06
2.217711804940428e-06
2.92408242254033e-05
2.217711804940428e-06
3.6583624692670522e-06
9.343336330717253e-06
6.001595107917126e-06
7.810263994921386e-06
7.622612852452046e-06
2.6884062339145573e-05
1.5411114790708296e-05
2.2165841625742282e-05
2.217711804940428e-06
2.3547677908581077e-05
2.1279207960712586e-05
1.96219974897445e-06
2.6599543720024683e-05
2.217711804940428e-06
2.8654002525359825e-05
1.1680759081847011e-05
1.6671761149316335e-05
1.0182733192768809e-05
4.435423609880856e-06
1.3008417260876889e-05
2.285468635782425e-05
1.772635561464634e-05
1.897458743875049e-05
2.646761052809262e-05
9.555880737127939e-05
3.755763706432298e-05
1.269370820941254e-05
7.038788752819732e-06
2.1875115713046973e-05
1.1398439733460451e-05
2.057464831783606e-05
8.866336650296911e-06
2.111645404919135e-05
1.1445276235186909e-05
3.4133753860169433e-06
2.1116366258459202e-05
1.96219974897445e-06
5.8281665970533237e-05
2.489773442026607e-06
2.6675706391774013e-06
7.3167249385341045e-06
4.6614658828995196e-05
1.6933877799149668e-05
2.217711804940428e-06
1.3767055720830562e-05
2.217711804940428e-06
3.9243994979489e-06
1.024012615805083e-05
2.217711804940428e-06
8.763373998328328e-06
7.3167249385341045e-06
3.9243994979489e-06
2.9239761304990643e-05
2.700717798562706e-05
1.6244311836105915e-06
2.217711804940428e-06
1.96219974897445e-06
1.979482030128899e-05
1.60926558114797e-05
3.114445443572418e-06
7.793849501750448e-06
1.3573605585843753e-05
3.6105613071033746e-05
4.671668165358626e-06
1.6144977399789643e-05
1.950497414040967e-05
2.489773442026607e-06
2.217711804940428e-06
9.746587101663548e-06
1.4612263561604993e-05
1.531877138483329e-05
1.4077577505639466e-06
8.022245787005649e-06
4.435423609880856e-06
4.671668165358626e-06
1.6244311836105915e-06
2.1786057799993444e-05
1.4511756370424935e-06
7.633229067480197e-06
6.497724734442366e-06
1.4197522578634077e-05
5.5670353583931766e-06
3.128563201371457e-05
1.1262062004511573e-05
9.639421004563726e-06
4.435423609880856e-06
1.0190836011474112e-05
1.0670282556709605e-05
2.616767007688273e-05
4.782654324306063e-06
6.001595107917126e-06
1.8127347777521871e-06
1.4692672614996609e-05
1.3495189406389217e-05
4.91088454739584e-05
2.217711804940428e-06
1.7066876930084716e-06
1.7066876930084716e-06
9.386526165504124e-06
9.343336330717253e-06
5.8865992469233495e-06
4.435423609880856e-06
1.766075843143581e-05
1.96219974897445e-06
1.4232357969988955e-05
8.359274631604144e-06
1.8393484537976207e-05
2.217711804940428e-06
8.36964506753561e-06
3.248862367221183e-06
1.8127347777521871e-06
1.4077577505639466e-06
7.611807326480772e-06
2.4039103831688423e-05
1.8127347777521871e-06
2.217711804940428e-06
2.217711804940428e-06
2.217711804940428e-06
2.217711804940428e-06
2.217711804940428e-06
1.332908456865956e-05
1.6291103361695017e-05
2.217711804940428e-06
2.489773442026607e-06
2.217711804940428e-06
2.0716842089599033e-05
2.177083573558668e-05
1.6244311836105915e-06
2.217711804940428e-06
2.1254180217477338e-05
1.3875645078268681e-05
1.8127347777521871e-06
4.35352691112748e-06
1.96219974897445e-06
2.217711804940428e-06
3.6254695555043743e-06
5.2068426632809245e-06
3.6254695555043743e-06
1.531954300906561e-05
1.088312131552058e-05
2.217711804940428e-06
2.217711804940428e-06
3.114445443572418e-06
7.786113608931044e-06
8.022245787005649e-06
1.3851570612246554e-05
4.313093054490892e-06
9.049281846709096e-06
3.448900067589563e-05
6.653135414821284e-06
7.8487989958978e-06
1.757772346312331e-05
2.3913271621530317e-06
1.1273961626093304e-05
2.217711804940428e-06
1.6872101480894164e-05
2.1050509652888163e-05
1.1508184708396785e-05
2.217711804940428e-06
3.4133753860169433e-06
2.217711804940428e-06
2.217711804940428e-06
4.873293550831774e-06
8.002711917532203e-06
1.8700724411490718e-05
1.96219974897445e-06
2.6034213316404623e-06
1.426962851046315e-05
1.4500878733954483e-05
2.377130756628714e-05
2.321945026426194e-05
1.1591566407275648e-05
1.5651022051507704e-05
4.5011963309378444e-06
1.9141159928819914e-05
2.372233466409833e-05
2.50803462184584e-05
2.3371350947474854e-05
3.816101848952917e-05
1.96219974897445e-06
1.7066876930084716e-06
1.0639603980356293e-05
3.6254695555043743e-06
1.8127347777521871e-06