0.0005763280057366103
0.0011438642267954861
0.001997802755842166
2.1410783732542406e-05
3.663420382537694e-05
5.620330729792382e-05
0.00022530317850745802
0.00028062263166603205
5.716945842095765e-05
2.7992513178386977e-05
0.0017634047481523084
0.0015336495477172001
0.0016325039338864582
1.9168540413023427e-05
5.662677116324453e-05
0.0005084086210069731
1.831710191268847e-05
1.8627039993789967e-05
2.7384196093653768e-06
0.00012704353408082232
3.0222503914817236e-05
8.342567436360124e-05
0.0010161667880748528
0.00011245403964178606
0.00015366691966358422
6.875221851189972e-05
2.1150169467441473e-05
2.3422837642416045e-05
8.603466227410774e-05
0.00021680156495098676
1.6058087799406804e-05
4.665418863064495e-06
9.262419901055733e-05
6.919444970519711e-05
0.00026314425017595877
0.0013466264475561352
6.285308643969618e-05
0.0005031142706074847
3.664889165299581e-05
8.77598353297339e-05
0.000180384771116338
0.00011412893257992937
3.89034543568392e-05
2.701338499434892e-05
0.00010471102928020266
6.550907937307342e-05
0.0006028388303505742
0.0011278083579411556
0.0002947196777892655
0.00013247455957228263
0.0010024348331235178
0.001021677786434028
0.0018274914712756458
0.0017339834135544478
0.0003623141896831303
8.08947486421923e-05
6.668928601095202e-05
4.148645206459324e-05
3.5296618625742215e-05
3.371292355758928e-05
2.560128877967455e-05
0.0003851357034534179
0.00021428434618729107
0.00015207805222531475
0.00011953537480068903
0.0005965463156429102
0.00015372501795639156
0.00029364706796428737
0.0006032914171974026
0.00019672607914500664
0.00024343866359813655
8.722228035594702e-05
0.0001898415517523986
0.00012452055396226623
0.00011318654465560398
5.3327755798885506e-05
7.737665503360708e-05
0.0003186368695020724
0.00010150465443805818
0.00039178091311573487
5.31904333708125e-05
0.00021125965902822532
5.062939657279933e-05
0.0002639928657641409
0.00019948645967516658
6.913343676713917e-05
0.0006792777373517242
0.0006500762970616174
6.979566398940281e-05
0.00010774578792263705
4.026361834743504e-05
0.00040713801690936733
4.3283059660463424e-05
5.585515416245188e-05
5.71770701481972e-05
4.851618456406154e-05
7.284908125132589e-05
3.202604540758158e-05
4.347045450943012e-05
9.648878657539137e-05
0.00012030713493574362
0.00010890558412215222
7.096533181096142e-05
0.001185875082115302
0.0002372159633620565
0.00010679258778488769
3.1517924937795215e-05
3.339662806337097e-05
0.00010959695898368525
0.00019992751549968282
9.502940625595565e-05
2.1604226617474937e-05
4.500209039139237e-05
4.0835618071586226e-05
7.180746333751547e-06
5.547838512986109e-05
3.813465305554099e-06
5.3983317711359664e-05
0.0001978280601973321
0.00011225028065373917
0.00037088293200178966
9.734384190087555e-05
8.712590148138015e-05
0.00012080225445963594
3.593651704182667e-05
0.00033982600938349365
8.055924955401444e-05
8.101967170245927e-05
9.131507290566191e-05
4.9313527122374016e-05
4.1249761619103557e-05
8.359610993802128e-05
2.61403014270236e-05
8.060536799410759e-05
9.632848309928463e-05
5.930676966011168e-05
5.498599723637488e-05
0.0009530432889600765
6.938293906308118e-05
8.97630340572753e-05
0.00017385533196161455
6.8704722773591e-05
1.4900850788767185e-05
5.756989299223838e-05
0.0002414798051336417
9.874435695622805e-05
0.00024462552291629707
0.00046553133359211393
8.860144400239881e-05
0.00021694847308964942
0.00012868955871960945
0.0001245521387734318
3.717629466584298e-05
6.451463538016012e-05
0.00011854099238389705
0.00023580990857419452
6.820510304876394e-05
3.93868398781334e-05
0.00040060867893071465
5.118993356377292e-05
0.00019584664719351477
5.927833359981489e-05
0.0002170297144597956
3.650135498686024e-05
0.0004919028522442559
4.947390123602112e-05
3.184902492409855e-05
5.1321812925917166e-05
4.665418863064495e-06
4.665418863064495e-06
4.665418863064495e-06
6.5518849149194755e-06
1.480755874021851e-05
0.0010125118682957435
3.432118774998688e-05
9.180053339456357e-05
0.00011761417969162345
0.000333623181592498
9.26739023755399e-05
2.8722985335006188e-05
1.3403405741480583e-05
6.350050376036678e-05
1.1440395916662296e-05
2.7653374706855666e-05
0.00010568594984501921
1.651158405988054e-05
3.850495913617427e-05
9.150154066727587e-05
0.00010141234948469122
8.555300473893759e-06
3.678711337584967e-05
4.9256583875934456e-05
4.2013075059653574e-05
8.616613320506215e-05
1.1440395916662296e-05
0.00025106937562240057
4.70662573590346e-05
0.00010284211736721842
0.0008337708640255214
0.00011205318345404836
6.003827356947852e-05
3.9791039960036045e-05
0.00012987763352712605
0.0007377958096949141
4.2254339584152145e-05
0.00013117072344535089
0.0004840649063192935
4.547918627137481e-05
0.0006821552934192181
2.9843498447309884e-05
0.0001475330576374404
0.0001201210379411061
1.3669317841721308e-05
0.0001742993201673091
8.139191767868184e-05
8.720517373687192e-05
6.941568184947705e-05
4.442286090675264e-05
2.827735652400313e-05
8.96023407995379e-05
3.890633739932291e-05
0.000281755336693482
3.9508647838407284e-05
0.00018475759783179144
1.6866680927805644e-05
3.1614954918433477e-05
0.00010645197185508727
6.602072975051324e-05
0.0001741899082522869
8.752569344380826e-05
9.665689124422774e-05
0.0004764118671053102
0.0002693659513561814
4.942043213734422e-05
1.9981983816354464e-05
4.769056661539865e-05
3.2861035312384516e-05
0.0005868877575157365
2.6716368659598803e-05
5.8299322608190154e-05
0.0001146250023386311
0.0001171714928360659
0.00011483680863839394
5.5083859561062194e-05
5.763156891027357e-05
0.0002939561190679347
6.304765964460843e-05
0.0035374896626681513
6.506269206105937e-05
0.0007351960164824143
0.0003558727357114644
0.0001310132634539603
0.0001715107448102641
1.0346477586489476e-05
4.346768135668295e-05
6.644972531821291e-05
0.00023599789463589366
0.0001451277494180494
7.566813792936458e-05
5.4440939484780695e-05
9.158550956344235e-06
9.796846005768624e-05
1.974651356124595e-05
1.282687951459965e-05
3.366235862064912e-05
3.399473190820615e-05
0.00020861992172125276
5.362948530681066e-05
0.00015928489021416154
7.477468435165061e-05
0.00030961267487209345
0.00027875935251215337
3.830800062580062e-05
5.0007898443974265e-05
4.8881700024284783e-05
0.0003476660089794139
0.00019265696619856927
0.00017134532064033163
8.186760791552392e-05
0.0002591809195836494
2.7689264716297665e-05
0.00041430289088962245
0.000330273749306542
0.0005052128202778034
0.00034403604353405753
0.00010908008104214544
3.852260958308157e-05
7.655392458149917e-05
5.991564519818729e-05
0.000896896576442794
0.00027921011116440576
6.860967840670159e-05
7.222994799934933e-05
5.271628916583178e-05
4.3361499289088556e-05
0.00010223896481394853
1.5905054480569928e-05
9.58585862117251e-05
4.449243558003671e-05
3.976794626176141e-05
0.00018210356630726123
8.027388200171992e-05
0.0003213295777678445
6.187469912011976e-05
0.00023671217100921688
7.57976323789664e-05
9.507260282970532e-05
0.00026898122308181865
0.00035429010434601555
5.4553808324281314e-05
2.3044478922379722e-05
0.0002972551709435358
4.2382440095536553e-05
0.00010414445846284505
7.284729404223245e-05
9.097576250764454e-05
6.461883693229996e-05
0.00011535353632318623
5.294420296074682e-05
0.00016586576669219298
7.59445077258343e-05
9.978948011170453e-05
0.00016106967261284792
0.00024047231019366468
4.103303764851746e-05
0.00013223858539273157
0.0003896905028960705
0.00016815128786292028
0.00010209576699639519
4.837237978630586e-05
9.6316486629505e-05
5.206176138710778e-05
6.070244416922786e-05
2.8611657896523204e-05
2.576512140665765e-05
2.423988899949341e-05
5.25063784231275e-05
2.9332825203840434e-05
9.502613137942612e-05
0.00013410117336558848
2.578627141883365e-05
2.6763479665678007e-05
8.282119551902262e-05
8.570938803496942e-05
5.6066160580269e-05
7.180746333751547e-06
5.432770997840815e-05
4.675111343658239e-05
0.0001022081533404427
3.426606140373773e-05
6.348879113883306e-05
3.729214268718991e-05
0.00010114213846632264
0.00011392894880258496
8.333810625600335e-05
5.142292018740994e-05
3.6736846966805774e-05
0.00014626160929428797
1.905648614031922e-05
0.00042083970414086107
0.00025791220434098327
0.00025193043626092076
9.812374610278162e-05
4.936628390311487e-05
6.484896610857414e-05
5.817693869279873e-05
0.00014114761390083625
5.880708984581173e-05
6.503848971167334e-05
0.00012302833272460697
1.952316052016542e-05
2.389448802743527e-05
2.975412383738831e-05
2.618878601654008e-06
2.4385275150943806e-05
3.101470495397587e-05
0.00013241157073212468
2.878766579213715e-05
3.3551950282038786e-05
0.0002036176818667031
5.889799970196909e-05
3.057066314952792e-05
3.290792280009513e-05
5.22480123768009e-05
0.00039351217033605266
0.0001010188801750443
4.591273841542621e-05
0.0002004704144129154
0.0012254588122404346
3.616850035768041e-05
3.0369360809146205e-05
0.00010178268652914418
0.0002235629829915043
0.00023422046394596196
8.213886717213524e-05
0.0001625180118113524
3.637384767759426e-05
3.8382097572555503e-05
4.71616512963745e-05
4.240349394536966e-05
0.0001145497106557107
0.0006154014578328555
3.0437659766321217e-05
7.615738373927939e-05
0.0001154127201217963
0.0003989965715708325
3.2861035312384516e-05
0.00015590902745711896
7.946211998842326e-05
0.00011191311917741206
0.00013376379304858293
4.9837241943186626e-05
3.9340870273576015e-05
6.723418800611004e-05
4.213285884857355e-05
4.866906466185733e-05
4.306590757346079e-05
0.0002056430013629931
4.308447800250928e-05
0.00012095187771811054
2.972751881925056e-05
3.597900633625822e-05
4.921667167367583e-05
2.0619120693064145e-05
9.426506521961972e-05
3.843125448909789e-05
3.887235097115945e-05
0.00010425648023420548
9.126368717605774e-05
3.0461580791605068e-05
0.00024204810269775896
1.3381739832839004e-05
3.208808453702467e-05
1.9039345934819847e-05
8.25579202994027e-06
7.686250897819578e-05
4.990487374024961e-05
0.00016291221058961424
0.00010354576618987612
4.6522984311287045e-05
0.0001323634873909306
3.6424540625662946e-05
3.127461339678803e-05
3.920757264624938e-05
6.461883693229996e-05
1.7429932016730908e-05
1.1440395916662296e-05
5.8365983327513634e-05
0.00011810538779131885
9.756580570120682e-05
3.759455881303613e-05
5.409369662616702e-05
0.00011607172991151492
5.650052859330486e-05
4.665418863064495e-06
0.0001036055699574695
1.1440395916662296e-05
0.00011522239461189861
0.00011844357075670712
1.7278839674015793e-05
0.0003514494458413114
0.0002855505116978144
0.00024179778819996835
2.3857581720854892e-05
0.00022443390523172238
0.00010442656534285012
0.0001674256530720953
0.00011525860801047437
3.432118774998688e-05
4.258491415133694e-05
0.0011285414341331303
0.0004755986961597645
6.633347517134565e-05
2.143854690785912e-05
2.495209726385782e-05
8.031998858858738e-05
1.3996256589193489e-05
8.331609187327995e-05
3.7584095421225545e-05
3.4040522562234294e-05
4.1663317546273914e-05
3.0369360809146205e-05
2.9995617565438705e-05
2.9533814667466276e-05
8.726360039817629e-05
4.641028019173272e-05
4.401698958829044e-05
5.3400724810002636e-05
4.660877939882127e-05
6.701702870740292e-05
3.807673792007369e-05
9.907489372724182e-05
8.371461256102001e-05
6.346327297323127e-05
6.487017121709846e-05
5.2415079319355804e-05
1.0771119500627319e-05
0.00022902797378091287
0.00046565620093680826
3.9390997017867694e-05
2.9957822599093644e-05
4.300932384159043e-05
2.3327094315322474e-05
9.33083772612899e-06
1.3996256589193489e-05
4.665418863064495e-06
8.10059080476215e-05
0.0005023302939878069
3.735898824135147e-05
0.00018569346139621132
0.00013440584654330327
0.00012908723058517132
0.00010538292002286089
1.843585518703826e-05
1.8332150211578053e-05
4.127896014970135e-06
3.55328723082104e-05
3.650135498686024e-05
4.816858178725549e-05
4.183160611183276e-05
5.489463299674957e-05
2.0951028813232063e-05
9.33083772612899e-06
9.33083772612899e-06
4.665418863064495e-06
1.025198838129098e-05
4.665418863064495e-06
5.637310814404215e-05
0.0003169876680718413
0.00017236169528961906
5.17891489937855e-05
2.1907356874923014e-05
3.452009092642517e-05
0.00014391317668440725
4.319132346797767e-05
4.665418863064495e-06
3.902871856892964e-05
6.936661262793026e-05
6.602359425691519e-05
9.539590009438408e-05
0.00013514661022185194
0.00037006685625049884
4.066984137237212e-05
2.2447162613015122e-05
2.4767376089820807e-05
1.4361492667503094e-05
6.281976774827513e-05
0.00016203250499993593
5.6045579463267764e-05
2.9439827632245808e-05
5.901427296816634e-05
0.00011924479584518371
7.441936301368344e-05
6.031472475687293e-05
1.4361492667503094e-05
2.0730582236305914e-05
0.00010621566438900052
6.252613661172778e-05
3.7063364627106734e-05
2.2595573908327687e-05
9.760804385638721e-05
6.45641294466656e-05
5.0056887010858925e-05
3.0075453166832055e-05
2.297002557386695e-05
0.00017661129247838886
3.426532786269553e-05
8.639419837007897e-06
0.00024896376277483775
0.00010384656766114741
3.6664300423156106e-05
7.899106483616995e-05
6.055773647543067e-05
4.178069883777702e-05
4.104801278684783e-05
6.491656192686315e-05
7.923228340575655e-05
8.04204344488835e-05
3.115611847985442e-05
3.881863383537064e-05
1.526425159390706e-05
6.892409183801029e-05
4.186457864444574e-05
4.458459196694469e-05
1.6674425372779314e-05
5.719298348906674e-05
4.514165736532522e-05
5.874181954926469e-05
1.2211401275125648e-05
9.423090820387864e-05
5.216268278566373e-05
5.7710984956446605e-05
4.11221362898288e-05
0.00013567009958528209
1.4053702585449626e-05
7.5944094859199e-05
0.00011227870310506106
5.73212089622841e-05
6.152272510494398e-05
3.879265530348833e-05
0.0002465339625116614
7.49288071281473e-05
4.7656731587128015e-05
3.0183929648244615e-05
0.00016186864008103122
3.9880000618229214e-05
4.563147932176876e-05
0.00010448351347672006
3.258854430881537e-05
7.473483043069306e-05
3.813465305554099e-06
5.101083689541424e-05
1.3103769829838951e-05
4.665418863064495e-06
4.665418863064495e-06
6.5518849149194755e-06
3.0061346641077142e-05
4.1852243402448043e-05
6.788714678110459e-05
3.825760000306306e-05
4.446869908838645e-05
4.127896014970135e-06
6.312802899496739e-06
4.665418863064495e-06
4.665418863064495e-06
4.0650094448507e-05
4.665418863064495e-06
4.665418863064495e-06
3.548266590548071e-05
0.00017072451025284486
4.665418863064495e-06
4.127896014970135e-06
9.33083772612899e-06
4.665418863064495e-06
4.665418863064495e-06
4.665418863064495e-06
3.417329460430327e-06
8.027931108419487e-05
5.031124620830951e-05
1.7278199366090205e-05
1.820403465180058e-05
0.0001375371348571622
1.6019401218294137e-05
8.53554562796042e-05
2.786036409149136e-05
1.3094393008270039e-05
5.620130060996141e-05
7.222071411231745e-05
3.4707840924738526e-05
0.0002077232537723187
0.00015091542841961586
3.79720474295995e-05
2.2214827756401692e-05
2.8807664618194085e-05
9.254259554772024e-05
0.00010676801166541632
4.1082861651504884e-05
0.00010808634256751019
4.9585631940953404e-05
3.908017012928275e-05
5.355374347397304e-05
3.697840379074401e-05
0.0001263628130746811
5.183651902204739e-05
4.0822969136606405e-05
2.947820020728232e-05
8.17411018857653e-05
8.25579202994027e-06
9.33083772612899e-06
0.00012142163304954002
9.33083772612899e-06
9.33083772612899e-06
9.33083772612899e-06
3.4209639060599236e-05
1.3996256589193489e-05
1.3996256589193489e-05
9.33083772612899e-06
9.33083772612899e-06
7.011776193840565e-05
3.544480546609366e-05
3.404983989727807e-05
5.242664094103319e-05
4.168854320127607e-05
5.771191674426143e-05
9.33083772612899e-06
1.651158405988054e-05
9.33083772612899e-06
8.25579202994027e-06
1.866167545225798e-05
1.3103769829838951e-05
7.462515956776385e-05
6.956991016459373e-05
6.821552934192181e-05
1.526425159390706e-05
2.382060767539902e-05
2.718585596842315e-05
1.8630062206724082e-05
4.4408200982411804e-05
2.7220469742390348e-05
5.4468872359052075e-05
5.278713560553089e-05
8.74981031165971e-05
5.529143747856817e-05
0.00013621575127017207
4.568808187165031e-05
7.024697431149957e-05
0.00017057082000402905
2.5665901421681276e-05
3.2675125019501175e-05
6.445245483976999e-05
3.452280926563156e-05
4.541197142996459e-05
0.00048042515771503253
3.7764284348713554e-05
4.331069807375595e-05
6.83325883812082e-05
3.7979152899695174e-05
3.0000862335992917e-05
2.3692093984349616e-05
3.603244663303075e-05
1.8332150211578053e-05
7.856635804962023e-06
4.8065539174092446e-05
4.7056624644253414e-05
4.826847577597293e-06
4.892639807609607e-05
9.343711347314079e-05
2.1095581905333056e-05
6.202575272873785e-05
3.952863853493325e-05
2.407912165737625e-05
3.693780095195313e-05
3.4221201895575036e-05
5.70433584386054e-05
0.00032564295257686814
0.000158111986205751
3.079867203229105e-05
4.665418863064495e-06
4.871834473109627e-05
4.110873767699487e-05
0.0001385619092329048
4.902788323657034e-05
5.03122032241451e-05
4.238554412938921e-05
7.614819947438177e-05
6.989867065462996e-05
6.32702833717279e-05
4.265265358065541e-05
3.755742936255773e-05
4.665418863064495e-06
9.536049021495725e-05
4.7616593354124805e-05
1.6379712287298686e-05
5.0485409817094955e-05
0.0001542566658861095
6.841052044023429e-05
0.0003343844397520852
6.834658920860654e-06
3.052850318781412e-06
2.955337809983878e-05
2.041535230679276e-05
0.00014988653649143364
3.464415625322402e-05
9.170121211183382e-05
4.882098472358542e-05
3.385425455752518e-05
1.1440395916662296e-05
3.326823458231658e-05
5.1402670362286e-06
0.00010086351057688818
2.916936028695113e-05
2.7908416229562282e-05
4.3618565871796186e-05
0.0001366313571836374
1.0061309882748206e-05
4.013982680215404e-05
8.133968274474425e-05
5.6117906532537796e-05
0.00036831792576437836
3.5104720935395686e-05
0.00012378293203189441
0.00021377657180142505
0.00019136925550968846
8.896202485479875e-05
7.840095045590365e-05
4.665418863064495e-06
7.115871327234361e-05
9.33083772612899e-06
6.592060368865827e-05
5.21075479646433e-05
3.6227162065353295e-05
0.00033707084777274667
6.298004593444789e-05
2.474525002169888e-05
0.0002316827949434356
2.2637947236183463e-05
4.138049977378333e-05
0.00016106602326869187
9.769390324888086e-05
5.3699705205471305e-05
7.145812904100818e-05
6.130050120869695e-05
3.951859500857283e-05
5.845269162391056e-05
4.096478698000923e-05
3.5338500882872226e-05
3.547903034228907e-05
6.391926491889594e-05
4.204940669737968e-05
9.827827372379212e-06
2.908786679939209e-05
4.5596929295091184e-05
3.7695291599009734e-05
7.929349954410824e-05
5.0946485880354434e-05
5.1655344375027903e-05
3.6166134493070495e-05
3.4707840924738526e-05
5.889799970196909e-05
3.013023677884243e-05
0.00011482422504234351
2.2583615311050413e-05
5.778391437462236e-05
3.940871394441926e-05
5.80071408132329e-05
7.86963086494274e-05
0.0002046125781931239
1.873379959730364e-05
1.9655654744758425e-05
1.1440395916662296e-05
9.33083772612899e-06
1.3669317841721308e-05
4.665418863064495e-06
8.25579202994027e-06
9.469204349245106e-06
3.933320508922607e-05
4.428413312898598e-05
4.759592240009211e-05
4.770780117785501e-05
5.187511653243054e-05
0.00026071622240587635
7.52717813323109e-05
0.00013195719745365245
4.6539744511408466e-05
8.629867246415453e-05
5.338687015141075e-05
3.396329093891523e-05
0.00011985948771830702
5.88204976727424e-05
1.4547245738808125e-05
4.029046483726394e-05
3.4566718383569585e-05
6.652379054298206e-05
1.437900157802671e-05
5.923023496087404e-06
2.200849479414522e-05
1.657767539553664e-05
9.212939680813317e-05
5.310618629514386e-05
4.0136676999262893e-05
0.00012098366905785966
3.4518230376237385e-05
2.6043158205001052e-05
1.1711418821208023e-05
1.0771119500627319e-05
1.539761683438822e-05
2.0679064759481557e-05
0.00011314524463517429
3.9432462171170486e-05
3.997621583981145e-05
0.00013972133199981809
1.3785061971117648e-05
3.5770014414243384e-05
2.4683141951557436e-05
4.9897922827014254e-05
2.495209726385782e-05
4.420335098225296e-05
2.916936028695113e-05
4.4059382387393504e-05
4.665418863064495e-06
9.873256780622974e-06
9.469204349245106e-06
1.61968027392767e-05
4.3000123710739395e-05
5.203389383899118e-05
4.665418863064495e-06
1.9997864647994227e-05
6.5518849149194755e-06
2.423988899949341e-05
4.044737432109615e-05
3.687116627580756e-05
4.478774100971588e-05
5.7508663139451926e-05
4.665418863064495e-06
4.6606832766674535e-05
3.105853898152002e-05
2.464971699090293e-05
4.4583664199644717e-05
9.698697758312076e-05
0.0002878657317941663
4.097384292860647e-05
1.9655654744758425e-05
2.044131825460003e-05
4.665418863064495e-06
4.867192095043777e-05
6.11642839408387e-05
3.290013009777057e-05
4.2918574543859386e-05
6.456425710855762e-05
5.3813864121964936e-05
2.603088069355389e-05
5.263939463909077e-05
2.7749188285436082e-05
8.588322589574774e-05
8.884535244131106e-06
9.747920102114632e-05
0.00016915649848871765
4.015999429429369e-05
2.8107405170899253e-05
2.4838361255151927e-05
9.33083772612899e-06
9.33083772612899e-06
9.274443543854986e-05
0.00011919833273017553
4.846727648477158e-05
1.3154526848945592e-05
5.8190704259340925e-05
4.665418863064495e-06
4.665418863064495e-06
1.866167545225798e-05
9.33083772612899e-06
5.595768248329517e-05
5.911630231949396e-05
2.5384491946715795e-05
0.00013030707410729902
3.0629076199460134e-05
4.928136070580902e-05
0.00010706181177959546
2.6703860073478178e-05
5.15509344617798e-05
1.9655654744758425e-05
5.478553565999345e-05
4.773655756887783e-05
1.939191119959473e-05
1.895234047604793e-05
6.240447013170843e-05
4.642591851894178e-05
7.58018997452634e-05
2.9806604134624155e-05
5.762296948504687e-05
8.507733465222233e-05
1.1757903104622817e-05
3.831228259020549e-05
3.8927183529488904e-05
3.7312579783881927e-05
5.983917887993905e-05
4.3957246988061106e-05
4.211144103577712e-05
3.8562332135052996e-05
0.00013627338105320054
3.8562332135052996e-05
3.598778070118569e-05
0.0002528017658162529
7.054741862773691e-05
4.7028350799206704e-05
3.3943573390552293e-05
9.815484590610552e-05
7.658042199531383e-05
1.989139373038357e-05
1.517529719227177e-05
5.3998926276930585e-05
2.074003103014175e-05
3.560885587006143e-05
5.3400724810002636e-05
3.436385350355533e-05
6.924281320731121e-05
1.526425159390706e-05
8.25579202994027e-06
5.0790837060862796e-05
2.6482700707876255e-05
4.807959474521544e-05
3.5023460357161435e-05
5.761907536844344e-05
3.7584095421225545e-05
9.33083772612899e-06
2.331482452240702e-05
3.5903731668757734e-06
5.180781259191729e-05
3.90115179710766e-05
3.8976516308217663e-05
3.333598941697511e-05
2.1427347008742355e-05
4.734602174622553e-05
2.3159725990379063e-05
4.127896014970135e-06
5.098051855050086e-05
3.0369360809146205e-05
1.6379712287298686e-05
5.8730014965648446e-05
5.034971057497927e-05
4.697422140534088e-05
1.3996256589193489e-05
2.56537590291993e-05
5.927960556445419e-05
4.665418863064495e-06
5.189095109661671e-05
4.665418863064495e-06
4.665418863064495e-06
8.25579202994027e-06
4.665418863064495e-06
4.665418863064495e-06
2.9755205500811957e-05
4.998904973767712e-05
2.650387566215417e-05
3.7051989731166863e-05
4.127896014970135e-06
4.665418863064495e-06
9.33083772612899e-06
0.00012672380680528827
0.00015047475636680092
5.838091640460582e-05
8.35696763360943e-05
6.467619484021665e-05
1.3103769829838951e-05
4.665418863064495e-06
4.665418863064495e-06
2.2852137022938115e-05
4.665418863064495e-06
5.3484246835085417e-05
3.392663276384207e-05
4.665418863064495e-06
5.286176956617526e-05
4.665418863064495e-06
4.665418863064495e-06
4.665418863064495e-06
4.665418863064495e-06
4.665418863064495e-06
7.626930611108198e-06
4.926006472533138e-05
0.0001964937348191886
2.8044263819422144e-05
2.1369952231469885e-05
2.735466154342979e-05
1.14498722826852e-05
4.423491718016212e-05
3.5862489239066194e-05
4.9892521329311625e-05
2.8389942767557962e-05
3.6470534357664353e-05
3.331714568006448e-05
2.4441408231611525e-05
2.6763479665678007e-05
4.458459196694469e-05
5.21075479646433e-05
3.2823452900043505e-05
1.851082853150521e-05
6.664302684407158e-05
4.351170169703918e-05
4.5561303912984154e-05
4.6064698404066585e-05
2.927212769213963e-05
5.276132300117897e-05
3.787530755551724e-05
4.364605007612428e-05
4.7161060273168324e-05
3.115611847985442e-05
2.425106935041103e-05
5.4391571053129833e-05
4.5408006083474886e-05
4.964998967687706e-05
6.063542707022892e-05
2.0210161935555183e-05
1.3719671410127965e-05
3.2759424574597377e-06
3.1671326210961356e-05
3.831228259020549e-05
3.333598941697511e-05
4.597786046591171e-05
5.123840325146002e-05
4.0221116385031935e-05
5.6859080916075305e-05
5.9793450218796456e-05
5.259170621785882e-05
5.5495306073033065e-05
3.2701177696732556e-05
4.183160611183276e-05
7.626930611108198e-06
7.388043850002541e-05
3.7063364627106734e-05
2.1080553878174443e-05
1.282687951459965e-05
4.665418863064495e-06
1.3103769829838951e-05
3.72910824903968e-05
3.122044115475081e-05
4.013810379336862e-05
3.813465305554099e-06
1.810333981410009e-05
4.367371192514636e-05
3.8309780446258104e-05