0.008008176278771047
0.00019763342858263898
0.0004377506086031711
0.00019655161473525136
0.0008803900968967669
0.001827930017037838
7.104366435397373e-05
0.00016413532684260174
3.5628870773450936e-05
0.00014240293279505633
0.0009391403022932129
0.0001933232878735769
2.3752580515633962e-05
9.641538291332468e-05
0.00041405897227658186
1.1876290257816981e-05
0.0001299474922330118
7.825159382510707e-05
0.00014655820137104593
0.0001697201893197037
0.00011197788365193273
7.333983236289745e-05
0.002469324596429797
0.0008381950929989218
0.00021523345210156577
3.797546639096561e-05
0.00024779848394286877
0.00032870889583886374
0.0002367608617539629
8.98043063131792e-05
0.0005327597943383313
0.0007143529711690511
0.00041522588971930775
0.00019073877142541175
0.00014266475825823235
0.00018870697807323513
0.0001445388766181911
0.00013060841796945947
0.00017235878080327222
0.0003154619636863378
0.000267822387715244
0.0004012625722547801
0.0001307780960899699
0.00010123328400393984
5.8646685698899476e-05
0.00019815143209350497
0.00011141524667631553
0.0001070115621738836
0.0001186610309233823
0.00038593001508377335
0.0001064540804591688
3.385039179718507e-05
5.8048606944220134e-05
2.8192403461673793e-05
3.34861635466759e-05
5.877378808625677e-05
6.321561374699971e-05
0.00010296283607178236
0.0001015185295737643
2.7610087455629495e-05
7.574485112286691e-05
0.00016557567666199472
0.00011822619257962475
4.5481009531357874e-05
1.212754777969915e-05
0.00037590639308751075
0.0019432350512144207
7.533236929266595e-05
0.0002545802839795555
0.00030968977214572104
0.00011145378383558473
0.0001566122490271454
6.214880063317956e-05
0.0004741779996873064
0.00010324205472727936
0.0011026935474879838
0.00067138540759685
0.0008650972549388064
0.0006061359019235894
0.00021265011453945091
0.00018598702711740859
0.00011644981479710473
0.000124698572069834
6.951028591443532e-05
0.0001373144738540495
0.0005142520544053593
0.0004804456259307685
0.00011190938010396209
0.00013972687368813885
0.0001226324049065099
0.0001145573213003284
5.197557468151495e-05
7.942840958363852e-05
1.5077648611640097e-05
0.0001225991622191432
0.00010894396973208805
2.6121683593891897e-05
0.0001131430821220504
7.684988646130278e-05
5.678313010000365e-05
0.00011559062028609367
0.00011622582479432648
0.00015461648975152517
3.638264333909745e-05
0.00015746410090879224
0.0003926136182022263
0.0004503154510146294
4.017467765239724e-05
0.00015768287535406625
0.00019558004149484708
0.00046499345322740415
0.0001192121325053005
0.00010859071488910825
0.0002257296887767557
0.00020124820450905217
0.00024803483669495735
0.00023542543678254393
0.001578884202693892
0.00043702597523487583
1.8279307867197938e-05
0.00038927509517889294
0.00018729055161912584
0.00028374087557838854
0.0001422754823757933
0.0017947700103449205
0.00023591068588717438
0.0002507751198291575
5.347424193592707e-05
0.00073124534729566
0.0002193445086868062
9.801822397704521e-05
0.00010711597981933422
0.00014910117996510657
0.0001412766673988122
0.0002047737477394746
0.00013091291484467073
0.0001010723865391773
0.00013184508788072685
0.00014567532507829195
0.0003317096878475404
5.3839871396319025e-05
1.0507972095707974e-05
0.00012198365288903721
6.393962895023846e-05
0.00016407269987621563
7.574209764045569e-05
0.0004254699361623234
0.0007844909572783703
8.823938974623405e-05
0.00012121827370097069
6.347988323976361e-05
6.811506467452608e-05
8.571224572153692e-05
0.0016959705848138087
0.00027205290717001885
2.543306900145596e-05
8.614854366066834e-05
0.00033504731620388083
0.00023904903087296043
0.00018129180700565675
5.267598668833522e-05
0.0005767073929910808
0.00017307397909105916
0.00012358952161171618
0.00014048173792370565
0.0002687498647948789
0.00014382774558711683
5.5118852598879406e-05
6.653730664716734e-05
0.0003583732567625266
0.0001252859594125092
9.711696124408906e-05
4.285612286076846e-05
9.508086126687519e-05
0.00013217591131910842
0.0002429817392572142
0.000440554576429096
0.00020774486862300018
4.027759557817562e-05
9.649015583165522e-05
0.00010925352335884845
0.00020922085773785883
0.0003161481628133618
0.00011668001580690517
0.00037648991743225504
0.0001502267332677642
0.0009935150598906729
0.00011015127048108501
0.00029893269487017037
0.00023602989792593894
0.00012061706364996776
1.1876290257816981e-05
1.4661671424724869e-05
0.0015375090008961307
0.0002553818336883545
0.0001974561965987534
0.0001432429337511641
0.000260469823858061
0.00015025458328769825
9.246063057928079e-05
0.0001341632906951199
6.311259233444549e-05
0.00012231204567315188
5.895539848110895e-05
1.1876290257816981e-05
9.793154011401488e-05
7.889486187100164e-05
0.00017163923641639852
0.00016258758116475072
9.402886610329187e-05
0.0002510574751349287
0.00012091240318667508
7.772940204857685e-05
7.286698720700862e-05
9.780077085048784e-05
7.330835712362434e-05
0.00013978064051572563
0.0001060354370724582
2.1015944191415948e-05
0.00015698710647841328
0.00015759255528492605
0.002323440765418505
8.008471692662804e-05
6.364587732553953e-05
7.567437190628422e-05
0.0001461642900349478
4.644178407696528e-05
0.00010789664113577316
8.241056203805461e-05
0.00018136860478001264
0.00019494312223127092
0.00012728728997116927
0.00011610446019241321
3.1296679293489026e-05
0.00011477333672899375
8.636600227619649e-05
6.104092446062742e-05
1.9415114563637026e-05
0.00012258348658934588
0.00011590004482119183
0.00012817022323966725
0.0002145107250206178
7.097543125801793e-05
4.5226239873890184e-05
5.553455529339939e-05
0.00015997410001537598
0.0002674925103956517
0.00010648653651828149
0.00014762520184611808
0.00042872499993636506
0.0009647191749599787
0.00013419458570054137
2.0119757310091063e-05
0.00039663641225405496
0.00010402280224426095
0.0001300745744728519
4.082061634745121e-05
0.0002917894059532193
0.00011947269950831581
9.87280982993767e-05
5.444593221585988e-05
0.000277249888350183
0.00012005554065329393
2.4104806591438343e-05
3.479661549788576e-05
6.530420898472973e-05
0.00010194746935322387
7.603057291310123e-05
0.00012482386765108722
8.953117501433302e-05
0.0002843029035920445
0.00012157204875424947
0.0004338887767344848
1.6858491452393667e-05
0.00011141655076707689
5.980405009864619e-05
0.0001321950787007036
2.9122671845455537e-05
0.0005895693474745367
0.0005220540245550752
4.1296821890911746e-05
2.3752580515633962e-05
0.00015301468275025386
0.00012144497867834772
0.00025805167759591446
0.0001427220183731328
4.872575786198064e-05
0.00016795512091900884
0.00017943831253553415
0.0001255325146427153
4.890038542524392e-05
0.00013687318917275242
4.571294628931082e-05
7.52310792909496e-05
9.235929972964665e-05
0.0001480210106888643
0.0001319740884458936
4.570015589924e-05
0.00015261696124220273
6.889292321251606e-05
8.227355244245249e-05
0.0003547183290029295
0.00011306193843745785
0.00011852057135234727
0.00014506004143364996
0.00014969932791149835
4.087746830216995e-05
0.00044398147392287173
6.564153252378294e-05
0.00017805247437814033
4.96981574201331e-05
2.1015944191415948e-05
5.532566483078606e-05
0.0001005033179060912
0.00021107986138744355
0.00029498451306889085
0.00010906114558783105
6.876527284161461e-05
0.00014050384398233564
6.530420898472973e-05
6.597752141126191e-05
0.00017003615608661502
9.271448512631188e-05
0.0002213167779984106
1.1876290257816981e-05
7.882906056804448e-05
5.573014089235834e-05
6.650853877470033e-05
9.869075738567693e-05
3.6558615734395875e-05
0.0001702382633799234
4.042058286946684e-05
0.00016556197941003565
0.00040781065522902803
0.0003058561386812945
0.00014843018494827527
9.707557281818513e-06
2.1015944191415948e-05
2.6666469473481773e-05
0.00019929861221602163
4.7700140402027434e-05
1.6069871060958895e-05
0.00014220657030259286
3.5394732776663885e-05
2.501771735912852e-05
9.097571683554614e-05
0.0001381486537010037
5.999955631533399e-05
1.5542671542979927e-05
7.947954435554075e-05
7.923197798697312e-05
0.00017539699863386047
0.0001703447327705512
0.00012407152705971503
0.00010704484282088508
0.00014977849257662105
8.256675392512292e-05
0.0002264617304703757
8.995768784743955e-05
1.1876290257816981e-05
0.00025454545454545456
5.538169391999147e-05
8.90351563997555e-05
8.682472574639808e-05
0.00012865853973843732
7.587569148509926e-05
0.00015159625271778319
0.00011760654297064262
0.001106477260530148
4.69303129641246e-05
0.00014554994976925082
0.0004051820534831911
0.00020656582068513882
0.00014022657259790873
0.00013327619806784196
7.764686114813286e-05
3.7700043691130766e-05
8.92458873952027e-05
0.00015025806001122232
2.9323342849449738e-05
0.00015374954880510545
9.980679692829244e-05
2.4682024574844176e-05
9.802806952068998e-05
6.108676455907446e-05
6.315138891274082e-05
0.00020919228498989513
0.00028199620440472943
4.999881000422987e-05
7.048579226180733e-05
6.671391295767606e-05
0.00026462031816999667
9.759087295078488e-05
0.0001280723083478727
0.0002369431472564828
4.017467765239724e-05
3.509125375367708e-05
0.0001420271561298629
6.787556758082148e-05
0.00012323153004548305
0.0001312556925067478
0.0002948858614040048
0.00011452344455358618
0.0001913481466085435
0.00010914943799725206
4.999881000422987e-05
0.00015214233591227125
7.718018119355875e-05
0.00011817531883254889
0.00018915378710405008
5.131584998653704e-05
0.00011177471616597215
0.00014812587501083986
0.00012504861283893165
9.779002074742354e-05
8.053041667553529e-05
0.0001052812545034725
0.00011106911058679878
0.00010719888430067423
2.1778372886343955e-05
0.00011015907017829957
8.091655463039838e-05
2.1015944191415948e-05
4.523294583492029e-05
7.077971188061786e-05
0.00011467640366024877
1.1876290257816981e-05
2.1015944191415948e-05
2.1015944191415948e-05
5.93814512890849e-05
0.0006185880508640747
4.523294583492028e-05
2.457444638706334e-05
0.00012985318640096647
0.0004323495414374731
0.0018779233642562065
0.00012979920587483603
0.00017160951001806083
3.6753595105155386e-05
0.00018055732564529952
0.00010077208967412779
6.173352213840632e-05
6.870787091470372e-05
4.001773167712577e-05
1.1876290257816981e-05
0.00025561420266675494
0.00041286887474111466
1.1876290257816981e-05
9.374653613920246e-05
0.00011981186473315849
0.000156261435804649
9.371649573320733e-05
0.00013650559756885332
0.0003191460427408518
0.0003436342942369261
0.00010564263731596417
0.00014798954301298205
0.00011522915925402775
1.1732405108961966e-05
0.00028186143387938425
8.241287566783277e-05
0.00023458313874240522
0.00013825707007072714
8.643938366883668e-05
7.503970644765788e-05
0.00025611354305664943
0.00011055352419681982
0.0002470662643710283
0.00020489656350019067
0.00023109326912867158
0.00014424454378791503
0.00011528837515717206
0.00027873798462668784
0.00016083458848145413
0.0001283790762622633
0.00015177477615174986
0.00019077558364629675
0.00012271827381897296
0.00019296131599154254
0.0002659732319063385
0.0001351871078329182
8.17549366043399e-05
8.323531719940105e-05
4.048790668573881e-05
0.00013245748015653595
0.0001340531030979695
7.42535235464628e-05
0.00015013191236263237
0.00011139504442641281
6.299150845523666e-05
0.00017805734566184522
0.00021629139894533564
0.00010794233418733302
5.444593221585988e-05
1.0507972095707974e-05
8.034935530479448e-05
0.0001495031260965547
0.00010265867598456252
7.505315207738556e-05
0.00017827221815383234
0.0003836377737014308
0.00011583576828234938
0.00020705829639502095
0.00015171563789896745
4.169619559854754e-05
6.131620245325495e-05
8.949732733325253e-05
0.00022076206518060765
0.00016549080434179368
0.00019094646463980428
0.00036974923060587457
0.0003017978520233776
0.00016765889575295488
0.00014192196155098753
1.1876290257816981e-05
1.1876290257816981e-05
9.692814404933959e-05
1.1876290257816981e-05
0.00014655820137104593
0.00013669796957104777
0.00017674008897534558
0.00013288155386054817
0.00013799444288793006
4.936404914968835e-05
1.3625822767389986e-05
5.962517550253429e-05
8.317779824964219e-05
0.0002998614960826651
0.00012095342828258035
8.636600227619649e-05
8.63640543862243e-05
0.0001562650186376336
6.464657741106618e-05
4.048790668573881e-05
0.00011713446214325493
0.00017662120967897944
4.181854005467749e-05
0.00012185806038155899
0.00018929756047704696
1.5077648611640097e-05
1.6333779664757964e-05
0.00024307891788076335
5.013156979688819e-05
5.999955631533399e-05
9.667973162146403e-05
0.00010660760677369655
9.93963148402662e-05
1.5077648611640097e-05
9.863839893062905e-05
0.00023068831607480318
6.741436292196981e-05
0.00010961529692986106
0.00011146182562632781
0.00015583395588041193
5.0906564247934106e-05
0.00011128833868318371
8.545980345506757e-05
0.00017072030584147334
0.00012728728997116927
8.514875269119577e-05
9.147999778167397e-05
0.000208559923472623
1.4661671424724869e-05
1.4661671424724869e-05
8.69915387447144e-06
1.1876290257816981e-05
8.175938144719413e-05
0.00011020333827498958
3.919617341361865e-05
0.00014596302540338283
0.0001669540968012426
0.00013762062868622477
0.00028446965280154164
0.00018055546309381657
4.608386183077319e-05
0.00012711190564606211
6.704288600228749e-05
0.00012515825859391733
0.0003689989171322531
0.0001137749399546604
0.00011634593528980894
0.00011101651843704936
8.657487868941672e-05
0.00015367001541126518
9.402886610329187e-05
5.4166720166339265e-05
0.00011340388598433722
9.179590045246815e-05
0.00013109169557549275
4.7424686353436825e-05
0.00015800730033621428
0.0001646397215852555
4.017467765239724e-05
0.00014214618469547618
3.9806327931431804e-05
9.567407330427174e-05
6.746826588557967e-05
0.0001555064545812048
7.196155612488868e-05
4.662801462893978e-05
0.00010802263703374836
7.868220038782984e-05
0.0001693787294123754
0.0002378535160572272
0.0001263861100433658
8.381435329023407e-05
0.00017986725781203084
7.42535235464628e-05
6.963402642495488e-05
4.4176139929007195e-05
2.2616472917460145e-05
6.0641346041810486e-05
0.00013132097585011215
9.947908334925891e-06
2.1015944191415948e-05
3.479661549788576e-05
9.949544833201139e-05
9.651865116826555e-05
0.00025467850337368214
0.0002834786958000832
0.00013600310425126083
1.2213647006744056e-05
7.283023276664689e-05
2.1015944191415948e-05
3.213974212191779e-05
8.78812632665917e-05
7.387559129832766e-05
2.74189618007969e-05
0.00015230510160013205