8.88677810372417e-05
0.0022941023253987367
0.004739013998545088
0.00341514550169631
0.001265113365869995
0.005908047011748169
0.008518591820535522
0.0008989911816431828
0.00019083691651042365
4.358376510843391e-05
5.8584544201019866e-05
6.841383554220672e-05
3.1987252711466774e-05
0.00011822474488900494
7.060273049731934e-05
5.177970942363941e-05
2.9060077336256264e-05
4.4433890518620854e-06
2.6660334311172504e-05
5.003911276664984e-05
7.468269976859549e-05
1.1037997621104801e-05
7.638776880485607e-05
4.54102477997508e-05
2.15605950630158e-05
8.88677810372417e-05
0.0003351799164502254
3.905636280067991e-05
0.00018986210533382928
0.00011151396212481362
0.0007579730123525723
6.268363385208182e-05
0.00023976770285780312
5.0859355386240166e-05
0.00024829590130337535
0.001323485428179791
3.069256379828615e-05
1.3678021451061014e-05
9.724789096641271e-05
5.629383365081533e-05
0.0003699051844780461
8.419937912333369e-05
1.846903963996122e-05
0.005938922918859669
0.00010658925211723752
4.795608213014327e-05
5.094590545662845e-05
6.0797725418668746e-05
4.4122631263525456e-05
0.0007626787886340988
9.899282158406715e-05
0.00010020292865730469
0.00039261016677443855
5.6008428581075404e-05
3.205934687972993e-05
3.7022394729191674e-05
0.0001732139828047066
4.2191564593944625e-05
0.00019519349531203268
6.43480549896991e-05
9.733206710030822e-05
0.00025838616518588314
5.7168805611713914e-05
9.374884721079705e-05
0.00013931244753406007
0.0014409237746306116
0.00024336002987824655
6.259432167854387e-05
4.573891183893663e-05
0.00014155431815958262
0.0003080287212286107
0.0005846491268992577
0.0001337362729918337
0.0003536127185156385
0.0009873918199829676
4.333873401764044e-05
7.73181675910008e-05
0.00023691992822595428
0.00011507539370974926
0.00010261810750369083
8.625772949113602e-05
9.29225961512242e-05
0.00013026134236717793
1.4273272785911381e-05
6.49591852442882e-05
0.0003439265305861961
4.586918670276235e-05
0.00012694190448368567
8.186362930732184e-06
4.343655114054186e-05
4.376908448448493e-05
4.4433890518620854e-06
7.862894414627338e-06
4.4433890518620854e-06
1.0258516088295759e-05
3.525977634675222e-05
4.868076097583693e-05
3.0333312573625145e-05
0.00016188852220259205
8.696933911577858e-05
2.9717303795135627e-05
1.361218323073086e-05
8.546616220805628e-05
8.886778103724171e-06
0.0007304956727271441
0.002358101747194281
1.2765530400895307e-05
3.6470532886757475e-05
4.001365005681462e-05
8.886778103724171e-06
8.886778103724171e-06
2.496030864923528e-05
7.965388589818801e-05
5.0979582338334285e-06
0.00042444048957521283
2.9527195170353556e-05
5.228765244315279e-05
4.0424179602835145e-05
0.00017955639119295638
0.00018340344333863748
9.0705083583486e-05
7.355615763363448e-06
4.6915751558217435e-05
4.4433890518620854e-06
0.00023199906155993465
0.00013217069027863146
3.162897879046057e-05
4.4433890518620854e-06
0.00038399244380802423
0.0001448405753310241
5.4855101110164885e-06
8.886778103724171e-06
2.121443542059586e-05
4.4433890518620854e-06
4.4276523797703705e-05
3.931447207313669e-06
4.4433890518620854e-06
3.631980425702826e-06
0.00048776006324160526
7.470516621490515e-05
0.0001737077869104821
5.617027550233178e-05
4.64336466900553e-05
5.151713894672745e-05
4.233129381998294e-05
3.899997330894661e-05
1.94461144423507e-05
8.52696905651063e-05
8.360474437599512e-05
4.1320094965024686e-06
3.548511462001425e-05
4.014027659411115e-05
5.1150260816297314e-05
4.290554756560962e-05
3.35176373161387e-05
4.215219406220705e-05
5.835877931264657e-05
4.4433890518620854e-06
4.4433890518620854e-06
5.32785591121881e-05
4.424512443649043e-05
5.073266414501598e-05
0.00025227326824541136
0.00010643132774676057
6.34990232414336e-05
0.00010706294337966906
0.00010661056169318672
0.002416593736266535
0.0002893210698396944
2.1791882554216955e-05
0.000258426972092408
0.00041483181358193533
4.761538858868425e-05
0.0001462613306793703
0.0002668533992373246
7.674603957627889e-05
0.00021160275713121962
0.00018009462357501582
7.97407187451067e-05
6.140950570285909e-05
2.9298923008304394e-05
8.662845838846014e-05
0.00018109609231016003
9.734104276667555e-05
0.0015949956659493515
0.0012505056037165078
0.00047762053687646185
0.00036111437880973336
9.175242576895957e-05
4.263484528255315e-05
7.219444627040651e-05
0.0007428820286764859
9.0506905329677e-05
4.4433890518620854e-06
4.4433890518620854e-06
8.886778103724171e-06
4.4433890518620854e-06
8.886778103724171e-06
0.00015291163875546122
5.913623661669491e-05
2.2448202751920826e-05
7.661394333263791e-05
8.264018993004937e-06
8.616935513689226e-05
0.00018185899573082222
2.7936860161215287e-05
1.560019290577205e-05
8.886778103724171e-06
4.4433890518620854e-06
4.4433890518620854e-06
8.886778103724171e-06
1.043238694642398e-05
0.00012490918564090814
4.189534707121099e-05
2.892406647551728e-05
0.0001449455752415955
7.198227909448517e-05
1.5725788829254676e-05
0.00025119178673931833
3.126033235863028e-05
0.0001517954954068812
6.529261090082621e-05
0.00011855772121363869
0.00011481102991129037
8.920647873971539e-05
0.00011248468840226777
4.91079364362271e-05
0.00010716091625250911
2.6769758531517936e-05
8.80025014745904e-05
0.0001601350199210877
5.815982217460531e-05
0.0001155673855938892
9.865690502897849e-05
4.224253326520489e-05
0.00020592794280499234
3.3699149396305165e-05
4.413175057751691e-05
4.6912436364329084e-05
8.206544024498886e-05
2.6660334311172504e-05
0.00021768153124049518
0.00013439734557494642
0.0007855615610051283
0.00015392716125553626
0.00012539341268471223
3.677708229132496e-05
4.4963661963010065e-05
0.00012538639544482333
0.0004028097408011092
0.00014894514642562463
0.00020655717463563447
0.00010495782211651087
0.0004905260123109202
0.00010071017402455753
1.3384879265758968e-05
1.9164973389347374e-05
5.1077229047073184e-05
0.000287618880584229
2.1043306163332888e-05
6.372029814566673e-05
5.090301601992698e-05
0.00015924737708791935
7.670040198158899e-05
5.149884133049546e-05
3.486379700444299e-05
6.952847145656348e-05
0.00031092497507937615
4.587207920112597e-05
8.123399416490059e-05
3.9389873729224976e-05
3.100571330702471e-05
0.00010672051174821368
1.0895941277108478e-05
0.00012606423731755198
9.696370303799002e-05
2.9975774642006712e-05
0.0004095372452785775
2.4444447268419585e-05
6.56536267267274e-05
0.00024052834235033742
0.00010992897583442868
1.756341419258627e-05
0.00039373765033042603
3.4196465054803955e-05
2.1791882554216955e-05
4.095088065174809e-05
6.054815521580244e-05
0.00010348444965656674
1.0971020222032977e-05
0.00012555507784330527
0.00012904934654977494
3.127626883363421e-05
3.6719078757722266e-05
1.496546850128055e-05
4.705155395573101e-05
0.0002611366788140286
3.1716846490640155e-05
0.0002496904523552955
1.7445381109301022e-05
4.152751613749274e-05
4.1320094965024686e-05
1.496546850128055e-05
3.6203474522508125e-05
0.0001135207119738833
0.00032029775395379364
0.00015412429720224055
0.00035100164232782524
0.0001492449018649756
9.897575467953527e-05
0.00010265385135263789
0.001117634428874582
3.312952022504299e-05
0.00018814204941905414
0.00012720232925333673
8.626786527774025e-05
6.138607448227164e-05
0.0002023153364754837
3.155019695957079e-05
4.4817174384320374e-05
3.6640055415300395e-05
3.078874318460039e-05
4.430893028390164e-05
5.467983898304955e-05
1.5425988122232406e-05
2.9298923008304394e-05
0.0003266969110962349
2.908163800081444e-05
6.516316760899538e-05
5.609501198792747e-05
7.728442857121327e-05
8.622355526341495e-05
6.71900287558991e-05
1.1543149774975762e-05
0.0001291583415397587
0.00033433318888861213
5.552482626137715e-05
4.491720276116842e-05
0.00010900578051353784
0.00011922998512324788
7.905427685965641e-05
8.579277453508868e-05
6.699429438366733e-05
2.7516994257279798e-05
8.163043182498436e-05
0.00010685951272688679
0.0006632868804162355
3.68663074204547e-05
1.7337694780613423e-05
0.00011378882099152792
4.149537728813098e-05
0.0001839197446815353
0.00010510918416218524
5.171860727856411e-05
9.018559784285522e-06
6.697862504251001e-05
4.3727726320827955e-05
2.7356042902122027e-05
6.335788731151419e-05
3.580301039294911e-05
0.00017075568533958416
0.00016336794721181995
9.781926502176635e-05
8.336029827542588e-05
9.205693742566079e-05
5.33765183546215e-05
3.955727641152013e-05
3.0291050232975008e-05
5.774975424647364e-05
8.714693277559767e-05
3.6164937120917576e-05
9.761497666682232e-05
1.860952621768537e-05
1.163025407286735e-05
4.3324636069760136e-05
2.9305748766838234e-05
5.168686534757696e-05
3.2948666890893545e-05
5.7216428217841675e-05
5.553359209378751e-05
4.4433890518620854e-06
8.886778103724171e-06
2.2100794907227405e-05
0.00011633757144639233
5.270367682070528e-05
7.263960851405652e-06
0.00028102875873197445
6.796791812723554e-05
8.501741745308317e-05
4.945939789759938e-05
0.0002698378924497064
7.136290460394036e-05
4.4433890518620854e-06
4.6216356504437244e-05
4.761004377889513e-05
3.593331189206145e-05
8.021466948568858e-05
2.778117462827851e-05
4.3623089631877406e-05
0.00011201685716215081
7.864267078314035e-05
9.36011574346323e-06
1.1754228926946388e-05
4.302640378754874e-05
4.387556209733906e-05
4.539226766268989e-05
0.00017397240842090847
0.0005061438695131793
0.0002984071654161097
2.0391832935333714e-05
0.00025164467411994414
8.639214668486726e-05
2.5626416587263158e-05
0.00026672730340247157
6.897858179032223e-05
9.400318524792513e-05
0.00010201018361818749
4.6653043984369595e-05
5.003975426437664e-05
1.1282287198174271e-05
0.00010836982046537518
0.0004745497053491578
5.8946017618301106e-05
0.00011844645282745859
0.0001662756436303232
1.0973889843012912e-05
4.4433890518620854e-06
2.8772350228567337e-05
3.17495116207168e-05
0.00019283474165796924
0.0002350720912859642
1.3330167155586252e-05
1.7740569069212715e-05
1.437373004201053e-05
1.9953958001707402e-05
0.00010491521124702349
0.00022800486514308092
8.886778103724171e-06
7.862894414627338e-06
4.4433890518620854e-06
0.00015363445780218075
7.263960851405652e-06
9.727554525832357e-05
0.0009135606053435923
0.00024022435664100808
0.0002990137971520262
7.862894414627338e-06
2.7055679352856563e-05
5.759785616567312e-05
1.815990212851413e-05
0.0004053217426937283
3.631980425702826e-05
3.5547112414896684e-05
6.537564766265086e-05
6.537564766265086e-05
7.263960851405652e-06
1.9528181400339957e-05
3.905636280067991e-05
0.00018841331563840489
0.00014384600244215327
4.399122091445379e-05
3.3194525111884355e-05
0.00010065916459404263
3.512796987446389e-05
4.318810669929997e-05
5.840551453409515e-05
0.0004592873819928374
8.448822070310478e-05
2.9277010560126857e-05
4.1848373470456305e-05
0.00018696720722731383
2.1903815024821812e-05
0.000303189204941029
9.077744382534651e-05
3.8522461864629734e-05
0.0004196257251023231
5.2951507352033204e-05
0.00013244346582884093
0.00016058094356722228
4.992061729847056e-05
0.0003246698419144603
0.00018436134936261693
6.264247894843593e-05
5.390064331340209e-05
3.4890762218602044e-05
0.00037427354578900476
4.2723216053836155e-05
2.3656290186738532e-05
0.00010966641826627203
3.558105375156551e-05
8.826738916036138e-05
1.2765530400895307e-05
5.248774224599275e-05
4.5330806667792007e-05
9.934579331293419e-05
0.0008236263656263132
0.00012633301388819654
3.655609165361811e-05
4.4433890518620854e-06
0.0003550132891719261
8.388155803998139e-05
0.00044030982351419
2.605283838108159e-05
0.00015941389867913373
5.267544855296834e-05
0.0003095832167423558
8.886778103724171e-06
8.886778103724171e-06
4.015150210962396e-05
2.9319459286768812e-05
4.172883139341286e-05
6.882617788693012e-05
0.0007704707124426555
5.16219119670125e-05
4.0287242888595496e-05
0.0002962603003125417
0.00010303341116335095
3.319181305163145e-05
2.7356042902122027e-05
3.268782383132543e-05
0.0003134181692604091
0.00010754424411817184
0.00039064204172034963
3.087758228344848e-05
3.5263765601196065e-05
3.087758228344848e-05
9.906424825470637e-05
3.384314982179802e-05
8.590008106737318e-05
4.891875407714181e-05
8.334352388483551e-05
4.957333941964282e-05
4.469945357240191e-05
4.78465914444168e-05
0.00015412474267049284
2.619811261460932e-05
4.9406351633102065e-05
8.886778103724171e-06
7.862894414627338e-06
5.76129953520068e-05
0.0002033619356540939
2.791428932652805e-05
0.0002406527580837657
0.00010061543481876378
3.646045934000348e-05
9.278623018671779e-05
4.5603270806840545e-05
2.11576120685035e-05
2.4965814348154386e-05
2.8644146057126492e-05
7.168955647992017e-05
0.00014862212878245432
8.734736618539165e-05
1.3242566887407919e-05
0.0001694565477928582
0.00011631964434921062
5.98618740051222e-05
4.358376510843391e-05
0.00011869038423582941
0.00012457232703075796
1.7773556207448342e-05
4.446567427235555e-05
0.0001908705014715094
8.475003293365868e-05
6.754542910742307e-05
0.00013989208250796302
6.608096740458675e-05
3.6727129857449456e-05
0.0004841822460044002
3.348448343806216e-05
2.2066847290090345e-05
6.549583404901079e-05
4.238775365707259e-05
7.267057860228155e-05
3.787031080303316e-05
3.9121312539383514e-05
3.731044337236662e-05
3.4269472602501005e-05
3.833676866272712e-05
8.795837786030645e-05
7.070283050198667e-05
2.5222374634080296e-05
7.076989939540934e-05
6.24007716230882e-06
1.0895941277108478e-05
3.7647449212259086e-05
4.5089382110226166e-05
7.263960851405652e-06
5.447970638554238e-05
0.00014568902185891502
0.0001050202907620972
7.862894414627338e-06
3.364533960363192e-05
5.2166257381127446e-05
4.4433890518620854e-06
4.4433890518620854e-06
4.921289438386896e-05
0.00010001514285686423
3.404141440238749e-05
1.6296298178946393e-05
4.594841647454285e-05
3.185750998623008e-05
1.5293874701500285e-05
3.129193359374251e-05
5.8791947454411496e-05
2.46847954995742e-05
4.8031680732663606e-05
3.293886923438966e-05
3.5218581521145596e-05
3.6264645334233605e-05
3.351811919366807e-05
1.7445381109301022e-05
3.507428020772316e-05
0.0002535019870528241
4.0801572993688756e-05
0.00010017767685437101
8.722690554650511e-06
4.4433890518620854e-06
4.4433890518620854e-06
7.862894414627338e-06
3.931447207313669e-06
7.862894414627338e-06
3.931447207313669e-06
2.494244750213425e-05
1.0895941277108478e-05
6.24007716230882e-06
4.4433890518620854e-06
8.886778103724171e-06
3.006186594761841e-05
8.886778103724171e-06
6.012373189523683e-06
3.931447207313669e-06
8.07761339546e-05
8.698620421045423e-05
0.0002918310496050571
9.147782367787325e-06
4.4433890518620854e-06
1.6799067047845906e-05
0.00030894109154528185
4.4433890518620854e-06
1.7773556207448342e-05
4.3230557678964305e-05
6.16660895226389e-05
6.444932862853461e-05
4.356847306087427e-05
3.919782311164045e-05
5.1144107142714667e-05
3.180726444107944e-05
3.2640720114692146e-05
7.937200063053058e-05
7.3915895010522e-05
2.8283339366821578e-05
5.829407972751402e-05
6.076959632025475e-05
2.542017908757461e-05
7.862894414627338e-06
6.379200766455885e-05
1.3129023403800166e-05
5.351367595250628e-05
8.886778103724171e-06
0.0001629877263108647
0.00010246732184259978
2.743932668471171e-05
0.00011871294839537067
9.952300232444206e-05
4.4616264219196565e-05
0.00012689244582012965
4.5692630136668e-05
3.3705277708767884e-05
4.047213055064801e-05
7.387615855984488e-05
2.7174368712162172e-05
2.4309243533562522e-05
8.604934015527832e-05
6.44830462693553e-05
4.5913751054689075e-05
3.26353209777592e-05
5.219059016553225e-05
5.8001143484955534e-05
0.00016051386188313212
0.00017491090528331176
0.00010456602788805467
7.902644708370198e-05
0.00016489278160981098
6.800829535117771e-05
7.263960851405652e-06
4.081521591249218e-05
5.991789208954014e-05
2.4955669256339913e-05
5.6411435990871355e-06
4.600591616884585e-05
0.0001976857304872007
4.7529226874346355e-05
8.886778103724171e-06
4.7617751897907544e-05
1.5293874701500285e-05
4.397918893015323e-05
7.456547897935558e-05
7.743106886270534e-05
3.931447207313669e-06
8.886778103724171e-06
1.5648580419635968e-05
5.8692336977612216e-05
4.4433890518620854e-06
4.4433890518620854e-06
3.25469690005666e-06
3.112009811794455e-05
4.791243347336844e-06
1.8037119568571045e-05
3.7225175221494835e-05
3.20892966281429e-05
7.86845165335573e-05
1.5725788829254676e-05
3.2312045930722975e-05
4.601902089347664e-05
5.8561616126953836e-05
2.5925032840552557e-05
4.083654969219259e-05
1.3330167155586252e-05
5.676280974968851e-05
9.899282158406715e-05
0.00017789183000954708
6.491345202420452e-05
4.7627995465048225e-05
4.759697521505394e-05
0.00026464848960035324
2.3958453372469453e-05
1.0973889843012912e-05
4.3789749177650726e-05
0.00011200471012452202
1.262240459902339e-05
2.2722186481819895e-05
4.92443893145831e-05
5.303028580516372e-05
8.202134340340904e-05
4.262436365343341e-05
8.179599664779088e-05
2.9580446285302812e-05
6.262222620109514e-05
9.861796708057044e-05
3.904482195790094e-05
4.610578047197061e-05
7.87257825401355e-05
4.0760240097309204e-05
2.3612912426835337e-05
4.594700738981123e-05
0.00014089576949356217
8.886778103724171e-06
3.538494969770467e-05
9.357124576394166e-05
4.907789064111622e-05
4.4433890518620854e-06
7.862894414627338e-06
0.00017076736296648226
4.4433890518620854e-06
4.4433890518620854e-06
4.4433890518620854e-06
3.0061865947618413e-06
4.4433890518620854e-06
0.00017949042290482924
4.3324636069760136e-05
1.560019290577205e-05
4.4433890518620854e-06
4.4433890518620854e-06
4.4433890518620854e-06
1.560019290577205e-05
4.4433890518620854e-06
5.667621792910483e-05
0.00011136480834428189
4.4433890518620854e-06
5.256803501284632e-05
5.793358503174967e-05
0.00013739720091312824
7.908309000839268e-05
4.916413565211807e-05
3.165512674364713e-05
7.05989980505559e-05
2.5313337325039253e-05
0.00011219002397585493
5.7051417622082146e-05
5.7162335676540796e-05
3.303270897666479e-05
4.36503654334499e-05
0.00014353403685327405
5.2752956525877255e-05
2.807531668948589e-05
4.662274204787586e-05
1.371377527754122e-05
5.9039205252784876e-05
3.20225570950401e-05
3.540705466229045e-05
6.0095477061078195e-05
0.00015488750698286073
4.547270986994227e-05
5.595009668030974e-05
2.1043306163332888e-05
5.255976426358337e-05
1.7773556207448342e-05
9.582486694673687e-06
1.301878760022664e-05
9.936046490510745e-05
3.337835185089451e-05
6.351550676050565e-05
3.660229026767719e-05
3.239108002447498e-05
1.5030932973809205e-05
1.9953958001707402e-05
4.200937090105095e-05
4.047032331660364e-05
2.742755055508244e-05
4.9046578709777295e-05
2.074454167474938e-05
3.4195053627652534e-06
1.6456530333049465e-05
3.2363037825560414e-05
4.4433890518620854e-06
4.4433890518620854e-06
0.00011187004347242944
3.126540767773664e-05
5.3205092151523814e-05
0.00020911584494241587
2.8648147046066076e-05
4.4433890518620854e-06
3.931447207313669e-06
1.631879647738143e-05
3.571331392343066e-05
0.00010211282194950554
2.0777669594956374e-05
2.2448202751920826e-05
2.5892066354840604e-05
2.9926313232448366e-05
2.7639775253789158e-05
5.0982353990318606e-05
7.862894414627338e-06
4.652381554421343e-05
3.0129608154570223e-05
6.364330626178758e-05
4.493136808577629e-05
6.192632056699889e-05
0.0001806170619380301
3.6727129857449456e-05
5.652767778373383e-05
5.0754669670470494e-05
0.0001372209007124658
3.0173238046574925e-05
4.815732553715827e-05
7.263960851405652e-06
4.964036591400948e-05
4.482634867298656e-05
1.7445381109301022e-05
1.5651082403482614e-05
5.743297151052191e-05
3.223157125885526e-05
8.301618733778864e-05
8.67255648168152e-06
2.2593731344923724e-05
3.9275691137581626e-05
4.9972606244105666e-05
7.527595521584504e-06
4.200347985865041e-05
6.839010725530506e-05
1.872023148692646e-05
1.3678021451061014e-05
3.43283157804181e-05
0.000134932401071902
6.377422159742787e-05
4.604116472733547e-05
1.606398644486009e-05
5.076036736555128e-05
0.00011535152197834205
8.533811685846441e-05
9.414050270531375e-05
1.0895941277108478e-05
5.486911391584327e-05
0.00010636894028436267
1.0895941277108478e-05
0.00019311609519210722
3.984081731453214e-05
4.4433890518620854e-06
1.3678021451061014e-05
1.4673084244403054e-05
2.874746008402106e-05
1.0971020222032977e-05
1.5030932973809205e-05
1.710301791728181e-05
1.872023148692646e-05
4.094095767890781e-05
2.1043306163332888e-05
5.21619347321199e-06
1.3678021451061014e-05
4.3939787532329436e-05
4.876248018684284e-05
4.5208315898880146e-05
0.0001407288568135773
3.5634633164978846e-05
4.805138160453602e-05
5.0568145331882875e-05
1.5648580419635968e-05
1.0895941277108478e-05
5.538845333971541e-05
9.018559784285522e-06
2.954916411566138e-05
3.7998558197328953e-05
0.00013443032248801584
5.1008991689019555e-05
3.981040550319554e-05
4.4433890518620854e-06
4.4433890518620854e-06
5.706422718366715e-05
6.428357794016129e-05
4.4433890518620854e-06
2.1430208264802532e-05
4.4433890518620854e-06
3.5517389413540346e-05
4.246278708135828e-05
4.434322483999823e-05
2.2837819687454138e-05
1.1754228926946388e-05
5.7032316575813977e-05
9.960259265591933e-05
3.242051565190947e-05
0.00019938907850372382
7.615577061690145e-05
9.20118323376917e-05
8.886778103724171e-06
3.388611577859883e-05
0.00028658329126746086
2.3093874528049624e-05
5.486501621413084e-05
2.8205717995435677e-06
3.955727641152013e-05
3.660229026767719e-05
3.130216480696523e-05
6.373268960287011e-05
2.4432882738974012e-05
2.9395973727205748e-05
3.927980514917471e-05
5.2976316363361996e-05
8.886778103724171e-06
0.00011823353811449736
6.19663232979021e-05
1.248015432461764e-05
4.4433890518620854e-06
3.6354734738644354e-05
2.8515834855164947e-05
4.8082781813228426e-05
1.8865394028518215e-05
1.3330167155586252e-05
0.0001896765063336948
9.087472214782079e-06
3.224311224245589e-05
3.127626883363421e-05
5.1429088121279e-05
6.899070553525884e-05
5.6545211256512665e-05
5.855697561731061e-05
4.87436818890293e-05
3.4593172171236455e-05
5.678493570478518e-05
9.864895067238877e-05
4.456571674342728e-05
9.129662416213986e-05
2.777800699561129e-05
3.713039096397659e-05
3.806600225285287e-05
7.328011083060079e-05
8.634526796052562e-05
5.699139993893028e-05
4.4873204116243915e-05
1.7743447453395997e-05
3.834745093730569e-05
4.072272917408634e-05
2.092780214878885e-05
6.669867485551943e-05
5.74893448689976e-05
4.873321889949265e-05
5.814529998063661e-05
4.4433890518620854e-06
4.4433890518620854e-06
4.4433890518620854e-06
1.2216441369487006e-05
3.4195053627652534e-06
8.878128467348056e-05
4.4433890518620854e-06
4.4433890518620854e-06
4.2971784160285316e-05
6.111111817104896e-06
3.4269472602501005e-05
3.755584993375172e-05
4.2582137544017096e-05
5.1928418364282956e-05
1.158807857609391e-05
4.4433890518620854e-06
3.127578650931734e-05
3.931447207313669e-06
4.40490597456752e-05
2.5687457111748806e-05
6.559026616647292e-05
3.839924438080242e-05
4.728711977007568e-05
8.219167188893738e-05
3.216813608882242e-05
4.587207920112597e-05
0.00012099746346757754
4.975213925796478e-05
3.998487774504115e-05
4.4433890518620854e-06
4.0796991193453575e-05
5.219059016553225e-05
5.523087544391796e-05
2.1989594465076613e-05