0.0005059220482115667
0.0006728971190665418
0.0007715107017767192
0.0006330872495893309
0.00041642084000137545
0.00023547190739686203
0.00011446614011957389
0.003213901346432179
0.00014308267514946736
0.0009822924982457243
0.0020890388265605254
0.0012691303603444436
0.0008616673115757682
8.41984943566344e-05
0.00017426189652386696
0.00010411773774341937
0.0003097285451753308
0.002896353362142414
0.001572800540122437
0.00048529527966090783
0.0003429558343309962
0.0006673690591308286
0.00022735647081601642
0.0009315765114304086
0.0009489306842649156
0.0005476681473199029
0.0010901729264267694
0.0005620146142448564
4.383115152496189e-05
0.0002728968937280692
0.0007257896109789075
0.000360927348798056
0.000645380147089885
0.00033568861520803166
0.0008300513650286301
0.0006213175659898227
0.0020378073870236297
0.0003809329377679294
1.6885508265618654e-05
0.0002935079192128522
0.0004297011437697468
0.000472899682732496
0.00036307928706288115
0.00023044588518044453
0.0006073567817218878
0.0009598344847308613
0.000550138116402442
0.00037333315958924357
0.0002675140409583011
0.0004888173418681238
0.001608628528706057
0.00023983107486480644
0.0002700895950399431
0.0002115217267240739
0.00014415375826299813
0.0004661022664657524
0.0010778918875278733
0.000534346070586799
0.00044869033156598085
0.0010544060587910997
0.0004197433558204831
0.00047383783311641105
0.0003704352186669903
0.0006092193342395931
0.0005685976023677385
7.778491411713551e-05
4.758129109702315e-05
0.0003927406631437899
0.0001754886508693659
0.0006114461588229275
0.0010872111880252614
0.0009022788876107427
0.0001351649159145421
0.0003850877357045145
0.0008959571449884679
0.0004845890556193123
0.00048283213343033854
0.0013092968038341622
0.0004856501350199146
0.0017523902851272666
0.0003357946846563865
0.000878311885611505
0.000300919829832978
0.0004150466058550731
0.00038250493717909505
3.889245705856776e-05
3.2191248118908046e-05
0.00028117991789805357
0.0006270476139020344
0.00047087895173686736
4.758129109702315e-05
0.00010023123941958542
0.0018711500334607145
0.0003928812297864281
0.00036650640136888605
0.0007839388414597102
0.000537602853188723
0.0002601810063989842
0.0007247588919572518
0.00016721804027153042
0.0004391638498792511
0.0005678659771636282
0.00012097060324261241
0.0004870675030218328
0.0004006765317028925
0.0005157620546452638
0.00031022252021418073
0.0005140713759646708
0.002273481081462652
0.0010862785970611752
0.0002841910489559656
0.0008089567960729993
0.001337569196238058
4.758129109702315e-05
0.001149417283793153
0.00034191827361274295
0.0008748307344984027
0.0002673422619781532
0.0005718029582256921
0.0005346142952744899
0.0004674226631831926
0.00026548161015028357
0.0009048612593413304
0.000558183048221923
0.0011485684669287665
0.0023238760701862512
0.0010700561638332044
0.00012908943567500251
0.0001396418461057793
0.00029099219829273657
0.0004104640704782307
0.0003865664639555904
0.0005072807511480665
0.0005884194625951173
4.758129109702315e-05
0.0003697843902065074
0.0006712372458327094
0.0003335100879198814
0.0003599802579074094
0.000492646685641391
0.000542610127912559
4.758129109702315e-05
0.00041642084000137545
0.000863290526504262
0.00033885111854718144
0.0004920309597482297
0.00037985303099610736
0.0008080677108881966
0.000146468813038445
2.792836922115586e-05
0.0003078373850663921
0.0004473693570544747
0.0004269650296366228
0.00018309357331426282
0.0003495875208648403
0.00044131211509562223
0.00038454993780491487
0.00030735869465835024
0.00031042510697575033
0.0007289720900284146
0.001235473277246398
0.00025192186180464306
0.0002595132279933788
0.0010532194044154232
0.00048327127897825566
0.0005157600714741003
0.00023983107486480644
0.00010552080666733817
0.0003082505753747958
0.0006216451264335831
7.32344065192225e-05
0.00046923537979542734
0.0009033262115617158
0.0005027006996340725
0.0003776161566461411
0.00019050689196150697
0.0005990912493774366
0.0004421641078841526
0.0005954104999982555
4.758129109702315e-05
6.438249623781609e-05
1.6982551416570483e-05
6.694921180139984e-05
0.00034745344431993914
0.0004333890646465224
0.000645380147089885
0.000231868202885862
0.0003320195133293896
0.00010455713791432016
0.00035755563860257497
7.971080396575232e-05
0.00029048450877328146
4.758129109702315e-05
0.00043729742787360597
7.695934626659803e-05
0.0004304782815121833
8.41984943566344e-05
7.778491411713551e-05
4.20992471783172e-05
0.0003537896968438839
0.0007258891314319741
4.20992471783172e-05
0.00047499987874483084
0.00014023689699029803
0.000787054800313937
0.0004977384544086925
0.000561430716329016
0.00048312478322514146
0.00045727444577466157
0.0004264987197883365
0.0005355754863660811
0.0005120476816241085
6.438249623781609e-05
0.00038850230313467913
0.0005104302062240373
0.0005586136727895731
0.0007525162678631513