1.801754914256311e-05
2.2928552821443805e-06
0.00022404861690658847
0.0013645788453090328
0.0020943912083567517
0.0005254568464946734
0.0004836171803670851
8.470928775452337e-05
4.250864376799816e-05
2.4327168911000007e-06
5.746628039850797e-05
4.333779834263969e-06
0.00024360885271819483
1.5405040241384e-05
0.00010412321345912598
2.1668899171319844e-06
8.64438810831427e-05
2.7902508637543283e-05
1.917233268082757e-06
6.321378975352947e-06
1.0765713049806201e-05
2.1668899171319844e-06
1.763339954475077e-05
1.062716094199954e-05
1.209024410551576e-05
2.757517892395399e-05
0.00010706550596681636
2.1668899171319844e-06
1.3001339502791907e-05
5.8045206029946756e-05
5.029411094888799e-06
2.1668899171319844e-06
1.3217953490937466e-05
3.834466536165514e-06
1.2163584455500003e-05
0.00011145795704554249
4.865433782200001e-06
2.21158954974201e-05
1.4116703835455774e-05
0.0001728500468686415
6.93052197192673e-06
4.333779834263969e-06
0.0001995442208021857
0.001359474010762834
3.787434213651511e-05
8.088029481898585e-05
0.001212984309300089
0.00028006677628244754
0.0007383260792929759
0.0007950953855793903
0.0006337341511739091
0.00020397320051028498
7.514438481373693e-05
6.194871057855769e-05
0.00034840954609103284
7.790170800920363e-05
9.917270865863784e-05
0.0002493274317953931
0.0012255288721987128
1.3340612952268236e-05
7.068503384647066e-05
6.0766595261850113e-05
0.0014687636841337031
0.0004996491461341045
0.00022476065372250038
0.00030584715111018127
0.001097727215100175
8.847990204298077e-05
0.00018964946711614688
0.00016307472015346294
0.00011758165400138844
0.0007070524864702164
6.5006697513959535e-06
0.00155389605315318
4.333779834263969e-06
2.0010919428402353e-05
5.5727963581114486e-05
8.230370092372079e-05
6.670306476134118e-06
0.00019645482436684672
1.8675946753491993e-05
8.190533834286384e-05
1.6675766190335294e-05
0.00012537612667239215
5.612475109020606e-05
2.0236609246760884e-05
0.00047883150105944283
6.03529331386656e-05
0.00026812760289622204
2.471089766584709e-05
0.00028264765800251263
1.5130934922482232e-05
0.0001458426293754293
3.834466536165514e-06
0.0003882605262459938
5.104972257059548e-05
0.00016595488554179287
3.3775392193461465e-05
0.00010610286267441957
6.577971350486058e-05
0.00023610411198409686
0.00016714803414271328
3.0426199177509795e-05
0.00014565571411512794
1.917233268082757e-06
6.309805387104263e-05
1.3340612952268236e-05
2.7494330915998225e-05
6.007871901374087e-05
8.252982381207174e-06
8.299492486092007e-05
2.1668899171319844e-06
4.779944461176276e-05
2.9320301891984553e-06
2.4755276532927778e-05
1.5953945527735065e-05
3.357340180179636e-05
4.877325322707652e-05
6.825085216661858e-05
1.4224814264755587e-05
3.5423869806665132e-06
6.5929643764683565e-06
5.1092000421512744e-05
3.353812507698208e-05
1.50696328604991e-05
2.4155134536489115e-05
6.190525512771767e-05
0.00047602221281468465
0.00042738836444662095
8.744542016648198e-05
6.766912575505412e-06
1.9933864282376374e-05
2.1344695849170068e-05
4.195654002029626e-05
3.46440906354598e-05
5.075297982959837e-05
2.7077571820064374e-05
0.00013853764216075861
2.3547136234414226e-05
2.1406373356010006e-05
1.516822941992389e-05
2.1668899171319844e-06
2.1668899171319844e-06
3.834466536165514e-06
3.834466536165514e-06
9.129221047704174e-06
0.00021651786356471125
1.7104535129762525e-05
0.00014302088051110941
2.1668899171319844e-06
2.1668899171319844e-06
4.333779834263969e-06
1.0834449585659921e-05
2.1668899171319844e-06
2.6064396232161035e-06
1.7279039496947198e-05
4.350158084253479e-05
9.021827760470053e-05
3.564303895298966e-05
1.3757131692866282e-05
2.1757836630613884e-06
2.064353417786644e-05
8.850932549773134e-06
4.966969440214922e-05
3.3775212434559057e-06
3.373111205008865e-05
3.834466536165514e-06
8.164622621994282e-06
7.784694051520002e-05
2.1668899171319844e-06
8.292021360699194e-05
6.811045225979018e-05
0.0001272359780991751
5.635828861030271e-05
5.316165800018908e-05
2.1668899171319844e-06
3.3651971884966914e-05
1.47925262455819e-05
5.539966193081802e-05
3.788950976346659e-05
2.1668899171319844e-06
0.00029986473188275427
2.1668899171319844e-06
2.1511354423546367e-06
6.952642990901737e-05
1.136795539615629e-05
7.815225293247812e-05
2.295564140395951e-05
2.2978536525035645e-05
3.834466536165514e-06
1.0834449585659921e-05
2.1668899171319844e-06
6.91202798315613e-05
5.279731375010141e-05
5.3133220026826614e-05
2.1668899171319844e-06
1.4200046301544131e-05
0.00013383188245852043
1.6586828731041253e-05
6.276988961114187e-05
0.0001457097283742895
3.98291964739791e-05
0.00010875431734901884
0.00016693836314882207
2.1668899171319844e-06
6.745295359297698e-05
1.715604767612244e-05
0.00017181830154907598
0.00023466920883978532
0.00024934146482712485
0.0001719479411116554
9.006723315882416e-06
2.1668899171319844e-06
0.0001727372541329769
0.0045147849340453575
0.0001096385442035938
5.8952017107231614e-05
3.770137006353016e-05
6.463401412059149e-05
1.386104394385346e-05
8.123101094791153e-05
3.573641807052464e-05
2.1904319630597227e-05
0.0003904900730894991
7.150828214526429e-05
7.11597547039774e-05
8.3235017702302e-05
0.0009540227185432983
0.0004976301193752446
0.0002668389093912057
6.557515134556224e-05
0.00024520458347438806
0.00015712564556808704
0.000310729812117943
3.4640264044502294e-05
2.985597905962572e-05
5.230672335159467e-05
0.0001713374884286394
8.269404421145488e-05
0.00044281193044634165
6.119196015308549e-05
5.085717133022328e-05
5.598943963415867e-05
5.134849364939956e-05
6.190573972203642e-05
3.5556063059163675e-05
6.147724666150068e-05
7.042322639310173e-05
7.394401299974292e-05
1.861382894790734e-05
6.670306476134118e-06
4.663811900940645e-05
3.246497883856846e-05
3.549239209527914e-05
1.4697706750173555e-05
3.3256153817648466e-05
0.0001101314873192779
2.6182926596751145e-05
3.011589619296492e-05
0.00017011315139844194
8.360269217772161e-05
0.0002165492359680165
3.028335179031495e-05
0.0004920843183485527
0.00013935663745424335
2.1668899171319844e-06
0.00029999118698542936
0.0004481297511409223
3.198015638653115e-05
7.75982026490479e-05
8.194022473626023e-05
4.384441983543504e-05
3.2627227280986984e-05
0.00021658397536092339
0.0003749245257963365
0.00032156509530814766
1.7780527609830916e-05
0.0008849943766778616
1.7892124316649478e-05
0.00018681008953024613
3.6490753366500006e-06
3.1543109665247016e-05
7.093321829140686e-05
0.00012377053522719808
0.0003344341031280031
0.0002623151944470958
6.670306476134118e-06
5.738879396278071e-05
8.370376807938758e-06
4.65453352849547e-05
3.17886044173755e-05
6.18580347620693e-05
2.2407482037870043e-05
4.8957557544562804e-05
0.00030497350732162324
0.00014886382915768964
0.00035111263540795384
1.9858214857344476e-05
0.00011795098783218903
1.4771916337522916e-05
0.0002606485554644648
1.0316270865952918e-05
1.4785507717238032e-05
1.4903559333938474e-05
0.00010997499340245334
0.0002268072041064948
2.1668899171319844e-06
4.401440068966857e-05
6.808744606033141e-05
3.113501107411029e-05
4.7196653330231807e-05
6.0874898363146847e-05
0.0003084950149132358
3.885802675459111e-05
0.0002943378245381031
2.1668899171319844e-06
0.0001386905204028167
8.984199031670656e-05
2.5157602427243554e-05
2.52078984843963e-05
2.9177127568969713e-05
4.242021723356117e-05
6.0258906674297853e-05
9.773112965816813e-05
3.814970608139488e-05
0.0001248495030320229
0.0005373989831871808
2.6762455248466446e-05
1.759218113519073e-05
5.719520216950073e-05
2.0524211324389186e-05
0.00012044924796082341
8.50751981990581e-06
3.5423869806665132e-06
5.6513126962594144e-05
3.834466536165514e-06
8.294195270404051e-05
2.388573106930936e-05
3.834466536165514e-06
2.4365605248573914e-05
0.00010647693984572299
4.314829618014404e-05
7.521661536422098e-05
7.994334953087987e-05
4.5808099052224226e-05
1.3035085632095164e-05
8.518267608812003e-05
7.505329053053155e-05
0.0002741546619492015
4.453169631555836e-05
3.504384766373252e-05
1.1915087028304212e-05
2.0010919428402353e-05
3.834466536165514e-06
2.1668899171319844e-06
4.488382682969068e-05
7.42699026334995e-06
2.1668899171319844e-06
3.553350709614572e-06
2.065383163030881e-05
4.564610523852087e-06
8.607183348668342e-05
1.7806322691287227e-05
5.5318328436082086e-06
3.162076858649234e-05
3.335153238067059e-06
4.7765817758354834e-05
2.5807407279721513e-05
9.770021244548537e-05
0.0002799866980743182
2.4758947143621527e-05
2.1668899171319844e-06
5.0027298571005875e-06
8.796090567595365e-06
1.2568481385760408e-05
9.407553472384521e-05
1.5427897541758512e-05
1.9518325724140394e-05
9.063038789701944e-05
0.0002301081562573101
5.501988254138116e-06
1.712784581614733e-05
6.5006697513959535e-06
1.0723578325473792e-05
4.587707266652719e-05
3.1744102592582977e-06
0.00016990795198883454
9.290012746393159e-05
2.708184661879201e-05
1.5538976488984676e-05
0.00011241384702291576
4.6462944177221206e-05
0.000139396423550384
1.6675766190335295e-06
6.678438625205223e-06
1.35664891437155e-05
2.4533365036453783e-05
1.4249998102184932e-05
3.834466536165514e-06
4.27435637656017e-05
2.213453801054464e-05
9.36283936405945e-06
4.673489576261593e-05
4.2945092861460224e-05
0.00011331489691893728
2.1141442900043266e-05
6.508263975816333e-05
3.453830836320373e-05
3.636141393383603e-05
4.988248780143327e-05
8.358155346196626e-05
8.012679321970003e-05
3.995946509359375e-05
2.6907883885712616e-05
2.157684436466421e-05
2.5308876937586294e-05
6.687742402899607e-06
1.917233268082757e-06
5.31358047099977e-06
0.00019888808593475382
2.0536106621926946e-05
2.6838206922659992e-05
6.903827221742628e-05
2.466557944696362e-05
1.7266817928289647e-05
3.094881259785876e-05
2.803560081846752e-05
3.834466536165514e-06
3.342663572857262e-05
4.038047920212409e-05
5.078190112132242e-05
4.863384836806376e-05
4.52056505321572e-05
7.838405093886414e-06
5.757607679029109e-05
1.9479947206846064e-05
0.00020243898097930402
6.018184360400345e-05
4.464882371973788e-05
3.0513755977311418e-05
2.233464935779504e-05
0.0001393484257660682
4.012645441739764e-06
1.3204320206900569e-05
0.00010119395816464965
6.328011136592e-05
6.63819941232985e-06
2.1472414543291614e-05
6.919523904293417e-05
1.062716094199954e-05
1.0262105662194593e-05
0.00011076833757973274
3.338198722145452e-05
7.965949350259235e-05
7.661368214313836e-05
3.342145618507477e-05
4.666631499512378e-05
0.00012327618381546273
2.740825774569819e-05
2.8912559475614183e-05
0.00014703657392718943
9.551248435805632e-05
4.2041929611422385e-05
2.932030189198456e-05
7.675237532767476e-05
8.030228533315889e-05
0.00010854801140041602
0.00022652060858091035
6.014491463877872e-05
1.8810759100376912e-05
1.1966810146837635e-05
8.796090567595365e-06
1.5872051296291489e-06
3.29759443830563e-05
2.1668899171319844e-06
0.00010151014641818443
3.5423869806665132e-06
6.878565846433141e-06
7.805319214118678e-05
1.3288248570764648e-05
3.335153238067059e-06
5.651112322687163e-06
4.253759909952905e-06
2.442662519124606e-05
2.1668899171319844e-06
7.321472939491582e-05
1.4660150945992277e-06
3.335153238067059e-06
1.9657469294214693e-05
7.321472939491582e-05
3.043073682568058e-05
0.0004502625780756632
0.0004977347950633059
0.00019718741554917507
2.1668899171319844e-06
3.6490753366500006e-06
1.917233268082757e-06
5.734634083315899e-05
6.071796351519178e-05
0.00030644271077034165
6.703434298101223e-05
0.00021965619498540912
2.1668899171319844e-06
3.834466536165514e-06
7.746795477878103e-05
1.1993938875413804e-05
0.00014553998689120163
4.569871950633677e-05
2.215025295142293e-05
9.3793358072104e-05
5.55191304358185e-05
5.9422589659524063e-05
0.0001025163579874065
9.504969246795878e-05
3.620588961983611e-05
0.00013247161970695768
0.00016034386087175538
1.8669924623451694e-05
1.8228824769586614e-05
4.915576538818012e-05
2.677079589189301e-05
2.0539397459759825e-05
4.1703033971457656e-05
1.516822941992389e-05
2.1668899171319844e-06
2.1668899171319844e-06
6.5160990580402586e-06
2.1668899171319844e-06
2.1835524072094793e-05
2.750994127069058e-06
1.3757131692866282e-05
3.1744102592582977e-06
3.3775212434559057e-06
9.122538681256362e-06
1.087891831530694e-05
3.060561088265886e-05
8.814137776041401e-05
0.00011131478407050425
3.8415472654003526e-05
3.834466536165514e-06
4.333779834263969e-06
2.1668899171319844e-06
1.6675766190335295e-06
2.1668899171319844e-06
2.1668899171319844e-06
2.1668899171319844e-06
2.1668899171319844e-06
6.5006697513959535e-06
2.1668899171319844e-06
2.1668899171319844e-06
2.2127331374432835e-06
4.0655273896918725e-05
0.00011185147826425608
2.1668899171319844e-06
4.333779834263969e-06
2.1668899171319844e-06
2.1668899171319844e-06
2.1668899171319844e-06
2.1668899171319844e-06
2.1668899171319844e-06
2.1668899171319844e-06
2.1668899171319844e-06
2.1668899171319844e-06
5.0997824204517136e-05
9.006723315882416e-06
3.560556482781027e-05
1.825359969216436e-05
1.5118738325960974e-05
1.1464276410721903e-05
4.8539292639541916e-05
2.1668899171319844e-06
0.0002270963302235663
1.638314742909494e-05
9.952097238624753e-05
1.2843824013606005e-05
3.3190997061649255e-06
6.684823118666228e-05
3.0460971282859432e-05
5.1892632572833474e-05
6.435907272304339e-05
2.1709602280083203e-05
9.129221047704174e-06
5.476551339049618e-05
7.234851371283851e-05
2.18926664725793e-05
2.1891069736449418e-05
4.650252670284075e-05
0.0001152004663859355
1.9425704659941987e-05
9.603698448192179e-05
2.1668899171319844e-06
2.1668899171319844e-06
7.777368014228624e-05
3.0392518821897316e-05
6.646104673047661e-05
2.1668899171319844e-06
3.016724001902224e-05
3.1744102592582977e-06
7.759498102445174e-06
6.5006697513959535e-06
9.249878961624204e-06
6.917128259223414e-05
6.851591154102698e-05
7.149052216982527e-06
0.00014072206551994778
8.024993487505331e-06
4.9086657773587955e-05
9.557723472193164e-05
6.5006697513959535e-06
6.5006697513959535e-06
2.1668899171319844e-06
2.1668899171319844e-06
0.0006365477962251335
0.00010198494946469543
8.667559668527937e-06
3.832778904338479e-05
1.3072756127177995e-05
3.984558607404986e-05
2.1668899171319844e-06
4.451580672821807e-05
1.804117799214029e-05
2.1071263251176493e-06
4.628714879755668e-05
0.00021468621378201632
0.00010085528043061214
5.595786097406621e-05
6.670306476134118e-06
6.755042486911811e-06
0.00014018767865456655
1.786811051562087e-05
2.1668899171319844e-06
2.3830174056608426e-06
1.917233268082757e-06
1.0627160941999541e-05
2.1668899171319844e-06
2.1668899171319844e-06
5.2331516668366095e-05
2.481446216816173e-05
4.333779834263969e-06
2.1668899171319844e-06
1.346012613720689e-05
1.831455630405378e-05
2.750994127069058e-06
3.803132793666086e-05
8.69581838302372e-05
1.4703391848509423e-05
1.2195267241732395e-05
0.00022219365421642298
4.716283746157697e-05
9.226882818653327e-05
2.6388271702786103e-05
2.6407683868683917e-05
8.796090567595368e-06
4.333779834263969e-06
0.00021495136525469783
2.439053448346479e-05
2.1668899171319844e-06
2.1668899171319844e-06
2.1668899171319844e-06
1.7711934903332566e-06
1.8730600639425355e-05
5.31358047099977e-06
5.711702218074814e-05
1.0764785986355343e-05
4.5853018690659476e-05
1.0375525974162217e-05
5.341004604852256e-05
1.994456464751637e-05
6.678438625205223e-06
7.808150743015132e-05
2.7215408739980945e-06
5.052517270210454e-06
6.228492270744463e-05
2.750994127069058e-06
2.803788049395438e-05
4.333779834263969e-06
2.472486173532288e-05
2.4386994036256265e-05
2.3830174056608426e-06
2.1668899171319844e-06
9.779492437296948e-05
4.7171612028336796e-05
4.80967781596208e-05
8.562549342404003e-06
4.238778782714003e-05
4.564610523852087e-06
2.4075872650438587e-05
8.20662018751273e-06
5.01863033437561e-05
4.033142146567189e-05
1.0514369888415673e-05
1.6917244901648197e-05
0.00010530686358368209
5.213551204790513e-05
0.00020242087424868766
3.504789962805224e-06
8.850932549773134e-06
2.486101074184423e-06
5.389485045194556e-05
5.0027298571005875e-06
1.6140909847965837e-05
3.834466536165514e-06
5.31358047099977e-06
7.330075472996138e-06
2.0950453179167194e-05
7.631281153408811e-06
0.00013090148159731286
1.0703186678005003e-05
5.286051795100053e-05
6.84181405190501e-05
1.9518325724140394e-05
0.00010383555858691674
1.983956089762741e-05
2.391835052829746e-05
5.31358047099977e-06
6.387651110082945e-05
2.1090100037602842e-05
0.0001719694072012787
7.668933072331027e-06
8.667559668527937e-06
8.667559668527937e-06
5.9896543397415413e-05
6.809974389973307e-05
2.1668899171319844e-06
6.862874835744335e-05
1.5783563862032645e-05
2.1668899171319844e-06
6.285135953750159e-05
2.317870504181495e-05
1.528016779313196e-05
2.2030774399610346e-05
3.556437716200513e-05
2.0113433294000657e-05
6.786856922982359e-05
2.0103152217135395e-05
5.6652819430630906e-05
2.6740746361422737e-05
7.174167936183704e-06
1.761032169907049e-05
3.317365746208251e-06
2.1668899171319844e-06
3.504789962805224e-06
3.043073682568058e-06
3.638535442452311e-05
8.476668484030744e-06
1.4304681711684441e-05
2.7387663143112523e-05
9.171421128577522e-06
7.936025648145744e-06
6.670306476134118e-06
3.2045239818097945e-05
1.0913984703483567e-05
8.925657852243832e-06
5.31358047099977e-06
2.1668899171319844e-06
4.1418739772690014e-05
8.567099196724144e-06
2.1668899171319844e-06
4.211393060149013e-05
5.9999615163768645e-05
7.936025648145744e-06
0.00019597920268605394
6.204312149674747e-05
3.92507104238132e-05
3.7291516112766343e-06
2.1668899171319844e-06
2.1668899171319844e-06
7.936025648145744e-06
3.319099602604046e-05
1.3294954606445886e-05
3.5423869806665132e-06
4.333779834263969e-06
2.1668899171319844e-06
5.389740793463481e-05
2.2554435486038792e-05
2.1668899171319844e-06
2.543760384469604e-06
1.769270450708216e-05
4.333779834263969e-06
2.1668899171319844e-06
1.7711934903332566e-06
2.1668899171319844e-06
2.1668899171319844e-06
2.1668899171319844e-06
1.5246211320835762e-05
1.8689275927763097e-05
1.1468578097030139e-05
2.1668899171319844e-06
5.0027298571005875e-06
1.0005459714201177e-05
3.518436227038147e-05
2.9320301891984553e-06
3.5423869806665132e-06
2.674029363798094e-05
2.1668899171319844e-06
2.1803255436944418e-05
3.834466536165514e-06
2.1668899171319844e-06
1.7604544848072424e-05
1.2172294730272233e-05
7.262868181913553e-06
2.1668899171319844e-06
2.1668899171319844e-06
3.834466536165514e-06
1.2993852775295753e-05
1.1818439225504916e-05
2.1668899171319844e-06
2.1668899171319844e-06
2.1668899171319844e-06
2.1668899171319844e-06
2.1668899171319844e-06
3.8198946462192496e-05
1.9077969308376396e-05
5.949897911950056e-06
2.0524211324389186e-05
6.215252685461057e-06
3.032892971980424e-05
5.680910917527785e-05
4.253759909952905e-06
5.730062922424486e-05
2.543760384469604e-06
7.29094363074675e-05
2.1668899171319844e-06
8.181109628931326e-06
1.906413924528674e-05
8.060162737010507e-06
3.88461832065278e-05
1.0535631625588246e-06
2.251680828970604e-06
1.8702514167788717e-05
1.0947226009950003e-05
1.2430505370922114e-06
3.066670629556723e-06
0.00015561491182390508
1.1063665687216418e-06
1.933716821383768e-05
3.39596641295549e-05
1.505794809648246e-05
6.086147365136116e-06
1.917233268082757e-06
0.0001241519696391228
3.363902442538789e-05
4.564610523852087e-06
2.1668899171319844e-06
2.3541424390227198e-05
3.80816669570419e-05
2.9320301891984553e-06
1.7850599805534196e-05
6.916434928584427e-05
2.1668899171319844e-06
1.4042697796367089e-05
1.917233268082757e-06
2.211022378906093e-05
2.054058946753345e-05
3.6490753366500006e-06
6.236061209577044e-05
2.1246864471811548e-05
2.1668899171319844e-06
2.54659928330142e-05
7.310221985767858e-05
5.4837023936059396e-05
7.88565388892467e-06
1.9865399451855487e-05
3.834466536165514e-06
4.104842264877838e-05
1.2309930281269094e-05
0.00013318488763577953
9.397906745802707e-06
5.31358047099977e-06
5.31358047099977e-06
3.962702838942725e-05
0.00020768183331574625
2.1668899171319844e-06
1.8155940284488283e-05
1.8441174014592265e-05
6.687742402899607e-06
3.120599510303797e-06
4.200868553304798e-05
2.603080336478149e-05
7.042038946500208e-05
1.0700387844639372e-05
1.5757487294489192e-05
8.744847814207326e-05
4.333779834263969e-06
2.1668899171319844e-06
1.1702248163639238e-05
1.80444481124893e-05
8.181237349630061e-05
1.3701458757179681e-05
0.00011318118849150471
2.543760384469604e-06
2.1705475864759123e-05
2.835839939968604e-06
2.2818796761996516e-05
1.286049340640186e-05
5.684995811054371e-05
3.662942479307093e-05
4.333779834263969e-06
2.1406373356010006e-05
5.864060378396911e-06
9.067683079136821e-06
4.333779834263969e-06
1.8468064281555068e-05
4.253759909952905e-06
4.3322157004824977e-05
3.2711372986182093e-05
7.365695972831772e-05
1.4410123676897483e-05
1.2718801922348019e-05
5.971258343174852e-05
0.0001093507145422185
6.459729362299454e-05
0.00021177864926028348
6.318411815020924e-05
0.00027277610220506984
9.53206962264337e-06
6.79323369981644e-05
1.2573527737221998e-05
4.333779834263969e-06
2.1668899171319844e-06
1.4169547922666053e-05
1.8811910626735628e-05
2.270400262530663e-05
1.32763988246597e-05
1.917233268082757e-06
6.086147365136116e-06
1.302058614568251e-05
1.917233268082757e-06
2.1668899171319844e-06
0.00010272624906384166
5.1722138337484165e-05
6.757646084373373e-05
3.834466536165514e-06
0.0001227604166951773
9.49598145790519e-05
1.7414621057733534e-05
2.2751104941144183e-05
7.120705238562737e-05
1.3623857801579368e-05
2.8176240467775042e-05
4.660747665917153e-05
2.1668899171319844e-06
2.2239166218895668e-05
5.31358047099977e-06
4.333779834263969e-06
7.437360505991339e-05
1.743086494077298e-05
1.2408624299349495e-05
1.5036650793284329e-05
8.913790504686564e-05
1.973600207280291e-05
2.1668899171319844e-06
2.1668899171319844e-06
0.00034684662638444534
2.1668899171319844e-06
4.71805453522191e-05
6.961596250412229e-05
0.00015280167793131963
4.333779834263969e-06
5.25324940125882e-05
5.1263223589149616e-05
4.333779834263969e-06
1.3375484805799214e-05
5.671679879937208e-06
0.0001306202780483872
2.8162593626838182e-05
8.624676604331403e-05
6.857719278892272e-05
6.670306476134118e-05
1.0927332768472827e-05
0.000106983106821785
3.6630750209025795e-05
9.683168151727085e-05
0.00017623847670797244
0.00014746201928526596
6.719056485590443e-05
2.8366295482314227e-05
0.00012988685101186626
3.7382669435972756e-05
4.8366769938904087e-05
2.2007200344834284e-05
2.1122878373656788e-05
1.4880956111515736e-05
8.024993487505331e-06
2.1668899171319844e-06
1.1183734507921649e-05
2.1668899171319844e-06
6.3488205185165954e-06
5.21960333606845e-06
1.6941108966795306e-05
2.4334545909076232e-05
3.1446191444448405e-05
1.5130934922482232e-05
1.3278166487488211e-05
2.4531694014883254e-05
2.835839939968604e-06
2.1668899171319844e-06
3.7291516112766343e-06
4.1428728146376125e-05
0.00028459594465560093
2.295924477368175e-05
8.827428717163943e-05
9.129221047704174e-06
0.00014611815429942413
2.1668899171319844e-06
2.2460971013057922e-05
2.3488215012308027e-05
3.7778845496099284e-05
4.398045283797682e-06
2.1668899171319844e-06
3.575771184281369e-05
1.891129403018522e-05
1.5770813668301007e-05
6.193263367380809e-05
2.2904049526112113e-05
8.093126695120439e-05
2.1406373356010007e-06
6.081792227750002e-06
2.838035384901779e-05
6.886262448598245e-06
4.672922621818885e-05
5.8451423374837616e-05
3.642021601618414e-05
2.1668899171319844e-06
2.1668899171319844e-06
9.949600705077421e-05
3.062759147316259e-05
0.00011385690005748562
0.00017188041695943474
2.1668899171319844e-06
1.366641072966315e-05
2.8711940004316827e-05
2.451739388363732e-05
2.1668899171319844e-06
2.398222552748592e-05
0.0001865063111342265
0.00015495387006675353
2.1668899171319844e-06
0.00011846189096570433
2.1668899171319844e-06
2.7427480948181038e-05
5.864060378396911e-06
1.2744415246541286e-05
1.9030618624846847e-05
6.670306476134118e-06
2.1668899171319844e-06
1.9012022214800546e-05
2.1668899171319844e-06
2.116130040156409e-05
9.88298039121022e-05
3.4574145000472246e-05
4.910530739197507e-05
2.3457956608944933e-05
1.4382765393381343e-05
8.267460046972626e-06
0.00011899036574671275
3.1023966590026095e-05
4.30200264562244e-05
6.73323439418495e-05
3.0786316986583784e-05
1.062716094199954e-05
2.1668899171319844e-06
6.48342731905648e-05
1.7187528376199598e-05
2.1668899171319844e-06
4.697643002461605e-05
7.132668308272899e-05
9.681283350347428e-05
9.122538681256362e-06
4.021432574623761e-05
2.1668899171319844e-06
3.097922627359095e-05
1.885634371312562e-05
5.0027298571005875e-06
2.870404555401413e-05
4.080260242831733e-05
6.589555805860431e-05
2.7509941270690582e-05
1.209054427813376e-05
7.456981244810915e-05
6.766912575505412e-06
2.0063227208698823e-05
7.714059093911043e-05
9.925439789890114e-06
4.242021723356117e-05
1.8290245527192198e-05
2.6242108011078096e-05
6.814614087049602e-05
0.00010353994875871716
5.402213475638276e-05
9.171421128577522e-06
6.930590907525767e-05
8.58656394669243e-06
3.153071099948545e-05
2.4768489118676643e-05
1.586879989994194e-05
2.745259060390804e-05
3.897853979645447e-05
1.4697706750173555e-05
1.521536841284029e-06
3.072794198631279e-05
1.9437232622092633e-05
1.7157187089360838e-05
4.820230809792275e-05
5.674937827647269e-05
3.206877217435107e-05
1.092209828606329e-05
8.17745893911904e-06
7.458303222553269e-06
1.917233268082757e-06
1.864325337679961e-05
7.154289119886876e-05
4.0797242695690736e-05
3.553350709614572e-05
4.664692645988515e-05
1.97092827750964e-05
2.1713916647964554e-05
1.010467339074432e-05
3.407729769687259e-05
3.717928229369138e-05
2.1668899171319844e-06
0.00011309299219137067
6.817186698259194e-05
7.911454405513776e-05
6.228432836801964e-05
6.764632287300132e-05
1.7616093522834546e-05
3.608080691101127e-05
7.518325396642164e-06
5.5383262966599066e-05
4.473196854085019e-05
1.651924571384482e-05
6.359400961174009e-06
2.8150482690582823e-05
1.2379473571810764e-05
5.409420472289336e-05
2.1668899171319844e-06
2.1668899171319844e-06
9.604551753710454e-05
1.1472722359224731e-05
3.5423869806665132e-06
1.1600421558009277e-05
1.5658228398810256e-05
2.1668899171319844e-06
2.1668899171319844e-06
4.581394563024434e-05
1.589120894567882e-05
3.04569835955535e-05
0.0001909113154354538
7.102855508769133e-05
9.765086272884407e-05
5.3515606361942e-05
4.9320733777206445e-05
0.00010994965047093464
0.0001725603808787495
9.420438653353369e-05
7.298150673300001e-06
2.0135065091299195e-05
1.5926468467147866e-05
4.3064862415329695e-05
2.835839939968604e-06
2.1668899171319844e-06
2.1929044723716524e-05
2.1668899171319844e-06
2.938637303880283e-05
2.090684032759257e-05
4.126491190603587e-06
6.651484141767739e-05
7.923011954603206e-05
2.1668899171319844e-06
2.1521555784481676e-05
2.1668899171319844e-06
6.72560020080919e-06
4.42317909948402e-05
1.1536369218200763e-05
4.398045283797682e-06
1.3340612952268236e-05
7.668933072331027e-06
2.0335313062980715e-05
9.634628510679034e-06
6.303167586935956e-06
2.1668899171319844e-06
2.6334089060940323e-05
7.387225712622027e-06
1.513600175020442e-05
1.4749884275823544e-05
1.917233268082757e-06
3.834466536165514e-06
1.831455630405378e-05
1.9265736020409007e-05
3.834466536165514e-06
2.5035857481262793e-05
1.4880669880780012e-05
3.043073682568058e-06
7.725668941363471e-06
5.864060378396911e-06
1.2567123354510051e-05
3.0771918856203765e-05
1.923347278802583e-05
4.331576232454206e-06
2.1668899171319844e-06
1.3492444820035458e-05
3.305021538937343e-05
4.333779834263969e-06
2.1458057546690964e-05
6.766912575505412e-06
1.927940919707373e-05
6.574767644139161e-05
2.1226668681552288e-05
4.4209526114341474e-05
1.6244919792686374e-05
6.634731492416502e-06
5.841316604675373e-06
7.009470123488595e-06
1.973600207280291e-05
3.411184734800348e-05
1.9422247320525914e-05
8.761727852238891e-06
1.5333353147783616e-05
2.132010425768743e-05
4.509908101434687e-05
4.584216054784964e-05
3.600175898767795e-05
3.7291516112766343e-06
3.043073682568058e-06
9.075233848093242e-06
2.587992367220128e-05
2.1668899171319844e-06
2.1668899171319844e-06
7.733614372006186e-06
1.7714776172923975e-05
1.8258442095408347e-05
8.488870244830302e-05
1.473752980850417e-05
5.0193160321608195e-06
1.5872051296291489e-06
5.2383251850714176e-05
1.0947226009950003e-05
1.1966810146837635e-05
5.104342399915731e-05
3.6645164312092035e-05
2.24228531229386e-05
2.321266488560584e-05
1.5676810187772828e-05
2.121791688990529e-05
2.9527278729527943e-05
2.1668899171319844e-06
2.0060544632185804e-05
2.1668899171319844e-06
1.1351216707887424e-05
1.722365757816855e-05
8.825995621364388e-05
4.158861855218965e-05
3.46602332133447e-05
3.269129651906146e-05
3.7669026139663325e-05
3.656731744638444e-05
9.697967731758003e-05
5.3528843056071195e-05
4.865433782200001e-06
2.028459368644223e-05
5.596771815521469e-05
2.4046316451334534e-05
7.880882901397113e-06
4.6215120724152e-05
4.401440068966857e-05
2.0509611665401807e-05
1.5384587800840957e-05
4.398045283797682e-06
2.1511354423546367e-05
2.1668899171319844e-06
5.365177928972698e-05
3.4641248877722456e-05
3.072550566510386e-05
4.245582224850712e-05
1.6013946758428546e-05
1.8988257097106203e-05
1.209054427813376e-05
7.663794002969938e-05
9.988181989923972e-05
6.262206612832462e-05
8.106218898868147e-05
2.266399215072318e-05
8.753254996489325e-05
2.1855813694061356e-05
5.386844398135451e-05
2.1668899171319844e-06
2.032171368230473e-05
1.084220980335532e-05
6.307244886915838e-05
2.2100733798599217e-05
6.670306476134118e-06
6.212297692547862e-05
2.4704708653616314e-05
2.1668899171319844e-06
2.947007994981701e-05
2.1668899171319844e-06
3.6490753366500006e-06
2.1668899171319844e-06
0.00013086344787018823
4.1414456132905996e-05
3.476805756272242e-05
4.958187912790187e-05
6.65443267885616e-05
1.8107230508049302e-05
2.4346761075119082e-05
5.46467582084363e-05
7.529699849798618e-05
3.856613687316303e-05
9.864480912252592e-06
3.842215990784538e-05
5.587758040658826e-05
1.0160595052252692e-05
3.890294793519454e-05
2.1668899171319844e-06
2.8622259209196084e-05
0.0001225270250983444
6.286140678089656e-05
2.5493882952878927e-05
8.181342599832055e-05
2.1668899171319844e-06
9.077236556382518e-06
9.861684163721266e-06
3.5423869806665132e-06
4.306486241532968e-05
7.838405093886414e-06
1.611186475190363e-05
3.909659434824155e-06
1.2975735878044337e-05
2.6064396232161035e-06
2.3296388593351845e-05
1.6553515109226295e-05
9.911547428306894e-05
8.58656394669243e-06
0.0002005017051067167
3.615018378685444e-05
3.520677930074853e-05
2.467960119305886e-05
1.7711934903332566e-06
2.1668899171319844e-06
4.333779834263969e-06
4.972202148368846e-06
2.1668899171319844e-06
2.1668899171319844e-06
2.1668899171319844e-06
3.973575552171937e-06
6.133286358052521e-06
2.0435588450870825e-05
0.00012539567006164288
2.1668899171319844e-06
2.8408225295540612e-05
0.00011643221459799137
5.760064653010568e-05
1.7125098684808006e-05
4.126491190603587e-06
1.401894024697719e-05
4.283549598362073e-05
2.0238604293174773e-05
2.8355487846344605e-05
6.702087428750412e-05
2.2406794875107177e-05
5.2321388509082784e-05
5.3734277205838624e-05
2.541065477466108e-05
6.21276294673173e-05
2.0486543304687088e-05
1.417919969984302e-06
1.417919969984302e-06
2.044447086371149e-06
1.4880669880780012e-05
6.052212958829739e-05
5.007298083218178e-05
0.00016898528181639425
5.111117715927872e-06
2.1668899171319844e-06
2.438512680077992e-05
1.9668784384040117e-05
5.3533864558129776e-05
2.1668899171319844e-06
2.675096961159843e-06
3.143648506081897e-05
4.259634366156671e-05
7.936025648145744e-06
1.1476851194061399e-05
1.3909161342272718e-05
6.359400961174009e-06
5.758283017064786e-05
3.296162841851677e-05
3.491982417832227e-05
3.864510851152362e-05
0.00011670661958877889
2.2533717600765406e-05
1.917233268082757e-06
1.6223701747662746e-05
1.963522223959693e-05
1.5404548094819866e-05
2.366248986590101e-05
0.00021010933842676767
5.40796825895443e-06
7.020662515097795e-05
1.3369391293336923e-05
3.834466536165514e-06
4.4740509884969155e-05
2.1668899171319844e-06
2.6623279363302872e-05
2.67769735567315e-05
1.917233268082757e-06
1.6462614361861042e-05
1.7131069629172405e-05
8.360479692289837e-05
1.4288089588489995e-05
2.4055810808773687e-05
9.308312898080117e-05
0.00013664851954213315
1.4425378928506303e-05
2.6492728201310642e-05
2.2811208826649046e-05
0.00010735274589989686
4.761615388887446e-06
2.4751328473075742e-05
0.00010314616995169858
2.5053728261211775e-05
1.660575315002885e-05
0.00014454143430695039
1.8092085656019874e-05
2.1730035976701514e-05
2.1668899171319844e-06
3.834466536165514e-06
5.841316604675373e-06
2.4119668424445992e-05
5.188471771855841e-05
2.1668899171319844e-06
4.761615388887446e-06
3.834466536165514e-06
2.153622843563549e-05
8.514509118850002e-06
2.1668899171319844e-06
5.671679879937208e-06
3.043073682568058e-06
2.1354773318133276e-05
6.215252685461057e-06
1.063596368515671e-05
1.6675766190335295e-06
2.50857505429765e-05
5.864060378396911e-06
1.062716094199954e-05
1.3721590188752185e-05
4.1847156449190396e-05
2.6326715895920515e-05
1.4288089588489995e-05
9.895545868625616e-06
2.1668899171319844e-06
4.53394282855484e-06
8.567099196724144e-06
2.252719389082116e-05
2.1668899171319844e-06
1.0777807004093818e-05
2.4201754141511453e-05
8.737072675117545e-05
3.613802124170554e-05
2.1904747601316217e-05
0.00017407075519945358
0.00014169258210530204
2.8241671507169758e-05
5.546522477373909e-05
3.892347025760001e-05
6.966536318217867e-05
2.503983471724402e-05
2.1373817630000936e-05
3.834466536165514e-06
4.564610523852088e-06
1.0317848769649714e-05
1.4182127070605902e-05
6.482388092768152e-05
7.733614372006186e-06
2.033649864704362e-05
2.151398874159016e-05
1.4171612666827058e-05
1.1915087028304212e-05
2.2740205695475327e-05
2.1668899171319844e-06
2.6504033241084163e-05
2.3411220157783873e-05
2.1668899171319844e-06
5.26363099503412e-05
2.1668899171319844e-06
2.1668899171319844e-06
2.1668899171319844e-06
1.868029735724e-05
5.3806259521377774e-06
1.9236435867000844e-05
1.2128413450871777e-05
4.071332063794342e-05
3.834466536165514e-06
3.936970497270393e-05
2.690171703072588e-05
4.333779834263969e-06
1.3035085632095164e-05
2.1144852867818756e-05
5.5707873952211585e-05
2.2954208161994146e-05
2.4137718355887337e-05
5.501988254138116e-06
1.6243292437065784e-05
2.7313408245420072e-05
2.4053871274007506e-05
2.695520687333531e-05
2.387377222742308e-05
6.836150053256119e-05
2.1668899171319844e-06
1.5262562306817622e-05
3.1185156712548375e-05
8.50751981990581e-06
1.417919969984302e-06
2.1777405736992857e-05
6.443572073626451e-05
6.133286358052521e-06
5.561927673989015e-05
1.9835999874927425e-05
7.936385157559995e-05
1.1993938875413804e-05
1.1446921730113218e-05
2.7876129542449686e-05
1.9084101316404094e-05
2.1668899171319844e-06
3.3008309313859925e-05
2.1668899171319844e-06
5.31358047099977e-06
2.1668899171319844e-06
1.9276042839593638e-05
4.333779834263969e-06
2.1668899171319844e-06
1.715604767612244e-05
2.109194177348523e-05
2.1668899171319844e-06
7.78087788987131e-05
3.834466536165514e-06
1.786811051562087e-05
1.199111276374296e-05
4.1736249442032434e-05
2.7095870510313384e-05
1.1262098204380935e-05
1.8909502760807864e-05
3.834466536165514e-06
1.2163584455500003e-05
2.1668899171319844e-06
2.161185576767175e-05
2.2954562803857335e-05
3.431209535224488e-05
2.532393136889988e-05
9.371940744856024e-05
3.5981816626241414e-05
1.8593430974843927e-05
1.5006359591196793e-05
9.187327683871655e-05
5.752080171904839e-05
2.5080219444342886e-05
2.236719161090833e-05
4.417552868657417e-05
3.3471097704365444e-05
2.4734996517522018e-05
8.796090567595365e-06
2.2794389116422984e-05
1.2266682518226891e-05
1.158919478814707e-05
3.814970608139488e-05
0.00011995862341361756
3.743778732407682e-06
9.53206962264337e-06
3.69067969352157e-05
7.330075472996138e-06
5.075297982959837e-05
3.1744102592582977e-06
1.7943447184246834e-05
3.834466536165514e-06
2.4795945237452782e-05
7.3376023444371e-05
2.5292830275706373e-05
2.1088820149938572e-05
1.927543892792345e-05
8.202848236260886e-05
1.4762691924202372e-05
2.0989378536359273e-05
1.917233268082757e-06
9.957299118494776e-06
4.401711838891133e-05
8.222890815269536e-05
9.122538681256362e-06
2.1668899171319844e-06
2.1668899171319844e-06
2.3799591647800224e-05
1.4105284789768389e-05
9.177066983996217e-05
2.380175427265022e-05
1.7742893544499992e-05
6.687742402899607e-06
5.2383251850714176e-05
1.3779100078287708e-05
2.7376967296028103e-05
2.0255531753950034e-05
1.7120357520245602e-05
4.593033359429236e-06
7.631281153408811e-06
2.1668899171319844e-06
3.17886044173755e-05
4.880475135115373e-05
3.4392829232165705e-06
2.7178802404896897e-05
4.644843452458373e-05
5.6027281908150534e-05
3.8475213476183826e-05
4.400377532221402e-05
1.062716094199954e-05
2.7892680788261976e-05
9.418520537811938e-06
4.333779834263969e-06
4.761615388887446e-06
7.04117553284432e-05
1.4399410168464635e-05
3.0261869844964463e-05
4.642532977121168e-05
1.793541984045926e-05
2.1668899171319844e-06
2.1668899171319844e-06
2.0068500685098594e-05
2.1668899171319844e-06
2.1668899171319844e-06
3.8156405767044055e-06
7.330075472996138e-06
6.289892175204048e-05
1.440501987498923e-05
7.181400704831464e-05
3.335153238067059e-06
1.279206255461246e-05
1.4298104433965054e-05
3.369863823156405e-05
3.979508257828466e-05
2.1466694406897063e-05
1.9530879218523766e-05
2.2128647657936974e-05
3.834466536165514e-06
2.046372131903169e-05
0.00010631683336614504
3.5423869806665132e-06
3.349726333836963e-05
3.2900974454913476e-05
3.834466536165514e-06
2.385601479663272e-05
2.4619860562538187e-05
2.1668899171319844e-06
2.0794309276094824e-05
2.422378451748016e-05
7.117359572043251e-05
5.841042099370743e-05
4.146707182760313e-06
1.1915087028304213e-06
5.31358047099977e-06
6.041875233011814e-05
2.237227079945219e-05
2.153622843563549e-05
1.3054701978368328e-05
6.545262261500278e-05
6.781815171403868e-05
2.1668899171319844e-06
1.6612689713567197e-05
2.8451823227757158e-05
2.482254603240893e-05
3.276629485818987e-05
2.6029915023031734e-05
5.43945915765347e-06
5.281529209875156e-05
1.4065590594691823e-05
6.081792227750002e-06
8.024993487505331e-06
2.1668899171319844e-06
4.312575470070726e-05
8.102157204543001e-05
3.244732728239827e-05
7.936025648145744e-06
1.5246211320835762e-05
8.663152464908411e-06
1.8370400899487136e-05
7.631281153408811e-06
2.5139732598349166e-05
8.365572317825747e-05
2.73328214593263e-05
2.0561038072137946e-05
8.473541102934842e-06
2.1668899171319844e-06
1.5209650289227617e-05
1.7899995577822476e-05
2.8885438334225117e-05
1.9568932543593784e-05
2.8366295482314227e-05
3.834466536165514e-06
1.3595666372265113e-05
2.5188008553157836e-05
2.1668899171319844e-06
1.791057376350002e-05
4.3368798056908435e-05
1.917233268082757e-06
1.917233268082757e-06
2.993544173115575e-05
5.8002107790046386e-06
2.1668899171319844e-06
3.5423869806665132e-06
1.9578504422065513e-05
2.1273499118391824e-05
2.7822038574715578e-05
2.262761245575074e-05
2.4875352683260006e-05
5.305045851539603e-06
1.1735292554740531e-05
1.4429257447836356e-05
5.0027298571005875e-06
2.1668899171319844e-06
4.7285904517577665e-05
2.877004732047625e-05
3.387952577978076e-05
1.5658228398810256e-05
1.1600421558009277e-05
9.697469445796367e-05
6.5160990580402586e-06
6.63819941232985e-06
2.6096802124846517e-05
1.302058614568251e-05
5.0840201735583114e-05
8.50751981990581e-06
2.2606050571346224e-05
2.8008109446307645e-05
2.1668899171319844e-06
2.078086023732874e-05
2.1668899171319844e-06
3.899169888258724e-05
1.453766516926296e-05
6.858604457150611e-06
1.9971740424401213e-05
1.6289705026058025e-05
3.834466536165514e-06
3.834466536165514e-06
3.916104759838087e-05
2.610361997993377e-05
1.9543858527830644e-05
1.9999871721256214e-05
2.0632541731905837e-05
1.3375484805799215e-06
7.490402888703015e-05
1.788108998477372e-05
4.206990773506497e-05
6.3488205185165954e-06
1.8303682348728956e-05
4.8693522150238163e-05
4.126491190603587e-06
2.1668899171319844e-06
3.060424243218714e-05
2.702712318686656e-05
4.398045283797682e-06
1.4825074414765688e-05
2.1668899171319844e-06
2.1668899171319844e-06
1.4880669880780012e-05
1.6798740058114004e-05
6.619732148829486e-05
2.481446216816173e-05
2.1668899171319844e-06
1.5230485641429716e-05
6.564877036645077e-06
5.0027298571005875e-06
2.3192217494902585e-05
2.1668899171319844e-06
2.543760384469604e-06
5.15504492554054e-05
2.1668899171319844e-06
5.212879246432207e-06
2.3177006824090414e-05
3.834466536165514e-06
2.2158257677409815e-05
2.4317474707243344e-05
2.1668899171319844e-06
4.673053283740299e-06
2.1668899171319844e-06
2.6040362423940436e-05
1.8907302862682125e-05
2.2773210202984512e-05
2.1668899171319844e-06
5.651112322687163e-06
1.5916245520633875e-05
2.1668899171319844e-06
1.4880669880780012e-05
3.604627138084279e-05
5.671679879937208e-06
2.1668899171319844e-06
3.474668838842703e-05
5.8002107790046386e-06
1.543154999076348e-05
0.00011103314358535656
2.1668899171319844e-06
4.7465543158973826e-05
1.8811910626735628e-05
2.1668899171319844e-06
9.20001188867017e-06
2.1668899171319844e-06
1.5812659792150006e-05
1.6419499854434475e-05
5.31358047099977e-06
3.91882006824327e-05
2.3678296603078923e-05
8.177843246545523e-06
3.834466536165514e-06
2.4053871274007506e-05
2.7812723643233752e-05
7.263548886410917e-05
1.6613660176050564e-05
2.1668899171319844e-06
6.670306476134118e-06
2.4404136394612715e-05
3.300609754644031e-05
2.1668899171319844e-06
1.545168916084241e-05
2.2256541543029704e-05
4.629458585993864e-05
1.366641072966315e-05
2.1391777731173905e-05
1.3032198116080518e-06
6.5929643764683565e-06
1.1339366631363953e-05
3.335153238067059e-06
2.246692635819957e-05
1.6419499854434475e-05
1.8054564412528006e-05
1.5284339563553157e-05
1.559367443683514e-05
3.3282611108839955e-05
4.253759909952905e-06
2.414066542931658e-05
2.4327168911000007e-05
2.6984889640070916e-05
6.081792227750002e-06
3.834466536165514e-06
1.3157069444123789e-05
2.750994127069058e-06
1.3807176307525218e-05
2.1668899171319844e-06
1.3612850772139864e-05
2.1668899171319844e-06
8.50751981990581e-06
4.532830670083731e-05
7.668933072331027e-06
0.00010507626384043216
1.6090746635200528e-05
2.377063803696495e-05
7.250287823267921e-05
8.060162737010507e-06
2.1668899171319844e-06
9.129221047704174e-06
7.374942137911772e-06
1.4635925388308926e-05
1.1343359759874416e-05
1.701503963981162e-05
4.446725309500766e-05
4.746992028659511e-05
4.9812289289466246e-05
2.7845745373340153e-05
1.3340612952268236e-05
4.333779834263969e-06
1.5761765802794225e-05
6.693635150943813e-06
6.5006697513959535e-06
3.834466536165514e-06
0.00010747308995629838
2.1668899171319844e-06
2.1668899171319844e-06
2.1668899171319844e-06
2.1668899171319844e-06
4.0004351199963254e-05
3.979061380158469e-06
4.333779834263969e-06
9.730867564400003e-06
3.294331737844795e-05
2.1668899171319844e-06
1.3340612952268236e-05
1.1244458975041319e-05
1.608903792070877e-05
1.6675766190335295e-06
2.1668899171319844e-06
4.012645441739764e-06
1.9728961824505185e-05
7.262868181913553e-06
1.917233268082757e-06
1.7711934903332566e-06
1.917233268082757e-06
1.0514369888415673e-05
8.761727852238891e-06
2.1038342983393745e-05
1.5187423172155973e-05
2.1391777731173905e-05
1.5188315199387388e-05
2.0187113790025452e-05
2.439053448346479e-05
2.1668899171319844e-06
2.6903129760688887e-06
8.94054499238686e-06
1.1600421558009277e-05
3.834466536165514e-06
2.956339934822989e-05
1.0005459714201175e-05
2.1668899171319844e-06
9.36283936405945e-06
2.1668899171319844e-06
2.1668899171319844e-06
8.025290883479528e-06
3.834466536165514e-06
2.1668899171319844e-06
1.8130918023550113e-05
2.1668899171319844e-06
2.1668899171319844e-06
4.057793512519847e-06
7.607684206420145e-06
2.1668899171319844e-06
3.2811884585255903e-05
1.5926468467147866e-05
1.1856123329396613e-05
2.1668899171319844e-06
2.1668899171319844e-06
4.012645441739764e-06
6.421912006803002e-06
1.3959155848621902e-05
1.7540178266046095e-05
2.1668899171319844e-06
3.909659434824155e-06
2.2980065746860176e-05
2.1668899171319844e-06
1.24595172851754e-05
2.374134540615875e-05
1.591777053031476e-05
2.1668899171319844e-06
3.543897286676728e-05
1.9945809516209697e-05
1.7711934903332566e-06
1.1929192461516727e-05
3.834466536165514e-06
2.1668899171319844e-06
8.300420779329774e-06
5.31358047099977e-06
5.023296205458839e-05
3.183554106062952e-05
5.9787461931782134e-05
1.678209460810345e-05
2.1457915444942817e-05
3.400377924152503e-05
8.025290883479528e-06
1.7655204843044755e-05
5.929139069577215e-05
2.028459368644223e-05
5.31358047099977e-06
7.009470123488595e-05
2.3386552386047096e-05
2.3779805328308553e-05
1.99041944772495e-05
3.186629640784184e-05
1.0460120260817626e-05
2.118125363037732e-05
2.6684908013991522e-05
6.25950980403836e-05
2.3581418730788484e-05
1.7355585347428496e-05
1.1023280062630165e-05
5.864060378396911e-06
0.00013597177336799711
2.86218798223081e-06
1.536147724926272e-05
1.847053058019629e-05
1.917233268082757e-06
2.1691000600512766e-05
1.917233268082757e-06
1.9081253214872067e-05
1.8180599843707148e-05
4.216767778167698e-05
2.3636878451009832e-05
1.6831435061134005e-05
2.5635645158067368e-05
1.2300095409788679e-05
9.933938880429842e-06
1.9191089179137832e-05
1.1255500932312302e-05
2.5834750105093037e-05
5.361029679379339e-05
2.653168806192316e-05
2.1668899171319844e-06
1.2430505370922114e-05
4.70880801369749e-05
4.333779834263969e-06
9.730867564400003e-06
1.8272171830465462e-05
2.1668899171319844e-06
5.753287389113398e-06
3.066516959940214e-05
3.1744102592582977e-06
1.6046404265437365e-05
9.418520537811938e-06
2.374046483976966e-05
5.337734257391515e-05
2.9603161462477195e-05
5.31358047099977e-06
5.214444587567006e-05
3.007245731938936e-05
3.799355492203745e-05
3.3190997061649246e-05
3.834466536165514e-06
1.973688339946212e-05
1.1137228955741388e-05
1.158919478814707e-05
4.126491190603587e-06
1.8188728633850066e-05
8.70135375964548e-06
2.4530296125668255e-05
9.944404296737692e-06
3.9360605675592514e-05
6.074683783345573e-05
1.2956790626355903e-05
2.1668899171319844e-06
1.1137228955741388e-05
2.2986245969652845e-05
2.0225962927265245e-05
3.296016705389348e-05
8.652876651845866e-06
1.4288089588489995e-05
1.0262105662194593e-05
1.8530606179722087e-05
3.3775212434559057e-06
9.171421128577522e-06
5.421706581466891e-05
7.973762502460878e-05
1.4186474107904389e-05
1.8889422748049642e-05
1.7684379171744636e-05
1.3959155848621902e-05
4.4205942578409694e-05
1.062716094199954e-05
2.1668899171319844e-06
2.1668899171319844e-06
3.6243213624881746e-05
8.252982381207174e-06
4.385450142122803e-05
6.086147365136116e-06
0.00010020449001113092
1.6266917363375808e-05
2.1668899171319844e-06
3.335153238067059e-06
2.1668899171319844e-06
2.1668899171319844e-06
2.1668899171319844e-06
2.1668899171319844e-06
3.834466536165514e-06
2.1668899171319844e-06
2.1668899171319844e-06
9.129221047704174e-06
3.834466536165514e-06
4.2130515555997875e-05
3.834466536165514e-06
1.1343359759874416e-05
7.149052216982527e-06
2.2280529762554557e-05
1.1137228955741388e-05
1.5563288961243327e-05
3.159224227424107e-05
2.3960183887409166e-05
4.012645441739764e-06
1.2412447790671763e-05
2.1517108604793243e-05
1.917233268082757e-06
2.739233549164946e-05
3.1729745917262745e-05
2.3224217262291863e-05
1.8352427274147832e-05
2.6049743629637374e-05
2.0373557057509285e-05
2.273591079231258e-05
8.025290883479528e-06
2.1668899171319844e-06
6.930521971926729e-05
3.834466536165514e-06
0.00012226219391471346
7.631281153408811e-06
1.1666112419763258e-05
2.1668899171319844e-06
6.84472774990503e-05
2.336416839748297e-05
3.335153238067059e-06
1.8718893662038413e-05
3.335153238067059e-06
2.073353591380157e-05
2.1668899171319844e-06
1.7604544848072424e-05
1.7685035770205002e-05
1.2843824013606003e-05
1.7204981517017554e-05
1.2309930281269094e-05
5.087520768939208e-06
2.5238978913725184e-05
2.1668899171319844e-06
6.877485317672646e-06
2.3068024283681108e-05
5.6104783537113355e-05
3.834466536165514e-06
2.1668899171319844e-06
8.252982381207174e-06
1.7061454955055845e-05
2.1668899171319844e-06
2.1668899171319844e-06
2.070765897515954e-05
1.9438598526724516e-05
1.7104535129762525e-05
2.1668899171319844e-06
4.431651535481962e-06
1.0494689268179636e-05
2.6055877391660245e-05
3.7291516112766343e-06
1.0262105662194593e-05
1.3032198116080518e-06
1.5181294368865966e-05
2.169879543654459e-05
1.6336569513669796e-05
9.444711374024821e-06
2.3365266418701497e-06
2.0328519699145537e-05
1.6782419532243767e-05
1.836733413351469e-05
2.482402063226016e-05
4.425466274886567e-06
2.1668899171319844e-06
7.11367399763797e-05
2.9525383848404745e-05
1.1158229243281261e-05
2.381285690752605e-05
5.100685682124196e-05
3.573543897247207e-05
0.00017375632491307543
2.1668899171319844e-06
1.5602997551518986e-05
2.0185098993138896e-05
2.1511354423546367e-05
2.7355632032063294e-05
2.7387452623377936e-05
2.233784530831239e-05
2.9476008553615807e-05
1.5247998830916546e-05
2.1668899171319844e-06
3.718686194968785e-05
2.985145873152193e-05
2.1668899171319844e-06
3.834466536165514e-06
6.670306476134118e-06
2.1668899171319844e-06
2.3385312954252523e-05
5.841316604675373e-06
1.6953336968061488e-05
2.7895793958480466e-05
2.4386994036256265e-05
2.6370711887425067e-05
3.2119452430276595e-05
9.122538681256362e-06
9.944404296737692e-06
1.2450631168994661e-05
1.3379942901050004e-05
2.0658787345794733e-05
2.7648149080589938e-05
1.589430220868775e-05
3.1190701984035975e-05
2.934509350486318e-05
1.505794809648246e-05
1.7209083538837093e-05
2.8903885532037107e-05
1.3266730351635985e-05
2.1668899171319844e-06
2.317838957629414e-05
2.7494330915998225e-05
2.524357199259966e-05
2.4862843751472245e-05
2.457326919851104e-05
3.7291516112766343e-06
1.4749884275823544e-05
2.394827260742004e-05
2.939112624318262e-05
2.067741848077643e-05
2.1853917742434737e-05
1.087891831530694e-05
1.7233902393776733e-05
2.5920713670773475e-05
3.775848092282829e-05
1.7104535129762525e-05
3.8156405767044055e-06
1.912850680166179e-05
2.066485622765681e-05
5.31358047099977e-06
8.473541102934842e-06
1.688203678370154e-05
3.090401572988895e-05
2.1668899171319844e-06
2.1668899171319844e-06
2.0945275933885106e-05
2.1668899171319844e-06
4.099971956109771e-05
5.878225248636524e-05
2.5725825098957215e-05
2.6300742350232676e-05
1.7711934903332566e-06
2.2075350753608458e-05
2.1481230274456407e-05
1.0132563730367719e-05
2.1615744713954416e-05
2.1668899171319844e-06
2.1668899171319844e-06
3.834466536165514e-06
2.1668899171319844e-06
6.670306476134118e-06
3.8156405767044055e-06
2.9987309867069025e-05
2.4841172592211615e-05
3.834466536165514e-06
5.501988254138116e-06
2.1668899171319844e-06
6.421912006803002e-06
7.310982811044681e-05
1.8700749318572218e-05
1.1023280062630165e-05
1.77224540593664e-05
2.4656945953343132e-05
1.4006820477037634e-05
2.1624684599391924e-05
2.8829240318240817e-05
3.185293693429573e-05
2.1668899171319844e-06
2.0758819872037e-05
2.1668899171319844e-06
1.5916245520633875e-05
2.7204273092451203e-05
2.2067811272028455e-05
1.2649244770581206e-05
8.340560919812949e-06
2.647806743966377e-05
2.7251617478251195e-05
2.0600248670128376e-05
1.869553993609273e-05
2.1668899171319844e-06
1.2657016573194815e-05
1.3757131692866282e-05
1.4310939911154048e-05
8.850932549773134e-06
2.1757836630613884e-06
6.3488205185165954e-06
2.1668899171319844e-06
1.7293374440885777e-05
1.927940919707373e-05
2.1668899171319844e-06
1.209054427813376e-05
1.209024410551576e-05
1.0316270865952918e-05
2.750994127069058e-06
6.321378975352947e-06
2.4178949394354526e-05
5.629202072426509e-06
2.1528034165510598e-05
2.288910958486123e-05
1.2379473571810764e-05
1.8127190554128464e-05
3.20170437737551e-05
2.1801193916011544e-05
1.4618167140409343e-05
2.3060322164913564e-05
2.1668899171319844e-06
1.99851879395716e-05
2.3830174056608426e-06
1.8119201603264597e-05
2.1406373356010007e-06
3.834466536165514e-06
7.744565981051492e-06
2.1668899171319844e-06
2.3221560223457756e-05
2.449260520265218e-05
1.192072665651581e-05
2.1668899171319844e-06
1.1244458975041319e-05
2.1668899171319844e-06
6.878565846433141e-06
2.0097705431299686e-05
3.5423869806665132e-06
1.433541792768857e-05
8.49823583549982e-06
2.1668899171319844e-06
1.953017254576881e-05
1.586879989994194e-05
2.3103119949667815e-05
1.7711934903332566e-06
2.073450396950531e-05
1.32763988246597e-05
2.8574706069760877e-05
1.8675946753491993e-05
2.6408640413801137e-05
1.6675766190335295e-06
1.9429013377295555e-05
1.7711934903332566e-06
9.944404296737692e-06
2.3344480919465278e-05
2.7319635614460123e-05
5.187762987081109e-06