2.6064676195840295e-05
3.4667090678461205e-05
8.675670488530362e-06
4.185661873585695e-05
4.422899073312465e-06
0.0004152532566278364
0.002327158321742226
0.0010508519434116513
0.001260004715269057
0.0002584781393152634
0.004301899729877045
0.0032884484189146302
0.00042123590618207404
0.0008232340873704345
7.108908881206498e-05
3.218434693786014e-05
0.00023061711605036305
0.00011391390021037646
2.7829575182451205e-05
3.616410770887858e-05
0.0001457472047913714
0.00020774334183517386
2.0167845123421493e-05
9.713891901033804e-05
0.00014511437131207346
0.0009880120843361443
2.6762523840665248e-05
9.193184005789546e-05
0.0001983604283189268
1.137404698573479e-05
1.126444125838965e-05
6.496561734727046e-05
0.00013834740659879614
0.0003091931700591068
0.00010978677083608826
1.1309052431530591e-05
2.4513478900712063e-06
0.0004883160854240483
0.000856361161581711
3.005559759479807e-05
0.004243084818845739
6.472287551786435e-05
2.4513478900712063e-06
0.00044379957275649163
8.96310351733596e-05
1.6370338342618355e-05
5.7799045260179475e-05
1.9302616751713336e-05
0.00014700501517349762
0.00017153242102711292
0.00011775205738136787
0.00010355832671758282
1.945226432868216e-05
0.0002614656846947218
5.055433199697317e-05
0.00015982968660036847
0.000500131214348338
0.00013887576201761226
0.00024286909686601618
6.304478729516278e-05
5.440598216911919e-05
4.615597587778666e-05
0.00040153372761001665
0.00017338048803143078
0.0004922268021721793
5.114730926826057e-05
9.505072353039958e-05
0.0004578450175071612
2.7676224406492518e-05
0.000597663378271129
6.80818173826945e-05
0.000100755168909475
0.0003500069174559155
0.0002353984878006354
5.8299239998784144e-05
0.00020393460935646474
3.591130232195938e-06
0.00014393570584008236
7.128504902251775e-05
2.5819143575718834e-05
0.0002083838510359774
6.037592628925229e-05
0.00016751646080612244
4.201394148465451e-05
0.00018477141336328988
6.827013272986696e-05
8.96060990612596e-05
0.00016900211598413044
0.00015459744429307515
2.3349297645201695e-05
4.7330525053126034e-05
5.127840496189053e-05
0.0012679439268066248
4.0579775867564866e-06
4.35375317906755e-05
0.00044003655900120745
1.5619710185412035e-05
5.028665565346417e-05
0.00010222064571870025
9.133448083617958e-05
0.0002633454008725481
0.0007191748312687101
3.983115480652054e-05
6.869516708884491e-05
1.571840959380491e-05
0.0001121762014326713
1.9753283709227368e-05
6.837169291224932e-05
2.7496801261545804e-05
5.6253415634523237e-05
1.8843203559892442e-05
8.908243158501746e-05
1.8107369569728266e-05
5.9506732444334244e-05
3.011366887727247e-05
0.0002240682899804777
1.3275840371949703e-05
5.219254767750967e-05
3.858256593934599e-05
6.800155466414735e-05
5.4116452929116875e-05
1.901770044522388e-05
1.2535473090449183e-05
0.0001591590892054123
0.00017083791395202503
0.0002222009917563668
8.490913189652048e-05
0.00017529540353819825
0.00010634698555933467
9.777044840629648e-05
6.248100435423876e-05
2.366654025986181e-05
1.629603552898798e-05
2.2893165447417244e-05
0.00017103447204616683
1.8793516715265665e-05
4.06362990994454e-05
2.2778291106421864e-05
3.2057094532725006e-05
0.0001330115717655244
0.0004376990823976158
0.00044098853383529337
0.0005370087060616413
1.9593828349478633e-05
0.000767624722457504
0.00013078665914294802
4.172406974041335e-05
6.969593781381515e-05
0.0001357685448138232
5.0945394185196854e-05
2.401436592040591e-05
1.5563095975532843e-05
3.964768660217216e-05
2.404798176529859e-05
9.403545144381717e-05
8.435894733850659e-05
2.6638281100061408e-05
2.0037065063198715e-06
1.3301084865806428e-05
7.151216538993237e-06
2.023366692550569e-05
4.180608642673747e-05
2.6273892555126953e-05
6.676422130848003e-05
2.0007661414992322e-05
6.752875926613976e-05
3.436068246342513e-05
8.109679580513487e-05
5.193827584495594e-05
7.50060075565736e-05
1.595695278974624e-05
8.091262748245552e-05
2.4513478900712063e-06
0.00011549211021038583
1.7212762383812556e-06
9.202513672364053e-05
0.00010314695051416924
1.618981983505634e-05
4.147064507927167e-05
5.281296701976091e-05
0.0003819316349050836
0.0003063505965189099
4.153901182898204e-05
1.4062317089859218e-06
1.059194393711547e-05
1.800737217688019e-05
0.00011161419074712534
7.84230000201037e-05
3.8007981551565074e-05
3.086678880596348e-05
7.371498455520776e-06
1.8705537906806297e-05
9.078809088956118e-06
0.00014206820633916163
5.659462062581923e-06
0.00019580753089293754
6.309173926620893e-05
2.604798137949717e-05
1.883547843113563e-05
7.505704335294824e-06
2.223799903148363e-05
3.964422066450322e-05
0.0003013731846880909
0.00018070946524239233
8.256213715782417e-06
2.8973338269367905e-05
0.000190409778077657
5.8320949223419834e-05
1.5326437323824057e-05
0.00016842599405681265
0.0001934325733646941
0.00011639001364235029
5.062434152349318e-05
0.0007758462315661892
3.8196444519530795e-05
3.696229779991802e-05
3.7951732915113856e-05
5.141472875764125e-05
1.3782097222422383e-05
8.91544398240945e-06
0.00035396713997388134
2.922620095277286e-05
1.7445137693884218e-05
0.0006887392044297205
6.427501700784304e-05
0.0001181321728324988
2.8942675218510555e-05
1.831639487359239e-05
1.2366032111776422e-05
0.00018296247254546256
1.1228399603787512e-05
4.337835244265181e-06
4.337835244265181e-06
7.882532391009092e-05
0.0003314576161838001
1.7497685621735264e-05
5.6351464575945364e-05
1.9683023430850607e-05
0.00012968538159578724
0.006070995768563698
0.00014053357675510825
3.6278592828018365e-05
3.7899937933517295e-05
0.000812700949238669
0.00018033358556878841
1.8502651240064388e-05
5.718362876265984e-05
1.5680649283246375e-05
2.323197927127172e-05
1.2022239037919227e-05
0.0001387525253937857
2.2318876727160674e-05
2.409786733733758e-05
7.489685535992012e-05
0.0001144443753886025
0.00013985306121920167
4.716413051027906e-05
4.409081396162867e-05
3.077550775369604e-05
6.249469506671542e-05
1.4742996911041552e-05
7.213343422751536e-05
0.00022410189783596068
8.26394838875665e-05
4.9026957801424125e-06
4.9026957801424125e-06
5.001658688147064e-06
2.2758583494770917e-05
6.345941974576075e-05
2.4513478900712063e-06
0.00012358247573514795
2.0364038833798716e-05
2.5810892676463763e-05
2.7378833821581074e-05
5.5564596470771766e-05
2.2326841182426146e-05
8.020285431276794e-06
2.4513478900712063e-06
0.00010695921682157753
0.00015062734337198318
1.0654934644080184e-05
0.0001487656564775587
1.2733064215203367e-05
2.0167892585075183e-05
0.00020240540302963233
1.9914270557251332e-05
9.095035516702407e-05
1.769159629324986e-05
2.5833524313473692e-05
0.00014679122605759868
8.543989259721491e-05
7.630750291786019e-05
2.589387215420811e-05
5.659462062581923e-06
8.890825592456688e-05
0.00011416493874091765
2.5655878729020623e-05
2.4513478900712063e-06
2.0750794634043794e-05
3.6450383246373816e-05
5.8191057343283095e-05
6.63074599937458e-05
1.960081160405797e-05
2.4513478900712063e-06
8.024002605265635e-05
7.042542448710571e-06
4.7824668314093e-06
7.036647105581458e-05
2.5400186815394284e-05
0.0001410843997823847
0.00011548213335205618
2.087586408546588e-05
0.00031620699343612506
4.043771197039902e-06
8.179158161285991e-05
3.591130232195938e-06
0.00012770187331714777
4.677910503767754e-05
3.454769777705727e-05
1.455102648363078e-05
4.0934240036126865e-05
3.734146748831809e-05
2.560579759723619e-05
1.546854879884514e-05
0.0001232756605966758
1.5432337335350087e-05
0.0007296678453640868
0.00015984205889157626
2.4513478900712063e-06
4.704194784973912e-05
8.904426640489808e-05
5.8682072240762165e-05
4.9026957801424125e-06
8.384384710470046e-05
5.659462062581923e-06
0.00018089172011569095
2.3237050601398893e-05
2.2742188877079694e-05
6.650542432903214e-06
2.843994518350233e-05
5.171976527927228e-05
0.0002468677775702686
0.00020876279455282014
5.719078170181223e-05
3.169112519424862e-05
3.6251971267138205e-05
2.894003639170289e-05
1.7122976880886804e-05
4.6643724532057465e-05
9.118258736997852e-06
3.0014629278770735e-05
6.0187777296312986e-05
2.4755841306534166e-05
1.7578852035342478e-05
1.598605228906512e-05
1.782613407905885e-05
1.1318924125163846e-05
2.4513478900712063e-06
0.00017289016894602504
2.4724930584216374e-05
2.2177877118857527e-05
6.885104953525022e-06
6.001767587795038e-05
1.687478050783106e-05
0.00010454390672072275
3.546423941513851e-05
9.950041323003014e-05
2.262535025797991e-05
0.0001418630972698094
2.7982077467229748e-05
2.683374501744546e-05
4.597406937202971e-05
1.2256739450356031e-05
5.498707046922719e-05
4.6852852638439316e-05
2.4687933495147866e-05
7.182260464391876e-06
4.3184622221321584e-05
1.4199361203215401e-05
2.985238597024233e-05
2.163959711000412e-05
1.3876864213678277e-05
2.1104955805888145e-05
4.007413012639743e-06
6.633863548942741e-06
4.3409010855121344e-05
2.1670051024338293e-05
1.2919699179940979e-05
1.616375524616e-05
0.00013952206245285652
6.287363837521964e-05
1.2384320573673625e-05
8.177012259223612e-05
1.1232548711002892e-05
0.0001296455121582898
1.4768454962648847e-05
0.00010114840918983187
1.4109397406476989e-05
1.887900796687778e-05
1.7229864123090324e-05
5.1937309006460794e-05
0.00013278003192952994
0.00011875771110863437
2.3268182235210268e-05
0.00013733551115278317
1.54914861454313e-05
6.183061945864475e-05
6.280449692068013e-05
5.659462062581924e-06
0.00014673232465602405
1.5310474919018355e-05
1.0773390696587814e-05
2.4513478900712063e-06
6.675239852133034e-05
5.2818044510983036e-05
7.038609564309482e-05
2.5243428808504996e-05
1.1008284954376556e-05
1.2131313591119709e-05
2.0037065063198715e-06
4.9026957801424125e-06
4.337835244265181e-06
4.286344639853197e-05
0.00014026578271037992
6.418160934649881e-05
7.210812508076994e-05
4.66819536770561e-06
7.426679751990657e-06
4.221926424370168e-05
2.4513478900712063e-06
4.8132345594485605e-05
6.136045144856357e-05
2.076428057927166e-05
1.5985587130397655e-05
2.1456369709575308e-05
2.2466089526192613e-05
0.0001325274268444053
9.239545913471111e-05
2.6857985035930255e-05
3.324406236605651e-05
0.00041258747645076324
1.8949968966758648e-05
1.4266171310905108e-05
6.99352579184003e-05
2.7469761935531406e-05
2.7792812332871323e-05
4.56778119713717e-05
4.34584549459343e-05
0.00010863576906797164
3.0470005755965967e-05
8.281737570345629e-05
2.4513478900712063e-06
9.662724315360322e-05
1.9178882359344334e-05
2.682506635723124e-05
2.101257018035517e-05
4.337835244265181e-06
3.772974708387949e-06
2.148093615790532e-05
5.163828715143766e-06
0.00020964449979167586
7.182260464391876e-06
7.573813924608976e-05
1.6475963377557318e-05
1.2192661126989227e-05
8.83409583005897e-05
2.4274959090551486e-05
6.253475696867213e-05
0.0011682337689692685
1.040774132253622e-05
5.897958933953072e-05
2.4513478900712063e-06
4.685210424003237e-05
1.995387027134662e-05
4.838948073868543e-05
0.00020110203798937536
8.634456127812982e-06
0.00026391667487037546
8.84845439302053e-05
4.337835244265181e-06
0.00017862036811030382
1.4663900337263404e-05
4.398079210917757e-05
2.1034279327717263e-05
2.9158861282098946e-05
0.00011558073270193695
1.578199348062209e-05
7.655237459509177e-06
1.2022239037919227e-05
1.642653291764513e-05
1.4742996911041552e-05
2.051105009566411e-05
5.897198764416621e-06
7.13889377211683e-05
1.0833890694407216e-05
2.2899362772089816e-05
2.9608503347379776e-05
1.862374025645806e-05
1.785417922311713e-05
3.294288579377276e-05
1.8574965902036097e-05
5.6162240048888247e-05
1.8420964208058685e-05
2.5609215459815687e-05
6.838694052748388e-06
3.2081141725107177e-06
1.0012836674124133e-05
8.84579814662493e-06
5.518479251856582e-05
3.407354857290009e-05
6.26722397437309e-05
6.929644292689462e-05
1.2720572727544267e-05
8.04473540351157e-05
7.06724557203969e-05
1.4140332748869894e-05
0.00030098624739267356
0.00010142590220751253
2.386078155385524e-05
3.331092337531701e-05
0.0001251106138382574
9.343972466047439e-05
2.3858698044520652e-05
5.362396292630514e-05
1.3411027517442598e-05
1.0339561669019592e-05
3.0864674670700174e-05
7.354043670213618e-06
5.8901807405168085e-05
1.502543539152992e-05
4.0727881576053766e-05
7.801128028637302e-05
0.0001349250483497365
2.15678297040538e-05
1.8720746682962748e-05
1.2720572727544267e-05
0.00011354899742670841
1.668617192431755e-05
5.486877987466135e-05
5.3713977746783994e-05
1.5759427635266376e-05
7.570031594479223e-05
2.163959711000412e-05
2.2671926666193832e-05
1.274052754263768e-05
1.765127744806086e-05
4.548437775415939e-05
7.081264203079619e-05
0.00025393182623772515
0.00018366028820754088
6.195484350037804e-05
2.3558392847043335e-05
2.7240358414360464e-05
3.0070221182240375e-05
4.975397661707055e-06
1.1397823421247314e-05
3.579533025889359e-05
1.5263662394660325e-05
1.296924664627737e-05
0.00014657690320535717
6.585841332652236e-05
0.00014358024390962156
6.505637189767423e-05
5.678225583938867e-06
0.00010603676746417095
1.5563095975532843e-05
7.581902406599914e-05
5.386695348293907e-06
5.310573743446904e-05
6.365053872207334e-05
6.219867002458279e-05
3.8818949026928806e-05
2.5967917729396733e-05
0.00029626595012720145
0.0001707921940449489
3.875783805642716e-06
3.3952631954851136e-05
1.6771232631367195e-05
2.933994895464749e-05
7.565674240796765e-06
3.815939054304353e-05
2.160480976071939e-05
0.000155282115445322
1.9040977807765702e-05
2.1155685862209095e-05
1.4181776526317643e-05
4.843369485234127e-05
1.9178882359344334e-05
8.18579169629522e-05
6.301976440167098e-06
1.7303523959334924e-05
8.110430840936733e-05
7.88268491654852e-05
3.912711634561046e-05
4.8359321196544394e-05
0.00018099954313790593
0.0016960242147098584
5.731387349341261e-05
1.960081160405797e-05
2.3545919901579768e-05
1.2911327822636047e-05
7.718046724936148e-05
0.00010753910517965535
4.416117884282888e-05
7.817128789925994e-05
4.390995873537848e-05
1.0347500370890066e-05
4.025629392050778e-05
0.00018444636460978418
0.00014216917314040312
2.2263830043220304e-05
0.0004149993175114671
6.156533854101083e-05
0.00018395426455627333
0.000560957915307404
1.3451667915608393e-05
3.990325459741929e-05
0.00043694637001972565
0.0025260205926221813
9.542254642016264e-05
0.0007099661855780694
0.0006704546492324902
0.0004511653982982865
0.0007056783220191717
4.921381199956887e-05
0.00026748320041525124
0.0002704872204123268
3.134429287278303e-05
2.2059028491773858e-05
4.263660433560494e-05
2.6859675201286675e-05
0.00010092638258948253
0.0003815815030923818
8.094802619824671e-05
0.0001722760853807274
2.302897619637966e-05
2.7086372763768716e-05
1.0327657430287531e-05
2.5764503725868396e-05
3.0443414905557586e-05
0.00010146563193213498
2.0338562267460226e-05
7.964986583223074e-05
2.7092076557700582e-05
1.5999159542869588e-05
3.26982364233795e-05
2.6830769539265494e-05
2.5594352299688248e-05
8.834397317641249e-05
0.00045375929255401436
5.337399059698329e-05
0.00015780813850913448
9.481515057152535e-05
0.00022113137931281166
3.640224530871063e-05
4.327986288232789e-05
0.00015491367067599262
0.00016742115567298452
2.1606776366287193e-05
2.390066680146342e-05
3.4460472424298756e-05
2.249970734377475e-05
7.503821491687077e-05
2.0921977863752535e-05
1.7777840732161006e-05
0.0001046789857485118
2.0037065063198715e-06
6.416228345021435e-06
0.0003166972018936766
0.00032254173265693856
3.982629891510421e-05
0.00012103551394473561
5.1883180950250604e-05
3.6951054535506264e-05
8.316703919571572e-05
0.00011076889918685594
4.2314406046976345e-05
6.292766501974719e-05
2.1881656469395414e-05
4.7988921444373774e-05
6.980790406388424e-05
0.00010295456742885899
2.321436482549876e-05
9.584727121645642e-05
0.0001291446025466209
0.00011850359538513413
6.551341979004666e-05
2.589490178418768e-05
5.4814423752858196e-05
9.613839780219496e-06
2.0327981862362757e-05
7.000456761642225e-05
5.658911281093305e-06
0.0002816108621648339
3.7338965371641764e-05
0.0003333598367043687
1.87740681782037e-05
5.343108102176487e-05
0.00011012052801108515
6.461504606345863e-05
3.0215139825416383e-05
3.7189343733485305e-05
5.538444959342797e-05
5.358289542389202e-05
1.4548751705293786e-05
2.5183456186072427e-05
2.0056335660800992e-05
5.539368896792654e-05
1.2732148173176932e-05
2.2323529992457042e-05
2.678665951580148e-05
3.0652874647648115e-05
2.209995676253478e-05
0.0001185753062972891
5.060687903775858e-05
1.6120663308796068e-05
4.149469171432195e-05
2.7202991084559596e-05
2.2973648282865834e-05
5.072334541583417e-06
1.002683113262448e-05
4.845499947888895e-05
6.63284221140197e-05
3.470710271774824e-05
2.1731311294189037e-05
2.693347674146953e-05
0.0002556569155018461
1.2022239037919227e-05
4.9026957801424125e-06
0.00011630700573314227
6.690588729907383e-05
0.00010170642263228865
7.47987259179557e-05
4.001049714786704e-05
1.991557740326027e-05
1.301350573279554e-05
7.517845829994878e-05
2.216631133382979e-05
8.722568846942109e-06
2.5180848354245302e-05
3.885907558195094e-05
1.804973809986514e-05
2.304588548563116e-05
2.0037065063198715e-06
2.5899227467967524e-05
4.337835244265181e-06
5.077594082070854e-05
1.1794397528833242e-05
2.0382798741033664e-05
9.558439281077586e-05
9.172530760562558e-05
0.0001472678928854677
1.9569707013009497e-05
3.501161081702945e-05
4.007413012639743e-06
6.349251481489461e-05
2.8071974952786665e-05
2.4513478900712063e-06
7.192835231268238e-05
1.765127744806086e-05
1.5733220174662285e-05
8.041299737884533e-05
9.068934059435674e-05
2.1689176221325904e-05
5.7992791415003976e-05
2.7407803273444848e-05
6.51621580874759e-05
4.131062972115013e-05
4.1032164316490335e-05
6.784777407506272e-05
0.00012478041664993974
2.4513478900712063e-06
1.661868612496137e-05
0.00014608075826897355
2.2910077842695383e-05
1.0071921793098482e-05
2.695847464693268e-05
4.648464546475424e-05
2.064251616434981e-05
1.6860020640160582e-05
0.0004933308587679501
2.8537208980912963e-05
3.4853553169620515e-05
6.265471274428246e-05
7.057050835291628e-05
3.318960092987425e-05
0.000212044801991442
0.00010628609134737074
2.2041540155273694e-05
0.00012881647225815947
4.110542301706274e-05
4.6610823211537826e-05
7.396539635800549e-05
0.0001760876161277297
1.9811687680834454e-05
2.2268976945838393e-05
1.8004008133932823e-05
0.00013286855756366447
3.8948357411972794e-05
1.6078230804794216e-05
1.9916230975820512e-05
5.4031360556388794e-05
6.680264357510598e-05
2.8118834492456274e-05
4.418798286362686e-05
1.5283618255559056e-05
2.590999371851559e-05
2.4513478900712063e-06
9.143595875216665e-05
3.515348680724448e-05
0.0001133706025875574
0.000100036394287065
2.7709294707702857e-05
1.0871264058799418e-05
1.1609261210649797e-05
0.000185393817591849
0.00023200692213436758
0.0001403865225285791
3.0262696963187062e-06
2.4138250124189113e-05
2.8776919408852807e-06
4.311882415679999e-05
8.240254290848003e-05
1.968831427958357e-05
2.4365323114718102e-05
3.417312983199217e-05
5.477161906165973e-05
2.7130486639499015e-05
2.9184478681283217e-05
2.6135976680180687e-05
8.164119543473013e-05
2.4513478900712063e-06
1.3197578630746052e-05
4.722628213822975e-05
8.242377693116576e-05
4.5090698116979234e-05
3.1237316840896e-05
0.00021083446908014562
5.994108088559312e-05
2.821539992797386e-05
0.00012372900322902539
7.826268187837987e-05
5.444268813324994e-05
1.3677727683205813e-05
1.9138521841291196e-05
5.353592722967055e-05
1.4500479274927308e-05
6.779576280702429e-05
7.764941907957916e-05
4.801622361899967e-05
2.4347865520538916e-05
2.7829575182451205e-05
1.4030991207696096e-05
2.9907876295389025e-05
2.3244817361068066e-05
2.6602169731612856e-05
3.5740226756018205e-05
0.00013469442096553913
6.42508917713328e-05
6.50675286639777e-06
5.897198764416621e-06
3.910211577106022e-05
1.945446513764796e-05
0.00044604206401108756
2.4513478900712063e-06
0.00011685124963253496
2.9536909925297693e-05
2.4513478900712063e-06
4.337835244265181e-06
7.565674240796765e-06
2.1596429317671783e-05
0.00013650974991434703
4.3420789949231605e-05
6.334540716801806e-05
5.612981144907635e-05
2.369734312358117e-05
4.771450027979827e-05
6.768834828276155e-05
2.8792728161004493e-05
4.007413012639743e-06
1.4137691185278437e-05
9.583185536128149e-05
6.628197429544029e-05
9.427890676081016e-05
2.3237050601398893e-05
1.1794397528833242e-05
5.7029662194932175e-05
2.089524521217384e-05
3.703730030868852e-05
9.686596027874806e-06
1.3110563654820934e-05
1.4189438323144983e-05
9.624342517532152e-06
4.9026957801424125e-06
2.3336760740888755e-05
6.60079292905694e-05
2.1042657974162787e-05
8.634456127812982e-06
5.8390537408643365e-05
1.7523008520506246e-05
9.177394558374655e-05
3.171904363960184e-05
2.067084696342782e-05
3.1007829687038524e-05
1.928027826526327e-05
2.143998396455996e-05
2.0398469647541967e-05
6.71674881895186e-05
3.45815754127816e-05
6.938494215024145e-06
4.337835244265181e-06
5.985488189612893e-05
1.0773390696587814e-05
1.0573014546533947e-05
0.00011549211021038583
1.5560651225685367e-05
0.00023261438075978993
2.4337598448278133e-05
1.2192661126989227e-05
8.606381191906277e-06
5.385264812481066e-05
2.0037065063198715e-06
2.4513478900712063e-06
2.1626153117747945e-05
2.9874303679701698e-05
2.1689176221325906e-06
2.4805745478602477e-05
0.00017003944999645376
2.0298969065269992e-05
1.618960523964934e-05
1.176048696243478e-05
6.885104953525022e-06
7.354043670213618e-06
5.065978939026294e-05
0.00013085350155479892
4.96517359209572e-05
4.9026957801424125e-06
4.9026957801424125e-06
0.00011577491132588237
5.398699475312496e-05
5.419340098089521e-05
1.9955360721074973e-05
2.640270646619122e-05
1.4062317089859217e-05
9.59880685489721e-05
1.725462585422257e-05
2.5093305968099708e-05
9.450356747989765e-05
0.00012152748685075622
3.667268870777406e-05
1.9747785936317647e-05
2.4513478900712063e-06
2.1263229562580696e-05
2.5573654634130284e-05
3.5337589270565005e-05
2.4923348456099267e-05
4.7615653086774104e-05
7.773231999837884e-05
5.820595368327473e-05
8.292329436178426e-06
8.40110901758455e-05
4.74895087029714e-05
3.257100144477448e-05
1.7268912255625964e-05
2.6677064023221917e-05
5.243566394833531e-05
7.028341966324155e-05
2.426926503883588e-05
6.76520331234613e-05
4.7538278651313915e-05
2.436361814154541e-05
0.00010829842859919082
1.919449999147628e-05
3.253591583365262e-05
4.088203162597831e-05
7.525973761995233e-05
9.457761626644164e-05
0.00017209552687850964
2.071897203247432e-05
2.100467615625496e-05
2.3006486465143626e-05
2.621956303696226e-05
1.2022239037919227e-05
1.585927338706089e-05
7.929539188098046e-05
2.1917147937993653e-05
2.856849197210121e-05
3.644725253997261e-05
3.4690732649521815e-05
3.063217380106688e-05
9.085928179664454e-05
1.5731737822177357e-05
3.431019966435398e-05
0.00014839238534131705
2.7306391753002673e-05
1.773477982107524e-05
0.0001004064702527889
0.00011594481265885139
7.133979559361783e-05
5.328502246702237e-05
7.830631964694028e-05
7.696551242077507e-05
1.0464154683964237e-05
1.4471669305692853e-05
0.00012488483413314165
3.515143504163075e-05
3.1007829687038524e-05
3.385188373022012e-05
3.2624532122915736e-05
2.4513478900712063e-06
2.2327838205038803e-05
1.683412637933023e-05
2.28406516263221e-05
2.4064394718298752e-05
2.994138900133132e-05
2.5515263790431273e-05
1.301350573279554e-05
2.4513478900712063e-06
0.00018846714277634668
1.7212762383812555e-05
2.4513478900712063e-06
2.28406516263221e-05
5.65031329147756e-05
5.4780463915457055e-05
2.32547028338563e-05
2.5040244370911714e-05
6.011119518959614e-06
2.3407341063477795e-05
1.0773390696587814e-05
2.52624290751776e-05
3.012777109548027e-05
3.0433233714911327e-05
4.881031437187803e-05
2.3779931864539276e-05
4.042748518577233e-05
5.563687378503844e-05
3.1715967834762376e-05
2.6885350783224063e-05
2.1449585170522055e-05
2.4513478900712063e-06
1.347923732346634e-05
0.00015555053752357127
1.616375524616e-05
4.828024461691652e-05
6.143821411463767e-05
1.940949285819206e-05
5.453005495027556e-05
6.933418135692241e-05
8.675670488530362e-06
1.8510692916594915e-05
1.8864873541939745e-06
1.3238458086045646e-05
4.2560274305377226e-05
2.0298969065269992e-05
0.00011668665956722043
6.052539392637412e-05
5.005851577295266e-05
2.6086961287022335e-05
1.4742996911041553e-06
2.408355676331431e-05
2.753643745832558e-05
1.4062317089859217e-05
2.252919377420163e-05
8.105635201232577e-05
1.6605723256742766e-05
0.00010806272111277759
2.4824061367462322e-05
1.2448520980548295e-05
3.9685522226116846e-05
0.0002512257858524955
2.861314072306215e-05
5.970508266381616e-05
0.000275694042236477
3.5598281334096306e-05
5.2107490368597664e-05
3.645583092779464e-05
0.00027499955056181527
2.566491338008574e-05
0.00017768035613236648
0.00012681321741974205
9.682183155033671e-05
0.00011909225874167359
0.00017062087048978446
1.1318924125163846e-05
3.642643235891431e-05
3.112130245137074e-06
5.2390907422651097e-05
2.0806727950077696e-05
5.902777003028192e-05
2.0120219678774223e-05
2.1689176221325906e-06
2.4513478900712063e-06
2.4513478900712063e-06
1.9496278946460437e-05
1.3760356192970695e-05
6.484623323138685e-06
2.770786628853535e-05
1.7523008520506246e-05
1.6064154097073786e-05
6.054122517421753e-06
3.49089890369948e-05
2.4500155724629154e-05
2.621956303696226e-05
4.077823732334114e-05
2.1101238745779806e-05
1.7174215277592592e-05
5.556021985073427e-05
2.4513478900712063e-06
1.9228833354871983e-05
4.337835244265181e-06
1.347923732346634e-05
1.3592745774447048e-05
1.2750027968608115e-05
1.9771266581013887e-05
2.6301356418189085e-05
6.013677554420903e-05
1.4857752387611947e-05
3.3525630995041464e-05
1.829956736475799e-05
1.3268697219937398e-05
1.6932604962033362e-05
5.746965055024014e-05
1.4009983400929135e-05
2.699349737656248e-05
2.475687967672235e-05
4.975397661707055e-06
1.4216869567659902e-05
4.695905378052956e-05
2.028480171887914e-05
3.8528997340317945e-05
3.0561758422507706e-05
2.6768777752854658e-05
3.959273589223816e-05
1.8203055679946963e-05
7.354043670213618e-06
1.2599266112249713e-05
4.4253172184888626e-05
1.301350573279554e-05
1.9474178705986397e-05
2.3963262443948203e-05
3.1006270445141726e-05
3.185963159469426e-05
2.5158607623126526e-05
6.484623323138685e-06
1.6584658872356853e-06
7.780325612842683e-06
3.2746033734225016e-05
6.416228345021435e-06
2.9687034673694856e-05
7.877970630677953e-05
8.606381191906277e-06
5.133124176650246e-05
1.5337445203753396e-05
1.4742996911041552e-05
2.415811624876669e-05
2.9104668666025007e-05
3.0262696963187062e-06
8.990411528378449e-06
2.4513478900712063e-06
8.087542394079804e-06
1.1510767763541123e-05
0.00014905500571195542
3.2603618662623734e-05
2.6987707624129917e-05
2.349189589408208e-05
2.24077587933399e-05
1.940949285819206e-05
3.7388874774206965e-05
3.027475195217751e-05
0.00015980867091401014
8.858998224208879e-05
2.4513478900712063e-06
9.95079532341411e-06
2.0697185024910004e-05
2.758839104068555e-05
8.977825580489845e-06
4.178491030149729e-06
2.4513478900712063e-06
4.007413012639743e-06
2.004560791861151e-05
2.3456421184788784e-05
1.8353464444061672e-05
9.691488880652315e-05
3.063700977300926e-05
4.048181760018678e-05
2.7058226464558438e-05
1.1293241380881027e-05
1.7606356121776427e-05
6.71013227664211e-05
2.4513478900712063e-06
2.1689176221325906e-06
4.9026957801424125e-06
9.078809088956118e-06
6.416228345021435e-06
2.8552220035986007e-05
2.0674674217509742e-05
8.977825580489845e-06
2.4513478900712063e-06
2.0706494017691892e-05
4.778261512575228e-05
2.8190275072898503e-05
2.3815297261254557e-05
1.745319122499795e-05
2.5573654634130284e-05
1.0654934644080184e-05
2.0497795605014162e-05
2.385161496716224e-05
1.801077444030443e-05
4.56697863943179e-05
2.1689176221325906e-06
2.1515672197026194e-05
2.4513478900712063e-06
1.579511311293056e-05
1.141959726527123e-05
1.817726157240346e-05
1.5930104592344393e-05
2.336515860291375e-05
2.241095503527832e-05
0.00031289463923847463
1.787804134748309e-05
2.241386948668846e-05
1.8631875713994424e-05
2.1798198558377758e-05
2.4513478900712063e-06
5.442307532966494e-05
3.772974708387949e-06
3.44203914407397e-05
2.4513478900712063e-06
1.1397823421247314e-05
1.8259804056871522e-05
2.1471020938792304e-05
8.087542394079804e-06
3.470710271774824e-05
3.9072316809165905e-05
5.249305686520578e-05
0.00011395434617860877
1.2256739450356031e-05
7.354043670213618e-06
5.1233425888862204e-05
2.3614254460873624e-05
7.545949416775898e-06
1.2256739450356031e-05
5.6102054432559127e-05
3.3585056303158334e-05
4.321350432834887e-05
3.041179373712583e-05
2.4766621202714797e-05
1.8905929320501296e-05
2.714123279414445e-05
2.05365439919112e-05
1.7668794635282503e-05
2.4513478900712063e-06
2.713688085715323e-05
6.215916521186486e-05
2.58826826215331e-05
3.0323043945081424e-05
1.8633971875804734e-05
3.0034241328653845e-05
2.6687080268168188e-05
8.584234462685992e-05
1.2131313591119709e-05
5.0832533844129876e-05
2.3021535527082246e-05
2.0973561478698117e-05
1.8510692916594915e-05
0.00010573014546533947
2.0449908365000098e-05
2.132183495919182e-05
2.785182706637205e-05
2.591077333279295e-05
1.959438540796537e-05
2.3857250139899136e-05
2.3199328829667396e-05
5.8535016930989394e-05
1.321750209997035e-05
1.673441170879815e-05
3.3112352585820096e-05
2.4513478900712063e-06
2.4513478900712063e-06
2.5914080375892007e-05
1.0573014546533947e-05
5.012380351722757e-05
2.496561845330671e-05
1.853622570863177e-05
3.569170367047288e-05
2.4513478900712063e-06
2.4513478900712063e-06
1.787804134748309e-05
2.4513478900712063e-06
2.4513478900712063e-06
1.515255571639015e-05
1.704234517939294e-05
2.2439966172907498e-05
4.205998398184934e-05
3.442552476762511e-06
6.345573785269817e-05
2.580574499197038e-05
1.1609261210649797e-05
3.233504181968511e-05
1.159298122122098e-05
1.768663770230807e-05
1.4601151501557088e-05
1.4453086896533972e-05
2.4513478900712063e-06
4.4655676410077606e-05
2.2535269911121336e-05
3.6324735104530523e-06
8.748842810867632e-06
9.078809088956118e-06
2.1624822822983937e-05
2.4513478900712063e-06
1.595695278974624e-05
2.1689176221325906e-06
1.874841598935716e-05
1.472986058191395e-05
3.34688234175963e-05
8.09490991752817e-06
8.627312927111285e-06
8.977825580489845e-06
8.09490991752817e-06
2.160758535971497e-05
1.0770207245817953e-05
1.2461674228049633e-05
5.6727106105270573e-05
2.62729710145247e-05
1.7182157766017666e-05
1.187237717574285e-05
1.6175084788159607e-05
2.4513478900712063e-06
2.0533867462248634e-05
2.4513478900712063e-06
2.5380740739781044e-05
2.4490363036771934e-05
1.1249853671887374e-05
2.4513478900712063e-06
4.9026957801424125e-06
9.79764784202006e-06
1.7404196007853602e-05
2.0506833303555834e-05
9.805391560284825e-06
2.4513478900712063e-06
1.3216268183167432e-05
3.5111011595216686e-05
3.772974708387949e-06
2.929366775738679e-05
1.9729955563393115e-05
2.4363391844871e-05
2.2509586422046587e-05
1.8864873541939745e-06
3.726788785787165e-05
6.003591480101477e-06
1.4388459704426401e-05
4.337835244265181e-06
2.5811773497391216e-05
2.4513478900712063e-06
1.7035442206715864e-05
2.4513478900712063e-06
2.876671736982825e-05
1.9002747681134465e-05
1.1573461885789533e-05
3.8752599632240865e-05
1.3123264216301445e-05
8.606381191906277e-06
5.9785926382896044e-05
4.9026957801424125e-06
7.703952203716501e-05
9.078809088956118e-06
6.011119518959614e-06
1.8774068763982745e-05
1.910452281944882e-05
0.00010503483245108835
0.00019329028197152188
1.4004586103116832e-05
3.0829067262797057e-05
2.4402698270232977e-05
2.6431791068114776e-05
2.3830594623030177e-05
6.633863548942741e-06
6.650542432903214e-06
5.659462062581923e-06
7.453654460258401e-05
5.366620083281021e-05
4.043771197039902e-06
2.0037065063198715e-06
2.1689176221325906e-06
2.4513478900712063e-06
2.6509191866042737e-05
1.1228399603787512e-05
4.791596849677022e-05
5.386695348293907e-06
1.3767650426920682e-05
7.565674240796765e-06
1.5110298223672719e-05
2.1285055759348202e-05
6.366074086588466e-06
2.1582425318970724e-05
8.256466149859476e-05
3.757133911190478e-05
7.100999235897174e-05
1.9111886279739916e-05
2.4513478900712063e-06
0.00021505104347594204
2.2439966172907498e-05
6.18934726062304e-05
2.4513478900712063e-06
6.011119518959614e-06
2.4513478900712063e-06
2.4513478900712063e-06
2.4513478900712063e-06
2.4513478900712063e-06
6.011119518959614e-06
5.085462914634273e-05
2.1810309182488795e-05
1.728669319205845e-05
8.087542394079804e-06
3.0068387772104514e-05
2.4513478900712063e-06
1.2651876670041484e-05
6.15762104615619e-06
6.957393795612802e-05
2.7021324893632503e-05
7.586194498256973e-05
7.565674240796765e-06
3.5669897796808915e-05
2.864832460507482e-05
4.9026957801424125e-06
9.805391560284825e-06
7.354043670213618e-06
2.940180740783442e-05
2.352097392486956e-05
4.9026957801424125e-06
2.0231634737666202e-05
2.4513478900712063e-06
2.4005858077211243e-05
2.1456369709575308e-05
4.007413012639743e-06
2.4513478900712063e-06
2.4513478900712063e-06
2.3994460722186887e-05
2.758839104068555e-05
2.7765248712586787e-05
3.0342638908277265e-05
3.232134698891177e-05
6.011119518959614e-06
4.337835244265181e-06
2.1566779717546147e-05
2.928195580483601e-05
2.1091585721422314e-05
1.8759553729217695e-05
1.7888463050861905e-05
2.4513478900712063e-06
2.5810892676463763e-05
2.4513478900712063e-06
1.5517932343440835e-05
1.797732372636156e-05
1.7818533979573877e-05
5.380298755093855e-05
5.243912607392452e-06
2.6498323204727392e-05
3.772974708387949e-06
2.802841897630347e-05
2.6961382153397243e-05
3.772974708387949e-06
2.4513478900712063e-06
2.4513478900712063e-06
3.5949495208331174e-05
7.758966171720418e-06
9.624342517532152e-06
3.442552476762511e-06
1.643259904699133e-05
2.0727874892845325e-05
1.9233808750304492e-05
2.1369127352524456e-05
2.2925427383338587e-05
2.613467542242351e-05
1.8617625854171637e-05
1.5356379189835157e-05
3.949557187263529e-05
2.520884958633413e-05
2.1000415047354926e-05
3.114724321434829e-05
1.2105078785274825e-05
1.0083710552735973e-05
3.4953550447121676e-05
1.6302231069496007e-05
2.4513478900712063e-06
7.233386807772633e-05
1.353775038242811e-05
1.1510767763541123e-05
2.45472997912429e-05
1.2069125062094557e-05
2.8081120024444123e-05
3.3982769481765084e-05
3.000787286090028e-05
2.2598360050188367e-05
2.0706494017691892e-05
3.91128578927073e-05
2.4513478900712063e-06
5.6644867768867703e-05
2.514733795216644e-05
3.123942037082407e-05
3.413298969125334e-05
3.155780786155047e-05
9.8456366417659e-06
7.120810240888e-05
1.353775038242811e-05
0.00012691004559225546
1.3369902102697191e-05
2.4957150591701423e-05
4.9026957801424125e-06
2.4513478900712063e-06
5.440423634611245e-06
2.3961817804114104e-05
2.5880853681179562e-05
1.5032660329971698e-05
2.95663254935527e-05
2.5033580763627184e-05
8.675670488530362e-06
4.944327533728501e-05
4.113475014212528e-05
1.2608727823454934e-05
1.9162688296910167e-05
2.3127817184600428e-05
1.2350988723408307e-05
1.2736348546299214e-05
1.2860516940385835e-05
2.478011466728264e-05
2.795481504437226e-05
3.005559759479807e-05
1.9264498670158972e-05
6.258022921327583e-06
1.7054532699081785e-05
1.500393643045014e-05
6.229268625360572e-06
2.7282016041757848e-05
4.0237599535846866e-05
3.184593079808173e-05
1.301350573279554e-05
1.7212762383812555e-05
2.4513478900712063e-06
1.831639487359239e-05
2.2914572002363224e-05
6.149338681504248e-05
7.482215162722518e-05
2.5786717278172703e-05
1.9178882359344334e-05
2.584743314408804e-05
2.460620304353131e-05
9.002823485952998e-06
4.812171258766076e-06
1.2732148173176932e-05
7.721325294837125e-05
6.754054946322979e-05
5.005851577295266e-05
9.624342517532152e-06
3.772974708387949e-06
8.020285431276794e-06
1.4574985261163969e-05
1.1503083902815044e-05
9.842448162226085e-06
5.6822202405939664e-05
2.0037065063198715e-06
2.0928309367928475e-05
1.773477982107524e-05
2.549808705942746e-05
1.4548751705293786e-05
3.504050661936086e-05
6.232303205365766e-06
4.422899073312465e-06
2.2717021673934643e-05
1.0563813673065857e-05
2.4513478900712063e-06
2.476481485541859e-05
1.6641043593672233e-05
1.1918694231655395e-05
4.395910523376878e-05
7.545949416775898e-06
1.6194233332995592e-05
1.579164080563221e-05
1.8377467883040678e-05
3.6608149872330074e-05
2.7105551488216678e-05
2.5967917729396733e-05
2.1120814662362544e-05
1.990079733184542e-05
2.5349019062326235e-05
2.2204943365183817e-05
1.4292761185400765e-05
1.5261564896482342e-05
2.921251421121911e-05
9.78878103398217e-06
2.167383445706531e-05
8.510275151317447e-06
6.123968660105557e-05
2.884058654395204e-05
1.0892455857979759e-05
1.5110298223672719e-05
0.00013282946149724515
2.458620535663648e-05
1.3420264553284219e-05
2.4513478900712063e-06
3.055255339515858e-05
2.1042657974162787e-05
2.4014600249712874e-05
1.8973440580035843e-05
3.0292114570206e-05
8.020285431276794e-06
1.4868068800369582e-05
2.3970385596366217e-05
2.8140858856178056e-05
1.2656085380873296e-05
2.54358343059534e-05
1.7010106100985512e-05
1.0563813673065857e-05
1.1794397528833242e-05
1.126444125838965e-05
9.33639073541122e-06
6.011119518959614e-06
5.3276562200122816e-05
4.377671802192483e-05
2.26279565778524e-05
7.92976090990046e-06
6.368174273149607e-06
5.365013271446248e-05
2.7353035386513022e-05
2.976852138761298e-05
4.614213844368071e-05
2.0815296320517416e-05
4.337835244265181e-06
4.007413012639743e-06
3.056786970285429e-05
2.4655132119335163e-05
2.6851580575403624e-05
1.7351340977060725e-05
3.13545648200531e-05
7.354043670213618e-06
7.152304829076417e-05
3.137320466684994e-05
1.387698843004829e-05
2.4489619558627687e-05
2.429671367058949e-05
6.588577158754552e-05
3.648036843117271e-05
1.1293241380881027e-05
3.462180728251554e-05
2.6480324363495065e-05
2.188020592748159e-05
2.3800146594985234e-05
2.6270222542993508e-05
2.4513478900712063e-06
1.7229864123090324e-05
2.208058942141444e-05
6.011119518959614e-06
1.5560651225685367e-05
2.324232273237712e-05
2.3433637428238347e-05
2.3690005104234176e-05
2.408122042819619e-05
1.4388459704426401e-05
2.29184736796657e-05
2.4593399827483286e-05
2.595760266943482e-05
1.8502775456434407e-05
2.6851580575403624e-05
1.8832887147134805e-05
2.4513478900712063e-06
2.95298115160002e-05
2.4513478900712063e-06
2.4513478900712063e-06
2.4513478900712063e-06
3.1387751893386294e-05
2.4513478900712063e-06
2.4513478900712063e-06
2.4513478900712063e-06
2.4513478900712063e-06
2.4513478900712063e-06
2.4513478900712063e-06
2.0015310201126142e-05
2.4513478900712063e-06
2.8779304146358452e-05
2.0037065063198715e-06
6.011119518959614e-06
3.1474370256832305e-05
2.847899733847238e-05
1.525884197220624e-05