0.00043784427543683746
0.000374899733657369
0.0009246552357808326
0.0032176376149975583
0.0010717778481968824
0.0014973986318753908
0.000569535030875063
0.002763386430680573
0.0010918557741447727
0.0005896277900545861
0.003734677621494257
0.00047403735319594375
0.0001031364952033126
8.732566366041897e-06
0.00017133479714193914
0.00011617319784534277
6.77826342171566e-05
0.0002395979438144836
0.0016921118546850266
8.430856930219007e-05
5.622103089332198e-06
0.00023204371138529895
3.815839970253898e-05
1.617096113021125e-05
0.00024699282488089533
0.000129921554745665
0.00011606530275816294
7.458069855211617e-05
0.00016516886936389846
0.00010180822299474066
3.514253261526726e-05
2.7487716147905913e-05
6.124092542612308e-05
0.0001414983920694054
9.058106885595636e-05
2.811051544666099e-05
8.382182093931319e-05
7.415209582268157e-05
0.00016536479563382264
0.0002583848429630623
0.0008438075118669735
4.053371802079159e-05
0.00012750942440232878
4.70810118336835e-05
9.178225562579941e-05
0.0001318832427092927
5.942900087220209e-05
8.060924582279543e-05
1.5028480993444836e-05
4.73834163889421e-05
9.757180003095349e-05
0.00042112712043627004
6.39643667240547e-06
0.0002457689264918725
9.140301896362022e-05
4.0496876444068864e-05
4.881092580272252e-05
8.265373501156929e-05
9.891243203196954e-05
4.75165587425388e-05
7.90901815039836e-05
5.80595153511797e-05
4.9875502423801496e-05
0.0003769699001189323
0.00041412659093575585
0.00013556320103615683
0.0010111339316974345
0.0005160387299495264
0.00017352690954280687
0.0009009477243274992
3.496361781881775e-05
0.00013456853882016584
0.0006587829809345224
0.00016579912233175438
0.00017584937942564076
1.698343818044825e-05
4.3662831830209485e-06
0.0008513162097436177
0.00029349626394198277
0.00024472683696666336
7.398107982508037e-05
9.648535594901486e-05
0.00023875433528377377
0.00013591712872663568
7.72645007037351e-06
2.866300074348251e-05
4.9139792983056374e-05
3.245949432089325e-05
0.00024270523464105917
3.566925817558573e-05
5.004221711016534e-05
6.532053023949403e-05
6.441465773087313e-05
3.563534707696308e-05
1.428554369759184e-05
4.610162528117778e-05
0.0003547779742146253
4.095687596149968e-05
0.00036183791522250905
0.0012893276444440821
0.0007327210291395692
0.00011098246572190377
1.3440667549410245e-05
5.491200921867617e-05
4.34655119778032e-05
2.5679996721780695e-05
2.760843939571706e-05
4.189500532029707e-05
0.0002744419679159243
4.384204081068697e-05
4.205917126898814e-05
8.785881148152652e-05
0.0001806574305202047
0.0002291116398248129
3.600345476476561e-05
5.916094156225084e-05
3.568954883021512e-06
3.863225035186755e-06
7.16454670642148e-05
7.263323683239822e-05
7.380829095803792e-05
5.662847543779381e-05
3.7413034941847066e-05
0.0006538136447403252
0.00035041945404546397
8.186892896013361e-05
3.463823036605602e-05
0.0001124191596260587
0.00024946023020716313
0.00011733310394884256
7.688421631275688e-05
0.0005252068392608965
0.00010382230664307127
4.076912572666922e-05
0.00026456713226888985
2.2211909326199785e-05
0.0001234396307738866
1.477010207808722e-05
1.1342842175939417e-05
0.00018501377619909012
6.868315598496138e-05
4.3662831830209485e-06
7.72645007037351e-06
3.761989811625517e-05
0.0001423650423795386
5.547754632782675e-05
3.445459401956151e-05
5.894191357747446e-05
3.0241501986173055e-05
0.0001784183132482905
4.530570957554523e-05
4.29237058056955e-05
4.270569623584358e-05
0.0002298766180885312
4.075531529843947e-05
4.3662831830209485e-06
4.3662831830209485e-06
0.0003790367958725948
0.00010195228617139294
1.8271381404460693e-05
4.3662831830209485e-06
4.3662831830209485e-06
4.3662831830209485e-06
0.00011983354227012183
4.3662831830209485e-06
4.3662831830209485e-06
0.00019951810278624329
4.3662831830209485e-06
3.065896735187319e-06
6.049525914886212e-05
8.62283840983587e-05
6.042442938214408e-05
4.4037151056945495e-05
3.007989890257292e-05
7.72645007037351e-06
3.7585029954247795e-05
3.327790167047963e-05
1.6639957364371306e-05
0.0001235752718036077
3.2016197497301993e-05
4.8453327649439086e-05
9.933145746298797e-05
0.00010059292235577436
9.358380454139333e-05
5.193707762482094e-05
8.878576367655126e-05
0.00017909910912700843
0.0001488404250541311
9.260966495984651e-05
0.00017567316507966993
4.3662831830209485e-06
3.848692262895113e-05
2.4438829721804682e-05
9.464330859979163e-05
5.299599583571885e-05
5.651621264416575e-05
4.2554634882581735e-05
3.854394120534851e-05
0.00076083339059499
2.998454980977173e-05
5.908040831234889e-06
3.3414075701218334e-05
0.00015933322140167472
4.6701668750542186e-05
2.3399219604977765e-05
2.998454980977173e-05
6.493081495017163e-05
0.00011279994011464297
4.3662831830209485e-06
7.751089533574411e-05
4.134084919459538e-05
5.125677174706251e-06
7.338673527261104e-05
4.3662831830209485e-06
0.00010754017929638582
4.6024528372777976e-05
0.00015232128863405678
0.000438122294766938
5.889767064560106e-05
3.925987270009926e-05
0.00011169254820872237
0.00015695192245813883
0.0002617051071493806
6.502595316983354e-05
5.266284329086916e-05
3.261850247023694e-05
3.7076047911340784e-05
2.4934381373976425e-05
4.302548296936917e-05
4.418341018188724e-05
3.074892651079227e-05
4.6038839741352106e-05
4.3662831830209485e-06
0.00012111348446809675
0.0002726146811781953
0.0012624854800122576
6.991898014958736e-05
0.00037944871871838857
0.00034775913392481574
5.5164589101496624e-05
4.3662831830209485e-06
5.0997387029236384e-05
8.548584457831985e-05
8.443032631204378e-05
0.0001273193019026154
4.3662831830209485e-06
0.00016426576236424308
0.0008440946201355699
0.00019335624640781117
0.00011155079373668945
0.0002755841644175539
8.085480565105625e-06
1.8395380411123913e-05
0.0001699643944472073
1.1816081662469777e-05
2.9587878397192738e-05
3.458342882519352e-05
0.0006711959071883661
8.830335339681092e-05
0.00020699339186364092
5.8878140432692216e-05
4.4901409733776316e-05
4.847245877967898e-05
5.100003650990298e-05
2.4954252787066716e-05
1.6268282821879513e-05
0.00010899982251663013
7.72645007037351e-06
4.5548518751185296e-05
3.6421310165255854e-05
4.355572559861815e-05
8.732566366041897e-06
2.160801032582969e-05
5.111050434884951e-05
0.00019228116938989822
0.0002579367626968536
0.00016510955284356437
8.645568769128827e-05
0.00031172622168018616
0.0001363563391421876
0.00010456365463425945
7.747468498342677e-06
0.00018663490314798533
0.00018669585726070002
5.421938602971092e-05
1.8395380411123913e-05
5.544124072225112e-05
0.00015233883875819565
4.440332730787656e-05
0.00010024767131353782
8.036800059596539e-05
3.1080122982037864e-05
1.5991091681013675e-05
4.7841821476174144e-05
1.4885259810933385e-05
9.004618663931456e-05
1.8781603854655073e-05
7.72645007037351e-06
0.00010244300649719998
3.320760085624694e-05
6.20923376017127e-05
6.492456498236465e-05
0.0005097319131942376
8.583927989283427e-05
0.00028761770808065747
0.00012800372504587294
0.00010784233978246303
6.421058726180129e-05
3.4650775451406946e-05
1.9999761176628576e-05
5.508777176787331e-05
8.16684636667638e-05
1.279287334481094e-05
0.0001116594339044553
0.00030345501493747487
5.485978861172365e-06
0.00017172808828243725
9.397580980395402e-05
1.1342842175939417e-05
3.916877603134989e-05
4.3662831830209485e-06
8.732566366041897e-06
2.067814290932211e-05
4.3662831830209485e-06
1.5991091681013675e-05
3.6635774304415735e-05
4.3662831830209485e-06
4.3662831830209485e-06
2.2542721490167258e-05
4.3662831830209485e-06
0.0001119689664416518
0.00015381785661021697
4.3662831830209485e-06
4.3662831830209485e-06
3.1551330223602664e-05
3.863225035186755e-06
4.3662831830209485e-06
3.863225035186755e-06
0.00016059515753108345
1.8395380411123913e-05
7.707812581076295e-05
4.2572826208549586e-05
1.617096113021125e-05
0.00015960427526911413
0.000293825028319094
0.00017069359130378849
0.0002711740555215291
4.6796797783518105e-05
0.00014752300450543388
2.7658485033437353e-05
4.981140128437042e-05
0.0018738585938170875
4.673231825222871e-05
4.4392010415214845e-05
2.81394333247858e-05
4.0516728419932855e-05
3.863225035186755e-06
4.205917126898814e-05
0.0002610793311210715
4.063390712666443e-05
3.3674796460281126e-05
9.250342062413487e-05
5.5230416642560376e-05
0.000456120189620764
0.00021269057683062978
4.064467801353669e-05
3.83092247628231e-05
8.647539924311955e-05
7.598484177851035e-05
9.594655008608204e-06
2.6482654310305347e-05
4.110322201590842e-05
5.003299941763647e-05
4.326849477276478e-05
4.1446732059890486e-05
5.939415723553585e-05
0.00015832735804995155
0.00010042975226526588
0.0003311894269818255
0.00041299216703112417
8.939121231930107e-05
6.39643667240547e-06
0.0002739827599814162
1.8480413574083708e-05
4.145941685540264e-05
7.72645007037351e-06
0.00012038540955579273
8.917314543896432e-06
3.4871092906938834e-05
7.582488098741923e-05
3.863225035186755e-06
7.295486758396976e-05
4.66763847351203e-05
2.760843939571706e-05
4.669858542222333e-05
7.290808099061275e-05
3.5967132877738086e-05
1.8832404733473402e-05
4.3662831830209485e-06
0.00032179644346727213
5.81342770818804e-05
4.787291566616924e-05
1.477010207808722e-05
0.00018837644531173532
4.8998602230824245e-05
0.0003207506013346795
0.00020495440046079983
0.00010927468681627112
0.00018647176735366825
0.00013846784106183333
0.00021015931369429658
0.00028562597437025003
9.880509735105841e-05
4.508012566089616e-05
0.00010226725435664072
7.72645007037351e-06
4.1157344624673436e-05
0.00011149293104878096
4.3662831830209485e-06
1.0706864649064535e-05
4.678912155141002e-05
4.9690639280535484e-05
4.3662831830209485e-06
4.3662831830209485e-06
2.7537817620271245e-05
0.00010997365259466423
3.291818757004464e-05
0.001016172382279692
0.0011079545454545454
9.522937869043866e-05
8.345876064197038e-05
6.650917628513263e-05
3.4497520403294884e-05
9.338706051168798e-05
0.00010328523067231205
4.7079684326030305e-05
3.583766187489903e-05
5.3881691680531584e-05
4.6425787953532e-05
8.571326218555103e-06
4.3662831830209485e-06
2.8253634728420135e-05
4.598845102780978e-05
7.72645007037351e-06
5.2365226684441886e-05
7.514240496722418e-06
4.3662831830209485e-06
2.676295197973682e-05
0.00018831878165930104
0.00015494309329820474
4.3662831830209485e-06
4.227121407044848e-05
5.459817907828146e-05
0.00011269362906220496
8.724331679452401e-05
0.00010275149975705606
0.0001027403483001021
0.00010788630744432882
0.0003368438603264935
2.972101681578444e-05
4.541436678862495e-05
5.056270061883427e-05
6.581634890206644e-05
4.015724526418033e-05
0.0001583612934938756
0.0004596029959930399
3.460385270517049e-05
5.843712359847173e-06
5.6246980825262436e-05
6.927984415089087e-05
0.0001748048835476167
7.093523345293961e-05
6.449867489635418e-05
6.709862198762198e-05
0.00016170361877323243
4.172659934976301e-05
5.459817907828146e-05
0.0001766873140291302
0.00013722098395796214
0.0002963592218509558
6.451434320411653e-05
5.9213541673187706e-05
1.8395380411123913e-05
1.918931001721641e-05
0.00012392165237341785
0.00010089705637684629
8.444125762664083e-05
1.747809949758735e-05
0.00010500518588839078
7.752283654401342e-05
0.00017217602122801052
9.340890999246538e-05
1.279287334481094e-05
4.3662831830209485e-06
2.574349830747345e-05
0.00013276136992192394
4.5973754720195446e-05
0.00011046083328512075
3.4017304119158604e-05
1.5991091681013675e-05
8.304469057918279e-05
5.593468232068796e-05
3.1466871545449695e-05
0.000154175764821394
0.00010873416119187889
5.8280395775499136e-05
0.00011474011461533746
3.3016289085727636e-05
8.99936885172209e-05
0.00010303904911450175
2.3352227498116346e-05
7.72645007037351e-06
0.0001419028011821
4.339550029780552e-05
3.0030672057886025e-05
8.732566366041897e-06
8.732566366041897e-06
1.0251354349412503e-05
2.3065547286178135e-05
4.3662831830209485e-06
4.3662831830209485e-06
1.7655102873536898e-05
6.429953760751957e-05
2.2997353321730556e-05
4.3662831830209485e-06
4.3662831830209485e-06
4.3662831830209485e-06
3.320760085624694e-05
7.415143206885498e-05
4.3662831830209485e-06
1.5377031524118753e-05
4.3662831830209485e-06
1.0706864649064535e-05
1.0706864649064535e-05
4.3662831830209485e-06
4.249397260212622e-05
5.939415723553585e-05
0.00021322421456644518
4.46327596971172e-05
0.00016203469330609401
0.0008392044603425431
5.162954304867676e-05
4.413806641665217e-05
0.00012301625219295002
5.088117917187626e-05
8.765848396158502e-05
6.0891025334791445e-05
0.0002905502449064378
1.279287334481094e-05
4.3662831830209485e-06
5.5049065763137145e-05
7.72645007037351e-06
7.143823060502854e-05
4.744722654359618e-05
4.888879331201774e-05
4.3662831830209485e-06
1.589330569326351e-05
0.00011292669912103378
3.810625747082322e-05
9.239383266167885e-05
0.0003018905437936316
0.0006223829319872621
0.00016771555102860372
0.0002324578397467454
8.862061246852332e-06
0.00015496747498051726
4.460109409124745e-05
3.7632032708286364e-05
0.0001227603652950313
7.72645007037351e-06
0.00022361933209735652
1.7939498704188394e-05
5.032102543115897e-05
0.00024689195557316395
0.00011289497304492332
3.5401592348209764e-05
6.741985724711002e-05
9.241310112785815e-05
0.00010912261443485943
0.00041391254388609513
0.0001926317617854039
0.0005050775531014062
7.094166029100827e-05
0.00013292084614435203
0.0005233354588777236
2.5894556508525927e-05
9.936060415526295e-05
5.905264378266536e-05
4.3662831830209485e-06
2.1426945319439634e-05
0.00016695777442989577
0.00020914261000726852
0.0003371918707287946
4.7982906668664994e-05
8.27785755541598e-05
3.185858417288246e-05
4.822080035757923e-05
5.277258428948954e-05
4.3662831830209485e-06
4.485153459803222e-05
0.00013923685868174064
0.00024685838727369047
4.571373983229389e-05
8.582154615878092e-05
4.3662831830209485e-06
4.325538922989758e-05
0.0002237822838180612
5.586000709372944e-05
8.445219463500776e-05
8.729414636472233e-05
0.00019561672555308614
5.052203439927836e-05
0.00014346460419799843
4.9841017982806866e-05
0.0006840766983432767
4.3662831830209485e-06
4.3662831830209485e-06
0.00010940968514546083
1.1386991330214632e-05
2.9290248551233166e-05
5.1837537574398785e-05
2.954640499102509e-05
4.3662831830209485e-06
8.863921497307529e-05
0.00011398930610778613
0.00017032537362770016
3.999952235325715e-05
5.908040831234889e-06
3.601335054304948e-05
2.8191224460884383e-05
2.882071574530783e-05
4.027015369823677e-05
2.141372929812907e-05
3.859818500099785e-05
0.0001045477062028952
0.00019325907577001942
5.435738057863586e-05
4.2610310596026404e-05
2.5401765375351902e-05
1.2263586940749276e-05
0.0002836253618091096
3.217722182538379e-05
2.8610544159352305e-05
0.00014381415834397793
0.00010008443422033068
0.0001276622007471608
0.00025074011483210715
1.5991091681013675e-05
5.054583276478851e-05
4.3662831830209485e-06
6.596996784394636e-05
6.497797388799469e-05
2.742989430586183e-05
4.317730298397429e-05
1.801519815965952e-05
0.0002498839799197476
3.0171935081360615e-05
4.3662831830209485e-06
9.08331854305251e-05
7.850418724358963e-05
0.00011191862377415571
2.8342165048304028e-05
3.549656493735051e-05
1.5158301857758371e-05
4.3662831830209485e-06
1.5794386264181124e-05
4.119394940581216e-05
0.0004020822163698598
6.980535921326291e-05
4.117771072850471e-05
1.698343818044825e-05
2.0846302570650223e-05
0.0004005293004856178
0.000326516935343083
5.459195374843371e-05
4.7441240738002214e-05
3.175133689839572e-05
3.081410047435076e-05
3.824367729568417e-05
4.206115441619137e-05
4.3662831830209485e-06
2.5225824510274586e-05
6.250844490797308e-05
1.8148547481503068e-05
5.8052230096206587e-05
2.0597804395189322e-05
2.3542703740417773e-05
0.00011230911053309347
5.313929287433496e-05
1.8832404733473402e-05
2.844893188396475e-05
3.464791552191152e-05
4.4772021324609224e-05
6.661486531752054e-05
0.00013112209863009968
1.0080500662057683e-05
3.757324515036495e-05
4.8766534595145584e-05
4.998334279635738e-05
1.5755927522341346e-05
3.0488833868801693e-05
3.421436161052656e-05
1.0018987328963225e-05
4.8235074734117984e-05
2.9640635295082065e-05
4.341251281766394e-05
0.0001300486731200933
1.486050840789222e-05
1.4418463076632527e-05
3.863225035186755e-06
6.7203337747051225e-06
4.3662831830209485e-06
4.3662831830209485e-06
0.00010452312632060459
3.109457323138841e-05
2.3890088508734176e-05
1.252373416120403e-05
2.7876026884670355e-05
0.00014492911337689912
5.997025312940842e-05
4.029974151833127e-05
4.502309331965728e-05
4.6550468928881395e-05
4.811441399537087e-05
0.00010139849285955359
0.00010663205693543828
0.00012242067477826168
0.00016444983084386753
0.00012470066739425498
4.0559240211869915e-05
7.727798914307996e-05
1.3552084404630519e-05
5.9223119380012974e-05
0.00019900127527141114
2.4944639247198687e-05
3.074260914714125e-05
0.0003273609741200835
3.592249119630604e-05
0.00022404831013030395
3.9811188068142855e-05
3.502881799444284e-05
1.4418463076632527e-05
4.753424809637218e-05
7.536401975384604e-05
0.000103757382752269
2.688133509882049e-05
3.501626747182185e-05
3.709656493816371e-05
1.5991091681013675e-05
4.3662831830209485e-06
3.00253302660992e-05
3.510045305878754e-05
4.3662831830209485e-06
6.130879134268224e-05
0.00018610328618389897
0.00012382378783036855
2.695868592031578e-05
0.00013108251334840613
2.6265697548671758e-05
7.582168101614647e-05
0.0001012194185399956
7.126575609631847e-05
2.8508455905555094e-05
2.457429892004323e-05
3.0790651167972335e-05
6.378701270966685e-05
3.355851439526768e-05
2.0790465270844173e-05
2.1341399611845636e-05
0.00014115244775898052
0.0001227416438900806
0.00017263619954131125
2.364661449780217e-05
6.116014577179572e-05
5.642263287185822e-05
4.8343325235687877e-05
6.0976045560209624e-05
5.593294608112336e-05
0.00010992876918864314
6.291321801501388e-05
0.00010905892096248803
6.405403790101163e-05
3.2027018950505814e-05
0.00012038374634260185
5.2452068780034706e-05
4.008904340509658e-05
6.966690217595157e-05
0.00013577656977393514
3.9664977759999205e-05
6.865723692702474e-05
2.766295205597496e-05
6.169392968744429e-05
5.867709304914347e-05
1.5879979046315182e-05
3.785398384991998e-05
3.468694889513342e-05
4.47918466583294e-05
1.2814192936765629e-05
3.37808778540031e-05
7.882270904461339e-05
5.346135144477516e-05
3.91939730785649e-05
4.1845730110527446e-05
3.609152285658827e-05
2.8911896782820327e-05
6.131793470374638e-06
2.688133509882049e-05
4.977998793703687e-05
4.3662831830209485e-06
5.65255694136417e-05
5.571102039738872e-05
5.428785943167855e-05
7.537113209618853e-05
0.000190562195205838
3.3344953503536e-05
9.024064171122996e-05
4.5747520434492405e-05
6.158958018453691e-05
6.59134165671569e-05
7.72645007037351e-06
8.917314543896432e-06
3.782866781113917e-05
5.2598794259566544e-05
0.00019242260415303
8.218580322034261e-05
0.00015733423747175493
2.6951601883685415e-05
0.00036608006145784106
0.00016739865016737114
5.540107679573642e-05
2.6975349658303568e-05
0.00012518717337664436
0.00012792006092745493
4.1929353303999105e-05
3.865955437332571e-05
4.660930317977771e-05
2.357772494653676e-05
5.445965322153612e-05
6.824239288867731e-05
3.876141827200671e-05
6.059600149856956e-05
3.972270119208005e-05
9.013978219196056e-05
5.184055101219042e-05
0.0001826992915006024
5.06097092699978e-05
3.595616575385582e-05
4.7441240738002214e-05
4.4401246789297864e-05
5.6686420956011205e-05
1.5007579539504116e-05
4.802297950616873e-05
3.347652525474189e-05
5.2002571933921204e-05
2.487407647145769e-05
1.773716099846603e-05
3.6731081910717024e-05
6.218914646277683e-05
4.8195476314519384e-05
0.00014828564007966463
1.7253536924944066e-05
6.39643667240547e-06
0.0001353510373003378
4.030438383396298e-05
0.00010185413405490234
4.555119190126264e-05
7.634736217338517e-05
1.1428434958073473e-05
9.360301932278006e-05
0.000157728474279866
4.3573739467774724e-05
4.3662831830209485e-06
9.97471379051684e-05
2.5442762850447783e-05
1.4187533307639476e-05
5.205107761274101e-05
3.259475881205129e-05
3.1751490583170693e-05
3.568954883021512e-06
4.3662831830209485e-06
2.6272771411213904e-05
7.688515762059377e-06
2.067814290932211e-05
4.7916307736541734e-05
4.308208492845682e-05
2.7846359426638118e-05
1.428554369759184e-05
4.733995558806018e-05
4.3662831830209485e-06
3.4028707634912425e-05
0.00011905404505955848
0.00011052106094958802
5.785455910869841e-05
4.981326094748348e-05
4.3662831830209485e-06
1.797808287692791e-05
4.3662831830209485e-06
3.388519252262734e-05
7.151717007198747e-05
4.859408504378986e-05
3.966788277050483e-05
5.3928320265123276e-05
4.3662831830209485e-06
2.6482654310305347e-05
0.0003553905492191967
1.7142652437110207e-05
7.72645007037351e-06
8.53909736303493e-05
4.3662831830209485e-06
2.9611559690006487e-05
2.000715146877456e-05
1.4405340217219792e-05
8.862061246852332e-06
5.407894574707304e-05
1.793987011147188e-05
0.00010494592433420104
5.490804491745155e-05
3.9969539747978764e-05
2.7588127370462455e-05
8.355614973262032e-05
4.8080182386018344e-05
4.5843476456405526e-05
9.197690205561956e-06
4.8766534595145584e-05
5.247133028423998e-05
4.2866100723559524e-05
3.466803775679037e-05
3.495178778611882e-05
4.4916738646378276e-05
3.060445512676558e-05
0.00022443670770912164
9.864947845229403e-05
3.917351428958318e-05
3.6359562946665936e-05
3.632967437180863e-05
3.9330808315786725e-05
4.031807849211888e-05
0.00014159456940690803
9.51012564604171e-05
6.251329267890257e-05
4.3662831830209485e-06
3.55427902790441e-05
2.6951601883685415e-06
3.568954883021512e-06
4.3662831830209485e-06
1.3098849549062846e-05
4.3662831830209485e-06
3.882568665537712e-05
3.188396312582971e-05
4.954954524149893e-05
1.1086506332088304e-05
5.7142174790367365e-06
4.3662831830209485e-06
2.611899424778446e-05
3.322326396592923e-05
4.3662831830209485e-06
5.9755745774506514e-05
1.3440667549410245e-05
2.067814290932211e-05
7.72645007037351e-06
4.463966972063679e-05
6.472069664700734e-05
5.442730076705563e-05
7.4670343833245e-05
3.372213093714819e-05
4.3662831830209485e-06
4.3662831830209485e-06
7.72645007037351e-06
2.7122154166471885e-05
0.00016097632790483473
3.579123975902808e-05
5.908040831234889e-06
2.1991679177519387e-05
8.862061246852332e-06
2.184705275376097e-05
3.6975446300532925e-05
3.963260053384084e-05
1.3635328839643403e-05
4.3662831830209485e-06
3.863225035186755e-06
7.72645007037351e-06
0.00043259272077076293
0.00033137968911642134
0.00015687664676555604
5.497919794379847e-05
0.00013554614712816385
3.909009458445788e-05
5.503651761452144e-05
7.713132679638802e-05
7.5126909567492e-05
0.0001913440263767896
0.00010089450564948905
5.4765286845867244e-05
2.62461316098239e-05
4.446253426630471e-05
7.202670108609896e-06
3.024647608380421e-05
3.628336668591063e-05
4.859614874165515e-05
3.155250216653378e-05
2.3399219604977765e-05
3.570476516326803e-05
4.378602249305355e-05
5.595963488123832e-05
0.00010380627624435767
3.235038173427012e-05
5.258505628156573e-05
3.773290455184143e-05
0.00012173674956620267
3.901557190190014e-05
3.741712200456878e-05
2.1794112083586354e-05
1.5329483675936595e-05
6.75064776839355e-05
3.7563207709310146e-05
0.00014830419164536313
8.807892918706726e-05
4.825576930395139e-05
3.1466871545449695e-05
9.560986358444767e-05
0.00014327061153604584
3.252588388067287e-05
5.454131535857361e-05
4.454418384620385e-05
4.832418443788413e-05
2.4361841872614254e-05
4.5973754720195446e-05
3.6121149302871616e-05
4.3662831830209485e-06
4.212728326009903e-05
7.467318975772114e-05
3.863225035186755e-06
2.634160359626366e-05
4.3662831830209485e-06
4.3662831830209485e-06
4.3662831830209485e-06
0.00026684679259484154
0.0002949810623684004
1.5991091681013675e-05
8.365148149327035e-05
5.105594649643033e-05
6.239573037802415e-05
4.992356038838053e-05
4.5384200392572095e-05
6.75235308446604e-05
3.9588140732587504e-05
1.3858132915110379e-05
3.627177218008553e-05
9.896255629883726e-05
1.231108953921908e-05
0.0001254256189300675
4.571649050976972e-05
3.317216793915e-05
9.424780611576979e-05
7.72645007037351e-06
2.4979064215172577e-05
1.2552963664814214e-05
4.159672136840088e-05
8.732566366041897e-06
1.6866309267996596e-05
3.598695191810874e-05
0.00016448809861957132
0.00012907241087293408
5.577780805109096e-05
4.3662831830209485e-06
3.608980613345253e-05
3.847294214358754e-05
5.009863015921658e-05
1.624122791507617e-05
5.256943754461577e-05
3.7923596549610616e-05
3.31427877688864e-05
8.017808681019316e-06
4.3662831830209485e-06
3.8991963656542225e-05
1.7960867972755604e-05
2.7821460259663315e-05
3.214976880375978e-05
4.3662831830209485e-06
4.6262878218968724e-05
1.0706864649064535e-05
2.967123010114898e-05
4.3662831830209485e-06
6.205901542187951e-05
3.690383095266837e-05
4.535966875721858e-05
5.2057021461762475e-05
3.491250443358089e-05
2.2449864306854082e-05
2.2058660410049256e-05
3.497150447506842e-05
2.4717365274227187e-05
4.960901903351445e-05
7.72645007037351e-06
2.067814290932211e-05
5.138940824740126e-05
3.246540747508581e-05
4.917078698628738e-05
3.5872606564018846e-05
4.13892877770799e-05
4.854900611946882e-05
6.203442872796632e-05
4.3662831830209485e-06
3.319039225878631e-05
3.943139907534147e-05
4.606101448989308e-05
3.181506968585646e-05
4.057505931172224e-05
4.770751283389933e-05
2.6021952897285977e-05
2.450962267783251e-06
4.897665542350628e-05
5.005496277330641e-05
1.3440667549410245e-05
6.131793470374638e-06
3.927087884492788e-05
3.759165069425253e-05
9.328359050777637e-05
4.3662831830209485e-06
3.184394658834047e-05
5.275859709245356e-05
3.48238842808148e-05
3.795663776738211e-05
2.1561281506948332e-05
3.6523324909712154e-05
3.450707384988813e-05
2.1523719411155783e-05
1.5991091681013675e-05
3.65842196732439e-05
3.821273590600857e-05
4.3662831830209485e-06
4.157457158979026e-05
4.655278669858065e-05
4.0166736528988394e-05
2.6751943631689293e-05
4.418204090409801e-05
5.4569920936865896e-05
5.69369754148136e-05
6.23618573846854e-05
5.914133037271172e-05
2.315087554897341e-05
1.6198716247218382e-05
7.420938692628011e-05
4.04996581537866e-05
5.5195556015673664e-05
1.918931001721641e-05
1.7142652437110207e-05
3.8338221226585104e-05
5.2535529219737577e-05
4.14447387107157e-05
4.569764752439673e-05
4.3381727385701717e-05
8.862061246852332e-06
4.082184606001631e-05
3.6121149302871616e-05
3.767151297122685e-05
3.467630333075675e-05
5.0829805173061434e-05
5.294531888663597e-05
1.0706864649064535e-05
7.306759963490695e-05
3.6980140957407884e-05
2.2997353321730556e-05
1.2263586940749276e-05
3.0797944220559606e-05
3.0030672057886025e-05
3.911806203276231e-05
2.4234275308562564e-05
7.72645007037351e-06
5.733042380393067e-05
3.518408415972968e-05
4.3662831830209485e-06
1.7253791530928155e-05
7.72645007037351e-06
3.6213525146239035e-05
3.2419411410228173e-05
5.217719174668658e-05
8.862061246852332e-06
4.058126198172934e-05
3.753110817309178e-05
4.25631678575043e-05
3.518408415972968e-05
3.460385270517049e-05
0.00011670633156661567
5.792313084198352e-05
8.019201881458165e-05
0.00010186687470181615
4.3662831830209485e-06
4.113881174000307e-05
3.060121955860332e-05
1.3440667549410245e-05
8.059948303666254e-05
1.471240135188447e-05
4.6811416258550364e-05
1.2700882687675951e-05
4.6130181848773704e-05
4.157457158979026e-05
2.9026115048103293e-05
3.975944833553963e-05
3.479263812550364e-05
4.3662831830209485e-06
3.975385807637795e-05
4.005293004856178e-05
3.119856421318082e-05
3.563287804815923e-05
2.803699750303411e-05
4.9683746095986417e-05
2.9258553926252618e-05
7.202670108609896e-06
1.428554369759184e-05
1.7724122493704665e-05
1.7724122493704665e-05
1.0292084894479109e-05
0.00010119785560797958
0.00011362069255675473
3.173795346479394e-05
1.8952999956436143e-05
1.3457053829788525e-05
2.2678202746105734e-05
2.9220420718948803e-05
9.041515642359645e-05
3.0355424237177543e-05
3.9353297679724153e-05
5.303108227496876e-05
3.2467134132165335e-05
5.957024968668323e-05
2.2038649146430214e-05
2.9074953757390258e-05
4.3662831830209485e-06
3.344695471895078e-05
3.841611079051465e-05
2.6775820870090763e-05
2.6702813490392297e-05
2.3887406660480108e-05
2.591389421389975e-05
2.003797465792645e-05
3.3601668873525612e-06
3.896439395088293e-05
8.314879749066228e-06
4.3662831830209485e-06
8.314879749066228e-06
0.00017262251959185418
4.3662831830209485e-06
4.3662831830209485e-06
1.5605300451818756e-05
3.568954883021512e-06
3.863225035186755e-06
1.988402208834893e-05
3.178564463753773e-05