0.014108674928503337
0.0020972354623450904
0.034318398474737846
0.03260247855100095
0.013536701620591039
0.0007626310772163965
0.001143946615824595
0.0007626310772163965
0.00019065776930409913
0.00019065776930409913
0.00019065776930409913
0.001525262154432793
0.00038131553860819826
0.00038131553860819826
0.00019065776930409913
0.002478551000953289
0.005910390848427073
0.005529075309818875
0.00019065776930409913
0.00038131553860819826
0.0005719733079122975
0.00038131553860819826
0.0007626310772163965
0.00019065776930409913
0.00038131553860819826
0.004003813155386082
0.0005719733079122975
0.0007626310772163965
0.003050524308865586
0.00896091515729266
0.0017159199237368923
0.005147759771210677
0.00038131553860819826
0.0005719733079122975
0.0034318398474737846
0.005719733079122974
0.0032411820781696856
0.00228789323164919
0.0007626310772163965
0.00019065776930409913
0.00019065776930409913
0.0009532888465204957
0.0007626310772163965
0.005147759771210677
0.0005719733079122975
0.0007626310772163965
0.0005719733079122975
0.00019065776930409913
0.010295519542421354
0.0007626310772163965
0.00038131553860819826
0.001525262154432793
0.00038131553860819826
0.0009532888465204957
0.001525262154432793
0.0017159199237368923
0.0005719733079122975
0.001525262154432793
0.0007626310772163965
0.004003813155386082
0.001143946615824595
0.001334604385128694
0.00019065776930409913
0.00228789323164919
0.0020972354623450904
0.00038131553860819826
0.0019065776930409914
0.00038131553860819826
0.001143946615824595
0.00019065776930409913
0.00038131553860819826
0.0009532888465204957
0.00038131553860819826
0.00038131553860819826
0.0005719733079122975
0.00228789323164919
0.00019065776930409913
0.0009532888465204957
0.001334604385128694
0.0020972354623450904
0.0036224976167778837
0.0007626310772163965
0.00019065776930409913
0.00038131553860819826
0.001525262154432793
0.00038131553860819826
0.00019065776930409913
0.004003813155386082
0.001143946615824595
0.00038131553860819826
0.00019065776930409913
0.00019065776930409913
0.0005719733079122975
0.00038131553860819826
0.00019065776930409913
0.00019065776930409913
0.0005719733079122975
0.00019065776930409913
0.00019065776930409913
0.0005719733079122975
0.00019065776930409913
0.0020972354623450904
0.0020972354623450904
0.001334604385128694
0.0005719733079122975
0.00019065776930409913
0.001334604385128694
0.0020972354623450904
0.0019065776930409914
0.00019065776930409913
0.00038131553860819826
0.00038131553860819826
0.00667302192564347
0.009723546234509056
0.00019065776930409913
0.00019065776930409913
0.0009532888465204957
0.0032411820781696856
0.0009532888465204957
0.002478551000953289
0.001143946615824595
0.00019065776930409913
0.00038131553860819826
0.00038131553860819826
0.00038131553860819826
0.00019065776930409913
0.00019065776930409913
0.00019065776930409913
0.00019065776930409913
0.0005719733079122975
0.00019065776930409913
0.00038131553860819826
0.001143946615824595
0.00019065776930409913
0.0007626310772163965
0.00228789323164919
0.0009532888465204957
0.0005719733079122975
0.0007626310772163965
0.005719733079122974
0.00038131553860819826
0.00019065776930409913
0.00019065776930409913
0.001143946615824595
0.0007626310772163965
0.00019065776930409913
0.003050524308865586
0.007054337464251668
0.006482364156339371
0.0005719733079122975
0.00019065776930409913
0.001334604385128694
0.00019065776930409913
0.00038131553860819826
0.00019065776930409913
0.001525262154432793
0.0005719733079122975
0.00038131553860819826
0.001334604385128694
0.0020972354623450904
0.0009532888465204957
0.00038131553860819826
0.00228789323164919
0.0007626310772163965
0.002669208770257388
0.00019065776930409913
0.00019065776930409913
0.00019065776930409913
0.00019065776930409913
0.00038131553860819826
0.0036224976167778837
0.00019065776930409913
0.001334604385128694
0.0005719733079122975
0.00019065776930409913
0.00019065776930409913
0.001525262154432793
0.001143946615824595
0.0007626310772163965
0.001143946615824595
0.0009532888465204957
0.0032411820781696856
0.00019065776930409913
0.0005719733079122975
0.00019065776930409913
0.00019065776930409913
0.00019065776930409913
0.00019065776930409913
0.00019065776930409913
0.00019065776930409913
0.0005719733079122975
0.0005719733079122975
0.004003813155386082
0.0007626310772163965
0.00019065776930409913
0.0005719733079122975
0.00228789323164919
0.00019065776930409913
0.00019065776930409913
0.00038131553860819826
0.00019065776930409913
0.00019065776930409913
0.001143946615824595
0.001334604385128694
0.001525262154432793
0.0007626310772163965
0.001334604385128694
0.001143946615824595
0.00019065776930409913
0.00019065776930409913
0.00019065776930409913
0.002478551000953289
0.00019065776930409913
0.00019065776930409913
0.00019065776930409913
0.00038131553860819826
0.001334604385128694
0.0005719733079122975
0.00038131553860819826
0.0019065776930409914
0.0009532888465204957
0.0005719733079122975
0.00019065776930409913
0.0005719733079122975
0.0005719733079122975
0.002478551000953289
0.001143946615824595
0.0007626310772163965
0.0007626310772163965
0.0005719733079122975
0.003050524308865586
0.00038131553860819826
0.0005719733079122975
0.0020972354623450904
0.004003813155386082
0.0019065776930409914
0.00038131553860819826
0.005147759771210677
0.00019065776930409913
0.00019065776930409913
0.00038131553860819826
0.0005719733079122975
0.00038131553860819826
0.00019065776930409913
0.0019065776930409914
0.0007626310772163965
0.003050524308865586
0.00038131553860819826
0.00019065776930409913
0.0007626310772163965
0.0005719733079122975
0.00019065776930409913
0.00019065776930409913
0.00019065776930409913
0.001143946615824595
0.00038131553860819826
0.00019065776930409913
0.0005719733079122975
0.00019065776930409913
0.00038131553860819826
0.00038131553860819826
0.0005719733079122975
0.00038131553860819826
0.00019065776930409913
0.00019065776930409913
0.00019065776930409913
0.00019065776930409913
0.00038131553860819826
0.00019065776930409913
0.00019065776930409913
0.0005719733079122975
0.0005719733079122975
0.00019065776930409913
0.00019065776930409913
0.0009532888465204957
0.00019065776930409913
0.0009532888465204957
0.00038131553860819826
0.00038131553860819826
0.00667302192564347
0.0005719733079122975
0.00019065776930409913
0.00019065776930409913
0.00019065776930409913
0.00019065776930409913
0.00019065776930409913
0.00019065776930409913
0.00019065776930409913
0.0005719733079122975
0.001143946615824595
0.00038131553860819826
0.00019065776930409913
0.00019065776930409913
0.0007626310772163965
0.0017159199237368923
0.001525262154432793
0.00228789323164919
0.003050524308865586
0.00019065776930409913
0.0005719733079122975
0.00019065776930409913
0.00019065776930409913
0.00019065776930409913
0.0005719733079122975
0.00019065776930409913
0.00019065776930409913
0.0020972354623450904
0.00038131553860819826
0.00019065776930409913
0.002478551000953289
0.00019065776930409913
0.00019065776930409913
0.0005719733079122975
0.00038131553860819826
0.0007626310772163965
0.00019065776930409913
0.0005719733079122975
0.0019065776930409914
0.00019065776930409913
0.00019065776930409913
0.001525262154432793
0.0007626310772163965
0.00019065776930409913
0.00019065776930409913
0.00038131553860819826
0.00019065776930409913
0.00019065776930409913
0.0005719733079122975
0.00019065776930409913
0.00038131553860819826
0.00038131553860819826
0.00019065776930409913
0.00019065776930409913
0.0009532888465204957
0.0005719733079122975
0.0005719733079122975
0.00019065776930409913
0.00038131553860819826
0.00019065776930409913
0.0017159199237368923
0.0005719733079122975
0.0019065776930409914
0.00019065776930409913
0.00038131553860819826
0.00019065776930409913
0.00019065776930409913
0.00019065776930409913
0.0007626310772163965
0.00019065776930409913
0.00019065776930409913
0.0020972354623450904
0.0007626310772163965
0.0005719733079122975
0.00019065776930409913
0.001143946615824595
0.00038131553860819826
0.00038131553860819826
0.00438512869399428
0.001143946615824595
0.00038131553860819826
0.00038131553860819826
0.0019065776930409914
0.00019065776930409913
0.00019065776930409913
0.00038131553860819826
0.0007626310772163965
0.001143946615824595
0.00019065776930409913
0.0020972354623450904
0.001334604385128694
0.0005719733079122975
0.0007626310772163965
0.00019065776930409913
0.00019065776930409913
0.00019065776930409913
0.00019065776930409913
0.001334604385128694
0.00019065776930409913
0.00019065776930409913
0.0005719733079122975
0.003050524308865586
0.003050524308865586
0.001334604385128694
0.00019065776930409913
0.00019065776930409913
0.0017159199237368923
0.004766444232602479
0.005910390848427073
0.00019065776930409913
0.0005719733079122975
0.00019065776930409913
0.00019065776930409913
0.00019065776930409913
0.00019065776930409913
0.00019065776930409913
0.001143946615824595
0.0005719733079122975
0.00019065776930409913
0.0005719733079122975
0.0005719733079122975
0.00019065776930409913
0.00019065776930409913
0.00019065776930409913
0.00228789323164919
0.001334604385128694
0.00019065776930409913
0.00019065776930409913
0.0007626310772163965
0.00019065776930409913
0.00019065776930409913
0.00019065776930409913
0.00019065776930409913
0.0009532888465204957
0.00019065776930409913
0.00019065776930409913
0.00019065776930409913
0.00019065776930409913
0.00038131553860819826
0.00228789323164919
0.0017159199237368923
0.0005719733079122975
0.0007626310772163965
0.0005719733079122975
0.00019065776930409913
0.00019065776930409913
0.0007626310772163965
0.00019065776930409913
0.001525262154432793
0.0005719733079122975
0.001334604385128694
0.0009532888465204957
0.00038131553860819826
0.00019065776930409913
0.0005719733079122975
0.001525262154432793
0.00038131553860819826
0.0007626310772163965
0.001334604385128694
0.008007626310772164
0.0020972354623450904
0.0017159199237368923
0.0017159199237368923
0.00038131553860819826
0.00038131553860819826
0.0017159199237368923
0.001143946615824595
0.00019065776930409913
0.002669208770257388
0.00038131553860819826
0.00038131553860819826
0.00019065776930409913
0.00038131553860819826
0.00019065776930409913
0.00019065776930409913
0.00038131553860819826
0.00228789323164919
0.00038131553860819826
0.0007626310772163965
0.001143946615824595
0.00038131553860819826
0.00038131553860819826
0.0007626310772163965
0.00038131553860819826
0.00019065776930409913
0.001525262154432793
0.00019065776930409913
0.00019065776930409913
0.00038131553860819826
0.00019065776930409913
0.0005719733079122975
0.0020972354623450904
0.0005719733079122975
0.00019065776930409913
0.00019065776930409913
0.0005719733079122975
0.00038131553860819826
0.0009532888465204957
0.00019065776930409913
0.00019065776930409913
0.00019065776930409913
0.00019065776930409913
0.0005719733079122975
0.00019065776930409913
0.001143946615824595
0.00019065776930409913
0.0005719733079122975
0.0005719733079122975
0.00019065776930409913
0.00019065776930409913
0.0020972354623450904
0.0007626310772163965
0.0007626310772163965
0.00019065776930409913
0.00038131553860819826
0.0005719733079122975
0.00019065776930409913
0.00019065776930409913
0.00019065776930409913
0.00019065776930409913
0.0009532888465204957
0.00019065776930409913
0.00019065776930409913
0.00019065776930409913
0.00019065776930409913
0.0007626310772163965
0.0007626310772163965
0.00019065776930409913
0.0005719733079122975
0.00019065776930409913
0.0009532888465204957
0.001143946615824595
0.001334604385128694
0.00038131553860819826
0.0005719733079122975
0.00019065776930409913
0.0005719733079122975
0.00019065776930409913
0.00038131553860819826
0.00019065776930409913
0.0007626310772163965
0.0005719733079122975
0.00019065776930409913
0.00019065776930409913
0.00019065776930409913
0.00019065776930409913
0.0007626310772163965
0.00038131553860819826
0.001143946615824595
0.00038131553860819826
0.001143946615824595
0.002669208770257388
0.00228789323164919
0.00038131553860819826
0.0005719733079122975
0.0005719733079122975
0.00038131553860819826
0.00019065776930409913
0.00019065776930409913
0.00038131553860819826
0.00038131553860819826
0.00038131553860819826
0.00038131553860819826
0.001143946615824595
0.0007626310772163965
0.00019065776930409913
0.00019065776930409913
0.00019065776930409913
0.00019065776930409913
0.00038131553860819826
0.00019065776930409913
0.00019065776930409913
0.00038131553860819826
0.0005719733079122975
0.0005719733079122975
0.0017159199237368923
0.00038131553860819826
0.0007626310772163965
0.0005719733079122975
0.0009532888465204957
0.00038131553860819826
0.0005719733079122975
0.001525262154432793
0.0019065776930409914
0.00019065776930409913
0.00038131553860819826
0.00038131553860819826
0.00038131553860819826
0.00019065776930409913
0.00038131553860819826
0.00038131553860819826
0.0009532888465204957
0.00019065776930409913
0.00019065776930409913
0.00019065776930409913
0.0005719733079122975
0.0009532888465204957
0.00038131553860819826
0.00038131553860819826
0.001334604385128694
0.00038131553860819826
0.00038131553860819826
0.0005719733079122975
0.00038131553860819826
0.00038131553860819826
0.00019065776930409913
0.00038131553860819826
0.001334604385128694
0.00019065776930409913
0.0020972354623450904
0.001143946615824595
0.00019065776930409913
0.0005719733079122975
0.00038131553860819826
0.0005719733079122975
0.00019065776930409913
0.00019065776930409913
0.00019065776930409913
0.00019065776930409913
0.00038131553860819826
0.0007626310772163965
0.00019065776930409913
0.0007626310772163965
0.00038131553860819826
0.0017159199237368923
0.00038131553860819826
0.00019065776930409913
0.0005719733079122975
0.00019065776930409913
0.00038131553860819826
0.0007626310772163965
0.00019065776930409913
0.001334604385128694
0.0009532888465204957
0.00019065776930409913
0.00019065776930409913
0.00019065776930409913
0.00019065776930409913
0.00019065776930409913
0.00019065776930409913
0.0009532888465204957
0.0009532888465204957
0.00038131553860819826
0.001334604385128694
0.0005719733079122975
0.00038131553860819826
0.00019065776930409913
0.00019065776930409913
0.001334604385128694
0.00038131553860819826
0.0005719733079122975
0.0005719733079122975
0.00019065776930409913
0.00019065776930409913
0.00038131553860819826
0.00038131553860819826
0.00019065776930409913
0.0017159199237368923
0.0005719733079122975
0.00019065776930409913
0.00019065776930409913
0.00019065776930409913
0.00019065776930409913
0.00038131553860819826
0.00019065776930409913
0.00019065776930409913
0.00019065776930409913
0.00019065776930409913
0.0005719733079122975
0.00038131553860819826
0.00019065776930409913
0.00019065776930409913
0.0017159199237368923
0.0017159199237368923
0.0005719733079122975
0.00019065776930409913
0.00019065776930409913
0.00019065776930409913
0.00019065776930409913
0.00019065776930409913
0.0009532888465204957
0.00019065776930409913
0.00019065776930409913
0.00019065776930409913
0.00019065776930409913
0.00019065776930409913
0.00038131553860819826
0.00019065776930409913
0.00019065776930409913
0.001525262154432793
0.00038131553860819826
0.00019065776930409913
0.00019065776930409913
0.00019065776930409913
0.0009532888465204957
0.00019065776930409913
0.00038131553860819826
0.00019065776930409913
0.00019065776930409913
0.00019065776930409913
0.00019065776930409913
0.00038131553860819826
0.00019065776930409913
0.00038131553860819826
0.00019065776930409913
0.00019065776930409913
0.00019065776930409913
0.00019065776930409913
0.00019065776930409913
0.0009532888465204957
0.0007626310772163965
0.001143946615824595
0.00019065776930409913
0.001143946615824595
0.00019065776930409913
0.00019065776930409913
0.0005719733079122975
0.00019065776930409913
0.00019065776930409913
0.00019065776930409913
0.00038131553860819826
0.00019065776930409913
0.00019065776930409913
0.0005719733079122975
0.00019065776930409913
0.00019065776930409913
0.00019065776930409913
0.00019065776930409913
0.00019065776930409913
0.00019065776930409913
0.00019065776930409913
0.00019065776930409913
0.00019065776930409913
0.00019065776930409913
0.00019065776930409913
0.00019065776930409913
0.00019065776930409913
0.00019065776930409913
0.0005719733079122975
0.00038131553860819826
0.00019065776930409913
0.00019065776930409913
0.00019065776930409913
0.00038131553860819826
0.0005719733079122975
0.00019065776930409913
0.00019065776930409913
0.00019065776930409913
0.00019065776930409913
0.00019065776930409913
0.00038131553860819826
0.00038131553860819826
0.00019065776930409913
0.00019065776930409913
0.0005719733079122975
0.00019065776930409913
0.00019065776930409913
0.00019065776930409913
0.00019065776930409913
0.00019065776930409913
0.00019065776930409913
0.00019065776930409913
0.00038131553860819826
0.00038131553860819826
0.0009532888465204957
0.00038131553860819826
0.00019065776930409913
0.00019065776930409913
0.001143946615824595
0.00019065776930409913
0.00019065776930409913
0.00019065776930409913
0.0005719733079122975
0.00019065776930409913
0.0005719733079122975
0.00038131553860819826
0.00038131553860819826
0.00019065776930409913
0.00038131553860819826
0.00038131553860819826
0.00019065776930409913
0.00019065776930409913
0.00019065776930409913
0.00019065776930409913
0.00019065776930409913
0.00019065776930409913
0.00019065776930409913
0.00019065776930409913
0.00019065776930409913
0.00038131553860819826
0.00038131553860819826
0.00019065776930409913
0.00038131553860819826
0.00038131553860819826
0.00038131553860819826
0.00019065776930409913
0.00038131553860819826
0.0005719733079122975
0.00038131553860819826
0.00019065776930409913
0.00038131553860819826
0.00038131553860819826
0.00019065776930409913
0.00019065776930409913
0.00038131553860819826
0.0005719733079122975
0.00038131553860819826
0.00019065776930409913
0.0009532888465204957
0.00019065776930409913
0.00038131553860819826
0.00019065776930409913
0.001334604385128694
0.00038131553860819826
0.00019065776930409913
0.00019065776930409913
0.00019065776930409913
0.00019065776930409913
0.00019065776930409913
0.00019065776930409913
0.0017159199237368923
0.00019065776930409913
0.0034318398474737846
0.00019065776930409913
0.00038131553860819826
0.0005719733079122975
0.0009532888465204957
0.00038131553860819826
0.0007626310772163965
0.00019065776930409913
0.00019065776930409913
0.00019065776930409913
0.00019065776930409913
0.00019065776930409913
0.00019065776930409913
0.0017159199237368923
0.00019065776930409913
0.00038131553860819826
0.00019065776930409913
0.00038131553860819826
0.00038131553860819826
0.00038131553860819826
0.00019065776930409913
0.00019065776930409913
0.00019065776930409913
0.00038131553860819826
0.00038131553860819826
0.00019065776930409913
0.0005719733079122975
0.00019065776930409913
0.00019065776930409913
0.00019065776930409913
0.00019065776930409913
0.00038131553860819826
0.00019065776930409913
0.00019065776930409913
0.00019065776930409913
0.0005719733079122975
0.0005719733079122975
0.00019065776930409913
0.00019065776930409913
0.00019065776930409913
0.00019065776930409913
0.00019065776930409913
0.0005719733079122975
0.00038131553860819826
0.00019065776930409913
0.00019065776930409913
0.0005719733079122975
0.00019065776930409913
0.00019065776930409913
0.00019065776930409913
0.00038131553860819826
0.00019065776930409913
0.00038131553860819826
0.00038131553860819826
0.00019065776930409913
0.00038131553860819826
0.0005719733079122975
0.00019065776930409913
0.00038131553860819826
0.00038131553860819826
0.00019065776930409913
0.00019065776930409913
0.00019065776930409913
0.00038131553860819826
0.00019065776930409913
0.00019065776930409913
0.00019065776930409913
0.00019065776930409913
0.00019065776930409913
0.00019065776930409913
0.00019065776930409913
0.00019065776930409913
0.0007626310772163965
0.00038131553860819826
0.00019065776930409913
0.00019065776930409913
0.00019065776930409913
0.00019065776930409913
0.00019065776930409913
0.0005719733079122975
0.0005719733079122975
0.00038131553860819826
0.00038131553860819826
0.00019065776930409913
0.00019065776930409913
0.00019065776930409913
0.00019065776930409913
0.00019065776930409913
0.00038131553860819826
0.0005719733079122975
0.00019065776930409913
0.00019065776930409913
0.00019065776930409913
0.00019065776930409913
0.00019065776930409913
0.00019065776930409913
0.00019065776930409913
0.00019065776930409913
0.00019065776930409913
0.00038131553860819826
0.00038131553860819826
0.00038131553860819826
0.00019065776930409913
0.00019065776930409913
0.0038131553860819827
0.00019065776930409913
0.00019065776930409913
0.00019065776930409913
0.00019065776930409913
0.00019065776930409913
0.00019065776930409913
0.00019065776930409913
0.00019065776930409913
0.00038131553860819826
0.00019065776930409913
0.0005719733079122975
0.00019065776930409913
0.00038131553860819826
0.00038131553860819826
0.00019065776930409913
0.0005719733079122975
0.00228789323164919
0.00038131553860819826
0.001334604385128694
0.0009532888465204957
0.00019065776930409913
0.0019065776930409914
0.00019065776930409913
0.0007626310772163965
0.00019065776930409913
0.0005719733079122975
0.00038131553860819826
0.00019065776930409913
0.00019065776930409913
0.0019065776930409914
0.00019065776930409913
0.00038131553860819826
0.00038131553860819826
0.00019065776930409913
0.0009532888465204957
0.00038131553860819826
0.00019065776930409913
0.00038131553860819826
0.00019065776930409913
0.00019065776930409913
0.0005719733079122975
0.00038131553860819826
0.00019065776930409913
0.00019065776930409913
0.00019065776930409913
0.00019065776930409913
0.00019065776930409913
0.00019065776930409913
0.00019065776930409913
0.00019065776930409913
0.00019065776930409913
0.00019065776930409913
0.00019065776930409913
0.00019065776930409913
0.0005719733079122975
0.00019065776930409913
0.00019065776930409913
0.00019065776930409913
0.00019065776930409913
0.002478551000953289
0.0005719733079122975
0.00019065776930409913
0.00019065776930409913
0.00019065776930409913
0.00019065776930409913
0.00019065776930409913
0.00019065776930409913
0.00019065776930409913
0.00038131553860819826
0.00038131553860819826
0.00019065776930409913
0.00019065776930409913
0.00019065776930409913
0.0007626310772163965
0.0007626310772163965
0.00019065776930409913
0.00038131553860819826
0.001334604385128694
0.00019065776930409913
0.00019065776930409913
0.00019065776930409913
0.00038131553860819826
0.00019065776930409913
0.00019065776930409913
0.00019065776930409913
0.0005719733079122975
0.00019065776930409913
0.00019065776930409913
0.00019065776930409913
0.00019065776930409913
0.00019065776930409913
0.00019065776930409913
0.0007626310772163965
0.0019065776930409914
0.0007626310772163965
0.0005719733079122975
0.0005719733079122975
0.00019065776930409913
0.00038131553860819826
0.00019065776930409913
0.00019065776930409913
0.00019065776930409913
0.00019065776930409913
0.0009532888465204957
0.00019065776930409913
0.0007626310772163965
0.00038131553860819826
0.00038131553860819826
0.00038131553860819826
0.0005719733079122975
0.00038131553860819826
0.00019065776930409913
0.0005719733079122975
0.00019065776930409913
0.00038131553860819826
0.00019065776930409913
0.00038131553860819826
0.00019065776930409913
0.0009532888465204957
0.0009532888465204957
0.00019065776930409913
0.0005719733079122975
0.0005719733079122975
0.00019065776930409913
0.00019065776930409913
0.00019065776930409913
0.00019065776930409913
0.00019065776930409913
0.00019065776930409913
0.001143946615824595
0.00019065776930409913
0.00038131553860819826
0.00019065776930409913
0.00019065776930409913
0.00019065776930409913
0.00019065776930409913
0.00019065776930409913
0.00019065776930409913
0.00038131553860819826
0.00038131553860819826
0.00019065776930409913
0.00038131553860819826
0.0007626310772163965
0.00038131553860819826
0.0005719733079122975
0.00019065776930409913
0.00038131553860819826
0.00019065776930409913
0.00019065776930409913
0.00038131553860819826
0.00019065776930409913
0.00019065776930409913
0.00019065776930409913
0.00019065776930409913
0.0005719733079122975
0.00038131553860819826
0.00019065776930409913
0.00019065776930409913
0.00019065776930409913
0.00019065776930409913
0.00019065776930409913
0.00019065776930409913
0.00019065776930409913
0.00019065776930409913
0.00019065776930409913
0.00019065776930409913
0.00019065776930409913
0.00019065776930409913
0.00019065776930409913
0.00038131553860819826
0.0005719733079122975
0.0005719733079122975
0.00019065776930409913
0.00019065776930409913
0.00019065776930409913
0.00019065776930409913
0.0007626310772163965
0.0007626310772163965
0.0009532888465204957
0.00019065776930409913
0.0007626310772163965
0.00038131553860819826
0.0005719733079122975
0.00019065776930409913
0.0009532888465204957
0.0005719733079122975
0.00038131553860819826
0.00038131553860819826
0.00019065776930409913
0.00019065776930409913
0.00038131553860819826
0.002669208770257388
0.00019065776930409913
0.0005719733079122975
0.0007626310772163965
0.0005719733079122975
0.00038131553860819826
0.00019065776930409913
0.00038131553860819826
0.00019065776930409913
0.00019065776930409913
0.00019065776930409913
0.00019065776930409913
0.001525262154432793
0.00038131553860819826
0.00019065776930409913
0.00019065776930409913
0.00038131553860819826
0.00038131553860819826
0.00019065776930409913
0.001143946615824595
0.0009532888465204957
0.00019065776930409913
0.00019065776930409913
0.00019065776930409913
0.00019065776930409913
0.00038131553860819826
0.00019065776930409913
0.00019065776930409913
0.0009532888465204957
0.0005719733079122975
0.00038131553860819826
0.00019065776930409913
0.00019065776930409913
0.00038131553860819826
0.00019065776930409913
0.00019065776930409913
0.00019065776930409913
0.00038131553860819826
0.00019065776930409913
0.00019065776930409913
0.00019065776930409913
0.00019065776930409913
0.00038131553860819826
0.001143946615824595
0.00019065776930409913
0.00038131553860819826
0.0009532888465204957
0.00038131553860819826
0.00038131553860819826
0.0005719733079122975
0.00019065776930409913
0.00038131553860819826
0.00019065776930409913
0.00038131553860819826
0.0007626310772163965
0.0005719733079122975
0.00019065776930409913
0.00019065776930409913
0.00038131553860819826
0.00019065776930409913
0.00019065776930409913
0.00038131553860819826
0.00019065776930409913
0.00019065776930409913
0.0007626310772163965
0.0005719733079122975
0.00019065776930409913
0.0005719733079122975
0.00019065776930409913
0.00038131553860819826
0.00038131553860819826
0.00019065776930409913
0.00019065776930409913
0.00019065776930409913
0.00019065776930409913
0.00019065776930409913
0.00019065776930409913
0.00019065776930409913
0.00019065776930409913
0.0005719733079122975
0.00019065776930409913
0.0005719733079122975
0.00019065776930409913
0.00019065776930409913
0.00019065776930409913
0.00038131553860819826
0.00019065776930409913
0.00038131553860819826
0.00019065776930409913
0.00038131553860819826
0.00019065776930409913
0.00019065776930409913
0.0005719733079122975
0.00019065776930409913
0.00019065776930409913
0.00019065776930409913
0.00038131553860819826
0.00038131553860819826
0.0009532888465204957
0.00019065776930409913
0.00019065776930409913
0.00019065776930409913
0.00019065776930409913
0.00019065776930409913
0.00019065776930409913
0.00038131553860819826
0.00019065776930409913
0.00019065776930409913
0.00019065776930409913
0.00019065776930409913
0.00019065776930409913
0.00019065776930409913
0.00019065776930409913
0.00019065776930409913
0.00019065776930409913
0.00019065776930409913
0.00019065776930409913
0.00019065776930409913
0.00019065776930409913
0.00019065776930409913
0.00019065776930409913
0.00019065776930409913
0.0007626310772163965
0.001143946615824595
0.00019065776930409913
0.00019065776930409913
0.00019065776930409913
0.00019065776930409913
0.00019065776930409913
0.00019065776930409913
0.0007626310772163965
0.00019065776930409913
0.00019065776930409913
0.00019065776930409913
0.0005719733079122975
0.00038131553860819826
0.00019065776930409913
0.0007626310772163965
0.00019065776930409913
0.00019065776930409913
0.00019065776930409913
0.00019065776930409913
0.00019065776930409913
0.00019065776930409913
0.00019065776930409913
0.00019065776930409913
0.00019065776930409913
0.00019065776930409913
0.0005719733079122975
0.00038131553860819826
0.00038131553860819826
0.001334604385128694
0.00038131553860819826
0.00019065776930409913
0.00019065776930409913
0.00019065776930409913
0.00038131553860819826
0.00019065776930409913
0.00038131553860819826
0.0005719733079122975
0.00038131553860819826
0.0007626310772163965
0.00019065776930409913
0.00019065776930409913
0.0005719733079122975
0.00038131553860819826
0.00038131553860819826
0.00019065776930409913
0.00019065776930409913
0.00019065776930409913
0.00019065776930409913
0.00038131553860819826
0.00038131553860819826
0.00019065776930409913
0.00019065776930409913
0.00019065776930409913
0.00019065776930409913
0.00019065776930409913
0.00038131553860819826
0.00019065776930409913
0.00019065776930409913
0.00038131553860819826
0.00019065776930409913
0.00019065776930409913
0.00019065776930409913
0.0005719733079122975
0.0005719733079122975
0.00019065776930409913
0.00019065776930409913
0.00019065776930409913
0.00038131553860819826
0.00019065776930409913
0.00038131553860819826
0.00019065776930409913
0.00019065776930409913
0.00038131553860819826
0.00038131553860819826
0.001143946615824595
0.0005719733079122975
0.00019065776930409913
0.00038131553860819826
0.00019065776930409913
0.00019065776930409913
0.00019065776930409913
0.00019065776930409913
0.00019065776930409913
0.00019065776930409913
0.0005719733079122975
0.00019065776930409913
0.0005719733079122975
0.00038131553860819826
0.00019065776930409913
0.00019065776930409913
0.00019065776930409913
0.0009532888465204957
0.00019065776930409913
0.00038131553860819826
0.00019065776930409913
0.001143946615824595
0.00019065776930409913
0.00019065776930409913
0.00019065776930409913
0.00019065776930409913
0.00038131553860819826
0.00019065776930409913
0.00038131553860819826
0.00019065776930409913
0.00038131553860819826
0.00038131553860819826
0.00019065776930409913
0.00019065776930409913
0.00019065776930409913
0.0009532888465204957
0.00038131553860819826
0.00019065776930409913
0.00038131553860819826
0.00019065776930409913
0.00019065776930409913
0.00019065776930409913
0.0005719733079122975
0.00019065776930409913
0.00019065776930409913
0.00019065776930409913
0.00019065776930409913
0.00019065776930409913
0.00019065776930409913
0.00019065776930409913
0.00038131553860819826
0.00019065776930409913
0.00019065776930409913
0.00019065776930409913
0.00019065776930409913
0.0007626310772163965
0.00019065776930409913
0.0005719733079122975
0.00019065776930409913
0.00019065776930409913
0.00019065776930409913
0.00019065776930409913
0.00019065776930409913
0.00019065776930409913
0.00019065776930409913
0.00019065776930409913
0.00019065776930409913
0.00019065776930409913
0.00019065776930409913
0.00019065776930409913
0.00038131553860819826
0.00038131553860819826
0.00038131553860819826
0.00019065776930409913
0.00019065776930409913
0.00019065776930409913
0.00019065776930409913
0.00019065776930409913
0.00019065776930409913
0.00019065776930409913
0.00019065776930409913
0.00019065776930409913
0.00019065776930409913
0.00019065776930409913
0.00019065776930409913
0.00019065776930409913
0.00019065776930409913
0.00038131553860819826
0.00019065776930409913
0.00019065776930409913
0.00019065776930409913
0.00019065776930409913
0.00038131553860819826
0.00019065776930409913
0.00019065776930409913
0.0005719733079122975
0.0009532888465204957
0.00019065776930409913
0.00019065776930409913
0.00019065776930409913
0.00019065776930409913
0.00019065776930409913
0.00019065776930409913
0.00019065776930409913
0.00019065776930409913
0.00019065776930409913
0.00019065776930409913
0.00019065776930409913
0.00019065776930409913
0.00019065776930409913
0.00019065776930409913
0.00019065776930409913
0.00019065776930409913
0.00019065776930409913
0.00019065776930409913
0.00019065776930409913
0.00019065776930409913
0.00019065776930409913
0.00038131553860819826
0.00019065776930409913
0.00019065776930409913
0.00019065776930409913
0.00019065776930409913
0.00019065776930409913
0.00019065776930409913
0.00019065776930409913
0.00019065776930409913
0.0005719733079122975
0.00019065776930409913
0.00019065776930409913
0.00038131553860819826
0.00038131553860819826
0.00019065776930409913
0.00038131553860819826
0.00038131553860819826
0.00019065776930409913
0.00019065776930409913
0.00038131553860819826
0.00038131553860819826
0.00019065776930409913
0.0005719733079122975
0.00019065776930409913
0.00019065776930409913
0.00019065776930409913
0.00019065776930409913
0.00019065776930409913
0.00019065776930409913
0.00019065776930409913
0.00019065776930409913
0.0007626310772163965
0.001143946615824595
0.00019065776930409913
0.00019065776930409913
0.00038131553860819826
0.00019065776930409913
0.00038131553860819826
0.00019065776930409913
0.00019065776930409913
0.00019065776930409913
0.00019065776930409913
0.00038131553860819826
0.00019065776930409913
0.00019065776930409913
0.0005719733079122975
0.00038131553860819826
0.00038131553860819826
0.00038131553860819826
0.0005719733079122975
0.00019065776930409913
0.00019065776930409913
0.00038131553860819826
0.00038131553860819826
0.00019065776930409913
0.00019065776930409913
0.00038131553860819826
0.00038131553860819826
0.00038131553860819826
0.00019065776930409913
0.00019065776930409913
0.00019065776930409913
0.00019065776930409913
0.00019065776930409913
0.00019065776930409913
0.00019065776930409913
0.0005719733079122975
0.00019065776930409913
0.00038131553860819826
0.00019065776930409913
0.00038131553860819826
0.0005719733079122975
0.00019065776930409913
0.0005719733079122975
0.00019065776930409913
0.00019065776930409913
0.00019065776930409913
0.00019065776930409913
0.00038131553860819826
0.00038131553860819826
0.00019065776930409913
0.00019065776930409913
0.00038131553860819826
0.00019065776930409913
0.00038131553860819826
0.00019065776930409913
0.00019065776930409913
0.00019065776930409913
0.00019065776930409913
0.00019065776930409913
0.0007626310772163965
0.0007626310772163965
0.0007626310772163965
0.00019065776930409913
0.00019065776930409913
0.00019065776930409913
0.00038131553860819826
0.00019065776930409913
0.00019065776930409913
0.00019065776930409913
0.00019065776930409913
0.00019065776930409913
0.00019065776930409913
0.00038131553860819826
0.00019065776930409913
0.00019065776930409913
0.00019065776930409913
0.00019065776930409913
0.00019065776930409913
0.00019065776930409913
0.00038131553860819826
0.00038131553860819826
0.00019065776930409913
0.00019065776930409913
0.00019065776930409913
0.00019065776930409913
0.00019065776930409913
0.00019065776930409913
0.00038131553860819826
0.00038131553860819826
0.00019065776930409913
0.00019065776930409913
0.0005719733079122975
0.00019065776930409913
0.00019065776930409913
0.00019065776930409913
0.00019065776930409913
0.00038131553860819826
0.00038131553860819826
0.00038131553860819826
0.00038131553860819826
0.00019065776930409913
0.00019065776930409913
0.00019065776930409913
0.00019065776930409913
0.00019065776930409913
0.00019065776930409913
0.00019065776930409913
0.00019065776930409913
0.00019065776930409913
0.00019065776930409913
0.00019065776930409913
0.00019065776930409913
0.00038131553860819826
0.00038131553860819826
0.00019065776930409913
0.00019065776930409913
0.001143946615824595
0.00019065776930409913
0.00019065776930409913
0.00019065776930409913
0.00019065776930409913
0.00019065776930409913
0.00019065776930409913
0.00019065776930409913
0.00038131553860819826
0.00019065776930409913
0.00019065776930409913
0.00019065776930409913
0.00019065776930409913
0.0007626310772163965
0.00019065776930409913
0.00019065776930409913
0.00019065776930409913
0.00019065776930409913
0.00019065776930409913
0.00019065776930409913
0.00019065776930409913
0.00019065776930409913
0.00019065776930409913
0.00038131553860819826
0.00019065776930409913
0.00019065776930409913
0.00019065776930409913
0.00019065776930409913
0.0005719733079122975
0.00019065776930409913
0.00019065776930409913
0.00019065776930409913
0.00019065776930409913
0.00019065776930409913
0.00019065776930409913
0.00019065776930409913
0.00038131553860819826
0.00019065776930409913
0.00019065776930409913
0.00019065776930409913
0.00019065776930409913
0.00019065776930409913
0.0005719733079122975
0.00019065776930409913
0.00019065776930409913
0.00019065776930409913
0.00019065776930409913
0.00019065776930409913
0.00019065776930409913
0.00019065776930409913
0.00019065776930409913
0.00019065776930409913
0.00019065776930409913
0.00038131553860819826
0.00019065776930409913
0.00038131553860819826
0.00019065776930409913
0.00019065776930409913
0.00019065776930409913
0.00019065776930409913
0.00019065776930409913
0.00019065776930409913
0.00019065776930409913
0.00038131553860819826
0.00019065776930409913
0.00019065776930409913
0.00038131553860819826
0.00019065776930409913
0.00019065776930409913
0.00019065776930409913
0.00019065776930409913
0.00019065776930409913
0.00019065776930409913
0.00019065776930409913
0.00019065776930409913
0.00019065776930409913
0.00019065776930409913
0.00019065776930409913
0.0005719733079122975
0.00019065776930409913
0.00019065776930409913
0.00019065776930409913
0.00019065776930409913
0.00019065776930409913
0.00019065776930409913
0.00019065776930409913
0.00019065776930409913
0.00019065776930409913
0.00019065776930409913
0.00019065776930409913
0.00019065776930409913
0.00019065776930409913
0.00038131553860819826
0.00038131553860819826
0.00019065776930409913
0.00019065776930409913
0.00019065776930409913
0.00019065776930409913
0.00019065776930409913
0.00019065776930409913
0.00019065776930409913
0.00019065776930409913
0.00019065776930409913
0.00038131553860819826
0.00019065776930409913
0.00019065776930409913
0.00019065776930409913
0.00038131553860819826
0.00019065776930409913
0.00019065776930409913
0.00019065776930409913
0.00019065776930409913
0.00019065776930409913
0.00019065776930409913
0.00019065776930409913
0.00019065776930409913
0.00019065776930409913
0.00019065776930409913
0.00019065776930409913
0.00019065776930409913
0.00019065776930409913
0.00019065776930409913
0.00019065776930409913
0.00038131553860819826
0.00019065776930409913
0.00019065776930409913
0.00038131553860819826
0.00038131553860819826
0.00019065776930409913
0.0007626310772163965
0.0009532888465204957
0.00019065776930409913
0.00019065776930409913
0.00019065776930409913
0.00019065776930409913
0.00019065776930409913
0.00019065776930409913
0.00019065776930409913
0.00019065776930409913
0.00019065776930409913
0.00019065776930409913
0.00019065776930409913
0.0009532888465204957
0.00019065776930409913
0.00038131553860819826
0.00019065776930409913
0.00019065776930409913
0.00019065776930409913
0.00019065776930409913
0.00019065776930409913