0.01
0.03549295774647887
0.010140845070422535
0.004225352112676056
0.017605633802816902
0.013943661971830987
0.014084507042253521
0.020140845070422537
0.0030985915492957746
0.0038028169014084506
0.00014084507042253522
0.0009859154929577464
0.0009859154929577464
0.00014084507042253522
0.012535211267605633
0.01647887323943662
0.018028169014084508
0.0038028169014084506
0.0008450704225352113
0.0009859154929577464
0.005633802816901409
0.0036619718309859155
0.00042253521126760566
0.00014084507042253522
0.0008450704225352113
0.00028169014084507044
0.0016901408450704226
0.001971830985915493
0.0011267605633802818
0.00042253521126760566
0.0067605633802816905
0.0005633802816901409
0.00042253521126760566
0.002112676056338028
0.0005633802816901409
0.0016901408450704226
0.004084507042253521
0.001971830985915493
0.002112676056338028
0.0032394366197183097
0.0011267605633802818
0.00014084507042253522
0.00042253521126760566
0.0008450704225352113
0.00042253521126760566
0.0035211267605633804
0.00042253521126760566
0.00014084507042253522
0.00042253521126760566
0.001971830985915493
0.0005633802816901409
0.0007042253521126761
0.00014084507042253522
0.00028169014084507044
0.00014084507042253522
0.0032394366197183097
0.0005633802816901409
0.00028169014084507044
0.0023943661971830986
0.0014084507042253522
0.00042253521126760566
0.0008450704225352113
0.00028169014084507044
0.0016901408450704226
0.002676056338028169
0.00042253521126760566
0.0012676056338028169
0.00042253521126760566
0.0014084507042253522
0.00014084507042253522
0.0005633802816901409
0.00014084507042253522
0.00028169014084507044
0.00014084507042253522
0.00042253521126760566
0.0005633802816901409
0.00014084507042253522
0.00014084507042253522
0.00014084507042253522
0.006619718309859155
0.00028169014084507044
0.0009859154929577464
0.0014084507042253522
0.00042253521126760566
0.002112676056338028
0.00028169014084507044
0.0007042253521126761
0.0007042253521126761
0.0022535211267605635
0.00042253521126760566
0.00028169014084507044
0.0009859154929577464
0.00042253521126760566
0.00014084507042253522
0.0014084507042253522
0.0022535211267605635
0.010985915492957746
0.0015492957746478873
0.0005633802816901409
0.00028169014084507044
0.00014084507042253522
0.00014084507042253522
0.0007042253521126761
0.0005633802816901409
0.00014084507042253522
0.0060563380281690145
0.00014084507042253522
0.00028169014084507044
0.00014084507042253522
0.0005633802816901409
0.00042253521126760566
0.00042253521126760566
0.00028169014084507044
0.00028169014084507044
0.0011267605633802818
0.00042253521126760566
0.00028169014084507044
0.0007042253521126761
0.00014084507042253522
0.0005633802816901409
0.00042253521126760566
0.001971830985915493
0.0009859154929577464
0.0005633802816901409
0.001971830985915493
0.002112676056338028
0.0014084507042253522
0.00042253521126760566
0.007887323943661971
0.0022535211267605635
0.0032394366197183097
0.00028169014084507044
0.00014084507042253522
0.0015492957746478873
0.00028169014084507044
0.0014084507042253522
0.00028169014084507044
0.0008450704225352113
0.0009859154929577464
0.0022535211267605635
0.00014084507042253522
0.0005633802816901409
0.00014084507042253522
0.00028169014084507044
0.0011267605633802818
0.0008450704225352113
0.0008450704225352113
0.00028169014084507044
0.0014084507042253522
0.0015492957746478873
0.0029577464788732395
0.00014084507042253522
0.00014084507042253522
0.0008450704225352113
0.0008450704225352113
0.0005633802816901409
0.005211267605633803
0.0008450704225352113
0.0030985915492957746
0.00014084507042253522
0.00014084507042253522
0.00042253521126760566
0.008873239436619718
0.00028169014084507044
0.004225352112676056
0.0008450704225352113
0.0005633802816901409
0.0007042253521126761
0.0005633802816901409
0.0008450704225352113
0.00042253521126760566
0.00028169014084507044
0.00014084507042253522
0.00014084507042253522
0.0005633802816901409
0.00042253521126760566
0.00014084507042253522
0.0018309859154929577
0.0005633802816901409
0.0008450704225352113
0.0007042253521126761
0.0005633802816901409
0.0018309859154929577
0.0011267605633802818
0.0007042253521126761
0.0007042253521126761
0.00042253521126760566
0.00028169014084507044
0.0015492957746478873
0.012816901408450704
0.0014084507042253522
0.0011267605633802818
0.00028169014084507044
0.00028169014084507044
0.00042253521126760566
0.00028169014084507044
0.0008450704225352113
0.0005633802816901409
0.00028169014084507044
0.0008450704225352113
0.0005633802816901409
0.0012676056338028169
0.00042253521126760566
0.00028169014084507044
0.0023943661971830986
0.0005633802816901409
0.002112676056338028
0.00014084507042253522
0.00028169014084507044
0.00028169014084507044
0.00028169014084507044
0.0005633802816901409
0.00014084507042253522
0.00028169014084507044
0.00028169014084507044
0.00028169014084507044
0.00042253521126760566
0.0007042253521126761
0.00042253521126760566
0.00014084507042253522
0.0005633802816901409
0.0028169014084507044
0.0005633802816901409
0.0008450704225352113
0.0007042253521126761
0.00014084507042253522
0.00014084507042253522
0.00028169014084507044
0.0008450704225352113
0.0030985915492957746
0.003943661971830986
0.00042253521126760566
0.00028169014084507044
0.0005633802816901409
0.0008450704225352113
0.00042253521126760566
0.00042253521126760566
0.00028169014084507044
0.0005633802816901409
0.0014084507042253522
0.00042253521126760566
0.0007042253521126761
0.0012676056338028169
0.00028169014084507044
0.00014084507042253522
0.00028169014084507044
0.00028169014084507044
0.0007042253521126761
0.00028169014084507044
0.00014084507042253522
0.0005633802816901409
0.00014084507042253522
0.0008450704225352113
0.0008450704225352113
0.00014084507042253522
0.00042253521126760566
0.0007042253521126761
0.00042253521126760566
0.00028169014084507044
0.00014084507042253522
0.0012676056338028169
0.00028169014084507044
0.0005633802816901409
0.00014084507042253522
0.00028169014084507044
0.00014084507042253522
0.0007042253521126761
0.00042253521126760566
0.00028169014084507044
0.0007042253521126761
0.00014084507042253522
0.00014084507042253522
0.00042253521126760566
0.0007042253521126761
0.00028169014084507044
0.0008450704225352113
0.0018309859154929577
0.0008450704225352113
0.0007042253521126761
0.00042253521126760566
0.00014084507042253522
0.0008450704225352113
0.00014084507042253522
0.00028169014084507044
0.00014084507042253522
0.00028169014084507044
0.00042253521126760566
0.0008450704225352113
0.0005633802816901409
0.00014084507042253522
0.00028169014084507044
0.00028169014084507044
0.00014084507042253522
0.0005633802816901409
0.00014084507042253522
0.00014084507042253522
0.0007042253521126761
0.0007042253521126761
0.00014084507042253522
0.0005633802816901409
0.0018309859154929577
0.00028169014084507044
0.00014084507042253522
0.00014084507042253522
0.00028169014084507044
0.00014084507042253522
0.001971830985915493
0.0005633802816901409
0.00042253521126760566
0.0018309859154929577
0.001971830985915493
0.002112676056338028
0.00028169014084507044
0.00028169014084507044
0.00042253521126760566
0.00014084507042253522
0.00028169014084507044
0.0014084507042253522
0.0005633802816901409
0.00014084507042253522
0.00014084507042253522
0.00042253521126760566
0.00042253521126760566
0.0008450704225352113
0.0005633802816901409
0.0008450704225352113
0.00042253521126760566
0.00014084507042253522
0.0007042253521126761
0.00042253521126760566
0.00014084507042253522
0.00014084507042253522
0.00014084507042253522
0.0015492957746478873
0.00014084507042253522
0.00014084507042253522
0.0012676056338028169
0.00014084507042253522
0.00042253521126760566
0.00014084507042253522
0.00014084507042253522
0.00014084507042253522
0.00014084507042253522
0.00014084507042253522
0.00028169014084507044
0.00014084507042253522
0.00014084507042253522
0.00028169014084507044
0.00014084507042253522
0.00014084507042253522
0.00014084507042253522
0.00014084507042253522
0.0007042253521126761
0.004507042253521127
0.00028169014084507044
0.00028169014084507044
0.00028169014084507044
0.0005633802816901409
0.00014084507042253522
0.0009859154929577464
0.00028169014084507044
0.00014084507042253522
0.00014084507042253522
0.00028169014084507044
0.00014084507042253522
0.00014084507042253522
0.00014084507042253522
0.00014084507042253522
0.0011267605633802818
0.00014084507042253522
0.0008450704225352113
0.00014084507042253522
0.00028169014084507044
0.00028169014084507044
0.00042253521126760566
0.00014084507042253522
0.00014084507042253522
0.0009859154929577464
0.00014084507042253522
0.00028169014084507044
0.00028169014084507044
0.00014084507042253522
0.00014084507042253522
0.00042253521126760566
0.00014084507042253522
0.0011267605633802818
0.00042253521126760566
0.00028169014084507044
0.00014084507042253522
0.00014084507042253522
0.00028169014084507044
0.00014084507042253522
0.0009859154929577464
0.00014084507042253522
0.00014084507042253522
0.00014084507042253522
0.0007042253521126761
0.00014084507042253522
0.0007042253521126761
0.00028169014084507044
0.0009859154929577464
0.00042253521126760566
0.0008450704225352113
0.00014084507042253522
0.00028169014084507044
0.0005633802816901409
0.00042253521126760566
0.00014084507042253522
0.0009859154929577464
0.0008450704225352113
0.0008450704225352113
0.00042253521126760566
0.0007042253521126761
0.00042253521126760566
0.00042253521126760566
0.00028169014084507044
0.00014084507042253522
0.00042253521126760566
0.0005633802816901409
0.00028169014084507044
0.00042253521126760566
0.0008450704225352113
0.00028169014084507044
0.00014084507042253522
0.00042253521126760566
0.00028169014084507044
0.0015492957746478873
0.0008450704225352113
0.0005633802816901409
0.0008450704225352113
0.0014084507042253522
0.00014084507042253522
0.00042253521126760566
0.00028169014084507044
0.00014084507042253522
0.0014084507042253522
0.0007042253521126761
0.0014084507042253522
0.0005633802816901409
0.0005633802816901409
0.00028169014084507044
0.005352112676056338
0.00028169014084507044
0.00014084507042253522
0.00042253521126760566
0.00014084507042253522
0.0009859154929577464
0.00014084507042253522
0.00014084507042253522
0.00014084507042253522
0.00014084507042253522
0.00042253521126760566
0.0005633802816901409
0.0023943661971830986
0.0007042253521126761
0.00028169014084507044
0.00028169014084507044
0.00014084507042253522
0.00014084507042253522
0.00014084507042253522
0.00014084507042253522
0.0008450704225352113
0.00028169014084507044
0.00014084507042253522
0.00014084507042253522
0.00042253521126760566
0.00014084507042253522
0.00014084507042253522
0.00014084507042253522
0.00014084507042253522
0.00014084507042253522
0.00014084507042253522
0.00014084507042253522
0.00014084507042253522
0.0008450704225352113
0.0029577464788732395
0.00042253521126760566
0.00042253521126760566
0.00028169014084507044
0.00028169014084507044
0.00028169014084507044
0.00014084507042253522
0.0008450704225352113
0.00014084507042253522
0.00014084507042253522
0.00014084507042253522
0.00014084507042253522
0.0008450704225352113
0.0012676056338028169
0.00014084507042253522
0.0008450704225352113
0.0018309859154929577
0.0012676056338028169
0.0035211267605633804
0.0014084507042253522
0.00014084507042253522
0.00042253521126760566
0.00042253521126760566
0.00028169014084507044
0.00014084507042253522
0.00042253521126760566
0.00028169014084507044
0.00014084507042253522
0.00014084507042253522
0.00014084507042253522
0.00014084507042253522
0.0005633802816901409
0.00028169014084507044
0.0008450704225352113
0.0009859154929577464
0.0009859154929577464
0.00028169014084507044
0.00014084507042253522
0.0012676056338028169
0.00014084507042253522
0.00014084507042253522
0.00028169014084507044
0.0018309859154929577
0.00014084507042253522
0.0011267605633802818
0.0007042253521126761
0.002112676056338028
0.0012676056338028169
0.001971830985915493
0.0012676056338028169
0.0009859154929577464
0.0035211267605633804
0.0011267605633802818
0.00028169014084507044
0.00028169014084507044
0.0015492957746478873
0.00042253521126760566
0.0005633802816901409
0.00014084507042253522
0.00028169014084507044
0.0012676056338028169
0.0028169014084507044
0.0011267605633802818
0.00014084507042253522
0.00042253521126760566
0.00014084507042253522
0.00014084507042253522
0.00042253521126760566
0.00014084507042253522
0.00014084507042253522
0.00014084507042253522
0.00028169014084507044
0.00042253521126760566
0.0009859154929577464
0.00028169014084507044
0.00042253521126760566
0.00028169014084507044
0.00014084507042253522
0.00014084507042253522
0.00014084507042253522
0.00028169014084507044
0.00014084507042253522
0.00014084507042253522
0.0007042253521126761
0.00014084507042253522
0.00014084507042253522
0.00028169014084507044
0.00014084507042253522
0.00014084507042253522
0.00028169014084507044
0.00014084507042253522
0.0007042253521126761
0.0009859154929577464
0.00028169014084507044
0.0005633802816901409
0.00028169014084507044
0.00014084507042253522
0.00014084507042253522
0.00028169014084507044
0.0007042253521126761
0.0009859154929577464
0.00014084507042253522
0.00014084507042253522
0.00014084507042253522
0.0008450704225352113
0.00028169014084507044
0.0011267605633802818
0.00042253521126760566
0.0005633802816901409
0.0007042253521126761
0.00014084507042253522
0.00028169014084507044
0.00028169014084507044
0.00042253521126760566
0.00014084507042253522
0.0005633802816901409
0.0009859154929577464
0.0005633802816901409
0.00014084507042253522
0.0005633802816901409
0.0007042253521126761
0.00028169014084507044
0.00014084507042253522
0.00014084507042253522
0.00028169014084507044
0.00028169014084507044
0.0012676056338028169
0.00014084507042253522
0.00014084507042253522
0.00014084507042253522
0.00042253521126760566
0.00014084507042253522
0.0011267605633802818
0.0015492957746478873
0.00042253521126760566
0.00014084507042253522
0.00042253521126760566
0.00014084507042253522
0.00014084507042253522
0.0008450704225352113
0.00014084507042253522
0.00028169014084507044
0.00014084507042253522
0.0005633802816901409
0.0009859154929577464
0.00014084507042253522
0.00028169014084507044
0.00014084507042253522
0.00014084507042253522
0.00014084507042253522
0.0008450704225352113
0.0005633802816901409
0.00042253521126760566
0.00042253521126760566
0.00028169014084507044
0.00014084507042253522
0.0005633802816901409
0.00014084507042253522
0.00014084507042253522
0.00014084507042253522
0.00028169014084507044
0.00014084507042253522
0.00014084507042253522
0.00014084507042253522
0.00014084507042253522
0.00028169014084507044
0.00042253521126760566
0.00014084507042253522
0.00028169014084507044
0.0005633802816901409
0.00014084507042253522
0.0008450704225352113
0.00014084507042253522
0.00014084507042253522
0.0007042253521126761
0.00028169014084507044
0.00014084507042253522
0.00028169014084507044
0.00028169014084507044
0.0009859154929577464
0.00014084507042253522
0.00028169014084507044
0.00042253521126760566
0.00042253521126760566
0.0008450704225352113
0.00028169014084507044
0.00028169014084507044
0.0012676056338028169
0.0005633802816901409
0.00028169014084507044
0.00014084507042253522
0.00014084507042253522
0.00014084507042253522
0.0008450704225352113
0.00028169014084507044
0.00014084507042253522
0.00014084507042253522
0.00028169014084507044
0.00014084507042253522
0.00014084507042253522
0.00014084507042253522
0.0009859154929577464
0.00014084507042253522
0.00014084507042253522
0.00028169014084507044
0.00042253521126760566
0.00014084507042253522
0.00028169014084507044
0.00028169014084507044
0.00014084507042253522
0.00028169014084507044
0.00014084507042253522
0.00014084507042253522
0.00042253521126760566
0.00028169014084507044
0.00028169014084507044
0.00014084507042253522
0.00014084507042253522
0.0005633802816901409
0.00014084507042253522
0.00014084507042253522
0.00028169014084507044
0.001971830985915493
0.00014084507042253522
0.00014084507042253522
0.00014084507042253522
0.0005633802816901409
0.00014084507042253522
0.0009859154929577464
0.00028169014084507044
0.00028169014084507044
0.00028169014084507044
0.0015492957746478873
0.00042253521126760566
0.00042253521126760566
0.004084507042253521
0.00014084507042253522
0.00014084507042253522
0.00014084507042253522
0.0007042253521126761
0.00014084507042253522
0.00014084507042253522
0.00028169014084507044
0.00014084507042253522
0.00014084507042253522
0.00014084507042253522
0.00014084507042253522
0.00042253521126760566
0.0009859154929577464
0.00014084507042253522
0.00014084507042253522
0.00014084507042253522
0.00014084507042253522
0.00014084507042253522
0.00014084507042253522
0.00014084507042253522
0.00028169014084507044
0.00042253521126760566
0.00042253521126760566
0.00014084507042253522
0.00028169014084507044
0.00028169014084507044
0.00028169014084507044
0.00014084507042253522
0.00014084507042253522
0.00028169014084507044
0.00014084507042253522
0.00014084507042253522
0.0008450704225352113
0.0007042253521126761
0.0008450704225352113
0.00014084507042253522
0.00014084507042253522
0.0011267605633802818
0.00014084507042253522
0.00042253521126760566
0.00014084507042253522
0.00014084507042253522
0.00014084507042253522
0.00014084507042253522
0.00014084507042253522
0.0009859154929577464
0.0011267605633802818
0.00014084507042253522
0.0011267605633802818
0.00014084507042253522
0.00014084507042253522
0.0018309859154929577
0.00014084507042253522
0.00014084507042253522
0.0007042253521126761
0.00014084507042253522
0.0005633802816901409
0.00028169014084507044
0.0008450704225352113
0.00028169014084507044
0.00014084507042253522
0.00014084507042253522
0.00014084507042253522
0.00014084507042253522
0.00014084507042253522
0.00028169014084507044
0.00014084507042253522
0.00014084507042253522
0.00014084507042253522
0.00028169014084507044
0.00014084507042253522
0.00028169014084507044
0.0014084507042253522
0.00042253521126760566
0.00028169014084507044
0.0012676056338028169
0.00028169014084507044
0.00028169014084507044
0.00014084507042253522
0.00014084507042253522
0.00014084507042253522
0.00014084507042253522
0.00014084507042253522
0.00014084507042253522
0.00014084507042253522
0.00014084507042253522
0.00014084507042253522
0.00014084507042253522
0.00028169014084507044
0.00014084507042253522
0.00014084507042253522
0.00014084507042253522
0.00014084507042253522
0.00014084507042253522
0.0005633802816901409
0.00042253521126760566
0.0005633802816901409
0.00042253521126760566
0.0033802816901408453
0.00028169014084507044
0.00042253521126760566
0.00014084507042253522
0.00014084507042253522
0.00028169014084507044
0.00028169014084507044
0.00014084507042253522
0.00014084507042253522
0.00014084507042253522
0.0012676056338028169
0.00014084507042253522
0.00014084507042253522
0.00028169014084507044
0.00028169014084507044
0.00014084507042253522
0.00028169014084507044
0.00014084507042253522
0.00014084507042253522
0.0011267605633802818
0.00014084507042253522
0.00014084507042253522
0.00014084507042253522
0.00014084507042253522
0.00014084507042253522
0.00014084507042253522
0.00014084507042253522
0.00014084507042253522
0.00028169014084507044
0.00014084507042253522
0.00028169014084507044
0.00028169014084507044
0.00042253521126760566
0.00014084507042253522
0.00028169014084507044
0.0005633802816901409
0.00014084507042253522
0.0005633802816901409
0.0007042253521126761
0.00014084507042253522
0.00014084507042253522
0.00014084507042253522
0.00014084507042253522
0.00014084507042253522
0.00028169014084507044
0.00014084507042253522
0.00014084507042253522
0.00014084507042253522
0.00028169014084507044
0.00014084507042253522
0.0008450704225352113
0.0007042253521126761
0.00028169014084507044
0.00014084507042253522
0.00014084507042253522
0.00028169014084507044
0.00028169014084507044
0.00042253521126760566
0.00028169014084507044
0.00028169014084507044
0.00014084507042253522
0.00028169014084507044
0.00014084507042253522
0.00014084507042253522
0.00014084507042253522
0.00014084507042253522
0.00014084507042253522
0.00028169014084507044
0.00014084507042253522
0.0012676056338028169
0.00014084507042253522
0.00028169014084507044
0.00014084507042253522
0.00014084507042253522
0.00042253521126760566
0.00014084507042253522
0.00014084507042253522
0.00014084507042253522
0.00014084507042253522
0.00014084507042253522
0.00014084507042253522
0.00014084507042253522
0.00042253521126760566
0.0005633802816901409
0.0012676056338028169
0.00014084507042253522
0.004084507042253521
0.00014084507042253522
0.0018309859154929577
0.001971830985915493
0.002112676056338028
0.00014084507042253522
0.0005633802816901409
0.00028169014084507044
0.00028169014084507044
0.00014084507042253522
0.00042253521126760566
0.00014084507042253522
0.00014084507042253522
0.00028169014084507044
0.00014084507042253522
0.0005633802816901409
0.00028169014084507044
0.0005633802816901409
0.0011267605633802818
0.00014084507042253522
0.00014084507042253522
0.00014084507042253522
0.00028169014084507044
0.00028169014084507044
0.00028169014084507044
0.00014084507042253522
0.0005633802816901409
0.0005633802816901409
0.0014084507042253522
0.00028169014084507044
0.00014084507042253522
0.00014084507042253522
0.00014084507042253522
0.00014084507042253522
0.0016901408450704226
0.00014084507042253522
0.00028169014084507044
0.00014084507042253522
0.00014084507042253522
0.00014084507042253522
0.00028169014084507044
0.00014084507042253522
0.00028169014084507044
0.00014084507042253522
0.00028169014084507044
0.00014084507042253522
0.00028169014084507044
0.0016901408450704226
0.0050704225352112674
0.00014084507042253522
0.00042253521126760566
0.00014084507042253522
0.0005633802816901409
0.00028169014084507044
0.00014084507042253522
0.0011267605633802818
0.00014084507042253522
0.00042253521126760566
0.0015492957746478873
0.00014084507042253522
0.00014084507042253522
0.00028169014084507044
0.0007042253521126761
0.00014084507042253522
0.00014084507042253522
0.00028169014084507044
0.00028169014084507044
0.00014084507042253522
0.00014084507042253522
0.00028169014084507044
0.00014084507042253522
0.00014084507042253522
0.00028169014084507044
0.00014084507042253522
0.00014084507042253522
0.0067605633802816905
0.00014084507042253522
0.00014084507042253522
0.00014084507042253522
0.00028169014084507044
0.00014084507042253522
0.00014084507042253522
0.00014084507042253522
0.00014084507042253522
0.00014084507042253522
0.00014084507042253522
0.00014084507042253522
0.00028169014084507044
0.00042253521126760566
0.00014084507042253522
0.00014084507042253522
0.00042253521126760566
0.0032394366197183097
0.00014084507042253522
0.0005633802816901409
0.00014084507042253522
0.00014084507042253522
0.00014084507042253522
0.00042253521126760566
0.0008450704225352113
0.00028169014084507044
0.0011267605633802818
0.0005633802816901409
0.00028169014084507044
0.0009859154929577464
0.00028169014084507044
0.00028169014084507044
0.00014084507042253522
0.00028169014084507044
0.00028169014084507044
0.00014084507042253522
0.00014084507042253522
0.00014084507042253522
0.00014084507042253522
0.00028169014084507044
0.00028169014084507044
0.00028169014084507044
0.00014084507042253522
0.00014084507042253522
0.00014084507042253522
0.00014084507042253522
0.00014084507042253522
0.00014084507042253522
0.00014084507042253522
0.00014084507042253522
0.00014084507042253522
0.00014084507042253522
0.00014084507042253522
0.00014084507042253522
0.00014084507042253522
0.00028169014084507044
0.00014084507042253522
0.00028169014084507044
0.00014084507042253522
0.00042253521126760566
0.0011267605633802818
0.00042253521126760566
0.00014084507042253522
0.00014084507042253522
0.00014084507042253522
0.00014084507042253522
0.00014084507042253522
0.00014084507042253522
0.0007042253521126761
0.00014084507042253522
0.00028169014084507044
0.00014084507042253522
0.00042253521126760566
0.00042253521126760566
0.00014084507042253522
0.00042253521126760566
0.00028169014084507044
0.00014084507042253522
0.00014084507042253522
0.00014084507042253522
0.00028169014084507044
0.00028169014084507044
0.00014084507042253522
0.0005633802816901409
0.00014084507042253522
0.00014084507042253522
0.0012676056338028169
0.0016901408450704226
0.00042253521126760566
0.00028169014084507044
0.00014084507042253522
0.00014084507042253522
0.0005633802816901409
0.00042253521126760566
0.0008450704225352113
0.00028169014084507044
0.00028169014084507044
0.00028169014084507044
0.0007042253521126761
0.00042253521126760566
0.0005633802816901409
0.00014084507042253522
0.0007042253521126761
0.00014084507042253522
0.00042253521126760566
0.00014084507042253522
0.00014084507042253522
0.00028169014084507044
0.00014084507042253522
0.00042253521126760566
0.00042253521126760566
0.00014084507042253522
0.00014084507042253522
0.00014084507042253522
0.00042253521126760566
0.00014084507042253522
0.00014084507042253522
0.00014084507042253522
0.00014084507042253522
0.00014084507042253522
0.00014084507042253522
0.00042253521126760566
0.00014084507042253522
0.00014084507042253522
0.00028169014084507044
0.00014084507042253522
0.00014084507042253522
0.00042253521126760566
0.0005633802816901409
0.00042253521126760566
0.00014084507042253522
0.00014084507042253522
0.00014084507042253522
0.00014084507042253522
0.0005633802816901409
0.00014084507042253522
0.00042253521126760566
0.0007042253521126761
0.00014084507042253522
0.00014084507042253522
0.00042253521126760566
0.0011267605633802818
0.00014084507042253522
0.00028169014084507044
0.0005633802816901409
0.00028169014084507044
0.00028169014084507044
0.00028169014084507044
0.00014084507042253522
0.00014084507042253522
0.0007042253521126761
0.00014084507042253522
0.00028169014084507044
0.00028169014084507044
0.00028169014084507044
0.00014084507042253522
0.0007042253521126761
0.0011267605633802818
0.00042253521126760566
0.0005633802816901409
0.00014084507042253522
0.00014084507042253522
0.00014084507042253522
0.00014084507042253522
0.00014084507042253522
0.00028169014084507044
0.0005633802816901409
0.00028169014084507044
0.0014084507042253522
0.00014084507042253522
0.00014084507042253522
0.00014084507042253522
0.00014084507042253522
0.00014084507042253522
0.00014084507042253522
0.0008450704225352113
0.00028169014084507044
0.00014084507042253522
0.00014084507042253522
0.00014084507042253522
0.00014084507042253522
0.0005633802816901409
0.00042253521126760566
0.0005633802816901409
0.00028169014084507044
0.00014084507042253522
0.00014084507042253522
0.00028169014084507044
0.00014084507042253522
0.00014084507042253522
0.00014084507042253522
0.00014084507042253522
0.00014084507042253522
0.00028169014084507044
0.0007042253521126761
0.0009859154929577464
0.00014084507042253522
0.00028169014084507044
0.00042253521126760566
0.00014084507042253522
0.00014084507042253522
0.00014084507042253522
0.00028169014084507044
0.00028169014084507044
0.00028169014084507044
0.00014084507042253522
0.00042253521126760566
0.00014084507042253522
0.00014084507042253522
0.00014084507042253522
0.00014084507042253522
0.00028169014084507044
0.00028169014084507044
0.00014084507042253522
0.00014084507042253522
0.00014084507042253522
0.00014084507042253522
0.00014084507042253522
0.00014084507042253522
0.00014084507042253522
0.00028169014084507044
0.00014084507042253522
0.00014084507042253522
0.00014084507042253522
0.00014084507042253522
0.00028169014084507044
0.00028169014084507044
0.00014084507042253522
0.00014084507042253522
0.00014084507042253522
0.00014084507042253522
0.00042253521126760566
0.00028169014084507044
0.00014084507042253522
0.00028169014084507044
0.00028169014084507044
0.00028169014084507044
0.00042253521126760566
0.00014084507042253522
0.00028169014084507044
0.00042253521126760566
0.00014084507042253522
0.00014084507042253522
0.00014084507042253522
0.00014084507042253522
0.0005633802816901409
0.00014084507042253522
0.0007042253521126761
0.00014084507042253522
0.00014084507042253522
0.00014084507042253522
0.00014084507042253522
0.0016901408450704226
0.0007042253521126761
0.0022535211267605635
0.00042253521126760566
0.00028169014084507044
0.00014084507042253522
0.00014084507042253522
0.00014084507042253522
0.00028169014084507044
0.00042253521126760566
0.00014084507042253522
0.00014084507042253522
0.00014084507042253522
0.0018309859154929577
0.00028169014084507044
0.00014084507042253522
0.00028169014084507044
0.00042253521126760566
0.00028169014084507044
0.00014084507042253522
0.0016901408450704226
0.00014084507042253522
0.00014084507042253522
0.00028169014084507044
0.00014084507042253522
0.00014084507042253522
0.00028169014084507044
0.00014084507042253522
0.0025352112676056337
0.00014084507042253522
0.00014084507042253522
0.00014084507042253522
0.00014084507042253522
0.00014084507042253522
0.00014084507042253522
0.00014084507042253522
0.00014084507042253522
0.00014084507042253522
0.00014084507042253522
0.00014084507042253522
0.00014084507042253522
0.00014084507042253522
0.00014084507042253522
0.0007042253521126761
0.00014084507042253522
0.00014084507042253522
0.00014084507042253522
0.00014084507042253522
0.00014084507042253522
0.00014084507042253522
0.00014084507042253522
0.00042253521126760566
0.00014084507042253522
0.00014084507042253522
0.00014084507042253522
0.00028169014084507044
0.00014084507042253522
0.00014084507042253522
0.00028169014084507044
0.00014084507042253522
0.00014084507042253522
0.00028169014084507044
0.00014084507042253522
0.00028169014084507044
0.00014084507042253522
0.00014084507042253522
0.00014084507042253522
0.00014084507042253522
0.00014084507042253522
0.00014084507042253522
0.00014084507042253522
0.00014084507042253522
0.00014084507042253522
0.00014084507042253522
0.00042253521126760566
0.00014084507042253522
0.00014084507042253522
0.00014084507042253522
0.00014084507042253522
0.00014084507042253522
0.00014084507042253522
0.00028169014084507044
0.00042253521126760566
0.00014084507042253522
0.00014084507042253522
0.00014084507042253522
0.00028169014084507044
0.00014084507042253522
0.00014084507042253522
0.00014084507042253522
0.00014084507042253522
0.00014084507042253522
0.0007042253521126761
0.00028169014084507044
0.00028169014084507044
0.00014084507042253522
0.00014084507042253522
0.00042253521126760566
0.00014084507042253522
0.00014084507042253522
0.00014084507042253522
0.00014084507042253522
0.00014084507042253522
0.00014084507042253522
0.00014084507042253522
0.00014084507042253522
0.00028169014084507044
0.00014084507042253522
0.00028169014084507044
0.00014084507042253522
0.00014084507042253522
0.00014084507042253522
0.00014084507042253522
0.00014084507042253522
0.00042253521126760566
0.00014084507042253522
0.00014084507042253522
0.00014084507042253522
0.00014084507042253522
0.00014084507042253522
0.00028169014084507044
0.00028169014084507044
0.00014084507042253522
0.00014084507042253522
0.00014084507042253522
0.00014084507042253522
0.00014084507042253522
0.00014084507042253522
0.00042253521126760566
0.00014084507042253522
0.00028169014084507044
0.00014084507042253522
0.00014084507042253522
0.00014084507042253522
0.00014084507042253522
0.0005633802816901409
0.00014084507042253522
0.00014084507042253522
0.00014084507042253522
0.00014084507042253522
0.00042253521126760566
0.00014084507042253522
0.00028169014084507044
0.0009859154929577464
0.00014084507042253522
0.00014084507042253522
0.00028169014084507044
0.00014084507042253522
0.00014084507042253522
0.00014084507042253522
0.00014084507042253522
0.00014084507042253522
0.00014084507042253522
0.00028169014084507044
0.00014084507042253522
0.00042253521126760566
0.00014084507042253522
0.0007042253521126761
0.00014084507042253522
0.00028169014084507044
0.00042253521126760566
0.00014084507042253522
0.00014084507042253522
0.00014084507042253522
0.00014084507042253522
0.00014084507042253522
0.00042253521126760566
0.00014084507042253522
0.0008450704225352113
0.00042253521126760566
0.00014084507042253522
0.00042253521126760566
0.00028169014084507044
0.00014084507042253522
0.00014084507042253522
0.00014084507042253522
0.00014084507042253522
0.00014084507042253522
0.00014084507042253522
0.00028169014084507044
0.00014084507042253522
0.00014084507042253522
0.00014084507042253522
0.00014084507042253522
0.00014084507042253522
0.00014084507042253522
0.00014084507042253522
0.00014084507042253522
0.00014084507042253522
0.00014084507042253522
0.00028169014084507044
0.00014084507042253522
0.00014084507042253522
0.00042253521126760566
0.00014084507042253522
0.00014084507042253522
0.00014084507042253522
0.00014084507042253522
0.00028169014084507044
0.00014084507042253522
0.00014084507042253522
0.00014084507042253522
0.00028169014084507044
0.00014084507042253522
0.00014084507042253522
0.00014084507042253522
0.00014084507042253522
0.00014084507042253522
0.00014084507042253522
0.00014084507042253522
0.00014084507042253522
0.00028169014084507044
0.00014084507042253522
0.00014084507042253522
0.00014084507042253522
0.00028169014084507044
0.00028169014084507044
0.00014084507042253522
0.00014084507042253522
0.00014084507042253522
0.00014084507042253522
0.00014084507042253522
0.00014084507042253522
0.00014084507042253522
0.00014084507042253522
0.00014084507042253522
0.00028169014084507044
0.00014084507042253522
0.00028169014084507044
0.00014084507042253522
0.00014084507042253522
0.00014084507042253522
0.00028169014084507044
0.00014084507042253522
0.00014084507042253522
0.00014084507042253522
0.00014084507042253522
0.00014084507042253522
0.00014084507042253522
0.00028169014084507044
0.00014084507042253522
0.00014084507042253522
0.00014084507042253522
0.00028169014084507044
0.00014084507042253522
0.00014084507042253522
0.00028169014084507044
0.00028169014084507044
0.00014084507042253522
0.00014084507042253522
0.00028169014084507044
0.00014084507042253522
0.00014084507042253522
0.00014084507042253522
0.00014084507042253522
0.00014084507042253522
0.00014084507042253522
0.00014084507042253522
0.00014084507042253522
0.00014084507042253522
0.00014084507042253522
0.00014084507042253522
0.005352112676056338
0.00014084507042253522
0.00042253521126760566
0.00014084507042253522
0.00014084507042253522
0.00028169014084507044
0.0005633802816901409
0.0014084507042253522
0.00042253521126760566
0.0018309859154929577
0.00014084507042253522
0.004647887323943662
0.00028169014084507044
0.00014084507042253522
0.00014084507042253522
0.00014084507042253522
0.00014084507042253522
0.00014084507042253522
0.00014084507042253522
0.00014084507042253522
0.00042253521126760566
0.00014084507042253522
0.00014084507042253522
0.00014084507042253522
0.00014084507042253522
0.00028169014084507044
0.00014084507042253522
0.00042253521126760566
0.00014084507042253522
0.00014084507042253522
0.00014084507042253522
0.00014084507042253522
0.00014084507042253522
0.00042253521126760566
0.0005633802816901409
0.00014084507042253522
0.00014084507042253522
0.00014084507042253522
0.00028169014084507044
0.00014084507042253522
0.00014084507042253522
0.00014084507042253522
0.00028169014084507044
0.00014084507042253522
0.00014084507042253522
0.00014084507042253522
0.00028169014084507044
0.00028169014084507044
0.00028169014084507044
0.00028169014084507044
0.00014084507042253522
0.00014084507042253522
0.00028169014084507044
0.00014084507042253522
0.00014084507042253522
0.00014084507042253522
0.00014084507042253522
0.00014084507042253522
0.0008450704225352113
0.00014084507042253522
0.00028169014084507044
0.00028169014084507044
0.00014084507042253522
0.00014084507042253522
0.00042253521126760566
0.00042253521126760566
0.00014084507042253522
0.00014084507042253522
0.00014084507042253522
0.0005633802816901409
0.0018309859154929577
0.00028169014084507044
0.00014084507042253522
0.00014084507042253522
0.00028169014084507044
0.00028169014084507044
0.00028169014084507044
0.00028169014084507044
0.00042253521126760566
0.00014084507042253522
0.00014084507042253522
0.00014084507042253522
0.00028169014084507044
0.00014084507042253522
0.00014084507042253522
0.00014084507042253522
0.00014084507042253522
0.00014084507042253522
0.00014084507042253522
0.00014084507042253522
0.00014084507042253522
0.00014084507042253522
0.00014084507042253522
0.00028169014084507044
0.00028169014084507044
0.00014084507042253522
0.00014084507042253522
0.0005633802816901409
0.00014084507042253522
0.0007042253521126761
0.00014084507042253522
0.00014084507042253522
0.00014084507042253522
0.00014084507042253522
0.00014084507042253522
0.00014084507042253522
0.00014084507042253522
0.00028169014084507044
0.00028169014084507044
0.00014084507042253522
0.00028169014084507044
0.00014084507042253522
0.00014084507042253522
0.00014084507042253522
0.00014084507042253522
0.00014084507042253522
0.00028169014084507044
0.00014084507042253522
0.00028169014084507044
0.00014084507042253522
0.0014084507042253522
0.0008450704225352113
0.00014084507042253522
0.00014084507042253522
0.00028169014084507044
0.0028169014084507044
0.00014084507042253522
0.00014084507042253522
0.00014084507042253522
0.00014084507042253522
0.00014084507042253522
0.00014084507042253522
0.00014084507042253522
0.00014084507042253522
0.00014084507042253522
0.00014084507042253522
0.00014084507042253522
0.00014084507042253522
0.00042253521126760566
0.0008450704225352113
0.00014084507042253522
0.00014084507042253522
0.00014084507042253522
0.00014084507042253522
0.00014084507042253522
0.00014084507042253522
0.00042253521126760566
0.00014084507042253522
0.00014084507042253522
0.00014084507042253522
0.00028169014084507044
0.00014084507042253522
0.00014084507042253522
0.00014084507042253522
0.00014084507042253522
0.00014084507042253522
0.00014084507042253522
0.00014084507042253522
0.00042253521126760566
0.00028169014084507044
0.00014084507042253522
0.00014084507042253522
0.00014084507042253522
0.00014084507042253522
0.00042253521126760566
0.00014084507042253522
0.00014084507042253522
0.00014084507042253522
0.00042253521126760566
0.00014084507042253522
0.00014084507042253522
0.00014084507042253522
0.00042253521126760566
0.00014084507042253522
0.00014084507042253522
0.00014084507042253522
0.00014084507042253522
0.00014084507042253522
0.0005633802816901409
0.00014084507042253522
0.00028169014084507044
0.00014084507042253522
0.00028169014084507044
0.00014084507042253522
0.002112676056338028
0.0007042253521126761
0.00028169014084507044
0.00014084507042253522
0.00014084507042253522
0.00014084507042253522
0.00014084507042253522
0.0007042253521126761
0.00014084507042253522
0.00014084507042253522
0.00014084507042253522
0.00014084507042253522
0.00042253521126760566
0.0005633802816901409
0.00014084507042253522
0.00014084507042253522
0.00014084507042253522
0.00014084507042253522
0.0008450704225352113
0.00014084507042253522
0.00028169014084507044
0.00014084507042253522
0.00014084507042253522
0.00014084507042253522
0.00014084507042253522
0.00014084507042253522
0.00014084507042253522
0.00014084507042253522
0.00014084507042253522
0.00014084507042253522
0.00014084507042253522
0.00028169014084507044
0.00014084507042253522
0.00014084507042253522
0.00014084507042253522
0.00014084507042253522
0.00014084507042253522
0.00014084507042253522
0.00014084507042253522
0.00014084507042253522
0.00014084507042253522
0.00014084507042253522
0.00014084507042253522
0.00014084507042253522
0.00014084507042253522
0.00014084507042253522
0.00014084507042253522
0.00014084507042253522
0.00014084507042253522
0.00014084507042253522
0.00014084507042253522
0.00014084507042253522
0.00028169014084507044
0.00014084507042253522
0.00014084507042253522
0.00014084507042253522
0.00014084507042253522
0.00014084507042253522
0.00014084507042253522
0.00028169014084507044
0.00028169014084507044
0.00014084507042253522
0.00028169014084507044
0.00028169014084507044
0.00014084507042253522
0.00014084507042253522
0.0005633802816901409
0.00014084507042253522
0.00014084507042253522
0.00028169014084507044
0.00014084507042253522
0.00014084507042253522
0.00014084507042253522
0.00014084507042253522
0.00014084507042253522
0.00014084507042253522
0.00028169014084507044
0.00014084507042253522
0.00014084507042253522
0.00028169014084507044
0.00014084507042253522
0.00014084507042253522
0.0007042253521126761
0.00014084507042253522
0.00014084507042253522
0.00014084507042253522
0.00014084507042253522
0.00014084507042253522
0.00014084507042253522
0.00014084507042253522
0.00014084507042253522
0.00014084507042253522
0.00014084507042253522
0.00014084507042253522
0.00014084507042253522
0.00014084507042253522
0.00014084507042253522
0.00014084507042253522
0.00014084507042253522
0.00014084507042253522
0.00042253521126760566
0.00028169014084507044
0.00042253521126760566
0.00014084507042253522
0.00014084507042253522
0.00014084507042253522
0.00014084507042253522
0.00014084507042253522
0.00014084507042253522
0.00014084507042253522
0.00014084507042253522
0.00014084507042253522
0.00014084507042253522
0.00014084507042253522
0.00014084507042253522
0.00014084507042253522
0.00014084507042253522
0.00014084507042253522
0.00014084507042253522
0.00014084507042253522
0.00014084507042253522
0.00014084507042253522
0.00014084507042253522
0.00014084507042253522
0.00014084507042253522
0.00014084507042253522
0.00014084507042253522
0.00014084507042253522
0.00014084507042253522
0.00014084507042253522
0.00014084507042253522
0.00014084507042253522
0.00014084507042253522
0.00014084507042253522
0.00014084507042253522
0.00014084507042253522
0.00014084507042253522
0.00014084507042253522
0.00014084507042253522
0.00014084507042253522
0.00014084507042253522
0.00014084507042253522
0.00014084507042253522
0.00014084507042253522