0.00016957775139901646
0.00016957775139901646
0.00016957775139901646
0.005596065796167543
0.009665931829743938
0.0039002882821773783
0.0018653552653891809
0.0123791758521282
0.00016957775139901646
0.01102255384093607
0.008648465321349838
0.006613532304561642
0.005765643547566559
0.006613532304561642
0.004239443784975411
0.0003391555027980329
0.0008478887569950823
0.0005087332541970493
0.003052399525182296
0.006613532304561642
0.0013566220111921317
0.0010174665083940986
0.0037307105307783617
0.003391555027980329
0.0003391555027980329
0.0013566220111921317
0.0003391555027980329
0.001526199762591148
0.0010174665083940986
0.0032219772765813125
0.010344242835340004
0.0078005765643547565
0.0023740885195862303
0.0003391555027980329
0.0013566220111921317
0.0003391555027980329
0.0011870442597931151
0.0016957775139901645
0.016788197388502627
0.008309309818551805
0.0011870442597931151
0.0005087332541970493
0.0008478887569950823
0.0010174665083940986
0.003052399525182296
0.00016957775139901646
0.0005087332541970493
0.00016957775139901646
0.00016957775139901646
0.0010174665083940986
0.004917754790571477
0.0011870442597931151
0.0028828217737832795
0.0010174665083940986
0.0022045107681872137
0.0016957775139901645
0.0008478887569950823
0.00016957775139901646
0.005426488044768527
0.0003391555027980329
0.00016957775139901646
0.0003391555027980329
0.0006783110055960658
0.00016957775139901646
0.003391555027980329
0.0003391555027980329
0.0003391555027980329
0.00016957775139901646
0.003052399525182296
0.0008478887569950823
0.00016957775139901646
0.0018653552653891809
0.0016957775139901645
0.0003391555027980329
0.00525691029336951
0.0006783110055960658
0.0003391555027980329
0.0006783110055960658
0.0011870442597931151
0.0003391555027980329
0.0006783110055960658
0.0005087332541970493
0.0006783110055960658
0.0011870442597931151
0.00016957775139901646
0.0008478887569950823
0.0008478887569950823
0.004069866033576394
0.002034933016788197
0.0006783110055960658
0.0027132440223842634
0.0013566220111921317
0.0022045107681872137
0.0006783110055960658
0.002034933016788197
0.0027132440223842634
0.0003391555027980329
0.0006783110055960658
0.0005087332541970493
0.006783110055960658
0.003052399525182296
0.0005087332541970493
0.001526199762591148
0.0008478887569950823
0.0006783110055960658
0.0006783110055960658
0.0023740885195862303
0.0008478887569950823
0.0006783110055960658
0.0003391555027980329
0.0010174665083940986
0.003391555027980329
0.003052399525182296
0.001526199762591148
0.00016957775139901646
0.00016957775139901646
0.0003391555027980329
0.00016957775139901646
0.0003391555027980329
0.0018653552653891809
0.0037307105307783617
0.00016957775139901646
0.0006783110055960658
0.0006783110055960658
0.0013566220111921317
0.00016957775139901646
0.0008478887569950823
0.00016957775139901646
0.0005087332541970493
0.0022045107681872137
0.012209598100729184
0.0005087332541970493
0.0032219772765813125
0.0008478887569950823
0.0018653552653891809
0.00016957775139901646
0.0008478887569950823
0.0005087332541970493
0.0010174665083940986
0.0011870442597931151
0.0013566220111921317
0.00016957775139901646
0.00016957775139901646
0.0005087332541970493
0.0003391555027980329
0.0005087332541970493
0.0005087332541970493
0.00016957775139901646
0.0037307105307783617
0.0006783110055960658
0.0005087332541970493
0.00016957775139901646
0.0003391555027980329
0.0006783110055960658
0.00016957775139901646
0.0005087332541970493
0.0005087332541970493
0.00016957775139901646
0.00016957775139901646
0.00016957775139901646
0.0011870442597931151
0.0003391555027980329
0.0006783110055960658
0.0008478887569950823
0.0006783110055960658
0.0022045107681872137
0.00016957775139901646
0.0010174665083940986
0.00016957775139901646
0.0003391555027980329
0.0003391555027980329
0.0005087332541970493
0.0006783110055960658
0.0003391555027980329
0.0005087332541970493
0.00016957775139901646
0.0005087332541970493
0.00016957775139901646
0.00016957775139901646
0.003391555027980329
0.0039002882821773783
0.00016957775139901646
0.00016957775139901646
0.00016957775139901646
0.00016957775139901646
0.0003391555027980329
0.00016957775139901646
0.00016957775139901646
0.0008478887569950823
0.0003391555027980329
0.00016957775139901646
0.0018653552653891809
0.0011870442597931151
0.00016957775139901646
0.0011870442597931151
0.00016957775139901646
0.00016957775139901646
0.00016957775139901646
0.0003391555027980329
0.0013566220111921317
0.0005087332541970493
0.0003391555027980329
0.00016957775139901646
0.002543666270985247
0.0013566220111921317
0.0010174665083940986
0.0005087332541970493
0.0003391555027980329
0.0016957775139901645
0.0006783110055960658
0.00016957775139901646
0.00016957775139901646
0.0005087332541970493
0.00016957775139901646
0.00016957775139901646
0.0005087332541970493
0.0003391555027980329
0.0023740885195862303
0.00016957775139901646
0.002034933016788197
0.00016957775139901646
0.00016957775139901646
0.00016957775139901646
0.00016957775139901646
0.0005087332541970493
0.00016957775139901646
0.00016957775139901646
0.00016957775139901646
0.0008478887569950823
0.00016957775139901646
0.0005087332541970493
0.0016957775139901645
0.0023740885195862303
0.0003391555027980329
0.0006783110055960658
0.0010174665083940986
0.003391555027980329
0.00016957775139901646
0.0006783110055960658
0.0006783110055960658
0.0005087332541970493
0.00016957775139901646
0.0005087332541970493
0.0018653552653891809
0.0006783110055960658
0.002034933016788197
0.0005087332541970493
0.0008478887569950823
0.00016957775139901646
0.00016957775139901646
0.0008478887569950823
0.00016957775139901646
0.0003391555027980329
0.0006783110055960658
0.00016957775139901646
0.001526199762591148
0.0008478887569950823
0.0010174665083940986
0.0006783110055960658
0.0010174665083940986
0.00016957775139901646
0.001526199762591148
0.0005087332541970493
0.0003391555027980329
0.0010174665083940986
0.00016957775139901646
0.0005087332541970493
0.00016957775139901646
0.00016957775139901646
0.0022045107681872137
0.0005087332541970493
0.0003391555027980329
0.00016957775139901646
0.00016957775139901646
0.002034933016788197
0.0008478887569950823
0.0005087332541970493
0.0003391555027980329
0.0008478887569950823
0.0003391555027980329
0.0003391555027980329
0.0018653552653891809
0.002543666270985247
0.0028828217737832795
0.006783110055960658
0.003052399525182296
0.0018653552653891809
0.0006783110055960658
0.0005087332541970493
0.0011870442597931151
0.0005087332541970493
0.001526199762591148
0.0023740885195862303
0.0032219772765813125
0.0005087332541970493
0.005426488044768527
0.002543666270985247
0.0027132440223842634
0.0003391555027980329
0.0005087332541970493
0.00016957775139901646
0.00016957775139901646
0.003052399525182296
0.0008478887569950823
0.0013566220111921317
0.00016957775139901646
0.001526199762591148
0.0003391555027980329
0.0010174665083940986
0.0003391555027980329
0.00016957775139901646
0.00016957775139901646
0.0003391555027980329
0.00016957775139901646
0.002034933016788197
0.003052399525182296
0.002034933016788197
0.00016957775139901646
0.00016957775139901646
0.0006783110055960658
0.0013566220111921317
0.00016957775139901646
0.00016957775139901646
0.00016957775139901646
0.0032219772765813125
0.0005087332541970493
0.0006783110055960658
0.00016957775139901646
0.0003391555027980329
0.0005087332541970493
0.0003391555027980329
0.00016957775139901646
0.00016957775139901646
0.00016957775139901646
0.0005087332541970493
0.00016957775139901646
0.00016957775139901646
0.0005087332541970493
0.00016957775139901646
0.00016957775139901646
0.0003391555027980329
0.0003391555027980329
0.0008478887569950823
0.0008478887569950823
0.00016957775139901646
0.0006783110055960658
0.0005087332541970493
0.0003391555027980329
0.0027132440223842634
0.0010174665083940986
0.00016957775139901646
0.0011870442597931151
0.0003391555027980329
0.0016957775139901645
0.0003391555027980329
0.0003391555027980329
0.0018653552653891809
0.0003391555027980329
0.0003391555027980329
0.0005087332541970493
0.0003391555027980329
0.0003391555027980329
0.00016957775139901646
0.002543666270985247
0.0016957775139901645
0.0005087332541970493
0.00016957775139901646
0.00016957775139901646
0.0006783110055960658
0.0005087332541970493
0.00016957775139901646
0.00016957775139901646
0.002034933016788197
0.0006783110055960658
0.00016957775139901646
0.00016957775139901646
0.0005087332541970493
0.0003391555027980329
0.0003391555027980329
0.00016957775139901646
0.00016957775139901646
0.0003391555027980329
0.0005087332541970493
0.0003391555027980329
0.0003391555027980329
0.0003391555027980329
0.001526199762591148
0.0011870442597931151
0.00016957775139901646
0.00016957775139901646
0.0010174665083940986
0.0006783110055960658
0.0008478887569950823
0.0008478887569950823
0.0013566220111921317
0.0003391555027980329
0.00016957775139901646
0.0008478887569950823
0.0006783110055960658
0.0006783110055960658
0.00016957775139901646
0.00016957775139901646
0.0011870442597931151
0.00016957775139901646
0.0008478887569950823
0.00016957775139901646
0.0003391555027980329
0.0005087332541970493
0.00016957775139901646
0.0005087332541970493
0.00016957775139901646
0.00016957775139901646
0.0003391555027980329
0.0006783110055960658
0.0003391555027980329
0.0003391555027980329
0.0006783110055960658
0.0006783110055960658
0.00016957775139901646
0.00016957775139901646
0.0003391555027980329
0.00016957775139901646
0.00016957775139901646
0.0003391555027980329
0.00016957775139901646
0.00016957775139901646
0.0005087332541970493
0.0008478887569950823
0.00016957775139901646
0.00016957775139901646
0.00016957775139901646
0.00016957775139901646
0.00016957775139901646
0.00016957775139901646
0.00016957775139901646
0.0008478887569950823
0.00016957775139901646
0.00016957775139901646
0.00016957775139901646
0.00016957775139901646
0.0006783110055960658
0.0003391555027980329
0.0018653552653891809
0.00016957775139901646
0.00016957775139901646
0.0022045107681872137
0.00016957775139901646
0.0003391555027980329
0.0005087332541970493
0.0003391555027980329
0.0016957775139901645
0.0011870442597931151
0.0003391555027980329
0.00016957775139901646
0.0013566220111921317
0.00016957775139901646
0.00016957775139901646
0.0003391555027980329
0.0003391555027980329
0.0005087332541970493
0.00016957775139901646
0.00016957775139901646
0.00016957775139901646
0.0005087332541970493
0.0008478887569950823
0.0018653552653891809
0.0016957775139901645
0.0013566220111921317
0.0003391555027980329
0.00016957775139901646
0.0003391555027980329
0.001526199762591148
0.00016957775139901646
0.0005087332541970493
0.00016957775139901646
0.0003391555027980329
0.00016957775139901646
0.00016957775139901646
0.0003391555027980329
0.00016957775139901646
0.0006783110055960658
0.0003391555027980329
0.0008478887569950823
0.0003391555027980329
0.0008478887569950823
0.0008478887569950823
0.0010174665083940986
0.00016957775139901646
0.00016957775139901646
0.0003391555027980329
0.00016957775139901646
0.00016957775139901646
0.00016957775139901646
0.0018653552653891809
0.00016957775139901646
0.0010174665083940986
0.0003391555027980329
0.0005087332541970493
0.00016957775139901646
0.00016957775139901646
0.0003391555027980329
0.0003391555027980329
0.0003391555027980329
0.0008478887569950823
0.00016957775139901646
0.00016957775139901646
0.0003391555027980329
0.0003391555027980329
0.00016957775139901646
0.00016957775139901646
0.00016957775139901646
0.00016957775139901646
0.00016957775139901646
0.00016957775139901646
0.0003391555027980329
0.00016957775139901646
0.0003391555027980329
0.0003391555027980329
0.0003391555027980329
0.00016957775139901646
0.0003391555027980329
0.00016957775139901646
0.00016957775139901646
0.00016957775139901646
0.00016957775139901646
0.00016957775139901646
0.0006783110055960658
0.00016957775139901646
0.0016957775139901645
0.00016957775139901646
0.00016957775139901646
0.00016957775139901646
0.0003391555027980329
0.0016957775139901645
0.0006783110055960658
0.00016957775139901646
0.0013566220111921317
0.00016957775139901646
0.00016957775139901646
0.0003391555027980329
0.00016957775139901646
0.0005087332541970493
0.0005087332541970493
0.00016957775139901646
0.00016957775139901646
0.00016957775139901646
0.0023740885195862303
0.00016957775139901646
0.00016957775139901646
0.0006783110055960658
0.0013566220111921317
0.0003391555027980329
0.00016957775139901646
0.0005087332541970493
0.00016957775139901646
0.0003391555027980329
0.00016957775139901646
0.0005087332541970493
0.0003391555027980329
0.0003391555027980329
0.0003391555027980329
0.0003391555027980329
0.00016957775139901646
0.00016957775139901646
0.0003391555027980329
0.00016957775139901646
0.00016957775139901646
0.00016957775139901646
0.00016957775139901646
0.00016957775139901646
0.00016957775139901646
0.00016957775139901646
0.00016957775139901646
0.00016957775139901646
0.0006783110055960658
0.0005087332541970493
0.0008478887569950823
0.0005087332541970493
0.0005087332541970493
0.00016957775139901646
0.00016957775139901646
0.00016957775139901646
0.00016957775139901646
0.0003391555027980329
0.00016957775139901646
0.0006783110055960658
0.0005087332541970493
0.00016957775139901646
0.0013566220111921317
0.0003391555027980329
0.0011870442597931151
0.0003391555027980329
0.00016957775139901646
0.00016957775139901646
0.00016957775139901646
0.0006783110055960658
0.00016957775139901646
0.00016957775139901646
0.0016957775139901645
0.00016957775139901646
0.0008478887569950823
0.0003391555027980329
0.0003391555027980329
0.00016957775139901646
0.0010174665083940986
0.0006783110055960658
0.0003391555027980329
0.00016957775139901646
0.00016957775139901646
0.00016957775139901646
0.00016957775139901646
0.00016957775139901646
0.00016957775139901646
0.0003391555027980329
0.0005087332541970493
0.00016957775139901646
0.00016957775139901646
0.0005087332541970493
0.0003391555027980329
0.0005087332541970493
0.0006783110055960658
0.0005087332541970493
0.00016957775139901646
0.0008478887569950823
0.0008478887569950823
0.0008478887569950823
0.00016957775139901646
0.0011870442597931151
0.0005087332541970493
0.00016957775139901646
0.0003391555027980329
0.0003391555027980329
0.0005087332541970493
0.0005087332541970493
0.0005087332541970493
0.013057486857724267
0.005426488044768527
0.0005087332541970493
0.0006783110055960658
0.0010174665083940986
0.0003391555027980329
0.001526199762591148
0.00016957775139901646
0.00016957775139901646
0.00016957775139901646
0.0008478887569950823
0.00016957775139901646
0.00016957775139901646
0.0003391555027980329
0.0006783110055960658
0.00016957775139901646
0.00016957775139901646
0.00016957775139901646
0.00016957775139901646
0.005087332541970494
0.0003391555027980329
0.0003391555027980329
0.0003391555027980329
0.0013566220111921317
0.00016957775139901646
0.00016957775139901646
0.00016957775139901646
0.0003391555027980329
0.00016957775139901646
0.0006783110055960658
0.0005087332541970493
0.0005087332541970493
0.0003391555027980329
0.00016957775139901646
0.00016957775139901646
0.0003391555027980329
0.00016957775139901646
0.00016957775139901646
0.0003391555027980329
0.00016957775139901646
0.0003391555027980329
0.0005087332541970493
0.0003391555027980329
0.0005087332541970493
0.00016957775139901646
0.00016957775139901646
0.0006783110055960658
0.00016957775139901646
0.00016957775139901646
0.0003391555027980329
0.0003391555027980329
0.0010174665083940986
0.0005087332541970493
0.00016957775139901646
0.00016957775139901646
0.00016957775139901646
0.00016957775139901646
0.0023740885195862303
0.0003391555027980329
0.0010174665083940986
0.00016957775139901646
0.00016957775139901646
0.00016957775139901646
0.00016957775139901646
0.00016957775139901646
0.0003391555027980329
0.00016957775139901646
0.00016957775139901646
0.0013566220111921317
0.00016957775139901646
0.00016957775139901646
0.00016957775139901646
0.00016957775139901646
0.0005087332541970493
0.00016957775139901646
0.0003391555027980329
0.00016957775139901646
0.0006783110055960658
0.0003391555027980329
0.00016957775139901646
0.0003391555027980329
0.0003391555027980329
0.00016957775139901646
0.0003391555027980329
0.0005087332541970493
0.0010174665083940986
0.0003391555027980329
0.00016957775139901646
0.00016957775139901646
0.0005087332541970493
0.00016957775139901646
0.00016957775139901646
0.00016957775139901646
0.0003391555027980329
0.0006783110055960658
0.0005087332541970493
0.0008478887569950823
0.0006783110055960658
0.00016957775139901646
0.00016957775139901646
0.0005087332541970493
0.0003391555027980329
0.0005087332541970493
0.0005087332541970493
0.00016957775139901646
0.0005087332541970493
0.00016957775139901646
0.0003391555027980329
0.00016957775139901646
0.00016957775139901646
0.0003391555027980329
0.00016957775139901646
0.0006783110055960658
0.0010174665083940986
0.00016957775139901646
0.0011870442597931151
0.00016957775139901646
0.0003391555027980329
0.00016957775139901646
0.0006783110055960658
0.00016957775139901646
0.0005087332541970493
0.0003391555027980329
0.00016957775139901646
0.00016957775139901646
0.00016957775139901646
0.00016957775139901646
0.0010174665083940986
0.00016957775139901646
0.00016957775139901646
0.00016957775139901646
0.0006783110055960658
0.0008478887569950823
0.00016957775139901646
0.0003391555027980329
0.00016957775139901646
0.00016957775139901646
0.00016957775139901646
0.00016957775139901646
0.00016957775139901646
0.00016957775139901646
0.0006783110055960658
0.0006783110055960658
0.0008478887569950823
0.0005087332541970493
0.0003391555027980329
0.0003391555027980329
0.00016957775139901646
0.00016957775139901646
0.00016957775139901646
0.001526199762591148
0.0005087332541970493
0.0003391555027980329
0.0003391555027980329
0.0003391555027980329
0.00016957775139901646
0.0003391555027980329
0.0005087332541970493
0.0006783110055960658
0.0003391555027980329
0.0003391555027980329
0.0003391555027980329
0.00016957775139901646
0.00016957775139901646
0.00016957775139901646
0.00016957775139901646
0.0003391555027980329
0.0003391555027980329
0.0008478887569950823
0.00016957775139901646
0.0011870442597931151
0.00016957775139901646
0.00016957775139901646
0.0003391555027980329
0.00016957775139901646
0.0011870442597931151
0.00016957775139901646
0.00016957775139901646
0.00016957775139901646
0.00016957775139901646
0.00016957775139901646
0.0010174665083940986
0.00016957775139901646
0.00016957775139901646
0.00016957775139901646
0.00016957775139901646
0.00016957775139901646
0.00016957775139901646
0.0005087332541970493
0.00016957775139901646
0.00016957775139901646
0.00016957775139901646
0.00016957775139901646
0.0006783110055960658
0.00016957775139901646
0.0003391555027980329
0.0005087332541970493
0.00016957775139901646
0.00016957775139901646
0.00016957775139901646
0.0003391555027980329
0.00016957775139901646
0.0003391555027980329
0.00016957775139901646
0.0005087332541970493
0.00016957775139901646
0.00016957775139901646
0.0003391555027980329
0.00016957775139901646
0.00016957775139901646
0.0006783110055960658
0.00016957775139901646
0.00016957775139901646
0.0005087332541970493
0.00016957775139901646
0.00016957775139901646
0.00016957775139901646
0.00016957775139901646
0.0003391555027980329
0.0003391555027980329
0.00016957775139901646
0.0003391555027980329
0.0005087332541970493
0.0003391555027980329
0.00016957775139901646
0.00016957775139901646
0.00016957775139901646
0.00016957775139901646
0.0005087332541970493
0.0005087332541970493
0.00016957775139901646
0.00016957775139901646
0.0003391555027980329
0.0003391555027980329
0.00016957775139901646
0.0003391555027980329
0.00016957775139901646
0.0005087332541970493
0.0005087332541970493
0.00016957775139901646
0.00016957775139901646
0.00016957775139901646
0.00016957775139901646
0.00016957775139901646
0.0003391555027980329
0.0013566220111921317
0.00016957775139901646
0.0005087332541970493
0.00016957775139901646
0.0003391555027980329
0.0003391555027980329
0.00016957775139901646
0.00016957775139901646
0.00016957775139901646
0.00016957775139901646
0.0003391555027980329
0.0003391555027980329
0.0005087332541970493
0.00016957775139901646
0.00016957775139901646
0.0003391555027980329
0.00016957775139901646
0.00016957775139901646
0.0003391555027980329
0.0006783110055960658
0.00016957775139901646
0.0010174665083940986
0.0006783110055960658
0.0006783110055960658
0.0005087332541970493
0.0003391555027980329
0.00016957775139901646
0.0003391555027980329
0.0003391555027980329
0.00016957775139901646
0.00016957775139901646
0.00016957775139901646
0.0003391555027980329
0.00016957775139901646
0.0003391555027980329
0.00016957775139901646
0.001526199762591148
0.00016957775139901646
0.0003391555027980329
0.0005087332541970493
0.00016957775139901646
0.00016957775139901646
0.0003391555027980329
0.0005087332541970493
0.0022045107681872137
0.00016957775139901646
0.0003391555027980329
0.00016957775139901646
0.001526199762591148
0.00016957775139901646
0.0013566220111921317
0.00016957775139901646
0.0006783110055960658
0.0027132440223842634
0.0003391555027980329
0.0005087332541970493
0.0003391555027980329
0.0003391555027980329
0.00016957775139901646
0.00016957775139901646
0.0003391555027980329
0.0006783110055960658
0.00016957775139901646
0.00016957775139901646
0.00016957775139901646
0.0003391555027980329
0.0005087332541970493
0.00016957775139901646
0.0003391555027980329
0.00016957775139901646
0.00016957775139901646
0.00016957775139901646
0.0003391555027980329
0.00016957775139901646
0.0013566220111921317
0.0028828217737832795
0.0003391555027980329
0.0011870442597931151
0.0003391555027980329
0.0003391555027980329
0.00016957775139901646
0.0003391555027980329
0.0010174665083940986
0.0011870442597931151
0.00016957775139901646
0.00016957775139901646
0.0003391555027980329
0.00016957775139901646
0.0003391555027980329
0.0003391555027980329
0.00016957775139901646
0.00016957775139901646
0.00016957775139901646
0.0006783110055960658
0.0003391555027980329
0.0005087332541970493
0.0016957775139901645
0.00016957775139901646
0.00016957775139901646
0.00016957775139901646
0.0008478887569950823
0.00016957775139901646
0.001526199762591148
0.00016957775139901646
0.00016957775139901646
0.00016957775139901646
0.00016957775139901646
0.0006783110055960658
0.0003391555027980329
0.00016957775139901646
0.0003391555027980329
0.00016957775139901646
0.0005087332541970493
0.0003391555027980329
0.0003391555027980329
0.0003391555027980329
0.0028828217737832795
0.00016957775139901646
0.00016957775139901646
0.00016957775139901646
0.0003391555027980329
0.00016957775139901646
0.0005087332541970493
0.0003391555027980329
0.00016957775139901646
0.0011870442597931151
0.00016957775139901646
0.00016957775139901646
0.00016957775139901646
0.00016957775139901646
0.0003391555027980329
0.0003391555027980329
0.0003391555027980329
0.002543666270985247
0.0005087332541970493
0.00016957775139901646
0.0003391555027980329
0.0003391555027980329
0.00016957775139901646
0.0006783110055960658
0.00016957775139901646
0.00016957775139901646
0.00016957775139901646
0.00016957775139901646
0.00016957775139901646
0.00016957775139901646
0.00016957775139901646
0.00016957775139901646
0.0011870442597931151
0.00016957775139901646
0.00016957775139901646
0.00016957775139901646
0.0005087332541970493
0.0003391555027980329
0.00016957775139901646
0.0003391555027980329
0.00016957775139901646
0.00016957775139901646
0.00016957775139901646
0.0003391555027980329
0.00016957775139901646
0.0005087332541970493
0.0005087332541970493
0.00016957775139901646
0.0008478887569950823
0.0008478887569950823
0.0003391555027980329
0.00016957775139901646
0.00016957775139901646
0.00016957775139901646
0.0011870442597931151
0.00016957775139901646
0.00016957775139901646
0.00016957775139901646
0.0003391555027980329
0.00016957775139901646
0.0006783110055960658
0.0003391555027980329
0.00016957775139901646
0.00016957775139901646
0.00016957775139901646
0.0005087332541970493
0.00016957775139901646
0.00016957775139901646
0.00016957775139901646
0.0006783110055960658
0.0006783110055960658
0.0005087332541970493
0.0003391555027980329
0.0003391555027980329
0.0006783110055960658
0.00016957775139901646
0.00016957775139901646
0.00016957775139901646
0.00016957775139901646
0.00016957775139901646
0.00016957775139901646
0.00016957775139901646
0.00016957775139901646
0.00016957775139901646
0.00016957775139901646
0.00016957775139901646
0.0003391555027980329
0.0003391555027980329
0.0006783110055960658
0.00016957775139901646
0.00016957775139901646
0.0003391555027980329
0.00016957775139901646
0.00016957775139901646
0.00016957775139901646
0.0008478887569950823
0.0003391555027980329
0.0008478887569950823
0.00016957775139901646
0.00016957775139901646
0.00016957775139901646
0.00016957775139901646
0.0003391555027980329
0.00016957775139901646
0.00016957775139901646
0.0005087332541970493
0.0005087332541970493
0.00016957775139901646
0.00016957775139901646
0.0003391555027980329
0.00016957775139901646
0.0003391555027980329
0.00016957775139901646
0.00016957775139901646
0.00016957775139901646
0.00016957775139901646
0.0011870442597931151
0.00016957775139901646
0.0008478887569950823
0.00016957775139901646
0.00016957775139901646
0.00016957775139901646
0.0003391555027980329
0.00016957775139901646
0.00016957775139901646
0.00016957775139901646
0.0005087332541970493
0.00016957775139901646
0.00016957775139901646
0.00016957775139901646
0.00016957775139901646
0.0005087332541970493
0.0005087332541970493
0.0005087332541970493
0.0008478887569950823
0.0010174665083940986
0.0010174665083940986
0.00016957775139901646
0.00016957775139901646
0.00016957775139901646
0.0003391555027980329
0.0003391555027980329
0.0005087332541970493
0.0006783110055960658
0.0005087332541970493
0.00016957775139901646
0.00016957775139901646
0.00016957775139901646
0.00016957775139901646
0.00016957775139901646
0.00016957775139901646
0.00016957775139901646
0.0003391555027980329
0.0008478887569950823
0.00016957775139901646
0.00016957775139901646
0.00016957775139901646
0.00016957775139901646
0.00016957775139901646
0.0003391555027980329
0.00016957775139901646
0.00016957775139901646
0.00016957775139901646
0.00016957775139901646
0.0003391555027980329
0.00016957775139901646
0.00016957775139901646
0.00016957775139901646
0.00016957775139901646
0.00016957775139901646
0.0005087332541970493
0.00016957775139901646
0.00016957775139901646
0.00016957775139901646
0.00016957775139901646
0.0003391555027980329
0.0005087332541970493
0.00016957775139901646
0.0003391555027980329
0.0003391555027980329
0.0003391555027980329
0.0005087332541970493
0.00016957775139901646
0.00016957775139901646
0.0005087332541970493
0.0003391555027980329
0.00016957775139901646
0.00016957775139901646
0.00016957775139901646
0.00016957775139901646
0.00016957775139901646
0.00016957775139901646
0.00016957775139901646
0.00016957775139901646
0.00016957775139901646
0.00016957775139901646
0.00016957775139901646
0.0003391555027980329
0.0003391555027980329
0.00016957775139901646
0.0003391555027980329
0.0003391555027980329
0.00016957775139901646
0.00016957775139901646
0.00016957775139901646
0.00016957775139901646
0.00016957775139901646
0.00016957775139901646
0.00016957775139901646
0.00016957775139901646
0.00016957775139901646
0.00016957775139901646
0.00016957775139901646
0.00016957775139901646
0.0005087332541970493
0.00016957775139901646
0.0005087332541970493
0.00016957775139901646
0.0003391555027980329
0.0003391555027980329
0.00016957775139901646
0.00016957775139901646
0.00016957775139901646
0.0003391555027980329
0.00016957775139901646
0.0003391555027980329
0.0003391555027980329
0.00016957775139901646
0.0003391555027980329
0.00016957775139901646
0.0003391555027980329
0.00016957775139901646
0.00016957775139901646
0.00016957775139901646
0.00016957775139901646
0.00016957775139901646
0.0006783110055960658
0.0005087332541970493
0.00016957775139901646
0.00016957775139901646
0.0003391555027980329
0.00016957775139901646
0.0003391555027980329
0.00016957775139901646
0.0010174665083940986
0.00016957775139901646
0.0003391555027980329
0.00016957775139901646
0.0005087332541970493
0.0005087332541970493
0.00016957775139901646
0.00016957775139901646
0.00016957775139901646
0.00016957775139901646
0.0003391555027980329
0.00016957775139901646
0.00016957775139901646
0.0003391555027980329
0.00016957775139901646
0.00016957775139901646
0.00016957775139901646
0.00016957775139901646
0.0003391555027980329
0.0003391555027980329
0.0003391555027980329
0.00016957775139901646
0.00016957775139901646
0.00016957775139901646
0.0003391555027980329
0.0008478887569950823
0.00016957775139901646
0.00016957775139901646
0.00016957775139901646
0.00016957775139901646
0.0010174665083940986
0.0006783110055960658
0.00016957775139901646
0.00016957775139901646
0.0005087332541970493
0.0003391555027980329
0.0008478887569950823
0.0008478887569950823
0.00016957775139901646
0.00016957775139901646
0.00016957775139901646
0.00016957775139901646
0.0003391555027980329
0.00016957775139901646
0.0003391555027980329
0.00016957775139901646
0.00016957775139901646
0.00016957775139901646
0.00016957775139901646
0.00016957775139901646
0.0003391555027980329
0.00016957775139901646
0.00016957775139901646
0.00016957775139901646
0.00016957775139901646
0.0005087332541970493
0.00016957775139901646
0.00016957775139901646
0.0003391555027980329
0.00016957775139901646
0.0003391555027980329
0.00016957775139901646
0.0003391555027980329
0.00016957775139901646
0.00016957775139901646
0.00016957775139901646
0.00016957775139901646
0.00016957775139901646
0.00016957775139901646
0.0005087332541970493
0.00016957775139901646
0.0003391555027980329
0.00016957775139901646
0.0003391555027980329
0.00016957775139901646
0.00016957775139901646
0.0003391555027980329
0.00016957775139901646
0.00016957775139901646
0.00016957775139901646
0.00016957775139901646
0.00016957775139901646
0.0003391555027980329
0.00016957775139901646
0.00016957775139901646
0.0005087332541970493
0.00016957775139901646
0.0003391555027980329
0.00016957775139901646
0.00016957775139901646
0.0005087332541970493
0.00016957775139901646
0.00016957775139901646
0.00016957775139901646
0.0008478887569950823
0.0003391555027980329
0.00016957775139901646
0.00016957775139901646
0.00016957775139901646
0.00016957775139901646
0.00016957775139901646
0.00016957775139901646
0.00016957775139901646
0.0003391555027980329
0.00016957775139901646
0.00016957775139901646
0.00016957775139901646
0.00016957775139901646
0.00016957775139901646
0.00016957775139901646
0.00016957775139901646
0.00016957775139901646
0.00016957775139901646
0.0003391555027980329
0.00016957775139901646
0.0008478887569950823
0.00016957775139901646
0.00016957775139901646
0.00016957775139901646
0.0003391555027980329
0.0013566220111921317
0.00016957775139901646
0.0003391555027980329
0.0008478887569950823
0.00016957775139901646
0.0003391555027980329
0.00016957775139901646
0.00016957775139901646
0.0003391555027980329
0.00016957775139901646
0.00016957775139901646
0.00016957775139901646
0.00016957775139901646
0.00016957775139901646
0.00016957775139901646
0.00016957775139901646
0.00016957775139901646
0.0003391555027980329
0.00016957775139901646
0.00016957775139901646
0.00016957775139901646
0.00016957775139901646
0.00016957775139901646
0.00016957775139901646
0.00016957775139901646
0.00016957775139901646
0.00016957775139901646
0.0005087332541970493
0.00016957775139901646
0.00016957775139901646
0.00016957775139901646
0.00016957775139901646
0.0003391555027980329
0.00016957775139901646
0.00016957775139901646
0.00016957775139901646
0.00016957775139901646
0.00016957775139901646
0.00016957775139901646
0.00016957775139901646
0.0006783110055960658
0.0006783110055960658
0.00016957775139901646
0.00016957775139901646
0.00016957775139901646
0.0003391555027980329
0.00016957775139901646
0.00016957775139901646
0.00016957775139901646
0.00016957775139901646
0.00016957775139901646
0.00016957775139901646
0.00016957775139901646
0.00016957775139901646
0.00016957775139901646
0.00016957775139901646
0.00016957775139901646
0.00016957775139901646
0.00016957775139901646
0.0003391555027980329
0.0005087332541970493
0.0003391555027980329
0.00016957775139901646
0.00016957775139901646
0.00016957775139901646
0.0005087332541970493
0.00016957775139901646
0.00016957775139901646
0.00016957775139901646
0.0003391555027980329
0.00016957775139901646
0.0005087332541970493
0.00016957775139901646
0.00016957775139901646
0.00016957775139901646
0.00016957775139901646
0.0005087332541970493
0.00016957775139901646
0.00016957775139901646
0.00016957775139901646
0.0003391555027980329
0.0010174665083940986
0.00016957775139901646
0.0003391555027980329
0.0005087332541970493
0.0006783110055960658
0.00016957775139901646
0.00016957775139901646
0.0003391555027980329
0.0003391555027980329
0.00016957775139901646
0.00016957775139901646
0.00016957775139901646
0.00016957775139901646
0.00016957775139901646
0.0008478887569950823
0.00016957775139901646
0.00016957775139901646
0.00016957775139901646
0.00016957775139901646
0.00016957775139901646
0.00016957775139901646
0.00016957775139901646
0.00016957775139901646
0.00016957775139901646
0.00016957775139901646
0.00016957775139901646
0.0003391555027980329
0.00016957775139901646
0.00016957775139901646
0.00016957775139901646
0.0003391555027980329
0.00016957775139901646
0.0003391555027980329
0.00016957775139901646
0.00016957775139901646
0.00016957775139901646
0.0003391555027980329
0.00016957775139901646
0.0003391555027980329
0.00016957775139901646
0.00016957775139901646
0.00016957775139901646
0.00016957775139901646
0.00016957775139901646
0.0003391555027980329
0.00016957775139901646
0.00016957775139901646
0.00016957775139901646
0.00016957775139901646
0.00016957775139901646
0.00016957775139901646
0.00016957775139901646
0.00016957775139901646
0.00016957775139901646
0.00016957775139901646
0.00016957775139901646
0.0006783110055960658
0.00016957775139901646
0.00016957775139901646
0.00016957775139901646
0.00016957775139901646
0.00016957775139901646
0.0003391555027980329
0.00016957775139901646
0.00016957775139901646
0.0003391555027980329
0.0003391555027980329
0.00016957775139901646
0.00016957775139901646
0.00016957775139901646
0.00016957775139901646
0.0003391555027980329
0.00016957775139901646
0.00016957775139901646
0.00016957775139901646
0.00016957775139901646
0.00016957775139901646
0.0003391555027980329
0.00016957775139901646
0.00016957775139901646
0.00016957775139901646
0.00016957775139901646
0.0005087332541970493
0.00016957775139901646
0.00016957775139901646
0.00016957775139901646
0.0008478887569950823
0.00016957775139901646
0.00016957775139901646
0.00016957775139901646
0.00016957775139901646
0.0005087332541970493
0.0006783110055960658
0.00016957775139901646
0.00016957775139901646
0.00016957775139901646
0.0003391555027980329
0.0003391555027980329
0.0003391555027980329
0.00016957775139901646
0.00016957775139901646
0.00016957775139901646
0.00016957775139901646
0.00016957775139901646
0.00016957775139901646
0.00016957775139901646
0.00016957775139901646
0.00016957775139901646
0.0003391555027980329
0.00016957775139901646
0.00016957775139901646
0.00016957775139901646
0.00016957775139901646
0.00016957775139901646
0.00016957775139901646
0.00016957775139901646
0.00016957775139901646
0.00016957775139901646
0.00016957775139901646
0.00016957775139901646
0.00016957775139901646
0.00016957775139901646
0.00016957775139901646
0.0003391555027980329
0.00016957775139901646
0.00016957775139901646
0.00016957775139901646
0.00016957775139901646
0.0003391555027980329
0.00016957775139901646
0.00016957775139901646
0.00016957775139901646
0.00016957775139901646
0.00016957775139901646
0.00016957775139901646
0.00016957775139901646
0.0003391555027980329
0.00016957775139901646
0.0003391555027980329
0.00016957775139901646
0.00016957775139901646
0.00016957775139901646
0.00016957775139901646
0.00016957775139901646
0.00016957775139901646
0.00016957775139901646
0.00016957775139901646
0.00016957775139901646
0.00016957775139901646
0.00016957775139901646
0.00016957775139901646
0.00016957775139901646
0.00016957775139901646
0.00016957775139901646
0.0003391555027980329
0.0003391555027980329
0.0005087332541970493
0.0005087332541970493
0.0010174665083940986
0.0010174665083940986
0.0005087332541970493
0.0003391555027980329
0.0003391555027980329
0.0003391555027980329
0.0003391555027980329
0.0003391555027980329
0.0003391555027980329
0.0003391555027980329
0.0003391555027980329
0.0003391555027980329
0.0003391555027980329
0.0003391555027980329
0.0003391555027980329
0.00016957775139901646
0.00016957775139901646
0.00016957775139901646
0.00016957775139901646
0.00016957775139901646
0.00016957775139901646
0.0003391555027980329
0.0003391555027980329
0.00016957775139901646
0.0010174665083940986
0.00016957775139901646
0.00016957775139901646
0.00016957775139901646
0.00016957775139901646
0.00016957775139901646
0.00016957775139901646
0.00016957775139901646
0.00016957775139901646
0.00016957775139901646
0.00016957775139901646
0.0003391555027980329
0.0003391555027980329
0.0003391555027980329
0.00016957775139901646
0.00016957775139901646
0.00016957775139901646
0.00016957775139901646
0.00016957775139901646
0.00016957775139901646
0.00016957775139901646
0.0003391555027980329
0.0003391555027980329
0.0003391555027980329
0.0005087332541970493
0.0003391555027980329
0.0003391555027980329
0.0003391555027980329
0.00016957775139901646
0.0005087332541970493
0.0003391555027980329
0.00016957775139901646
0.00016957775139901646
0.00016957775139901646
0.00016957775139901646
0.0005087332541970493
0.00016957775139901646
0.00016957775139901646
0.00016957775139901646
0.00016957775139901646
0.00016957775139901646
0.00016957775139901646
0.00016957775139901646
0.0003391555027980329
0.00016957775139901646
0.0003391555027980329
0.00016957775139901646
0.00016957775139901646
0.00016957775139901646
0.0003391555027980329
0.00016957775139901646
0.0003391555027980329
0.0003391555027980329
0.0003391555027980329
0.00016957775139901646
0.00016957775139901646
0.00016957775139901646
0.00016957775139901646
0.0003391555027980329
0.0003391555027980329
0.0003391555027980329
0.00016957775139901646
0.00016957775139901646
0.00016957775139901646
0.00016957775139901646
0.00016957775139901646
0.00016957775139901646
0.00016957775139901646
0.00016957775139901646
0.0003391555027980329
0.0005087332541970493
0.0011870442597931151
0.00016957775139901646
0.0028828217737832795
0.00016957775139901646
0.00016957775139901646
0.0003391555027980329
0.00016957775139901646
0.0003391555027980329
0.00016957775139901646
0.00016957775139901646
0.00016957775139901646
0.00016957775139901646
0.00016957775139901646
0.00016957775139901646
0.00016957775139901646
0.00016957775139901646
0.0003391555027980329
0.00016957775139901646
0.00016957775139901646
0.00016957775139901646
0.00016957775139901646
0.00016957775139901646
0.00016957775139901646
0.00016957775139901646
0.00016957775139901646
0.00016957775139901646
0.00016957775139901646
0.00016957775139901646
0.00016957775139901646
0.00016957775139901646
0.00016957775139901646
0.0006783110055960658
0.0006783110055960658
0.00016957775139901646
0.00016957775139901646
0.00016957775139901646
0.00016957775139901646
0.0003391555027980329
0.00016957775139901646
0.00016957775139901646
0.0003391555027980329
0.0003391555027980329
0.00016957775139901646
0.00016957775139901646
0.00016957775139901646
0.00016957775139901646
0.00016957775139901646
0.00016957775139901646
0.00016957775139901646
0.00016957775139901646
0.00016957775139901646
0.00016957775139901646
0.00016957775139901646
0.0003391555027980329
0.0003391555027980329
0.0003391555027980329
0.0003391555027980329
0.00016957775139901646
0.00016957775139901646
0.00016957775139901646
0.00016957775139901646
0.00016957775139901646
0.0005087332541970493
0.00016957775139901646
0.00016957775139901646
0.0003391555027980329
0.00016957775139901646
0.00016957775139901646
0.00016957775139901646
0.00016957775139901646
0.0003391555027980329
0.0003391555027980329
0.00016957775139901646
0.00016957775139901646
0.00016957775139901646
0.00016957775139901646
0.00016957775139901646
0.00016957775139901646
0.00016957775139901646
0.00016957775139901646
0.00016957775139901646
0.00016957775139901646
0.00016957775139901646
0.0003391555027980329
0.0003391555027980329
0.0003391555027980329
0.00016957775139901646
0.00016957775139901646
0.00016957775139901646
0.00016957775139901646
0.00016957775139901646
0.00016957775139901646
0.00016957775139901646
0.0013566220111921317
0.00016957775139901646
0.00016957775139901646
0.0005087332541970493
0.00016957775139901646
0.00016957775139901646
0.00016957775139901646
0.00016957775139901646
0.00016957775139901646
0.00016957775139901646
0.0003391555027980329
0.00016957775139901646
0.00016957775139901646
0.0008478887569950823
0.00016957775139901646
0.00016957775139901646
0.0005087332541970493
0.0003391555027980329
0.0005087332541970493
0.00016957775139901646
0.00016957775139901646
0.00016957775139901646
0.00016957775139901646
0.00016957775139901646
0.00016957775139901646
0.00016957775139901646
0.00016957775139901646
0.00016957775139901646
0.00016957775139901646
0.00016957775139901646
0.00016957775139901646
0.00016957775139901646
0.00016957775139901646
0.0003391555027980329
0.0003391555027980329
0.00016957775139901646
0.00016957775139901646
0.00016957775139901646
0.00016957775139901646
0.00016957775139901646
0.00016957775139901646
0.00016957775139901646
0.0003391555027980329
0.00016957775139901646
0.00016957775139901646
0.00016957775139901646
0.00016957775139901646
0.00016957775139901646
0.00016957775139901646
0.00016957775139901646
0.00016957775139901646
0.00016957775139901646
0.00016957775139901646
0.00016957775139901646
0.00016957775139901646
0.00016957775139901646
0.00016957775139901646
0.00016957775139901646
0.0003391555027980329
0.00016957775139901646
0.00016957775139901646
0.00016957775139901646
0.00016957775139901646
0.00016957775139901646
0.00016957775139901646
0.00016957775139901646
0.00016957775139901646
0.00016957775139901646
0.00016957775139901646
0.00016957775139901646
0.00016957775139901646
0.00016957775139901646
0.00016957775139901646
0.00016957775139901646
0.00016957775139901646
0.00016957775139901646
0.00016957775139901646
0.00016957775139901646
0.00016957775139901646
0.00016957775139901646
0.00016957775139901646
0.00016957775139901646
0.00016957775139901646
0.00016957775139901646
0.00016957775139901646
0.00016957775139901646
0.00016957775139901646
0.00016957775139901646
0.00016957775139901646