0.016672396012375388
0.013406668958404951
0.0013750429700928155
0.01598487452732898
0.011172224132004124
0.00017188037126160193
0.0036094877964936403
0.0010312822275696115
0.00017188037126160193
0.0015469233413544173
0.0010312822275696115
0.0005156411137848057
0.0006875214850464077
0.002578205568924029
0.0010312822275696115
0.002750085940185631
0.0013750429700928155
0.0036094877964936403
0.00034376074252320387
0.00017188037126160193
0.00017188037126160193
0.00017188037126160193
0.0024063251976624267
0.0039532485390168445
0.006359573736679271
0.009625300790649707
0.004984530766586456
0.0017188037126160192
0.00034376074252320387
0.00017188037126160193
0.0013750429700928155
0.002750085940185631
0.0015469233413544173
0.0010312822275696115
0.0015469233413544173
0.008250257820556892
0.0010312822275696115
0.00017188037126160193
0.0006875214850464077
0.00017188037126160193
0.00446888965280165
0.00034376074252320387
0.004640770024063252
0.0015469233413544173
0.0008594018563080096
0.0015469233413544173
0.0036094877964936403
0.002234444826400825
0.0008594018563080096
0.004297009281540048
0.0005156411137848057
0.00979718116191131
0.0048126503953248535
0.00017188037126160193
0.0008594018563080096
0.0012031625988312134
0.0015469233413544173
0.0008594018563080096
0.0010312822275696115
0.0017188037126160192
0.0010312822275696115
0.0006875214850464077
0.0005156411137848057
0.005500171880371262
0.0012031625988312134
0.00034376074252320387
0.00017188037126160193
0.007390855964248883
0.016672396012375388
0.0012031625988312134
0.004297009281540048
0.00034376074252320387
0.0012031625988312134
0.00017188037126160193
0.0008594018563080096
0.002062564455139223
0.00034376074252320387
0.0005156411137848057
0.00034376074252320387
0.00034376074252320387
0.0018906840838776211
0.00034376074252320387
0.0012031625988312134
0.0034376074252320385
0.00017188037126160193
0.0032657270539704366
0.0006875214850464077
0.0015469233413544173
0.0006875214850464077
0.0006875214850464077
0.0012031625988312134
0.0008594018563080096
0.0013750429700928155
0.0024063251976624267
0.0008594018563080096
0.0015469233413544173
0.00017188037126160193
0.00017188037126160193
0.0012031625988312134
0.0005156411137848057
0.0010312822275696115
0.00034376074252320387
0.00017188037126160193
0.0005156411137848057
0.0008594018563080096
0.00017188037126160193
0.0008594018563080096
0.002578205568924029
0.002578205568924029
0.00017188037126160193
0.0008594018563080096
0.0006875214850464077
0.00034376074252320387
0.00017188037126160193
0.0013750429700928155
0.0013750429700928155
0.00017188037126160193
0.0017188037126160192
0.0024063251976624267
0.00017188037126160193
0.00017188037126160193
0.00034376074252320387
0.0037813681677552422
0.0012031625988312134
0.00017188037126160193
0.0008594018563080096
0.0018906840838776211
0.00017188037126160193
0.00034376074252320387
0.0010312822275696115
0.0006875214850464077
0.00034376074252320387
0.0005156411137848057
0.00034376074252320387
0.002921966311447233
0.004640770024063252
0.0005156411137848057
0.0032657270539704366
0.0018906840838776211
0.0006875214850464077
0.00017188037126160193
0.0006875214850464077
0.0006875214850464077
0.0005156411137848057
0.00034376074252320387
0.0010312822275696115
0.0018906840838776211
0.00017188037126160193
0.00017188037126160193
0.0005156411137848057
0.0036094877964936403
0.00034376074252320387
0.00034376074252320387
0.0005156411137848057
0.0005156411137848057
0.005672052251632863
0.00034376074252320387
0.002062564455139223
0.0008594018563080096
0.006015812994156067
0.0005156411137848057
0.0013750429700928155
0.002921966311447233
0.0013750429700928155
0.0015469233413544173
0.0012031625988312134
0.0013750429700928155
0.0008594018563080096
0.00017188037126160193
0.00017188037126160193
0.00017188037126160193
0.0005156411137848057
0.00017188037126160193
0.00017188037126160193
0.00017188037126160193
0.011687865245788931
0.00017188037126160193
0.00017188037126160193
0.0013750429700928155
0.0013750429700928155
0.0006875214850464077
0.002234444826400825
0.002234444826400825
0.00017188037126160193
0.0010312822275696115
0.0013750429700928155
0.0013750429700928155
0.006187693365417669
0.0005156411137848057
0.0005156411137848057
0.0005156411137848057
0.00017188037126160193
0.0017188037126160192
0.0005156411137848057
0.0005156411137848057
0.00034376074252320387
0.0006875214850464077
0.00017188037126160193
0.0024063251976624267
0.00017188037126160193
0.00017188037126160193
0.00017188037126160193
0.00017188037126160193
0.00017188037126160193
0.00017188037126160193
0.00017188037126160193
0.0006875214850464077
0.00017188037126160193
0.00034376074252320387
0.0012031625988312134
0.00034376074252320387
0.0017188037126160192
0.00017188037126160193
0.0005156411137848057
0.008250257820556892
0.00017188037126160193
0.002234444826400825
0.0005156411137848057
0.0005156411137848057
0.00034376074252320387
0.0008594018563080096
0.0005156411137848057
0.0036094877964936403
0.007906497078033689
0.0012031625988312134
0.00034376074252320387
0.0008594018563080096
0.0012031625988312134
0.00017188037126160193
0.00017188037126160193
0.0008594018563080096
0.0005156411137848057
0.00034376074252320387
0.00017188037126160193
0.00034376074252320387
0.00034376074252320387
0.0005156411137848057
0.0013750429700928155
0.0013750429700928155
0.0012031625988312134
0.0006875214850464077
0.0005156411137848057
0.002062564455139223
0.00017188037126160193
0.00017188037126160193
0.00034376074252320387
0.0005156411137848057
0.0006875214850464077
0.00017188037126160193
0.00017188037126160193
0.00017188037126160193
0.00017188037126160193
0.0030938466827088347
0.0008594018563080096
0.00017188037126160193
0.00017188037126160193
0.0015469233413544173
0.00034376074252320387
0.00017188037126160193
0.00034376074252320387
0.0008594018563080096
0.00017188037126160193
0.004125128910278446
0.002234444826400825
0.0006875214850464077
0.0015469233413544173
0.002234444826400825
0.0005156411137848057
0.0006875214850464077
0.0006875214850464077
0.0015469233413544173
0.00017188037126160193
0.0032657270539704366
0.004640770024063252
0.0006875214850464077
0.0006875214850464077
0.00034376074252320387
0.0012031625988312134
0.002921966311447233
0.0015469233413544173
0.0005156411137848057
0.0017188037126160192
0.0005156411137848057
0.0006875214850464077
0.0005156411137848057
0.0005156411137848057
0.00017188037126160193
0.0005156411137848057
0.0010312822275696115
0.0006875214850464077
0.00017188037126160193
0.0006875214850464077
0.0005156411137848057
0.00017188037126160193
0.00017188037126160193
0.00017188037126160193
0.0010312822275696115
0.00017188037126160193
0.0006875214850464077
0.00017188037126160193
0.00017188037126160193
0.00017188037126160193
0.002750085940185631
0.0005156411137848057
0.00034376074252320387
0.00034376074252320387
0.0005156411137848057
0.0005156411137848057
0.00017188037126160193
0.00034376074252320387
0.0012031625988312134
0.0013750429700928155
0.00017188037126160193
0.0015469233413544173
0.0005156411137848057
0.002921966311447233
0.00017188037126160193
0.0006875214850464077
0.004297009281540048
0.0013750429700928155
0.00017188037126160193
0.0006875214850464077
0.00017188037126160193
0.00017188037126160193
0.0005156411137848057
0.00017188037126160193
0.00017188037126160193
0.00034376074252320387
0.00017188037126160193
0.00017188037126160193
0.00034376074252320387
0.00017188037126160193
0.0008594018563080096
0.0006875214850464077
0.00017188037126160193
0.00017188037126160193
0.00017188037126160193
0.0008594018563080096
0.0017188037126160192
0.00034376074252320387
0.0005156411137848057
0.00017188037126160193
0.00034376074252320387
0.00034376074252320387
0.0005156411137848057
0.0013750429700928155
0.00034376074252320387
0.00034376074252320387
0.00034376074252320387
0.00034376074252320387
0.00034376074252320387
0.00017188037126160193
0.0017188037126160192
0.00034376074252320387
0.00017188037126160193
0.00034376074252320387
0.00017188037126160193
0.00017188037126160193
0.00017188037126160193
0.0008594018563080096
0.00017188037126160193
0.00017188037126160193
0.00017188037126160193
0.00017188037126160193
0.00017188037126160193
0.00017188037126160193
0.00017188037126160193
0.0013750429700928155
0.00034376074252320387
0.00017188037126160193
0.0005156411137848057
0.0013750429700928155
0.00017188037126160193
0.0012031625988312134
0.00017188037126160193
0.0013750429700928155
0.00017188037126160193
0.00017188037126160193
0.00017188037126160193
0.00017188037126160193
0.0005156411137848057
0.00017188037126160193
0.00034376074252320387
0.00034376074252320387
0.00017188037126160193
0.0008594018563080096
0.00017188037126160193
0.00017188037126160193
0.00017188037126160193
0.0017188037126160192
0.0010312822275696115
0.00017188037126160193
0.0010312822275696115
0.0005156411137848057
0.00017188037126160193
0.00017188037126160193
0.002234444826400825
0.00017188037126160193
0.00017188037126160193
0.0013750429700928155
0.00034376074252320387
0.00017188037126160193
0.00017188037126160193
0.00034376074252320387
0.00017188037126160193
0.00017188037126160193
0.0005156411137848057
0.0012031625988312134
0.0006875214850464077
0.00017188037126160193
0.00017188037126160193
0.0006875214850464077
0.00034376074252320387
0.0005156411137848057
0.0006875214850464077
0.0006875214850464077
0.0006875214850464077
0.0005156411137848057
0.00017188037126160193
0.0005156411137848057
0.00017188037126160193
0.00034376074252320387
0.0008594018563080096
0.00034376074252320387
0.00017188037126160193
0.00017188037126160193
0.00017188037126160193
0.00034376074252320387
0.00017188037126160193
0.00017188037126160193
0.0005156411137848057
0.00034376074252320387
0.00034376074252320387
0.0005156411137848057
0.00034376074252320387
0.00017188037126160193
0.0013750429700928155
0.00034376074252320387
0.0006875214850464077
0.00017188037126160193
0.00017188037126160193
0.0006875214850464077
0.00034376074252320387
0.00034376074252320387
0.00034376074252320387
0.0005156411137848057
0.0005156411137848057
0.00017188037126160193
0.00034376074252320387
0.00017188037126160193
0.00017188037126160193
0.0024063251976624267
0.00017188037126160193
0.00017188037126160193
0.00017188037126160193
0.00017188037126160193
0.00017188037126160193
0.00017188037126160193
0.00017188037126160193
0.00034376074252320387
0.00034376074252320387
0.00017188037126160193
0.00017188037126160193
0.00017188037126160193
0.00034376074252320387
0.0005156411137848057
0.0008594018563080096
0.00017188037126160193
0.00017188037126160193
0.00017188037126160193
0.0005156411137848057
0.00017188037126160193
0.00017188037126160193
0.0010312822275696115
0.00017188037126160193
0.00017188037126160193
0.00017188037126160193
0.00017188037126160193
0.00017188037126160193
0.0005156411137848057
0.00017188037126160193
0.00017188037126160193
0.0008594018563080096
0.00017188037126160193
0.0008594018563080096
0.00017188037126160193
0.00017188037126160193
0.00017188037126160193
0.00017188037126160193
0.00017188037126160193
0.00017188037126160193
0.00017188037126160193
0.0005156411137848057
0.00017188037126160193
0.0008594018563080096
0.00017188037126160193
0.0010312822275696115
0.0008594018563080096
0.00017188037126160193
0.0005156411137848057
0.0008594018563080096
0.0005156411137848057
0.00017188037126160193
0.00017188037126160193
0.00034376074252320387
0.0006875214850464077
0.00017188037126160193
0.00017188037126160193
0.00017188037126160193
0.00034376074252320387
0.00017188037126160193
0.00017188037126160193
0.0015469233413544173
0.0032657270539704366
0.0005156411137848057
0.00017188037126160193
0.00034376074252320387
0.00017188037126160193
0.00034376074252320387
0.0005156411137848057
0.00017188037126160193
0.002234444826400825
0.0006875214850464077
0.00017188037126160193
0.002234444826400825
0.00034376074252320387
0.0006875214850464077
0.0005156411137848057
0.00017188037126160193
0.00034376074252320387
0.0012031625988312134
0.00034376074252320387
0.00034376074252320387
0.00017188037126160193
0.0012031625988312134
0.002062564455139223
0.00017188037126160193
0.0005156411137848057
0.0008594018563080096
0.00034376074252320387
0.00017188037126160193
0.0008594018563080096
0.00034376074252320387
0.00034376074252320387
0.00017188037126160193
0.00034376074252320387
0.00017188037126160193
0.0005156411137848057
0.0006875214850464077
0.0006875214850464077
0.0012031625988312134
0.0005156411137848057
0.0012031625988312134
0.00034376074252320387
0.002578205568924029
0.0012031625988312134
0.00017188037126160193
0.00034376074252320387
0.00034376074252320387
0.00017188037126160193
0.00034376074252320387
0.0005156411137848057
0.00017188037126160193
0.0005156411137848057
0.0006875214850464077
0.00034376074252320387
0.0005156411137848057
0.00017188037126160193
0.0015469233413544173
0.0005156411137848057
0.0005156411137848057
0.00017188037126160193
0.00034376074252320387
0.00017188037126160193
0.00017188037126160193
0.00017188037126160193
0.0005156411137848057
0.0010312822275696115
0.0005156411137848057
0.00034376074252320387
0.00017188037126160193
0.0006875214850464077
0.00017188037126160193
0.00017188037126160193
0.00017188037126160193
0.00034376074252320387
0.00034376074252320387
0.00034376074252320387
0.00034376074252320387
0.00034376074252320387
0.0034376074252320385
0.00017188037126160193
0.00034376074252320387
0.0010312822275696115
0.00017188037126160193
0.00017188037126160193
0.00034376074252320387
0.00034376074252320387
0.00017188037126160193
0.00017188037126160193
0.00017188037126160193
0.0008594018563080096
0.00017188037126160193
0.00034376074252320387
0.00017188037126160193
0.00017188037126160193
0.0018906840838776211
0.0005156411137848057
0.00034376074252320387
0.00034376074252320387
0.00034376074252320387
0.00017188037126160193
0.00017188037126160193
0.00017188037126160193
0.00017188037126160193
0.0017188037126160192
0.0005156411137848057
0.00034376074252320387
0.00017188037126160193
0.00034376074252320387
0.0013750429700928155
0.00017188037126160193
0.0024063251976624267
0.00034376074252320387
0.00017188037126160193
0.0008594018563080096
0.00017188037126160193
0.00017188037126160193
0.0008594018563080096
0.00017188037126160193
0.00034376074252320387
0.00034376074252320387
0.0005156411137848057
0.00017188037126160193
0.00017188037126160193
0.00017188037126160193
0.00017188037126160193
0.00017188037126160193
0.004640770024063252
0.00034376074252320387
0.0008594018563080096
0.00017188037126160193
0.00034376074252320387
0.00017188037126160193
0.00034376074252320387
0.00034376074252320387
0.00034376074252320387
0.00017188037126160193
0.0005156411137848057
0.00034376074252320387
0.0015469233413544173
0.00034376074252320387
0.00034376074252320387
0.002234444826400825
0.0006875214850464077
0.00034376074252320387
0.00017188037126160193
0.0015469233413544173
0.00034376074252320387
0.00034376074252320387
0.002234444826400825
0.0015469233413544173
0.00034376074252320387
0.0008594018563080096
0.005156411137848058
0.00017188037126160193
0.002234444826400825
0.00017188037126160193
0.0010312822275696115
0.00017188037126160193
0.00017188037126160193
0.00017188037126160193
0.00034376074252320387
0.0008594018563080096
0.00034376074252320387
0.0005156411137848057
0.00017188037126160193
0.00034376074252320387
0.00034376074252320387
0.00034376074252320387
0.00034376074252320387
0.00034376074252320387
0.00034376074252320387
0.00034376074252320387
0.00034376074252320387
0.00017188037126160193
0.00034376074252320387
0.00017188037126160193
0.0006875214850464077
0.00034376074252320387
0.00034376074252320387
0.0005156411137848057
0.00017188037126160193
0.0006875214850464077
0.00017188037126160193
0.00017188037126160193
0.00034376074252320387
0.0005156411137848057
0.00017188037126160193
0.00017188037126160193
0.00017188037126160193
0.00017188037126160193
0.0010312822275696115
0.00017188037126160193
0.00034376074252320387
0.00034376074252320387
0.00017188037126160193
0.00017188037126160193
0.0018906840838776211
0.00017188037126160193
0.00034376074252320387
0.00017188037126160193
0.00017188037126160193
0.0006875214850464077
0.00017188037126160193
0.0006875214850464077
0.0006875214850464077
0.0006875214850464077
0.0006875214850464077
0.0006875214850464077
0.0008594018563080096
0.0012031625988312134
0.0006875214850464077
0.0013750429700928155
0.00017188037126160193
0.00017188037126160193
0.0005156411137848057
0.0006875214850464077
0.00017188037126160193
0.00034376074252320387
0.0008594018563080096
0.00034376074252320387
0.00034376074252320387
0.00034376074252320387
0.00017188037126160193
0.00017188037126160193
0.0010312822275696115
0.00017188037126160193
0.00017188037126160193
0.00017188037126160193
0.00017188037126160193
0.00017188037126160193
0.00034376074252320387
0.0005156411137848057
0.0005156411137848057
0.00034376074252320387
0.0006875214850464077
0.0006875214850464077
0.0005156411137848057
0.0005156411137848057
0.00017188037126160193
0.0006875214850464077
0.00017188037126160193
0.0008594018563080096
0.00017188037126160193
0.0015469233413544173
0.00017188037126160193
0.00017188037126160193
0.0005156411137848057
0.00034376074252320387
0.00017188037126160193
0.00017188037126160193
0.0012031625988312134
0.0005156411137848057
0.00017188037126160193
0.00017188037126160193
0.00034376074252320387
0.0005156411137848057
0.00034376074252320387
0.00017188037126160193
0.00017188037126160193
0.00017188037126160193
0.00017188037126160193
0.00034376074252320387
0.00017188037126160193
0.00034376074252320387
0.00017188037126160193
0.0005156411137848057
0.00017188037126160193
0.00017188037126160193
0.00017188037126160193
0.00017188037126160193
0.00017188037126160193
0.00034376074252320387
0.00017188037126160193
0.00017188037126160193
0.00017188037126160193
0.00017188037126160193
0.0005156411137848057
0.0005156411137848057
0.0006875214850464077
0.00034376074252320387
0.00017188037126160193
0.00017188037126160193
0.00017188037126160193
0.00017188037126160193
0.00017188037126160193
0.00017188037126160193
0.00034376074252320387
0.0005156411137848057
0.00017188037126160193
0.0017188037126160192
0.00034376074252320387
0.00034376074252320387
0.00017188037126160193
0.00034376074252320387
0.00017188037126160193
0.00017188037126160193
0.00017188037126160193
0.00017188037126160193
0.0015469233413544173
0.00017188037126160193
0.0006875214850464077
0.0008594018563080096
0.00017188037126160193
0.00017188037126160193
0.00017188037126160193
0.0005156411137848057
0.00017188037126160193
0.0008594018563080096
0.0006875214850464077
0.00017188037126160193
0.0006875214850464077
0.00017188037126160193
0.0005156411137848057
0.00017188037126160193
0.0006875214850464077
0.00017188037126160193
0.0005156411137848057
0.00017188037126160193
0.0005156411137848057
0.00017188037126160193
0.00034376074252320387
0.00034376074252320387
0.0005156411137848057
0.00017188037126160193
0.0008594018563080096
0.00017188037126160193
0.0005156411137848057
0.00017188037126160193
0.00017188037126160193
0.00017188037126160193
0.00017188037126160193
0.00017188037126160193
0.0006875214850464077
0.00017188037126160193
0.00017188037126160193
0.00017188037126160193
0.00017188037126160193
0.0006875214850464077
0.00017188037126160193
0.00034376074252320387
0.00017188037126160193
0.00017188037126160193
0.00017188037126160193
0.0006875214850464077
0.00034376074252320387
0.00017188037126160193
0.00017188037126160193
0.00017188037126160193
0.00017188037126160193
0.00017188037126160193
0.00017188037126160193
0.00017188037126160193
0.00017188037126160193
0.00017188037126160193
0.00034376074252320387
0.00034376074252320387
0.0005156411137848057
0.00034376074252320387
0.00017188037126160193
0.0006875214850464077
0.00034376074252320387
0.0005156411137848057
0.00034376074252320387
0.00017188037126160193
0.0006875214850464077
0.00017188037126160193
0.0005156411137848057
0.0005156411137848057
0.00017188037126160193
0.00034376074252320387
0.00034376074252320387
0.00017188037126160193
0.0005156411137848057
0.0013750429700928155
0.00017188037126160193
0.00017188037126160193
0.00017188037126160193
0.00017188037126160193
0.00017188037126160193
0.0008594018563080096
0.00017188037126160193
0.00017188037126160193
0.00017188037126160193
0.00034376074252320387
0.00017188037126160193
0.00017188037126160193
0.00017188037126160193
0.0006875214850464077
0.00017188037126160193
0.00034376074252320387
0.0005156411137848057
0.00017188037126160193
0.0006875214850464077
0.0006875214850464077
0.0005156411137848057
0.0005156411137848057
0.0005156411137848057
0.0005156411137848057
0.002062564455139223
0.0008594018563080096
0.00017188037126160193
0.00017188037126160193
0.00034376074252320387
0.00017188037126160193
0.0008594018563080096
0.00034376074252320387
0.00017188037126160193
0.00017188037126160193
0.00017188037126160193
0.00034376074252320387
0.00017188037126160193
0.00034376074252320387
0.00017188037126160193
0.0005156411137848057
0.00034376074252320387
0.0005156411137848057
0.0008594018563080096
0.00017188037126160193
0.00017188037126160193
0.0005156411137848057
0.00017188037126160193
0.00017188037126160193
0.00017188037126160193
0.00017188037126160193
0.00017188037126160193
0.00017188037126160193
0.00017188037126160193
0.00034376074252320387
0.00017188037126160193
0.00017188037126160193
0.00017188037126160193
0.00017188037126160193
0.00017188037126160193
0.00017188037126160193
0.00034376074252320387
0.00017188037126160193
0.00017188037126160193
0.0005156411137848057
0.00017188037126160193
0.00017188037126160193
0.00017188037126160193
0.00017188037126160193
0.00017188037126160193
0.00034376074252320387
0.00017188037126160193
0.0005156411137848057
0.0005156411137848057
0.0008594018563080096
0.00017188037126160193
0.00017188037126160193
0.00017188037126160193
0.00017188037126160193
0.00017188037126160193
0.0005156411137848057
0.00017188037126160193
0.00017188037126160193
0.00034376074252320387
0.00017188037126160193
0.00017188037126160193
0.00034376074252320387
0.00017188037126160193
0.002234444826400825
0.0006875214850464077
0.00017188037126160193
0.0008594018563080096
0.00017188037126160193
0.00017188037126160193
0.00034376074252320387
0.00017188037126160193
0.00017188037126160193
0.00017188037126160193
0.0006875214850464077
0.00017188037126160193
0.00017188037126160193
0.0005156411137848057
0.00017188037126160193
0.00017188037126160193
0.0013750429700928155
0.00017188037126160193
0.00017188037126160193
0.0012031625988312134
0.00017188037126160193
0.0005156411137848057
0.00017188037126160193
0.00017188037126160193
0.0005156411137848057
0.0012031625988312134
0.00017188037126160193
0.00017188037126160193
0.0013750429700928155
0.00034376074252320387
0.00017188037126160193
0.00017188037126160193
0.00017188037126160193
0.00017188037126160193
0.00017188037126160193
0.00034376074252320387
0.0013750429700928155
0.00017188037126160193
0.00034376074252320387
0.00034376074252320387
0.00017188037126160193
0.00034376074252320387
0.00034376074252320387
0.00017188037126160193
0.0008594018563080096
0.00034376074252320387
0.00034376074252320387
0.00017188037126160193
0.0006875214850464077
0.00017188037126160193
0.00017188037126160193
0.00034376074252320387
0.00034376074252320387
0.00034376074252320387
0.0013750429700928155
0.00017188037126160193
0.00017188037126160193
0.00017188037126160193
0.00017188037126160193
0.00034376074252320387
0.00017188037126160193
0.00017188037126160193
0.00017188037126160193
0.00017188037126160193
0.0006875214850464077
0.00034376074252320387
0.00017188037126160193
0.00017188037126160193
0.00017188037126160193
0.0008594018563080096
0.0010312822275696115
0.0005156411137848057
0.00017188037126160193
0.00017188037126160193
0.00034376074252320387
0.00017188037126160193
0.00017188037126160193
0.00034376074252320387
0.00017188037126160193
0.00017188037126160193
0.00034376074252320387
0.00017188037126160193
0.00034376074252320387
0.00034376074252320387
0.00017188037126160193
0.00034376074252320387
0.00017188037126160193
0.00017188037126160193
0.00017188037126160193
0.0005156411137848057
0.0006875214850464077
0.00017188037126160193
0.00017188037126160193
0.0012031625988312134
0.00017188037126160193
0.00034376074252320387
0.00017188037126160193
0.00017188037126160193
0.00034376074252320387
0.00017188037126160193
0.00017188037126160193
0.00034376074252320387
0.00017188037126160193
0.0005156411137848057
0.00017188037126160193
0.00017188037126160193
0.0006875214850464077
0.00034376074252320387
0.00034376074252320387
0.0005156411137848057
0.0005156411137848057
0.0005156411137848057
0.0006875214850464077
0.00017188037126160193
0.00017188037126160193
0.0008594018563080096
0.00034376074252320387
0.00034376074252320387
0.0008594018563080096
0.00017188037126160193
0.0010312822275696115
0.0005156411137848057
0.0006875214850464077
0.0008594018563080096
0.00017188037126160193
0.00034376074252320387
0.00017188037126160193
0.00034376074252320387
0.00017188037126160193
0.00034376074252320387
0.00017188037126160193
0.00017188037126160193
0.0008594018563080096
0.0006875214850464077
0.00034376074252320387
0.00034376074252320387
0.00017188037126160193
0.00017188037126160193
0.00017188037126160193
0.00017188037126160193
0.00017188037126160193
0.0006875214850464077
0.00017188037126160193
0.0008594018563080096
0.00017188037126160193
0.00017188037126160193
0.00017188037126160193
0.00017188037126160193
0.00017188037126160193
0.00017188037126160193
0.00017188037126160193
0.00017188037126160193
0.00017188037126160193
0.00017188037126160193
0.00017188037126160193
0.00017188037126160193
0.00034376074252320387
0.00017188037126160193
0.00017188037126160193
0.00017188037126160193
0.0005156411137848057
0.00034376074252320387
0.00017188037126160193
0.00017188037126160193
0.0005156411137848057
0.00017188037126160193
0.00034376074252320387
0.00034376074252320387
0.00017188037126160193
0.00017188037126160193
0.00017188037126160193
0.00034376074252320387
0.00017188037126160193
0.0006875214850464077
0.00034376074252320387
0.00017188037126160193
0.00017188037126160193
0.00017188037126160193
0.00017188037126160193
0.00017188037126160193
0.00017188037126160193
0.00017188037126160193
0.0010312822275696115
0.00034376074252320387
0.00017188037126160193
0.00017188037126160193
0.00017188037126160193
0.00017188037126160193
0.00017188037126160193
0.00017188037126160193
0.00017188037126160193
0.00017188037126160193
0.00034376074252320387
0.0008594018563080096
0.0005156411137848057
0.00017188037126160193
0.00017188037126160193
0.00017188037126160193
0.00017188037126160193
0.00017188037126160193
0.00017188037126160193
0.00017188037126160193
0.00034376074252320387
0.00017188037126160193
0.00017188037126160193
0.00034376074252320387
0.00017188037126160193
0.00017188037126160193
0.00017188037126160193
0.0005156411137848057
0.00017188037126160193
0.00017188037126160193
0.00017188037126160193
0.00017188037126160193
0.0005156411137848057
0.0017188037126160192
0.00034376074252320387
0.00034376074252320387
0.00034376074252320387
0.00017188037126160193
0.0006875214850464077
0.00017188037126160193
0.00017188037126160193
0.00034376074252320387
0.00017188037126160193
0.00017188037126160193
0.0005156411137848057
0.00017188037126160193
0.0005156411137848057
0.00017188037126160193
0.00017188037126160193
0.00017188037126160193
0.00017188037126160193
0.00017188037126160193
0.0005156411137848057
0.00034376074252320387
0.00017188037126160193
0.00034376074252320387
0.00034376074252320387
0.00034376074252320387
0.00017188037126160193
0.0005156411137848057
0.00017188037126160193
0.00017188037126160193
0.00017188037126160193
0.00017188037126160193
0.00017188037126160193
0.00017188037126160193
0.00017188037126160193
0.00017188037126160193
0.00017188037126160193
0.00034376074252320387
0.00017188037126160193
0.00017188037126160193
0.00034376074252320387
0.0006875214850464077
0.00017188037126160193
0.00017188037126160193
0.00034376074252320387
0.0005156411137848057
0.00017188037126160193
0.00017188037126160193
0.00017188037126160193
0.00034376074252320387
0.00017188037126160193
0.00017188037126160193
0.00017188037126160193
0.00034376074252320387
0.00017188037126160193
0.0006875214850464077
0.00034376074252320387
0.00017188037126160193
0.00017188037126160193
0.00034376074252320387
0.00017188037126160193
0.00017188037126160193
0.00034376074252320387
0.00017188037126160193
0.00034376074252320387
0.00017188037126160193
0.00017188037126160193
0.00017188037126160193
0.00017188037126160193
0.00017188037126160193
0.00017188037126160193
0.00017188037126160193
0.00017188037126160193
0.00017188037126160193
0.00034376074252320387
0.00017188037126160193
0.00017188037126160193
0.00017188037126160193
0.00017188037126160193
0.00017188037126160193
0.00017188037126160193
0.00017188037126160193
0.00017188037126160193
0.00017188037126160193
0.00034376074252320387
0.00034376074252320387
0.00017188037126160193
0.00017188037126160193
0.00017188037126160193
0.00017188037126160193
0.00034376074252320387
0.00017188037126160193
0.00017188037126160193
0.00017188037126160193
0.00017188037126160193
0.00017188037126160193
0.00034376074252320387
0.00017188037126160193
0.00017188037126160193
0.0006875214850464077
0.00017188037126160193
0.00017188037126160193
0.00034376074252320387
0.00017188037126160193
0.00017188037126160193
0.00017188037126160193
0.00017188037126160193
0.00017188037126160193
0.00034376074252320387
0.00017188037126160193
0.00017188037126160193
0.00034376074252320387
0.00034376074252320387
0.0006875214850464077
0.0006875214850464077
0.00017188037126160193
0.00017188037126160193
0.00017188037126160193
0.00017188037126160193
0.00034376074252320387
0.00034376074252320387
0.00017188037126160193
0.00017188037126160193
0.00017188037126160193
0.00017188037126160193
0.00017188037126160193
0.00017188037126160193
0.00017188037126160193
0.0005156411137848057
0.00017188037126160193
0.00017188037126160193
0.0005156411137848057
0.00034376074252320387
0.00034376074252320387
0.00017188037126160193
0.00017188037126160193
0.00017188037126160193
0.00017188037126160193
0.00017188037126160193
0.00017188037126160193
0.00017188037126160193
0.00017188037126160193
0.00017188037126160193
0.00017188037126160193
0.00017188037126160193
0.00017188037126160193
0.00017188037126160193
0.00017188037126160193
0.00034376074252320387
0.00017188037126160193
0.00017188037126160193
0.00017188037126160193
0.00017188037126160193
0.00017188037126160193
0.00034376074252320387
0.00017188037126160193
0.00017188037126160193
0.00017188037126160193
0.00017188037126160193
0.00017188037126160193
0.0005156411137848057
0.0005156411137848057
0.00017188037126160193
0.00017188037126160193
0.0008594018563080096
0.00017188037126160193
0.00034376074252320387
0.00017188037126160193
0.00017188037126160193
0.0006875214850464077
0.00017188037126160193
0.00034376074252320387
0.00017188037126160193
0.00017188037126160193
0.0006875214850464077
0.00017188037126160193
0.00017188037126160193
0.00017188037126160193
0.00017188037126160193
0.00017188037126160193
0.00017188037126160193
0.00017188037126160193
0.00034376074252320387
0.00017188037126160193
0.00017188037126160193
0.00017188037126160193
0.00034376074252320387
0.00017188037126160193
0.00017188037126160193
0.00017188037126160193
0.00017188037126160193
0.00017188037126160193
0.00017188037126160193
0.00017188037126160193
0.00034376074252320387
0.0008594018563080096
0.00017188037126160193
0.00017188037126160193
0.00017188037126160193
0.00017188037126160193
0.00017188037126160193
0.00017188037126160193
0.00017188037126160193
0.00017188037126160193
0.00017188037126160193
0.00034376074252320387
0.00017188037126160193
0.00017188037126160193
0.00017188037126160193
0.00034376074252320387
0.00034376074252320387
0.00017188037126160193
0.00017188037126160193
0.00017188037126160193
0.00017188037126160193
0.00017188037126160193
0.00017188037126160193
0.00017188037126160193
0.00017188037126160193
0.00017188037126160193
0.00017188037126160193
0.00017188037126160193
0.00017188037126160193
0.00017188037126160193
0.00034376074252320387
0.00017188037126160193
0.00034376074252320387
0.00017188037126160193
0.00017188037126160193
0.00017188037126160193
0.00017188037126160193
0.00034376074252320387
0.00017188037126160193
0.00017188037126160193
0.00017188037126160193
0.00017188037126160193
0.00017188037126160193
0.00017188037126160193
0.00017188037126160193
0.00017188037126160193
0.00017188037126160193
0.00017188037126160193
0.00017188037126160193
0.00017188037126160193
0.0008594018563080096
0.00017188037126160193
0.00034376074252320387
0.00017188037126160193
0.00017188037126160193
0.00017188037126160193
0.00017188037126160193
0.00017188037126160193
0.00017188037126160193
0.00034376074252320387
0.00017188037126160193
0.00017188037126160193
0.00017188037126160193
0.00017188037126160193
0.00017188037126160193
0.00017188037126160193
0.00017188037126160193
0.00017188037126160193
0.00017188037126160193
0.00017188037126160193
0.00017188037126160193
0.00017188037126160193
0.00034376074252320387
0.0005156411137848057
0.00017188037126160193
0.00034376074252320387
0.0005156411137848057
0.00034376074252320387
0.00034376074252320387
0.00017188037126160193
0.00017188037126160193
0.00017188037126160193
0.00017188037126160193
0.00017188037126160193
0.00017188037126160193
0.00017188037126160193
0.00034376074252320387
0.00034376074252320387
0.00017188037126160193
0.00017188037126160193
0.00017188037126160193
0.00034376074252320387
0.00017188037126160193
0.00017188037126160193
0.00017188037126160193
0.00017188037126160193
0.0005156411137848057
0.00034376074252320387
0.00017188037126160193
0.00017188037126160193
0.00017188037126160193
0.00017188037126160193
0.00017188037126160193
0.00034376074252320387
0.00017188037126160193
0.00017188037126160193
0.00017188037126160193
0.00017188037126160193
0.00017188037126160193
0.00017188037126160193
0.00017188037126160193
0.00017188037126160193
0.00017188037126160193
0.00017188037126160193
0.00017188037126160193
0.00017188037126160193
0.00017188037126160193
0.00017188037126160193
0.0005156411137848057
0.00034376074252320387
0.00017188037126160193
0.00017188037126160193
0.00017188037126160193
0.00017188037126160193
0.00017188037126160193
0.00017188037126160193
0.00017188037126160193
0.00017188037126160193
0.00034376074252320387
0.00017188037126160193
0.00017188037126160193
0.00017188037126160193
0.00017188037126160193
0.00017188037126160193
0.00017188037126160193
0.00017188037126160193
0.00017188037126160193
0.00017188037126160193
0.00017188037126160193
0.00017188037126160193
0.00017188037126160193
0.00017188037126160193
0.00034376074252320387
0.00017188037126160193
0.00017188037126160193
0.00017188037126160193
0.00017188037126160193
0.00017188037126160193
0.00017188037126160193
0.00017188037126160193
0.00017188037126160193
0.00017188037126160193
0.00017188037126160193
0.00017188037126160193
0.00017188037126160193
0.00017188037126160193
0.00034376074252320387
0.00034376074252320387
0.00017188037126160193
0.00034376074252320387
0.00017188037126160193
0.00017188037126160193
0.00017188037126160193
0.00034376074252320387
0.00017188037126160193
0.00017188037126160193
0.0005156411137848057
0.00034376074252320387
0.00017188037126160193
0.00017188037126160193
0.00017188037126160193
0.00017188037126160193
0.00017188037126160193
0.00017188037126160193
0.00017188037126160193
0.00017188037126160193
0.00017188037126160193
0.00017188037126160193
0.00017188037126160193
0.00017188037126160193
0.00017188037126160193
0.00017188037126160193
0.00017188037126160193
0.00034376074252320387
0.00034376074252320387
0.00017188037126160193
0.00017188037126160193
0.00017188037126160193
0.00017188037126160193
0.00017188037126160193
0.00017188037126160193
0.00017188037126160193
0.00017188037126160193
0.00017188037126160193
0.00017188037126160193
0.00017188037126160193
0.00017188037126160193
0.00017188037126160193
0.00017188037126160193
0.00017188037126160193
0.0005156411137848057
0.00017188037126160193
0.00034376074252320387
0.00017188037126160193
0.00017188037126160193
0.00017188037126160193
0.00017188037126160193
0.00017188037126160193
0.00017188037126160193
0.00017188037126160193
0.00017188037126160193
0.00017188037126160193
0.00017188037126160193
0.0024063251976624267
0.00017188037126160193
0.00017188037126160193
0.00017188037126160193
0.00017188037126160193
0.00017188037126160193
0.00034376074252320387
0.00017188037126160193
0.00017188037126160193
0.00017188037126160193
0.00017188037126160193
0.00017188037126160193
0.00017188037126160193
0.00017188037126160193
0.00017188037126160193
0.00017188037126160193
0.00017188037126160193
0.00017188037126160193
0.00017188037126160193
0.00017188037126160193
0.00017188037126160193
0.00034376074252320387
0.00017188037126160193
0.00017188037126160193
0.00017188037126160193
0.00017188037126160193
0.00034376074252320387
0.00017188037126160193
0.0005156411137848057
0.00017188037126160193
0.00017188037126160193
0.00017188037126160193
0.00017188037126160193
0.00017188037126160193
0.00017188037126160193
0.00017188037126160193
0.00017188037126160193
0.0005156411137848057
0.0006875214850464077
0.0006875214850464077
0.0005156411137848057
0.0005156411137848057
0.0012031625988312134
0.00017188037126160193
0.00017188037126160193
0.00017188037126160193
0.00017188037126160193
0.00017188037126160193
0.0008594018563080096
0.00034376074252320387
0.00017188037126160193
0.00017188037126160193
0.00017188037126160193
0.00017188037126160193
0.00017188037126160193
0.00017188037126160193
0.00017188037126160193
0.00017188037126160193
0.0017188037126160192
0.00017188037126160193
0.00017188037126160193
0.00017188037126160193
0.00017188037126160193
0.00017188037126160193
0.00017188037126160193
0.00017188037126160193
0.00017188037126160193
0.00017188037126160193
0.00017188037126160193
0.00034376074252320387
0.00017188037126160193
0.00017188037126160193
0.00017188037126160193
0.00017188037126160193
0.00034376074252320387
0.0012031625988312134
0.00034376074252320387
0.00017188037126160193
0.00017188037126160193
0.00017188037126160193
0.00017188037126160193
0.00017188037126160193
0.00017188037126160193
0.00034376074252320387
0.00034376074252320387
0.00017188037126160193
0.00017188037126160193
0.00017188037126160193
0.00034376074252320387
0.0008594018563080096
0.00017188037126160193
0.0006875214850464077
0.0006875214850464077
0.00017188037126160193
0.00017188037126160193
0.00017188037126160193
0.0006875214850464077
0.00017188037126160193
0.00017188037126160193
0.00017188037126160193
0.00017188037126160193
0.00017188037126160193
0.00017188037126160193
0.00017188037126160193
0.00034376074252320387
0.00034376074252320387
0.00017188037126160193
0.00034376074252320387
0.00017188037126160193
0.00017188037126160193
0.00017188037126160193
0.00017188037126160193
0.00017188037126160193
0.00017188037126160193
0.00017188037126160193
0.00017188037126160193
0.00017188037126160193
0.00034376074252320387
0.00017188037126160193
0.00017188037126160193
0.00017188037126160193
0.00017188037126160193
0.00017188037126160193
0.00017188037126160193
0.00017188037126160193
0.00017188037126160193
0.00017188037126160193
0.00034376074252320387
0.00017188037126160193
0.00017188037126160193
0.00017188037126160193
0.00017188037126160193
0.00017188037126160193
0.00017188037126160193
0.00017188037126160193
0.00034376074252320387
0.00017188037126160193
0.00017188037126160193
0.00017188037126160193
0.00017188037126160193
0.00017188037126160193
0.00017188037126160193
0.00017188037126160193
0.00017188037126160193
0.00017188037126160193
0.00034376074252320387
0.00017188037126160193
0.00034376074252320387
0.00017188037126160193
0.00017188037126160193
0.00017188037126160193
0.00017188037126160193
0.00017188037126160193
0.00017188037126160193
0.00017188037126160193
0.00017188037126160193
0.00017188037126160193
0.00017188037126160193
0.00017188037126160193
0.00017188037126160193
0.00017188037126160193
0.00017188037126160193
0.00017188037126160193
0.00017188037126160193
0.00017188037126160193
0.00017188037126160193
0.00017188037126160193
0.00017188037126160193
0.00017188037126160193
0.00017188037126160193
0.00017188037126160193
0.00017188037126160193
0.00017188037126160193
0.00017188037126160193
0.00017188037126160193
0.00034376074252320387
0.00034376074252320387
0.00017188037126160193
0.00017188037126160193
0.00017188037126160193
0.00017188037126160193
0.00017188037126160193
0.00017188037126160193
0.00017188037126160193
0.00017188037126160193
0.00017188037126160193
0.00017188037126160193
0.00017188037126160193
0.00034376074252320387
0.00017188037126160193
0.00017188037126160193
0.00017188037126160193
0.00017188037126160193
0.00017188037126160193
0.00017188037126160193
0.00034376074252320387
0.00034376074252320387
0.00017188037126160193
0.00017188037126160193
0.00017188037126160193
0.00017188037126160193
0.00017188037126160193
0.0005156411137848057
0.00017188037126160193
0.00017188037126160193
0.00017188037126160193
0.00017188037126160193
0.00017188037126160193
0.00017188037126160193
0.00017188037126160193
0.00017188037126160193
0.00017188037126160193
0.00017188037126160193
0.00017188037126160193
0.00017188037126160193
0.00017188037126160193
0.00017188037126160193
0.00017188037126160193
0.00017188037126160193
0.00017188037126160193
0.00017188037126160193
0.00017188037126160193
0.00017188037126160193
0.00017188037126160193
0.00017188037126160193
0.00017188037126160193
0.00017188037126160193
0.00017188037126160193
0.00017188037126160193
0.00017188037126160193
0.00017188037126160193
0.00017188037126160193
0.00017188037126160193
0.00017188037126160193
0.00017188037126160193
0.00017188037126160193
0.00017188037126160193
0.00017188037126160193
0.00017188037126160193
0.00017188037126160193
0.00017188037126160193
0.00017188037126160193
0.00017188037126160193
0.00017188037126160193
0.00017188037126160193
0.00017188037126160193
0.00017188037126160193
0.00017188037126160193
0.00017188037126160193