0.0017691287041132243
0.01813356921716055
0.05218929677134011
0.0022114108801415304
0.0017691287041132243
0.0017691287041132243
0.0017691287041132243
0.0017691287041132243
0.0008845643520566122
0.01813356921716055
0.003980539584254755
0.0013268465280849183
0.0022114108801415304
0.0022114108801415304
0.0004422821760283061
0.0008845643520566122
0.0004422821760283061
0.0004422821760283061
0.011057054400707651
0.0022114108801415304
0.0008845643520566122
0.0017691287041132243
0.0017691287041132243
0.0022114108801415304
0.0017691287041132243
0.013268465280849183
0.0008845643520566122
0.0013268465280849183
0.005749668288367979
0.005749668288367979
0.007518796992481203
0.0004422821760283061
0.0004422821760283061
0.0004422821760283061
0.0013268465280849183
0.0004422821760283061
0.008403361344537815
0.0013268465280849183
0.006191950464396285
0.0004422821760283061
0.0004422821760283061
0.0004422821760283061
0.0004422821760283061
0.0004422821760283061
0.0026536930561698365
0.0022114108801415304
0.0017691287041132243
0.006191950464396285
0.0017691287041132243
0.0030959752321981426
0.0022114108801415304
0.0004422821760283061
0.01238390092879257
0.0017691287041132243
0.0017691287041132243
0.0008845643520566122
0.004865103936311367
0.0026536930561698365
0.0004422821760283061
0.0013268465280849183
0.004865103936311367
0.0022114108801415304
0.0013268465280849183
0.007076514816452897
0.0030959752321981426
0.0026536930561698365
0.0026536930561698365
0.0008845643520566122
0.0017691287041132243
0.0017691287041132243
0.0004422821760283061
0.0026536930561698365
0.0013268465280849183
0.0026536930561698365
0.0004422821760283061
0.005307386112339673
0.0008845643520566122
0.0004422821760283061
0.0013268465280849183
0.0008845643520566122
0.0004422821760283061
0.0017691287041132243
0.009287925696594427
0.0008845643520566122
0.0004422821760283061
0.0008845643520566122
0.0004422821760283061
0.0004422821760283061
0.008403361344537815
0.0013268465280849183
0.0008845643520566122
0.0008845643520566122
0.0004422821760283061
0.003980539584254755
0.0017691287041132243
0.0022114108801415304
0.0022114108801415304
0.0026536930561698365
0.0004422821760283061
0.0004422821760283061
0.0022114108801415304
0.0004422821760283061
0.0030959752321981426
0.019902697921273773
0.009287925696594427
0.011941618752764263
0.010172490048651039
0.0013268465280849183
0.0004422821760283061
0.003980539584254755
0.005749668288367979
0.0004422821760283061
0.0004422821760283061
0.0017691287041132243
0.0004422821760283061
0.004422821760283061
0.004422821760283061
0.0017691287041132243
0.0004422821760283061
0.006191950464396285
0.0004422821760283061
0.0004422821760283061
0.0004422821760283061
0.0017691287041132243
0.0026536930561698365
0.0004422821760283061
0.004422821760283061
0.0004422821760283061
0.0004422821760283061
0.0008845643520566122
0.0004422821760283061
0.0008845643520566122
0.0026536930561698365
0.0008845643520566122
0.003980539584254755
0.004865103936311367
0.003980539584254755
0.0004422821760283061
0.0013268465280849183
0.0004422821760283061
0.0004422821760283061
0.0008845643520566122
0.0004422821760283061
0.0008845643520566122
0.0004422821760283061
0.0004422821760283061
0.0004422821760283061
0.005307386112339673
0.0004422821760283061
0.0004422821760283061
0.0013268465280849183
0.0008845643520566122
0.0004422821760283061
0.0035382574082264487
0.0008845643520566122
0.0017691287041132243
0.0004422821760283061
0.0008845643520566122
0.0004422821760283061
0.0008845643520566122
0.0008845643520566122
0.0017691287041132243
0.0013268465280849183
0.0004422821760283061
0.0004422821760283061
0.0004422821760283061
0.0004422821760283061
0.0026536930561698365
0.0004422821760283061
0.0008845643520566122
0.0026536930561698365
0.0008845643520566122
0.0004422821760283061
0.0013268465280849183
0.0004422821760283061
0.0004422821760283061
0.0004422821760283061
0.0004422821760283061
0.0004422821760283061
0.0013268465280849183
0.0004422821760283061
0.0008845643520566122
0.0004422821760283061
0.0008845643520566122
0.003980539584254755
0.0004422821760283061
0.0013268465280849183
0.0017691287041132243
0.0008845643520566122
0.0008845643520566122
0.0004422821760283061
0.0004422821760283061
0.0004422821760283061
0.0004422821760283061
0.0030959752321981426
0.0013268465280849183
0.0004422821760283061
0.0004422821760283061
0.0004422821760283061
0.0004422821760283061
0.0004422821760283061
0.0008845643520566122
0.0017691287041132243
0.0013268465280849183
0.0004422821760283061
0.0004422821760283061
0.0004422821760283061
0.0008845643520566122
0.0013268465280849183
0.0004422821760283061
0.0004422821760283061
0.0004422821760283061
0.0004422821760283061
0.0004422821760283061
0.0004422821760283061
0.0008845643520566122
0.0013268465280849183
0.0008845643520566122
0.0013268465280849183
0.0004422821760283061
0.0004422821760283061
0.0008845643520566122
0.0008845643520566122
0.0004422821760283061
0.0004422821760283061
0.0013268465280849183
0.0022114108801415304
0.0004422821760283061
0.0022114108801415304
0.0004422821760283061
0.0008845643520566122
0.0004422821760283061
0.0004422821760283061
0.0004422821760283061
0.0004422821760283061
0.0013268465280849183
0.0017691287041132243
0.0004422821760283061
0.0008845643520566122
0.0004422821760283061
0.0013268465280849183
0.0004422821760283061
0.0004422821760283061
0.0004422821760283061
0.0004422821760283061
0.0004422821760283061
0.0004422821760283061
0.0017691287041132243
0.0004422821760283061
0.0004422821760283061
0.0022114108801415304
0.0004422821760283061
0.0008845643520566122
0.0004422821760283061
0.0008845643520566122
0.0008845643520566122
0.0004422821760283061
0.0008845643520566122
0.0008845643520566122
0.004865103936311367
0.0004422821760283061
0.0022114108801415304
0.0022114108801415304
0.0008845643520566122
0.0008845643520566122
0.0017691287041132243
0.0008845643520566122
0.01238390092879257
0.0017691287041132243
0.0013268465280849183
0.0017691287041132243
0.0004422821760283061
0.0004422821760283061
0.0008845643520566122
0.0013268465280849183
0.0004422821760283061
0.0004422821760283061
0.0004422821760283061
0.0008845643520566122
0.0017691287041132243
0.0017691287041132243
0.0026536930561698365
0.0004422821760283061
0.003980539584254755
0.0008845643520566122
0.0013268465280849183
0.0008845643520566122
0.003980539584254755
0.0013268465280849183
0.0022114108801415304
0.0004422821760283061
0.0004422821760283061
0.0008845643520566122
0.0008845643520566122
0.0004422821760283061
0.0013268465280849183
0.0004422821760283061
0.0008845643520566122
0.0013268465280849183
0.0013268465280849183
0.0013268465280849183
0.0008845643520566122
0.0030959752321981426
0.0013268465280849183
0.0026536930561698365
0.0004422821760283061
0.0013268465280849183
0.0008845643520566122
0.0004422821760283061
0.0022114108801415304
0.0013268465280849183
0.0004422821760283061
0.0004422821760283061
0.0004422821760283061
0.0008845643520566122
0.0004422821760283061
0.0004422821760283061
0.0004422821760283061
0.0004422821760283061
0.0004422821760283061
0.0013268465280849183
0.0004422821760283061
0.0004422821760283061
0.0008845643520566122
0.0035382574082264487
0.0013268465280849183
0.0030959752321981426
0.0008845643520566122
0.0008845643520566122
0.0017691287041132243
0.0004422821760283061
0.0035382574082264487
0.0004422821760283061
0.0004422821760283061
0.0004422821760283061
0.0026536930561698365
0.0004422821760283061
0.0004422821760283061
0.0004422821760283061
0.0004422821760283061
0.0004422821760283061
0.0013268465280849183
0.0004422821760283061
0.0026536930561698365
0.0004422821760283061
0.0004422821760283061
0.0004422821760283061
0.0004422821760283061
0.0004422821760283061
0.0004422821760283061
0.0004422821760283061
0.0004422821760283061
0.0017691287041132243
0.0013268465280849183
0.0008845643520566122
0.0022114108801415304
0.006191950464396285
0.0008845643520566122
0.0026536930561698365
0.0026536930561698365
0.0022114108801415304
0.0008845643520566122
0.0008845643520566122
0.0008845643520566122
0.0004422821760283061
0.0008845643520566122
0.0017691287041132243
0.0004422821760283061
0.0008845643520566122
0.0008845643520566122
0.0008845643520566122
0.0022114108801415304
0.0004422821760283061
0.0017691287041132243
0.0013268465280849183
0.0008845643520566122
0.0008845643520566122
0.0004422821760283061
0.0013268465280849183
0.0013268465280849183
0.0004422821760283061
0.0008845643520566122
0.0008845643520566122
0.0008845643520566122
0.0008845643520566122
0.0008845643520566122
0.0008845643520566122
0.0008845643520566122
0.0008845643520566122
0.0004422821760283061
0.0004422821760283061
0.0013268465280849183
0.0013268465280849183
0.0004422821760283061
0.0004422821760283061
0.0004422821760283061
0.0004422821760283061
0.0022114108801415304
0.0008845643520566122
0.0004422821760283061
0.0004422821760283061
0.0008845643520566122
0.0008845643520566122
0.0004422821760283061
0.0008845643520566122
0.0008845643520566122
0.0004422821760283061
0.0008845643520566122
0.0004422821760283061
0.0008845643520566122
0.0004422821760283061
0.0004422821760283061
0.0013268465280849183
0.0008845643520566122
0.0004422821760283061
0.0013268465280849183
0.0017691287041132243
0.0004422821760283061
0.0004422821760283061
0.0008845643520566122
0.0008845643520566122
0.0004422821760283061
0.0004422821760283061
0.0013268465280849183
0.0008845643520566122
0.0004422821760283061
0.0004422821760283061
0.0004422821760283061
0.0008845643520566122
0.0008845643520566122
0.0004422821760283061
0.0004422821760283061
0.0004422821760283061
0.0004422821760283061
0.0004422821760283061
0.0004422821760283061
0.0008845643520566122
0.0004422821760283061
0.0004422821760283061
0.0004422821760283061
0.0004422821760283061
0.0004422821760283061
0.0013268465280849183
0.0004422821760283061
0.0004422821760283061
0.0004422821760283061
0.0004422821760283061
0.0013268465280849183
0.0008845643520566122
0.0004422821760283061
0.0004422821760283061
0.0004422821760283061
0.0004422821760283061
0.0004422821760283061
0.0008845643520566122
0.0004422821760283061
0.0008845643520566122
0.0013268465280849183
0.0004422821760283061
0.0004422821760283061
0.0004422821760283061
0.0017691287041132243
0.0004422821760283061
0.0004422821760283061
0.0004422821760283061
0.0004422821760283061
0.0004422821760283061
0.0004422821760283061
0.0004422821760283061
0.0017691287041132243
0.0004422821760283061
0.0004422821760283061
0.0004422821760283061
0.0004422821760283061
0.0004422821760283061
0.0017691287041132243
0.0004422821760283061
0.0004422821760283061
0.0004422821760283061
0.0004422821760283061
0.0004422821760283061
0.0004422821760283061
0.0017691287041132243
0.0004422821760283061
0.0004422821760283061
0.0004422821760283061
0.0026536930561698365
0.0008845643520566122
0.0004422821760283061
0.0035382574082264487
0.0017691287041132243
0.0004422821760283061
0.0008845643520566122
0.0004422821760283061
0.0008845643520566122
0.0008845643520566122
0.0008845643520566122
0.0004422821760283061
0.0004422821760283061
0.0008845643520566122
0.0004422821760283061
0.0013268465280849183
0.0004422821760283061
0.0004422821760283061
0.0008845643520566122
0.0004422821760283061
0.0004422821760283061
0.0004422821760283061
0.0004422821760283061
0.0004422821760283061
0.0008845643520566122
0.0004422821760283061
0.0030959752321981426
0.0004422821760283061
0.0008845643520566122
0.003980539584254755
0.0022114108801415304
0.0004422821760283061
0.0004422821760283061
0.0004422821760283061
0.0017691287041132243
0.0004422821760283061
0.0004422821760283061
0.0013268465280849183
0.0008845643520566122
0.0017691287041132243
0.0004422821760283061
0.0004422821760283061
0.0004422821760283061
0.0004422821760283061
0.0004422821760283061
0.0008845643520566122
0.0004422821760283061
0.0008845643520566122
0.0013268465280849183
0.0004422821760283061
0.0008845643520566122
0.0004422821760283061
0.0004422821760283061
0.0004422821760283061
0.0013268465280849183
0.0013268465280849183
0.0017691287041132243
0.0017691287041132243
0.0008845643520566122
0.0008845643520566122
0.0026536930561698365
0.0004422821760283061
0.0004422821760283061
0.0008845643520566122
0.0004422821760283061
0.0008845643520566122
0.0008845643520566122
0.0004422821760283061
0.0013268465280849183
0.0017691287041132243
0.0008845643520566122
0.0008845643520566122
0.0008845643520566122
0.0008845643520566122
0.0008845643520566122
0.0004422821760283061
0.0004422821760283061
0.0004422821760283061
0.0004422821760283061
0.0004422821760283061
0.0004422821760283061
0.0004422821760283061
0.0004422821760283061
0.0004422821760283061
0.0004422821760283061
0.0008845643520566122
0.0004422821760283061
0.0004422821760283061
0.0004422821760283061
0.0004422821760283061
0.0004422821760283061
0.0008845643520566122
0.0004422821760283061
0.0017691287041132243
0.0008845643520566122
0.0004422821760283061
0.0004422821760283061
0.0017691287041132243
0.0004422821760283061
0.0004422821760283061
0.0004422821760283061
0.0004422821760283061
0.0004422821760283061
0.0004422821760283061
0.0008845643520566122
0.0004422821760283061
0.0004422821760283061
0.0004422821760283061
0.0004422821760283061
0.0017691287041132243
0.0004422821760283061
0.0017691287041132243
0.0013268465280849183
0.0008845643520566122
0.0004422821760283061
0.0004422821760283061
0.003980539584254755
0.005307386112339673
0.0013268465280849183
0.0004422821760283061
0.0004422821760283061
0.0004422821760283061
0.0008845643520566122
0.0022114108801415304
0.0022114108801415304
0.004865103936311367
0.0013268465280849183
0.0004422821760283061
0.0004422821760283061
0.0004422821760283061
0.0004422821760283061
0.0004422821760283061
0.0004422821760283061
0.0008845643520566122
0.0004422821760283061
0.0004422821760283061
0.0004422821760283061
0.0013268465280849183
0.0004422821760283061
0.0004422821760283061
0.0004422821760283061
0.0004422821760283061
0.0004422821760283061
0.004422821760283061
0.0004422821760283061
0.0004422821760283061
0.0013268465280849183
0.0004422821760283061
0.0004422821760283061
0.0008845643520566122
0.0004422821760283061
0.0004422821760283061
0.0008845643520566122
0.0004422821760283061
0.0004422821760283061
0.0004422821760283061
0.0004422821760283061
0.0013268465280849183
0.0004422821760283061
0.0004422821760283061
0.0004422821760283061
0.0004422821760283061
0.0004422821760283061
0.0004422821760283061
0.0004422821760283061
0.0004422821760283061
0.0004422821760283061
0.0008845643520566122
0.0004422821760283061
0.0004422821760283061
0.0004422821760283061
0.0004422821760283061
0.0004422821760283061
0.0004422821760283061
0.0004422821760283061
0.0004422821760283061
0.0008845643520566122
0.0004422821760283061
0.0004422821760283061
0.0004422821760283061
0.0004422821760283061
0.0004422821760283061
0.0008845643520566122
0.0008845643520566122
0.0013268465280849183
0.0017691287041132243
0.0004422821760283061
0.0008845643520566122
0.0013268465280849183
0.0004422821760283061
0.0004422821760283061
0.0004422821760283061
0.0004422821760283061
0.0004422821760283061
0.0004422821760283061
0.0004422821760283061
0.0004422821760283061
0.0004422821760283061
0.0008845643520566122
0.0004422821760283061
0.0008845643520566122
0.0004422821760283061
0.0004422821760283061
0.0004422821760283061
0.0004422821760283061
0.0004422821760283061
0.0004422821760283061
0.0008845643520566122
0.0004422821760283061
0.0004422821760283061
0.0004422821760283061
0.0004422821760283061
0.0004422821760283061
0.0004422821760283061
0.0004422821760283061
0.0004422821760283061
0.0008845643520566122
0.0004422821760283061
0.0004422821760283061
0.0008845643520566122
0.0004422821760283061
0.0004422821760283061
0.0004422821760283061
0.0004422821760283061
0.0004422821760283061
0.0004422821760283061
0.0008845643520566122
0.0004422821760283061
0.0004422821760283061
0.0004422821760283061
0.0004422821760283061
0.0004422821760283061
0.0004422821760283061
0.0004422821760283061
0.0004422821760283061
0.0004422821760283061
0.0004422821760283061
0.0004422821760283061
0.0004422821760283061
0.0004422821760283061
0.0004422821760283061
0.0004422821760283061
0.0004422821760283061
0.0004422821760283061
0.0004422821760283061
0.0004422821760283061
0.0004422821760283061
0.0008845643520566122
0.0004422821760283061
0.0004422821760283061
0.0008845643520566122
0.0004422821760283061
0.0004422821760283061
0.0004422821760283061
0.0004422821760283061
0.0004422821760283061
0.0004422821760283061
0.0004422821760283061
0.0004422821760283061
0.0004422821760283061
0.0004422821760283061
0.0004422821760283061
0.0004422821760283061
0.0004422821760283061
0.0004422821760283061
0.0004422821760283061
0.0004422821760283061
0.0004422821760283061
0.0004422821760283061
0.0004422821760283061
0.0004422821760283061
0.0004422821760283061
0.0004422821760283061
0.0004422821760283061
0.0004422821760283061
0.0004422821760283061
0.0004422821760283061
0.0004422821760283061
0.0004422821760283061
0.0004422821760283061
0.0008845643520566122
0.0004422821760283061
0.0004422821760283061
0.0004422821760283061
0.0004422821760283061
0.0004422821760283061
0.0004422821760283061
0.0004422821760283061
0.0004422821760283061
0.0004422821760283061
0.0004422821760283061
0.0004422821760283061
0.0004422821760283061
0.0004422821760283061
0.0004422821760283061
0.0004422821760283061
0.0004422821760283061
0.0004422821760283061
0.0004422821760283061
0.0004422821760283061
0.0004422821760283061
0.0004422821760283061
0.0004422821760283061