0.00966183574879227
0.03864734299516908
0.03260869565217391
0.017512077294685992
0.0024154589371980675
0.0024154589371980675
0.0006038647342995169
0.00966183574879227
0.0006038647342995169
0.0006038647342995169
0.0006038647342995169
0.0006038647342995169
0.0018115942028985507
0.0018115942028985507
0.00785024154589372
0.0006038647342995169
0.0006038647342995169
0.0006038647342995169
0.0006038647342995169
0.0006038647342995169
0.0006038647342995169
0.0006038647342995169
0.0018115942028985507
0.0006038647342995169
0.0006038647342995169
0.0006038647342995169
0.0006038647342995169
0.0006038647342995169
0.0006038647342995169
0.0018115942028985507
0.0006038647342995169
0.0006038647342995169
0.0006038647342995169
0.0006038647342995169
0.007246376811594203
0.0006038647342995169
0.0006038647342995169
0.0006038647342995169
0.0006038647342995169
0.0012077294685990338
0.0024154589371980675
0.0006038647342995169
0.0018115942028985507
0.0006038647342995169
0.0006038647342995169
0.0006038647342995169
0.0006038647342995169
0.004227053140096618
0.0006038647342995169
0.0006038647342995169
0.0006038647342995169
0.0018115942028985507
0.0012077294685990338
0.018115942028985508
0.0018115942028985507
0.00785024154589372
0.006642512077294686
0.0006038647342995169
0.0006038647342995169
0.0012077294685990338
0.0012077294685990338
0.0012077294685990338
0.0012077294685990338
0.0012077294685990338
0.0012077294685990338
0.0012077294685990338
0.012681159420289856
0.0018115942028985507
0.0024154589371980675
0.005434782608695652
0.0006038647342995169
0.0006038647342995169
0.004830917874396135
0.0030193236714975845
0.0006038647342995169
0.0006038647342995169
0.0006038647342995169
0.0006038647342995169
0.0030193236714975845
0.009057971014492754
0.008454106280193236
0.0030193236714975845
0.0012077294685990338
0.0012077294685990338
0.0006038647342995169
0.0024154589371980675
0.0018115942028985507
0.029589371980676328
0.00785024154589372
0.029589371980676328
0.0018115942028985507
0.0018115942028985507
0.006642512077294686
0.0018115942028985507
0.0018115942028985507
0.0018115942028985507
0.0012077294685990338
0.0012077294685990338
0.0012077294685990338
0.0012077294685990338
0.0012077294685990338
0.0012077294685990338
0.0012077294685990338
0.010265700483091788
0.0006038647342995169
0.0036231884057971015
0.0006038647342995169
0.0036231884057971015
0.0006038647342995169
0.0012077294685990338
0.0012077294685990338
0.0006038647342995169
0.0006038647342995169
0.0006038647342995169
0.0006038647342995169
0.0012077294685990338
0.0012077294685990338
0.0036231884057971015
0.0006038647342995169
0.0006038647342995169
0.0006038647342995169
0.0006038647342995169
0.007246376811594203
0.005434782608695652
0.0006038647342995169
0.0024154589371980675
0.0006038647342995169
0.0012077294685990338
0.0006038647342995169
0.0006038647342995169
0.0006038647342995169
0.0006038647342995169
0.0012077294685990338
0.0006038647342995169
0.0006038647342995169
0.0012077294685990338
0.0012077294685990338
0.0024154589371980675
0.0018115942028985507
0.0018115942028985507
0.0012077294685990338
0.0036231884057971015
0.0024154589371980675
0.0030193236714975845
0.0018115942028985507
0.005434782608695652
0.0036231884057971015
0.0036231884057971015
0.017512077294685992
0.0012077294685990338
0.0012077294685990338
0.010265700483091788
0.0006038647342995169
0.0012077294685990338
0.0030193236714975845
0.0012077294685990338
0.0012077294685990338
0.0012077294685990338
0.0012077294685990338
0.0012077294685990338
0.0024154589371980675
0.0024154589371980675
0.0030193236714975845
0.0012077294685990338
0.004830917874396135
0.004227053140096618
0.0018115942028985507
0.0012077294685990338
0.0018115942028985507
0.004830917874396135
0.0018115942028985507
0.0012077294685990338
0.0006038647342995169
0.0006038647342995169
0.0006038647342995169
0.0006038647342995169
0.0006038647342995169
0.0012077294685990338
0.0030193236714975845
0.0006038647342995169
0.0006038647342995169
0.0006038647342995169
0.0006038647342995169
0.0006038647342995169
0.0012077294685990338
0.0006038647342995169
0.004227053140096618
0.0024154589371980675
0.0024154589371980675
0.0006038647342995169
0.0006038647342995169
0.0006038647342995169
0.0024154589371980675
0.0006038647342995169
0.0006038647342995169
0.0024154589371980675
0.0006038647342995169
0.0006038647342995169
0.0036231884057971015
0.0006038647342995169
0.0006038647342995169
0.0036231884057971015
0.0018115942028985507
0.0030193236714975845
0.0018115942028985507
0.0012077294685990338
0.0012077294685990338
0.0006038647342995169
0.0024154589371980675
0.0024154589371980675
0.0018115942028985507
0.0012077294685990338
0.0036231884057971015
0.0030193236714975845
0.0018115942028985507
0.0012077294685990338
0.0012077294685990338
0.0006038647342995169
0.0006038647342995169
0.0012077294685990338
0.0006038647342995169
0.0018115942028985507
0.0006038647342995169
0.0006038647342995169
0.0012077294685990338
0.0006038647342995169
0.0006038647342995169
0.0006038647342995169
0.0024154589371980675
0.0024154589371980675
0.0006038647342995169
0.0006038647342995169
0.0006038647342995169
0.004830917874396135
0.0006038647342995169
0.0006038647342995169
0.0006038647342995169
0.0006038647342995169
0.0006038647342995169
0.0006038647342995169
0.0006038647342995169
0.0006038647342995169
0.0012077294685990338
0.004830917874396135
0.0018115942028985507
0.0018115942028985507
0.0006038647342995169
0.0006038647342995169
0.0006038647342995169
0.0006038647342995169
0.0006038647342995169
0.004830917874396135
0.0018115942028985507
0.0006038647342995169
0.0018115942028985507
0.0006038647342995169
0.0006038647342995169
0.0006038647342995169
0.0006038647342995169
0.0006038647342995169
0.0018115942028985507
0.0024154589371980675
0.0006038647342995169
0.0006038647342995169
0.0006038647342995169
0.007246376811594203
0.0036231884057971015
0.0036231884057971015
0.004227053140096618
0.0006038647342995169
0.0006038647342995169
0.0018115942028985507
0.0006038647342995169
0.0030193236714975845
0.0006038647342995169
0.0006038647342995169
0.0018115942028985507
0.0006038647342995169
0.0012077294685990338
0.004830917874396135
0.0018115942028985507
0.0006038647342995169
0.0006038647342995169
0.0006038647342995169
0.0012077294685990338
0.0006038647342995169
0.0006038647342995169
0.0006038647342995169
0.0006038647342995169
0.0006038647342995169
0.0006038647342995169
0.0006038647342995169
0.0006038647342995169
0.0006038647342995169
0.0006038647342995169
0.0018115942028985507
0.0012077294685990338
0.0006038647342995169
0.0030193236714975845
0.0036231884057971015
0.0006038647342995169
0.0006038647342995169
0.0006038647342995169
0.0006038647342995169
0.0018115942028985507
0.0006038647342995169
0.0006038647342995169
0.0006038647342995169
0.0006038647342995169
0.0018115942028985507
0.0006038647342995169
0.0018115942028985507
0.0012077294685990338
0.0012077294685990338
0.0006038647342995169
0.0012077294685990338
0.0006038647342995169
0.0012077294685990338
0.0006038647342995169
0.0006038647342995169
0.0006038647342995169
0.0006038647342995169
0.0006038647342995169
0.0006038647342995169
0.0018115942028985507
0.0006038647342995169
0.0006038647342995169
0.0006038647342995169
0.0006038647342995169
0.0006038647342995169
0.0006038647342995169
0.0012077294685990338
0.0006038647342995169
0.0006038647342995169
0.0012077294685990338
0.0012077294685990338
0.0012077294685990338
0.0006038647342995169
0.0006038647342995169
0.0006038647342995169
0.0006038647342995169
0.0006038647342995169
0.0006038647342995169
0.0006038647342995169
0.0006038647342995169
0.0006038647342995169
0.0006038647342995169
0.0006038647342995169
0.0006038647342995169
0.0006038647342995169
0.0006038647342995169
0.0006038647342995169
0.0018115942028985507
0.0006038647342995169
0.0006038647342995169
0.0006038647342995169
0.0006038647342995169
0.0006038647342995169
0.012681159420289856
0.0018115942028985507
0.0018115942028985507
0.0012077294685990338
0.0006038647342995169
0.0018115942028985507
0.0006038647342995169
0.0006038647342995169
0.0006038647342995169
0.0006038647342995169
0.0006038647342995169
0.004227053140096618
0.0006038647342995169
0.0006038647342995169
0.0006038647342995169
0.0006038647342995169
0.0018115942028985507
0.0030193236714975845
0.0012077294685990338
0.0006038647342995169
0.0006038647342995169
0.0012077294685990338
0.0006038647342995169
0.0006038647342995169
0.0012077294685990338
0.0006038647342995169
0.0006038647342995169
0.0012077294685990338
0.0006038647342995169
0.0018115942028985507
0.0006038647342995169
0.0012077294685990338
0.0012077294685990338
0.0012077294685990338
0.0006038647342995169
0.0006038647342995169
0.0012077294685990338
0.0006038647342995169
0.0012077294685990338
0.0006038647342995169
0.0012077294685990338
0.0006038647342995169
0.0006038647342995169
0.0006038647342995169
0.0006038647342995169
0.0006038647342995169
0.0006038647342995169
0.0006038647342995169
0.0006038647342995169
0.0006038647342995169
0.0006038647342995169
0.0006038647342995169
0.0006038647342995169
0.0006038647342995169
0.0006038647342995169
0.0006038647342995169
0.0012077294685990338
0.0006038647342995169
0.0012077294685990338
0.0012077294685990338
0.0012077294685990338
0.0012077294685990338
0.0012077294685990338
0.0006038647342995169
0.0006038647342995169
0.0006038647342995169
0.0006038647342995169
0.0006038647342995169
0.0006038647342995169
0.0018115942028985507
0.0012077294685990338
0.0012077294685990338
0.0006038647342995169
0.0006038647342995169
0.0012077294685990338
0.0018115942028985507
0.0012077294685990338
0.0006038647342995169
0.0006038647342995169
0.0006038647342995169
0.0012077294685990338
0.0006038647342995169
0.0012077294685990338
0.0006038647342995169
0.0006038647342995169
0.0012077294685990338
0.0012077294685990338
0.0006038647342995169
0.0012077294685990338
0.0006038647342995169
0.0006038647342995169
0.0006038647342995169
0.0018115942028985507
0.0006038647342995169
0.0006038647342995169
0.0006038647342995169
0.0006038647342995169
0.0006038647342995169
0.0006038647342995169
0.0006038647342995169
0.0006038647342995169
0.0006038647342995169
0.0006038647342995169
0.0006038647342995169
0.0006038647342995169
0.0006038647342995169
0.0006038647342995169
0.0006038647342995169
0.0006038647342995169
0.0012077294685990338
0.0006038647342995169
0.0006038647342995169
0.0006038647342995169
0.0012077294685990338
0.0006038647342995169
0.0006038647342995169
0.0006038647342995169
0.0006038647342995169
0.0006038647342995169
0.0006038647342995169
0.0006038647342995169
0.0006038647342995169
0.0006038647342995169
0.0006038647342995169
0.0006038647342995169
0.0006038647342995169
0.0006038647342995169
0.0006038647342995169
0.0006038647342995169
0.0006038647342995169
0.0006038647342995169
0.0006038647342995169
0.0006038647342995169
0.0006038647342995169
0.0006038647342995169
0.0006038647342995169
0.0006038647342995169
0.0012077294685990338
0.0006038647342995169
0.0006038647342995169
0.0006038647342995169
0.0006038647342995169
0.0006038647342995169
0.0006038647342995169
0.0006038647342995169
0.0006038647342995169
0.0006038647342995169
0.0006038647342995169
0.0006038647342995169
0.0006038647342995169
0.006642512077294686
0.0006038647342995169
0.004227053140096618
0.0006038647342995169
0.0006038647342995169
0.0024154589371980675
0.0006038647342995169
0.0006038647342995169
0.0006038647342995169
0.0012077294685990338
0.0012077294685990338
0.0006038647342995169
0.0030193236714975845
0.005434782608695652
0.0024154589371980675
0.0018115942028985507
0.0006038647342995169
0.0006038647342995169
0.0006038647342995169
0.0006038647342995169
0.0006038647342995169
0.0012077294685990338
0.0006038647342995169
0.0006038647342995169
0.0006038647342995169
0.0018115942028985507
0.0006038647342995169
0.0006038647342995169
0.0006038647342995169
0.0006038647342995169
0.007246376811594203
0.0006038647342995169
0.0006038647342995169
0.0006038647342995169
0.0012077294685990338
0.0012077294685990338
0.0012077294685990338
0.0006038647342995169
0.0006038647342995169
0.0018115942028985507
0.004227053140096618
0.0006038647342995169
0.0006038647342995169
0.0006038647342995169
0.0006038647342995169
0.0012077294685990338
0.0012077294685990338
0.0006038647342995169
0.0006038647342995169
0.0018115942028985507
0.0006038647342995169
0.0006038647342995169
0.0006038647342995169
0.0006038647342995169
0.0006038647342995169
0.0006038647342995169
0.0006038647342995169
0.0006038647342995169
0.0006038647342995169
0.0006038647342995169
0.0012077294685990338
0.0006038647342995169
0.0006038647342995169
0.0006038647342995169
0.0006038647342995169
0.0006038647342995169
0.0018115942028985507
0.0012077294685990338
0.0006038647342995169
0.0006038647342995169
0.0006038647342995169
0.0006038647342995169
0.0006038647342995169
0.0006038647342995169
0.0006038647342995169
0.0006038647342995169
0.0006038647342995169
0.0006038647342995169
0.0012077294685990338
0.0018115942028985507
0.0006038647342995169
0.0006038647342995169
0.0006038647342995169
0.0006038647342995169
0.0006038647342995169
0.0006038647342995169
0.0006038647342995169
0.0006038647342995169
0.0006038647342995169
0.0006038647342995169
0.0006038647342995169
0.0006038647342995169
0.0006038647342995169
0.0006038647342995169
0.0012077294685990338
0.0012077294685990338
0.0006038647342995169
0.0006038647342995169
0.0006038647342995169
0.0006038647342995169
0.0006038647342995169
0.0006038647342995169
0.0006038647342995169
0.0006038647342995169
0.0006038647342995169
0.0006038647342995169
0.0006038647342995169