0.04226312201772325
0.044989775051124746
0.006816632583503749
0.0006816632583503749
0.0027266530334014998
0.0027266530334014998
0.0027266530334014998
0.0027266530334014998
0.0013633265167007499
0.0013633265167007499
0.0013633265167007499
0.002044989775051125
0.00408997955010225
0.0027266530334014998
0.0013633265167007499
0.0013633265167007499
0.0027266530334014998
0.0027266530334014998
0.0013633265167007499
0.0013633265167007499
0.004771642808452625
0.0006816632583503749
0.0013633265167007499
0.0013633265167007499
0.0006816632583503749
0.0006816632583503749
0.0013633265167007499
0.002044989775051125
0.0006816632583503749
0.0013633265167007499
0.0013633265167007499
0.0027266530334014998
0.0034083162917518746
0.0013633265167007499
0.0027266530334014998
0.0034083162917518746
0.00408997955010225
0.002044989775051125
0.0027266530334014998
0.0054533060668029995
0.002044989775051125
0.006816632583503749
0.0013633265167007499
0.0013633265167007499
0.0013633265167007499
0.0013633265167007499
0.010224948875255624
0.0013633265167007499
0.010224948875255624
0.0013633265167007499
0.0034083162917518746
0.008861622358554875
0.017041581458759374
0.0027266530334014998
0.0013633265167007499
0.0006816632583503749
0.006816632583503749
0.002044989775051125
0.002044989775051125
0.0034083162917518746
0.0027266530334014998
0.0006816632583503749
0.0013633265167007499
0.0013633265167007499
0.0013633265167007499
0.0013633265167007499
0.0006816632583503749
0.002044989775051125
0.0006816632583503749
0.0006816632583503749
0.0013633265167007499
0.0006816632583503749
0.014996591683708248
0.014996591683708248
0.0013633265167007499
0.0006816632583503749
0.0006816632583503749
0.0006816632583503749
0.0013633265167007499
0.0006816632583503749
0.0006816632583503749
0.0006816632583503749
0.0006816632583503749
0.0006816632583503749
0.0027266530334014998
0.0013633265167007499
0.0013633265167007499
0.0006816632583503749
0.0006816632583503749
0.0006816632583503749
0.0006816632583503749
0.002044989775051125
0.0013633265167007499
0.0006816632583503749
0.0034083162917518746
0.008861622358554875
0.0006816632583503749
0.004771642808452625
0.004771642808452625
0.0013633265167007499
0.0013633265167007499
0.0034083162917518746
0.0054533060668029995
0.023176550783912748
0.0006816632583503749
0.002044989775051125
0.002044989775051125
0.0006816632583503749
0.0006816632583503749
0.0006816632583503749
0.0006816632583503749
0.008861622358554875
0.0013633265167007499
0.0013633265167007499
0.0034083162917518746
0.0027266530334014998
0.00408997955010225
0.0034083162917518746
0.002044989775051125
0.00408997955010225
0.013633265167007498
0.0013633265167007499
0.008861622358554875
0.0013633265167007499
0.002044989775051125
0.002044989775051125
0.0027266530334014998
0.0006816632583503749
0.0013633265167007499
0.0006816632583503749
0.0006816632583503749
0.0006816632583503749
0.0006816632583503749
0.0006816632583503749
0.00408997955010225
0.0006816632583503749
0.0013633265167007499
0.0013633265167007499
0.0006816632583503749
0.011588275391956374
0.002044989775051125
0.0006816632583503749
0.0013633265167007499
0.0006816632583503749
0.0013633265167007499
0.002044989775051125
0.0006816632583503749
0.0006816632583503749
0.0006816632583503749
0.0006816632583503749
0.0013633265167007499
0.0006816632583503749
0.0006816632583503749
0.0013633265167007499
0.002044989775051125
0.0006816632583503749
0.0013633265167007499
0.0006816632583503749
0.0013633265167007499
0.0013633265167007499
0.0006816632583503749
0.00408997955010225
0.0006816632583503749
0.0034083162917518746
0.0006816632583503749
0.0006816632583503749
0.0006816632583503749
0.0006816632583503749
0.0006816632583503749
0.0006816632583503749
0.0034083162917518746
0.0006816632583503749
0.0006816632583503749
0.0006816632583503749
0.0013633265167007499
0.0006816632583503749
0.0027266530334014998
0.0006816632583503749
0.0006816632583503749
0.0013633265167007499
0.0006816632583503749
0.0006816632583503749
0.0034083162917518746
0.0006816632583503749
0.0006816632583503749
0.0006816632583503749
0.0013633265167007499
0.0013633265167007499
0.002044989775051125
0.0006816632583503749
0.0006816632583503749
0.00408997955010225
0.0006816632583503749
0.0006816632583503749
0.0006816632583503749
0.002044989775051125
0.0006816632583503749
0.0013633265167007499
0.006816632583503749
0.0006816632583503749
0.0006816632583503749
0.0006816632583503749
0.0006816632583503749
0.0006816632583503749
0.0006816632583503749
0.0006816632583503749
0.0006816632583503749
0.0006816632583503749
0.0006816632583503749
0.0006816632583503749
0.0034083162917518746
0.0006816632583503749
0.0027266530334014998
0.0013633265167007499
0.0006816632583503749
0.0006816632583503749
0.0006816632583503749
0.002044989775051125
0.0013633265167007499
0.0013633265167007499
0.0013633265167007499
0.0006816632583503749
0.0006816632583503749
0.0006816632583503749
0.0006816632583503749
0.0006816632583503749
0.0006816632583503749
0.006134969325153374
0.0013633265167007499
0.0006816632583503749
0.0006816632583503749
0.0013633265167007499
0.0006816632583503749
0.0006816632583503749
0.0006816632583503749
0.0013633265167007499
0.0054533060668029995
0.0013633265167007499
0.0006816632583503749
0.0013633265167007499
0.0006816632583503749
0.0006816632583503749
0.0013633265167007499
0.0006816632583503749
0.0013633265167007499
0.002044989775051125
0.0006816632583503749
0.0006816632583503749
0.002044989775051125
0.0006816632583503749
0.0027266530334014998
0.0006816632583503749
0.0006816632583503749
0.0006816632583503749
0.0013633265167007499
0.0013633265167007499
0.0013633265167007499
0.002044989775051125
0.0006816632583503749
0.0006816632583503749
0.0006816632583503749
0.002044989775051125
0.002044989775051125
0.002044989775051125
0.0013633265167007499
0.002044989775051125
0.0013633265167007499
0.0006816632583503749
0.0006816632583503749
0.0006816632583503749
0.0006816632583503749
0.0006816632583503749
0.002044989775051125
0.0006816632583503749
0.0006816632583503749
0.0006816632583503749
0.0013633265167007499
0.0006816632583503749
0.0006816632583503749
0.0006816632583503749
0.0006816632583503749
0.002044989775051125
0.002044989775051125
0.00408997955010225
0.0013633265167007499
0.0006816632583503749
0.0013633265167007499
0.0013633265167007499
0.002044989775051125
0.004771642808452625
0.00408997955010225
0.002044989775051125
0.0006816632583503749
0.0006816632583503749
0.0006816632583503749
0.0034083162917518746
0.0013633265167007499
0.0006816632583503749
0.0027266530334014998
0.002044989775051125
0.002044989775051125
0.010224948875255624
0.0013633265167007499
0.0006816632583503749
0.0006816632583503749
0.002044989775051125
0.0006816632583503749
0.0013633265167007499
0.004771642808452625
0.018404907975460124
0.0006816632583503749
0.0006816632583503749
0.0006816632583503749
0.002044989775051125
0.0054533060668029995
0.002044989775051125
0.0006816632583503749
0.0013633265167007499
0.0013633265167007499
0.0006816632583503749
0.00408997955010225
0.0006816632583503749
0.0006816632583503749
0.0027266530334014998
0.0006816632583503749
0.0006816632583503749
0.004771642808452625
0.0006816632583503749
0.0013633265167007499
0.0013633265167007499
0.0013633265167007499
0.0027266530334014998
0.0006816632583503749
0.0006816632583503749
0.0006816632583503749
0.0006816632583503749
0.0006816632583503749
0.0006816632583503749
0.0006816632583503749
0.0006816632583503749
0.0013633265167007499
0.0006816632583503749
0.0006816632583503749
0.0006816632583503749
0.0006816632583503749
0.0006816632583503749
0.0013633265167007499
0.0006816632583503749
0.0006816632583503749
0.0006816632583503749
0.0006816632583503749
0.0006816632583503749
0.0006816632583503749
0.0013633265167007499
0.0006816632583503749
0.0006816632583503749
0.0006816632583503749
0.0013633265167007499
0.0013633265167007499
0.0013633265167007499
0.0006816632583503749
0.0006816632583503749
0.0006816632583503749
0.0006816632583503749
0.0006816632583503749
0.0006816632583503749
0.0006816632583503749
0.0006816632583503749
0.0013633265167007499
0.0006816632583503749
0.0006816632583503749
0.0006816632583503749
0.0006816632583503749
0.002044989775051125
0.0006816632583503749
0.0006816632583503749
0.0006816632583503749
0.0006816632583503749
0.0006816632583503749
0.0006816632583503749
0.0006816632583503749
0.0006816632583503749
0.0006816632583503749
0.0006816632583503749
0.002044989775051125
0.002044989775051125
0.00408997955010225
0.0006816632583503749
0.0006816632583503749
0.0006816632583503749
0.0006816632583503749
0.002044989775051125
0.0006816632583503749
0.0006816632583503749
0.0013633265167007499
0.0006816632583503749
0.0034083162917518746
0.002044989775051125
0.0006816632583503749
0.0027266530334014998
0.0006816632583503749
0.0034083162917518746
0.0013633265167007499
0.002044989775051125
0.0013633265167007499
0.0006816632583503749
0.0013633265167007499
0.0006816632583503749
0.00408997955010225
0.0013633265167007499
0.0006816632583503749
0.0006816632583503749
0.0006816632583503749
0.0006816632583503749
0.006134969325153374
0.0027266530334014998
0.002044989775051125
0.0034083162917518746
0.0006816632583503749
0.0006816632583503749
0.0006816632583503749
0.0013633265167007499
0.0006816632583503749
0.0013633265167007499
0.0006816632583503749
0.002044989775051125
0.0054533060668029995
0.0006816632583503749
0.0013633265167007499
0.0006816632583503749
0.0006816632583503749
0.0006816632583503749
0.0006816632583503749
0.0013633265167007499
0.0006816632583503749
0.0006816632583503749
0.0006816632583503749
0.0006816632583503749
0.0006816632583503749
0.0006816632583503749
0.0006816632583503749
0.002044989775051125
0.0006816632583503749
0.0006816632583503749
0.0006816632583503749
0.0006816632583503749
0.0006816632583503749
0.0006816632583503749
0.0006816632583503749
0.0006816632583503749
0.0006816632583503749
0.0006816632583503749
0.0006816632583503749
0.0006816632583503749
0.0006816632583503749
0.0006816632583503749
0.002044989775051125
0.0013633265167007499
0.0013633265167007499
0.0006816632583503749
0.0006816632583503749
0.0013633265167007499
0.0006816632583503749
0.0006816632583503749
0.0006816632583503749
0.0006816632583503749
0.0006816632583503749
0.0013633265167007499
0.002044989775051125
0.0006816632583503749
0.0006816632583503749
0.0006816632583503749
0.0006816632583503749
0.0006816632583503749
0.0006816632583503749
0.0006816632583503749
0.0006816632583503749
0.0034083162917518746
0.0006816632583503749
0.0006816632583503749
0.0006816632583503749
0.0006816632583503749
0.0006816632583503749
0.0006816632583503749
0.0006816632583503749
0.0006816632583503749
0.002044989775051125
0.0006816632583503749
0.0006816632583503749
0.0006816632583503749
0.0013633265167007499
0.0006816632583503749
0.0006816632583503749
0.0006816632583503749
0.0006816632583503749
0.0006816632583503749
0.0006816632583503749
0.0006816632583503749
0.0006816632583503749
0.0006816632583503749
0.0013633265167007499
0.0006816632583503749
0.0006816632583503749
0.0006816632583503749
0.0006816632583503749
0.0006816632583503749
0.0006816632583503749
0.0006816632583503749
0.0006816632583503749
0.0006816632583503749
0.0006816632583503749
0.0006816632583503749
0.0006816632583503749
0.0006816632583503749
0.0006816632583503749
0.002044989775051125
0.0006816632583503749
0.0006816632583503749
0.0006816632583503749
0.0006816632583503749
0.0006816632583503749
0.0006816632583503749
0.0006816632583503749
0.002044989775051125
0.0013633265167007499
0.0006816632583503749
0.0006816632583503749
0.0006816632583503749
0.0006816632583503749
0.0006816632583503749
0.0006816632583503749
0.0006816632583503749
0.0006816632583503749
0.0006816632583503749
0.0006816632583503749
0.0013633265167007499
0.0013633265167007499
0.0006816632583503749
0.0006816632583503749
0.0006816632583503749
0.0006816632583503749
0.0006816632583503749
0.0013633265167007499
0.0006816632583503749
0.0006816632583503749
0.0006816632583503749
0.0006816632583503749
0.0006816632583503749
0.0006816632583503749
0.0006816632583503749
0.0013633265167007499
0.0006816632583503749
0.0013633265167007499
0.0006816632583503749
0.0006816632583503749
0.0006816632583503749
0.0006816632583503749
0.0006816632583503749
0.0006816632583503749
0.0006816632583503749
0.0006816632583503749
0.0006816632583503749
0.0006816632583503749
0.0006816632583503749