0.0034252161148262926
0.00032621105855488503
0.00016310552927744252
0.00016310552927744252
0.028217256564997552
0.01745229163268635
0.00032621105855488503
0.0024465829391616374
0.03523079432392758
0.01435328657641494
0.007502854346762356
0.0008155276463872126
0.007502854346762356
0.0034252161148262926
0.01761539716196379
0.025770673625835915
0.003751427173381178
0.005545587995433045
0.002935899526993965
0.0017941608220518675
0.0006524221171097701
0.0004893165878323275
0.008807698580981895
0.000978633175664655
0.00016310552927744252
0.0011417387049420975
0.016473658457021693
0.00016310552927744252
0.00032621105855488503
0.014842603164247268
0.02152992986462241
0.00016310552927744252
0.000978633175664655
0.0014679497634969825
0.000978633175664655
0.0004893165878323275
0.0017941608220518675
0.00016310552927744252
0.0014679497634969825
0.0027727939977165226
0.0011417387049420975
0.0008155276463872126
0.00032621105855488503
0.002935899526993965
0.0030990050562714074
0.0021203718806067527
0.0026096884684390803
0.002283477409884195
0.0014679497634969825
0.0006524221171097701
0.00016310552927744252
0.00391453270265862
0.0006524221171097701
0.0008155276463872126
0.0004893165878323275
0.000978633175664655
0.00016310552927744252
0.0004893165878323275
0.0014679497634969825
0.006850432229652585
0.0008155276463872126
0.0027727939977165226
0.0011417387049420975
0.012559125754363073
0.00032621105855488503
0.00016310552927744252
0.00195726635132931
0.00032621105855488503
0.00016310552927744252
0.0026096884684390803
0.0004893165878323275
0.0006524221171097701
0.00032621105855488503
0.006034904583265372
0.008807698580981895
0.0004893165878323275
0.006198010112542815
0.007013537758930028
0.00032621105855488503
0.0006524221171097701
0.0008155276463872126
0.0004893165878323275
0.0017941608220518675
0.0017941608220518675
0.004077638231936063
0.0006524221171097701
0.00032621105855488503
0.0014679497634969825
0.0034252161148262926
0.00032621105855488503
0.00032621105855488503
0.00391453270265862
0.0008155276463872126
0.000978633175664655
0.0013048442342195401
0.00032621105855488503
0.0024465829391616374
0.0047300603490458325
0.0004893165878323275
0.0013048442342195401
0.00016310552927744252
0.005545587995433045
0.0021203718806067527
0.00016310552927744252
0.0014679497634969825
0.0011417387049420975
0.00016310552927744252
0.00016310552927744252
0.00016310552927744252
0.00032621105855488503
0.0008155276463872126
0.0027727939977165226
0.0008155276463872126
0.00016310552927744252
0.00016310552927744252
0.00032621105855488503
0.0014679497634969825
0.00016310552927744252
0.0011417387049420975
0.00016310552927744252
0.00032621105855488503
0.00032621105855488503
0.0014679497634969825
0.0004893165878323275
0.0008155276463872126
0.00016310552927744252
0.00016310552927744252
0.00016310552927744252
0.002283477409884195
0.000978633175664655
0.00032621105855488503
0.003751427173381178
0.0004893165878323275
0.0004893165878323275
0.0027727939977165226
0.00016310552927744252
0.0006524221171097701
0.0011417387049420975
0.001631055292774425
0.0011417387049420975
0.00032621105855488503
0.0006524221171097701
0.0004893165878323275
0.00016310552927744252
0.0011417387049420975
0.00032621105855488503
0.0017941608220518675
0.00016310552927744252
0.00326211058554885
0.00032621105855488503
0.00032621105855488503
0.0011417387049420975
0.0006524221171097701
0.00016310552927744252
0.0013048442342195401
0.0008155276463872126
0.0014679497634969825
0.000978633175664655
0.0004893165878323275
0.0004893165878323275
0.00032621105855488503
0.00016310552927744252
0.00016310552927744252
0.0008155276463872126
0.0006524221171097701
0.00016310552927744252
0.00016310552927744252
0.0008155276463872126
0.006361115641820258
0.0021203718806067527
0.00016310552927744252
0.00032621105855488503
0.0008155276463872126
0.00016310552927744252
0.0006524221171097701
0.00016310552927744252
0.00016310552927744252
0.00032621105855488503
0.00032621105855488503
0.00032621105855488503
0.00016310552927744252
0.00016310552927744252
0.00032621105855488503
0.0006524221171097701
0.00032621105855488503
0.00016310552927744252
0.00016310552927744252
0.001631055292774425
0.0013048442342195401
0.00016310552927744252
0.00032621105855488503
0.00032621105855488503
0.004403849290490948
0.003588321644103735
0.0011417387049420975
0.00016310552927744252
0.000978633175664655
0.0006524221171097701
0.00032621105855488503
0.0013048442342195401
0.00016310552927744252
0.00032621105855488503
0.0011417387049420975
0.0004893165878323275
0.00032621105855488503
0.001631055292774425
0.0011417387049420975
0.00032621105855488503
0.00032621105855488503
0.00032621105855488503
0.00016310552927744252
0.00016310552927744252
0.00032621105855488503
0.0008155276463872126
0.00032621105855488503
0.0008155276463872126
0.00016310552927744252
0.00016310552927744252
0.0004893165878323275
0.0004893165878323275
0.0006524221171097701
0.0021203718806067527
0.00032621105855488503
0.0008155276463872126
0.00032621105855488503
0.00032621105855488503
0.00016310552927744252
0.001631055292774425
0.0004893165878323275
0.0006524221171097701
0.0024465829391616374
0.00016310552927744252
0.00032621105855488503
0.0004893165878323275
0.0014679497634969825
0.0004893165878323275
0.0011417387049420975
0.00032621105855488503
0.0008155276463872126
0.00016310552927744252
0.00032621105855488503
0.00032621105855488503
0.00195726635132931
0.00016310552927744252
0.0004893165878323275
0.00032621105855488503
0.00016310552927744252
0.0004893165878323275
0.00016310552927744252
0.00016310552927744252
0.00032621105855488503
0.00016310552927744252
0.00032621105855488503
0.00032621105855488503
0.00032621105855488503
0.00016310552927744252
0.000978633175664655
0.00016310552927744252
0.0006524221171097701
0.00032621105855488503
0.00016310552927744252
0.00016310552927744252
0.00195726635132931
0.0004893165878323275
0.00032621105855488503
0.0013048442342195401
0.00016310552927744252
0.00016310552927744252
0.00016310552927744252
0.00016310552927744252
0.0008155276463872126
0.0004893165878323275
0.00032621105855488503
0.0006524221171097701
0.004077638231936063
0.0014679497634969825
0.005382482466155603
0.0006524221171097701
0.000978633175664655
0.00032621105855488503
0.00016310552927744252
0.00016310552927744252
0.00032621105855488503
0.0004893165878323275
0.00016310552927744252
0.0017941608220518675
0.000978633175664655
0.0004893165878323275
0.0006524221171097701
0.000978633175664655
0.00032621105855488503
0.003588321644103735
0.00016310552927744252
0.0006524221171097701
0.00016310552927744252
0.00016310552927744252
0.0014679497634969825
0.00016310552927744252
0.0013048442342195401
0.00032621105855488503
0.0004893165878323275
0.00016310552927744252
0.0014679497634969825
0.00016310552927744252
0.0008155276463872126
0.00016310552927744252
0.00016310552927744252
0.00016310552927744252
0.0006524221171097701
0.001631055292774425
0.0014679497634969825
0.0011417387049420975
0.0017941608220518675
0.0026096884684390803
0.00016310552927744252
0.0011417387049420975
0.0008155276463872126
0.0021203718806067527
0.0017941608220518675
0.00016310552927744252
0.000978633175664655
0.000978633175664655
0.00326211058554885
0.00326211058554885
0.00016310552927744252
0.00016310552927744252
0.00016310552927744252
0.00016310552927744252
0.00016310552927744252
0.00016310552927744252
0.00016310552927744252
0.00016310552927744252
0.0004893165878323275
0.0024465829391616374
0.0004893165878323275
0.00032621105855488503
0.00032621105855488503
0.00016310552927744252
0.00016310552927744252
0.00016310552927744252
0.00016310552927744252
0.00016310552927744252
0.0004893165878323275
0.00016310552927744252
0.0008155276463872126
0.00326211058554885
0.00326211058554885
0.00326211058554885
0.00326211058554885
0.0006524221171097701
0.0008155276463872126
0.0006524221171097701
0.000978633175664655
0.0006524221171097701
0.0004893165878323275
0.00016310552927744252
0.001631055292774425
0.000978633175664655
0.0013048442342195401
0.00016310552927744252
0.000978633175664655
0.0008155276463872126
0.00195726635132931
0.00032621105855488503
0.0027727939977165226
0.0006524221171097701
0.000978633175664655
0.0026096884684390803
0.0024465829391616374
0.00032621105855488503
0.0011417387049420975
0.00032621105855488503
0.0011417387049420975
0.0004893165878323275
0.00016310552927744252
0.0004893165878323275
0.00016310552927744252
0.00016310552927744252
0.00016310552927744252
0.00016310552927744252
0.00016310552927744252
0.0021203718806067527
0.00032621105855488503
0.00032621105855488503
0.0004893165878323275
0.00032621105855488503
0.0034252161148262926
0.00032621105855488503
0.00016310552927744252
0.00032621105855488503
0.00016310552927744252
0.0011417387049420975
0.000978633175664655
0.00016310552927744252
0.000978633175664655
0.00016310552927744252
0.0006524221171097701
0.00016310552927744252
0.00016310552927744252
0.00032621105855488503
0.0008155276463872126
0.001631055292774425
0.0011417387049420975
0.00032621105855488503
0.00032621105855488503
0.0011417387049420975
0.0008155276463872126
0.0006524221171097701
0.0008155276463872126
0.00032621105855488503
0.00016310552927744252
0.0004893165878323275
0.0017941608220518675
0.00016310552927744252
0.00016310552927744252
0.0004893165878323275
0.00016310552927744252
0.00016310552927744252
0.007665959876039798
0.0013048442342195401
0.00016310552927744252
0.0013048442342195401
0.00032621105855488503
0.00032621105855488503
0.00032621105855488503
0.0006524221171097701
0.00032621105855488503
0.000978633175664655
0.0008155276463872126
0.00016310552927744252
0.00016310552927744252
0.0021203718806067527
0.00016310552927744252
0.0006524221171097701
0.0013048442342195401
0.0013048442342195401
0.00016310552927744252
0.00016310552927744252
0.00032621105855488503
0.0013048442342195401
0.000978633175664655
0.0004893165878323275
0.0006524221171097701
0.000978633175664655
0.00032621105855488503
0.0004893165878323275
0.00032621105855488503
0.0013048442342195401
0.0004893165878323275
0.00016310552927744252
0.00032621105855488503
0.00016310552927744252
0.0034252161148262926
0.00016310552927744252
0.00032621105855488503
0.0004893165878323275
0.0004893165878323275
0.0004893165878323275
0.0011417387049420975
0.00016310552927744252
0.0014679497634969825
0.0006524221171097701
0.0011417387049420975
0.00016310552927744252
0.0004893165878323275
0.00016310552927744252
0.00032621105855488503
0.00016310552927744252
0.00016310552927744252
0.00032621105855488503
0.00032621105855488503
0.00016310552927744252
0.0008155276463872126
0.00195726635132931
0.0008155276463872126
0.0008155276463872126
0.00195726635132931
0.0004893165878323275
0.00016310552927744252
0.00016310552927744252
0.0004893165878323275
0.00016310552927744252
0.0004893165878323275
0.0004893165878323275
0.00032621105855488503
0.00016310552927744252
0.00016310552927744252
0.00016310552927744252
0.00032621105855488503
0.0004893165878323275
0.0004893165878323275
0.00032621105855488503
0.00032621105855488503
0.0006524221171097701
0.0006524221171097701
0.00016310552927744252
0.0004893165878323275
0.0006524221171097701
0.0013048442342195401
0.00016310552927744252
0.00016310552927744252
0.0006524221171097701
0.0006524221171097701
0.0008155276463872126
0.00016310552927744252
0.00016310552927744252
0.00016310552927744252
0.0004893165878323275
0.00032621105855488503
0.00016310552927744252
0.0013048442342195401
0.0004893165878323275
0.0013048442342195401
0.0004893165878323275
0.00016310552927744252
0.0013048442342195401
0.00032621105855488503
0.00032621105855488503
0.0008155276463872126
0.00016310552927744252
0.0004893165878323275
0.00195726635132931
0.00016310552927744252
0.0008155276463872126
0.00016310552927744252
0.00032621105855488503
0.00032621105855488503
0.003588321644103735
0.0024465829391616374
0.0004893165878323275
0.00195726635132931
0.0004893165878323275
0.00016310552927744252
0.0004893165878323275
0.00032621105855488503
0.0011417387049420975
0.0008155276463872126
0.0014679497634969825
0.001631055292774425
0.0004893165878323275
0.0004893165878323275
0.000978633175664655
0.00195726635132931
0.0004893165878323275
0.0004893165878323275
0.00032621105855488503
0.00016310552927744252
0.0024465829391616374
0.008318381993149567
0.0006524221171097701
0.00032621105855488503
0.00032621105855488503
0.0006524221171097701
0.0008155276463872126
0.0006524221171097701
0.0006524221171097701
0.002935899526993965
0.00032621105855488503
0.003751427173381178
0.00016310552927744252
0.0004893165878323275
0.00032621105855488503
0.0004893165878323275
0.00032621105855488503
0.00016310552927744252
0.0006524221171097701
0.0008155276463872126
0.00016310552927744252
0.00016310552927744252
0.0004893165878323275
0.00032621105855488503
0.0014679497634969825
0.00016310552927744252
0.0011417387049420975
0.00016310552927744252
0.0004893165878323275
0.00032621105855488503
0.00032621105855488503
0.00016310552927744252
0.00032621105855488503
0.0008155276463872126
0.0008155276463872126
0.00016310552927744252
0.00016310552927744252
0.00016310552927744252
0.00016310552927744252
0.00016310552927744252
0.00016310552927744252
0.00016310552927744252
0.00032621105855488503
0.0004893165878323275
0.00016310552927744252
0.0006524221171097701
0.00032621105855488503
0.00016310552927744252
0.0013048442342195401
0.000978633175664655
0.000978633175664655
0.0008155276463872126
0.00016310552927744252
0.0014679497634969825
0.00016310552927744252
0.00016310552927744252
0.0014679497634969825
0.0011417387049420975
0.00016310552927744252
0.00016310552927744252
0.0008155276463872126
0.00032621105855488503
0.00016310552927744252
0.0006524221171097701
0.0013048442342195401
0.00016310552927744252
0.000978633175664655
0.00016310552927744252
0.0013048442342195401
0.0004893165878323275
0.00032621105855488503
0.0004893165878323275
0.001631055292774425
0.00016310552927744252
0.0011417387049420975
0.0004893165878323275
0.00016310552927744252
0.0004893165878323275
0.00016310552927744252
0.00016310552927744252
0.0004893165878323275
0.00032621105855488503
0.00016310552927744252
0.00016310552927744252
0.00032621105855488503
0.00032621105855488503
0.00032621105855488503
0.00016310552927744252
0.00016310552927744252
0.00016310552927744252
0.00016310552927744252
0.00016310552927744252
0.00016310552927744252
0.0011417387049420975
0.00016310552927744252
0.00016310552927744252
0.00016310552927744252
0.00032621105855488503
0.0006524221171097701
0.0004893165878323275
0.00016310552927744252
0.00016310552927744252
0.00032621105855488503
0.00016310552927744252
0.00016310552927744252
0.0004893165878323275
0.00016310552927744252
0.00016310552927744252
0.00032621105855488503
0.00016310552927744252
0.00016310552927744252
0.00016310552927744252
0.00016310552927744252
0.00032621105855488503
0.0004893165878323275
0.00016310552927744252
0.0006524221171097701
0.00032621105855488503
0.00032621105855488503
0.00016310552927744252
0.001631055292774425
0.001631055292774425
0.000978633175664655
0.0014679497634969825
0.00195726635132931
0.0004893165878323275
0.00032621105855488503
0.00016310552927744252
0.0008155276463872126
0.0006524221171097701
0.0011417387049420975
0.0014679497634969825
0.00032621105855488503
0.0004893165878323275
0.0008155276463872126
0.00016310552927744252
0.0006524221171097701
0.0006524221171097701
0.00032621105855488503
0.00032621105855488503
0.000978633175664655
0.00016310552927744252
0.0004893165878323275
0.0004893165878323275
0.000978633175664655
0.0017941608220518675
0.00032621105855488503
0.0006524221171097701
0.0006524221171097701
0.00032621105855488503
0.0004893165878323275
0.00032621105855488503
0.00032621105855488503
0.00016310552927744252
0.001631055292774425
0.00032621105855488503
0.00016310552927744252
0.00016310552927744252
0.00032621105855488503
0.00032621105855488503
0.00016310552927744252
0.0006524221171097701
0.00016310552927744252
0.00016310552927744252
0.00032621105855488503
0.0011417387049420975
0.0013048442342195401
0.002283477409884195
0.00032621105855488503
0.00016310552927744252
0.00032621105855488503
0.00016310552927744252
0.00016310552927744252
0.0006524221171097701
0.0006524221171097701
0.001631055292774425
0.00016310552927744252
0.0004893165878323275
0.00032621105855488503
0.00032621105855488503
0.0006524221171097701
0.00032621105855488503
0.00016310552927744252
0.00032621105855488503
0.00016310552927744252
0.00032621105855488503
0.00016310552927744252
0.00016310552927744252
0.00016310552927744252
0.00032621105855488503
0.00032621105855488503
0.00032621105855488503
0.00016310552927744252
0.0006524221171097701
0.0004893165878323275
0.00032621105855488503
0.00032621105855488503
0.00032621105855488503
0.00032621105855488503
0.00032621105855488503
0.00032621105855488503
0.00016310552927744252
0.0004893165878323275
0.00016310552927744252
0.00016310552927744252
0.00016310552927744252
0.00016310552927744252
0.0006524221171097701
0.00032621105855488503
0.00016310552927744252
0.000978633175664655
0.00032621105855488503
0.00016310552927744252
0.00016310552927744252
0.00016310552927744252
0.00016310552927744252
0.00032621105855488503
0.00016310552927744252
0.00016310552927744252
0.000978633175664655
0.0004893165878323275
0.00032621105855488503
0.00016310552927744252
0.00032621105855488503
0.00032621105855488503
0.00016310552927744252
0.0004893165878323275
0.00016310552927744252
0.00032621105855488503
0.00016310552927744252
0.00032621105855488503
0.00016310552927744252
0.00032621105855488503
0.00032621105855488503
0.00016310552927744252
0.0008155276463872126
0.00195726635132931
0.00032621105855488503
0.00032621105855488503
0.00032621105855488503
0.00016310552927744252
0.00016310552927744252
0.0006524221171097701
0.00016310552927744252
0.00016310552927744252
0.0004893165878323275
0.00016310552927744252
0.0006524221171097701
0.00016310552927744252
0.00016310552927744252
0.00016310552927744252
0.00016310552927744252
0.00032621105855488503
0.00032621105855488503
0.00016310552927744252
0.00016310552927744252
0.00032621105855488503
0.00016310552927744252
0.00016310552927744252
0.00032621105855488503
0.00016310552927744252
0.00016310552927744252
0.00016310552927744252
0.0011417387049420975
0.00016310552927744252
0.00016310552927744252
0.00016310552927744252
0.00016310552927744252
0.00016310552927744252
0.0008155276463872126
0.0006524221171097701
0.00016310552927744252
0.00016310552927744252
0.00016310552927744252
0.0004893165878323275
0.0008155276463872126
0.00016310552927744252
0.00016310552927744252
0.00016310552927744252
0.00016310552927744252
0.00016310552927744252
0.00032621105855488503
0.00016310552927744252
0.00016310552927744252
0.00032621105855488503
0.00016310552927744252
0.00016310552927744252
0.0008155276463872126
0.00016310552927744252
0.00016310552927744252
0.00032621105855488503
0.00016310552927744252
0.00016310552927744252
0.00016310552927744252
0.00032621105855488503
0.00032621105855488503
0.0008155276463872126
0.00032621105855488503
0.00016310552927744252
0.0011417387049420975
0.00016310552927744252
0.00032621105855488503
0.0006524221171097701
0.0004893165878323275
0.00016310552927744252
0.00016310552927744252
0.00016310552927744252
0.00016310552927744252
0.0006524221171097701
0.00032621105855488503
0.00016310552927744252
0.000978633175664655
0.00016310552927744252
0.00016310552927744252
0.00016310552927744252
0.00016310552927744252
0.00016310552927744252
0.00016310552927744252
0.00016310552927744252
0.00016310552927744252
0.00016310552927744252
0.00032621105855488503
0.00016310552927744252
0.00016310552927744252
0.0004893165878323275
0.0006524221171097701
0.00016310552927744252
0.00016310552927744252
0.00016310552927744252
0.0008155276463872126
0.00016310552927744252
0.00032621105855488503
0.00032621105855488503
0.0006524221171097701
0.0004893165878323275
0.0004893165878323275
0.0013048442342195401
0.00032621105855488503
0.00016310552927744252
0.00016310552927744252
0.00016310552927744252
0.00032621105855488503
0.00032621105855488503
0.00016310552927744252
0.00016310552927744252
0.00016310552927744252
0.0008155276463872126
0.00016310552927744252
0.0027727939977165226
0.00016310552927744252
0.0017941608220518675
0.00016310552927744252
0.00032621105855488503
0.00016310552927744252
0.001631055292774425
0.00016310552927744252
0.0004893165878323275
0.00032621105855488503
0.00032621105855488503
0.00032621105855488503
0.0006524221171097701
0.00016310552927744252
0.00032621105855488503
0.00016310552927744252
0.00032621105855488503
0.00016310552927744252
0.00016310552927744252
0.00016310552927744252
0.00016310552927744252
0.00032621105855488503
0.0026096884684390803
0.0004893165878323275
0.0004893165878323275
0.00016310552927744252
0.00016310552927744252
0.00016310552927744252
0.0004893165878323275
0.00016310552927744252
0.00016310552927744252
0.00016310552927744252
0.00016310552927744252
0.00016310552927744252
0.00016310552927744252
0.00016310552927744252
0.0013048442342195401
0.0004893165878323275
0.00016310552927744252
0.00016310552927744252
0.001631055292774425
0.00016310552927744252
0.00016310552927744252
0.00016310552927744252
0.0004893165878323275
0.00016310552927744252
0.0006524221171097701
0.00016310552927744252
0.00016310552927744252
0.00016310552927744252
0.00016310552927744252
0.00032621105855488503
0.00016310552927744252
0.00032621105855488503
0.00016310552927744252
0.00016310552927744252
0.00016310552927744252
0.00016310552927744252
0.0006524221171097701
0.0004893165878323275
0.0006524221171097701
0.00016310552927744252
0.00016310552927744252
0.0004893165878323275
0.00016310552927744252
0.00016310552927744252
0.0004893165878323275
0.00032621105855488503
0.00032621105855488503
0.00032621105855488503
0.00016310552927744252
0.00016310552927744252
0.00016310552927744252
0.00016310552927744252
0.00016310552927744252
0.00016310552927744252
0.00016310552927744252
0.00032621105855488503
0.00032621105855488503
0.00016310552927744252
0.00016310552927744252
0.00016310552927744252
0.00016310552927744252
0.00032621105855488503
0.00016310552927744252
0.0008155276463872126
0.00032621105855488503
0.00016310552927744252
0.00016310552927744252
0.00016310552927744252
0.00016310552927744252
0.00016310552927744252
0.00032621105855488503
0.00032621105855488503
0.00016310552927744252
0.0004893165878323275
0.00016310552927744252
0.0004893165878323275
0.00032621105855488503
0.00016310552927744252
0.00016310552927744252
0.00032621105855488503
0.00032621105855488503
0.00016310552927744252
0.00016310552927744252
0.00032621105855488503
0.00016310552927744252
0.00016310552927744252
0.00016310552927744252
0.00032621105855488503
0.00032621105855488503
0.00016310552927744252
0.00016310552927744252
0.00032621105855488503
0.0004893165878323275
0.0006524221171097701
0.00032621105855488503
0.00016310552927744252
0.00016310552927744252
0.00016310552927744252
0.00016310552927744252
0.00016310552927744252
0.00016310552927744252
0.00032621105855488503
0.00016310552927744252
0.0004893165878323275
0.00016310552927744252
0.00032621105855488503
0.0004893165878323275
0.00016310552927744252
0.00016310552927744252
0.00016310552927744252
0.00032621105855488503
0.00016310552927744252
0.00016310552927744252
0.00016310552927744252
0.00016310552927744252
0.000978633175664655
0.0004893165878323275
0.00016310552927744252
0.00016310552927744252
0.00016310552927744252
0.00016310552927744252
0.00016310552927744252
0.00016310552927744252
0.00016310552927744252
0.00016310552927744252
0.00016310552927744252
0.00016310552927744252
0.00016310552927744252
0.00016310552927744252
0.00016310552927744252
0.00016310552927744252
0.00016310552927744252
0.00016310552927744252
0.00016310552927744252
0.00016310552927744252
0.00016310552927744252
0.00016310552927744252
0.00016310552927744252
0.0004893165878323275
0.0006524221171097701
0.00032621105855488503
0.0006524221171097701
0.00016310552927744252
0.00016310552927744252
0.0006524221171097701
0.00032621105855488503
0.00016310552927744252
0.00016310552927744252
0.00016310552927744252
0.00016310552927744252
0.00016310552927744252
0.00016310552927744252
0.00016310552927744252
0.00032621105855488503
0.00032621105855488503
0.00016310552927744252
0.00032621105855488503
0.00016310552927744252
0.00016310552927744252
0.00032621105855488503
0.00032621105855488503
0.00016310552927744252
0.00016310552927744252
0.00016310552927744252
0.00016310552927744252
0.00016310552927744252
0.00016310552927744252
0.00016310552927744252
0.00016310552927744252
0.00016310552927744252
0.00016310552927744252
0.00016310552927744252
0.000978633175664655
0.0011417387049420975
0.00016310552927744252
0.00016310552927744252
0.00016310552927744252
0.00016310552927744252
0.00016310552927744252
0.00016310552927744252
0.00016310552927744252
0.00016310552927744252
0.00016310552927744252
0.00016310552927744252
0.0004893165878323275
0.0006524221171097701
0.00032621105855488503
0.00016310552927744252
0.00016310552927744252
0.00016310552927744252
0.00016310552927744252
0.00016310552927744252
0.00016310552927744252
0.00016310552927744252
0.00016310552927744252
0.00032621105855488503
0.00032621105855488503
0.00016310552927744252
0.00016310552927744252
0.00016310552927744252
0.00032621105855488503
0.00032621105855488503
0.00016310552927744252
0.0006524221171097701
0.00016310552927744252
0.00016310552927744252
0.00016310552927744252
0.00016310552927744252
0.00016310552927744252
0.00016310552927744252
0.00016310552927744252
0.00016310552927744252
0.00016310552927744252
0.00016310552927744252
0.00016310552927744252
0.00016310552927744252
0.00032621105855488503
0.00016310552927744252
0.00016310552927744252
0.00016310552927744252
0.00016310552927744252
0.00016310552927744252
0.00016310552927744252
0.00016310552927744252
0.00016310552927744252
0.00016310552927744252
0.00016310552927744252
0.0004893165878323275
0.00016310552927744252
0.00016310552927744252
0.000978633175664655
0.00016310552927744252
0.00016310552927744252
0.0006524221171097701
0.00016310552927744252
0.00032621105855488503
0.00016310552927744252
0.00032621105855488503
0.00032621105855488503
0.00016310552927744252
0.00016310552927744252
0.00016310552927744252
0.00016310552927744252
0.00016310552927744252
0.00016310552927744252
0.00016310552927744252
0.00016310552927744252
0.00032621105855488503
0.00016310552927744252
0.00016310552927744252
0.00032621105855488503
0.00016310552927744252
0.00016310552927744252
0.00032621105855488503
0.00016310552927744252
0.00016310552927744252
0.00016310552927744252
0.00016310552927744252
0.00016310552927744252
0.00016310552927744252
0.00016310552927744252
0.00016310552927744252
0.00016310552927744252
0.0004893165878323275
0.00016310552927744252
0.00016310552927744252
0.00016310552927744252
0.00016310552927744252
0.00016310552927744252
0.00016310552927744252
0.00032621105855488503
0.00016310552927744252
0.00016310552927744252
0.00016310552927744252
0.00016310552927744252
0.00016310552927744252
0.00032621105855488503
0.00016310552927744252
0.00016310552927744252
0.00032621105855488503
0.00032621105855488503
0.00016310552927744252
0.00016310552927744252
0.00016310552927744252
0.00016310552927744252
0.00016310552927744252
0.0004893165878323275
0.00016310552927744252
0.00016310552927744252
0.00016310552927744252
0.00016310552927744252
0.00016310552927744252
0.0008155276463872126
0.0004893165878323275
0.00016310552927744252
0.00032621105855488503
0.00016310552927744252
0.00016310552927744252
0.00016310552927744252
0.00016310552927744252
0.00016310552927744252
0.00032621105855488503
0.00016310552927744252
0.00032621105855488503
0.00016310552927744252
0.00016310552927744252
0.00016310552927744252
0.00016310552927744252
0.00016310552927744252
0.00016310552927744252
0.00016310552927744252
0.00016310552927744252
0.00016310552927744252
0.00016310552927744252
0.00016310552927744252
0.00016310552927744252
0.00016310552927744252
0.00016310552927744252
0.00016310552927744252
0.00016310552927744252
0.00016310552927744252
0.00016310552927744252
0.00016310552927744252
0.00016310552927744252
0.00032621105855488503
0.00016310552927744252
0.00016310552927744252
0.00032621105855488503
0.00016310552927744252
0.00016310552927744252
0.00016310552927744252
0.0006524221171097701
0.00016310552927744252
0.00016310552927744252
0.00016310552927744252
0.00016310552927744252
0.00016310552927744252
0.00032621105855488503
0.00016310552927744252
0.00032621105855488503
0.00016310552927744252
0.00016310552927744252
0.000978633175664655
0.00032621105855488503
0.00016310552927744252
0.00016310552927744252
0.00016310552927744252
0.00016310552927744252
0.00032621105855488503
0.00016310552927744252
0.00016310552927744252
0.00016310552927744252
0.00016310552927744252
0.00016310552927744252
0.00016310552927744252
0.00016310552927744252
0.00016310552927744252
0.00016310552927744252
0.00016310552927744252
0.00016310552927744252
0.00016310552927744252
0.00016310552927744252
0.00016310552927744252
0.00016310552927744252
0.00016310552927744252
0.00016310552927744252
0.00016310552927744252
0.00032621105855488503
0.00016310552927744252
0.00016310552927744252
0.00016310552927744252
0.00016310552927744252
0.00016310552927744252
0.00016310552927744252
0.00016310552927744252
0.00016310552927744252
0.00016310552927744252
0.00016310552927744252
0.00016310552927744252
0.00016310552927744252
0.00016310552927744252
0.00016310552927744252
0.00016310552927744252
0.00016310552927744252
0.00016310552927744252
0.00016310552927744252
0.00016310552927744252
0.00016310552927744252
0.00016310552927744252
0.00016310552927744252
0.00016310552927744252
0.00016310552927744252
0.00016310552927744252
0.00016310552927744252
0.00016310552927744252
0.00016310552927744252
0.00016310552927744252
0.00032621105855488503
0.00016310552927744252
0.00016310552927744252
0.00016310552927744252
0.00016310552927744252
0.00016310552927744252
0.00016310552927744252
0.00016310552927744252
0.00016310552927744252
0.00016310552927744252
0.00032621105855488503
0.00016310552927744252
0.00016310552927744252
0.00016310552927744252
0.00016310552927744252
0.00032621105855488503
0.00016310552927744252
0.00016310552927744252
0.00032621105855488503
0.00016310552927744252
0.00016310552927744252
0.00016310552927744252
0.00016310552927744252
0.00016310552927744252
0.00016310552927744252
0.00016310552927744252
0.00016310552927744252
0.00016310552927744252
0.00016310552927744252
0.00016310552927744252
0.00016310552927744252
0.00016310552927744252
0.00016310552927744252
0.00016310552927744252
0.00016310552927744252
0.00016310552927744252
0.00016310552927744252
0.00016310552927744252
0.00016310552927744252
0.00016310552927744252
0.00016310552927744252
0.00016310552927744252
0.00016310552927744252
0.00016310552927744252
0.00016310552927744252
0.00016310552927744252
0.00016310552927744252
0.00016310552927744252
0.00016310552927744252