0.00021630975556997622
0.0025957170668397143
0.007138221933809215
0.014925373134328358
0.010382868267358857
0.008652390222799048
0.027903958468526932
0.0017304780445598098
0.003893575600259572
0.007570841444949167
0.020333117023577763
0.0008652390222799049
0.001081548777849881
0.009950248756218905
0.0034609560891196195
0.0006489292667099286
0.0006489292667099286
0.0006489292667099286
0.0006489292667099286
0.0025957170668397143
0.001081548777849881
0.0008652390222799049
0.00021630975556997622
0.00021630975556997622
0.00021630975556997622
0.00021630975556997622
0.00021630975556997622
0.00021630975556997622
0.00043261951113995244
0.00043261951113995244
0.00021630975556997622
0.0008652390222799049
0.001081548777849881
0.0028120268224096907
0.0006489292667099286
0.0012978585334198572
0.0006489292667099286
0.0008652390222799049
0.00043261951113995244
0.00043261951113995244
0.0012978585334198572
0.0008652390222799049
0.004758814622539477
0.010599178022928835
0.005191434133679429
0.0012978585334198572
0.00043261951113995244
0.00021630975556997622
0.001081548777849881
0.0008652390222799049
0.0006489292667099286
0.0012978585334198572
0.0012978585334198572
0.00043261951113995244
0.027903958468526932
0.003893575600259572
0.0006489292667099286
0.001081548777849881
0.00021630975556997622
0.0017304780445598098
0.004542504866969501
0.01600692191217824
0.011031797534068787
0.0008652390222799049
0.0006489292667099286
0.0006489292667099286
0.00021630975556997622
0.00021630975556997622
0.00043261951113995244
0.0023794073112697383
0.001946787800129786
0.0028120268224096907
0.00021630975556997622
0.004542504866969501
0.0008652390222799049
0.0036772658446895955
0.00021630975556997622
0.00021630975556997622
0.00021630975556997622
0.00021630975556997622
0.005840363400389357
0.001081548777849881
0.0006489292667099286
0.001081548777849881
0.00627298291152931
0.0012978585334198572
0.0015141682889898333
0.001946787800129786
0.0006489292667099286
0.00021630975556997622
0.0006489292667099286
0.001946787800129786
0.00043261951113995244
0.0008652390222799049
0.00021630975556997622
0.00021630975556997622
0.00021630975556997622
0.00021630975556997622
0.00021630975556997622
0.0030283365779796667
0.0015141682889898333
0.0015141682889898333
0.00021630975556997622
0.0015141682889898333
0.003893575600259572
0.0015141682889898333
0.00043261951113995244
0.0008652390222799049
0.00021630975556997622
0.00021630975556997622
0.00043261951113995244
0.00021630975556997622
0.00021630975556997622
0.0012978585334198572
0.00043261951113995244
0.00043261951113995244
0.00043261951113995244
0.00021630975556997622
0.00043261951113995244
0.00021630975556997622
0.00021630975556997622
0.00021630975556997622
0.00021630975556997622
0.00021630975556997622
0.0006489292667099286
0.00043261951113995244
0.0015141682889898333
0.0017304780445598098
0.0025957170668397143
0.00043261951113995244
0.0015141682889898333
0.004326195111399524
0.0006489292667099286
0.004326195111399524
0.0017304780445598098
0.00021630975556997622
0.00021630975556997622
0.00043261951113995244
0.0025957170668397143
0.00021630975556997622
0.00043261951113995244
0.0015141682889898333
0.0006489292667099286
0.00021630975556997622
0.003244646333549643
0.0025957170668397143
0.00021630975556997622
0.00021630975556997622
0.00043261951113995244
0.0012978585334198572
0.0006489292667099286
0.00043261951113995244
0.00021630975556997622
0.0015141682889898333
0.00043261951113995244
0.0025957170668397143
0.0006489292667099286
0.0012978585334198572
0.00021630975556997622
0.0023794073112697383
0.00043261951113995244
0.0023794073112697383
0.00043261951113995244
0.00021630975556997622
0.00021630975556997622
0.0034609560891196195
0.00043261951113995244
0.00043261951113995244
0.00021630975556997622
0.00021630975556997622
0.00021630975556997622
0.00021630975556997622
0.00021630975556997622
0.00043261951113995244
0.00021630975556997622
0.001946787800129786
0.0008652390222799049
0.0008652390222799049
0.00021630975556997622
0.00021630975556997622
0.001081548777849881
0.001081548777849881
0.002163097555699762
0.00021630975556997622
0.00021630975556997622
0.00021630975556997622
0.00043261951113995244
0.00021630975556997622
0.00021630975556997622
0.00021630975556997622
0.00021630975556997622
0.00021630975556997622
0.00021630975556997622
0.00021630975556997622
0.0023794073112697383
0.00043261951113995244
0.00021630975556997622
0.0008652390222799049
0.00021630975556997622
0.00021630975556997622
0.00043261951113995244
0.00043261951113995244
0.002163097555699762
0.0008652390222799049
0.0008652390222799049
0.0015141682889898333
0.00043261951113995244
0.00021630975556997622
0.00021630975556997622
0.00021630975556997622
0.00021630975556997622
0.00021630975556997622
0.0034609560891196195
0.0006489292667099286
0.00043261951113995244
0.00043261951113995244
0.0023794073112697383
0.0006489292667099286
0.0006489292667099286
0.0006489292667099286
0.0017304780445598098
0.0017304780445598098
0.0012978585334198572
0.00021630975556997622
0.0028120268224096907
0.00043261951113995244
0.0006489292667099286
0.0017304780445598098
0.0006489292667099286
0.00021630975556997622
0.003244646333549643
0.00021630975556997622
0.00021630975556997622
0.00021630975556997622
0.0012978585334198572
0.0012978585334198572
0.001081548777849881
0.00021630975556997622
0.00043261951113995244
0.00021630975556997622
0.00021630975556997622
0.00021630975556997622
0.00043261951113995244
0.00021630975556997622
0.00021630975556997622
0.00043261951113995244
0.00043261951113995244
0.0006489292667099286
0.001946787800129786
0.0012978585334198572
0.00021630975556997622
0.004975124378109453
0.00021630975556997622
0.003244646333549643
0.0012978585334198572
0.0054077438892494055
0.0030283365779796667
0.0008652390222799049
0.002163097555699762
0.0030283365779796667
0.0034609560891196195
0.0006489292667099286
0.0008652390222799049
0.001081548777849881
0.003244646333549643
0.00021630975556997622
0.0028120268224096907
0.003244646333549643
0.001081548777849881
0.00021630975556997622
0.00021630975556997622
0.001081548777849881
0.00021630975556997622
0.0028120268224096907
0.003244646333549643
0.0006489292667099286
0.00043261951113995244
0.0006489292667099286
0.00043261951113995244
0.0006489292667099286
0.0006489292667099286
0.00043261951113995244
0.00021630975556997622
0.00021630975556997622
0.00043261951113995244
0.003244646333549643
0.00043261951113995244
0.0006489292667099286
0.001081548777849881
0.00021630975556997622
0.00043261951113995244
0.001081548777849881
0.0008652390222799049
0.00021630975556997622
0.001081548777849881
0.0006489292667099286
0.00043261951113995244
0.00043261951113995244
0.00043261951113995244
0.0015141682889898333
0.004542504866969501
0.00021630975556997622
0.00021630975556997622
0.00043261951113995244
0.0006489292667099286
0.0015141682889898333
0.0008652390222799049
0.00043261951113995244
0.0006489292667099286
0.00043261951113995244
0.00043261951113995244
0.00021630975556997622
0.00021630975556997622
0.00021630975556997622
0.00043261951113995244
0.00043261951113995244
0.00021630975556997622
0.00021630975556997622
0.00043261951113995244
0.00043261951113995244
0.00021630975556997622
0.0012978585334198572
0.00043261951113995244
0.001946787800129786
0.0006489292667099286
0.0012978585334198572
0.00043261951113995244
0.00021630975556997622
0.00021630975556997622
0.0008652390222799049
0.004542504866969501
0.00021630975556997622
0.0006489292667099286
0.0006489292667099286
0.0006489292667099286
0.00021630975556997622
0.0006489292667099286
0.00021630975556997622
0.0034609560891196195
0.0017304780445598098
0.0012978585334198572
0.001081548777849881
0.00021630975556997622
0.00021630975556997622
0.00021630975556997622
0.0012978585334198572
0.0008652390222799049
0.0012978585334198572
0.00043261951113995244
0.00043261951113995244
0.00043261951113995244
0.00043261951113995244
0.0054077438892494055
0.00021630975556997622
0.0015141682889898333
0.0025957170668397143
0.00021630975556997622
0.00021630975556997622
0.0008652390222799049
0.0008652390222799049
0.00021630975556997622
0.00021630975556997622
0.001081548777849881
0.00021630975556997622
0.0006489292667099286
0.00021630975556997622
0.00021630975556997622
0.00021630975556997622
0.00043261951113995244
0.00043261951113995244
0.0006489292667099286
0.00021630975556997622
0.00021630975556997622
0.0015141682889898333
0.001081548777849881
0.00021630975556997622
0.00021630975556997622
0.00021630975556997622
0.00021630975556997622
0.0008652390222799049
0.0012978585334198572
0.00043261951113995244
0.0030283365779796667
0.00021630975556997622
0.00021630975556997622
0.0015141682889898333
0.00021630975556997622
0.00021630975556997622
0.0006489292667099286
0.0006489292667099286
0.00021630975556997622
0.00043261951113995244
0.00043261951113995244
0.00043261951113995244
0.00021630975556997622
0.00021630975556997622
0.00021630975556997622
0.00043261951113995244
0.00021630975556997622
0.0008652390222799049
0.0006489292667099286
0.00021630975556997622
0.0028120268224096907
0.00021630975556997622
0.00021630975556997622
0.00021630975556997622
0.0008652390222799049
0.00021630975556997622
0.00021630975556997622
0.00043261951113995244
0.0015141682889898333
0.0008652390222799049
0.00021630975556997622
0.00021630975556997622
0.002163097555699762
0.00021630975556997622
0.00043261951113995244
0.0006489292667099286
0.0008652390222799049
0.001081548777849881
0.00021630975556997622
0.00021630975556997622
0.00043261951113995244
0.00043261951113995244
0.001081548777849881
0.0015141682889898333
0.001946787800129786
0.0006489292667099286
0.0006489292667099286
0.00043261951113995244
0.0006489292667099286
0.0008652390222799049
0.0012978585334198572
0.0012978585334198572
0.001081548777849881
0.00021630975556997622
0.00043261951113995244
0.00021630975556997622
0.00043261951113995244
0.00021630975556997622
0.00043261951113995244
0.00021630975556997622
0.0015141682889898333
0.00021630975556997622
0.0012978585334198572
0.0006489292667099286
0.0006489292667099286
0.00021630975556997622
0.00043261951113995244
0.0008652390222799049
0.00021630975556997622
0.00021630975556997622
0.00021630975556997622
0.00043261951113995244
0.00021630975556997622
0.00043261951113995244
0.00021630975556997622
0.0008652390222799049
0.0008652390222799049
0.00043261951113995244
0.0015141682889898333
0.0006489292667099286
0.002163097555699762
0.00043261951113995244
0.0008652390222799049
0.00021630975556997622
0.00021630975556997622
0.002163097555699762
0.00021630975556997622
0.00043261951113995244
0.00043261951113995244
0.00043261951113995244
0.00021630975556997622
0.00043261951113995244
0.0006489292667099286
0.00021630975556997622
0.00021630975556997622
0.00021630975556997622
0.00021630975556997622
0.00043261951113995244
0.00021630975556997622
0.00021630975556997622
0.0008652390222799049
0.0006489292667099286
0.00021630975556997622
0.00021630975556997622
0.00043261951113995244
0.0012978585334198572
0.0012978585334198572
0.0008652390222799049
0.0006489292667099286
0.00021630975556997622
0.00043261951113995244
0.00021630975556997622
0.00043261951113995244
0.0008652390222799049
0.00021630975556997622
0.0008652390222799049
0.00021630975556997622
0.00043261951113995244
0.00021630975556997622
0.0017304780445598098
0.00021630975556997622
0.00043261951113995244
0.0006489292667099286
0.00021630975556997622
0.00021630975556997622
0.0006489292667099286
0.001081548777849881
0.0008652390222799049
0.00021630975556997622
0.00043261951113995244
0.00021630975556997622
0.0006489292667099286
0.0006489292667099286
0.00021630975556997622
0.00043261951113995244
0.00021630975556997622
0.00021630975556997622
0.00021630975556997622
0.0006489292667099286
0.00043261951113995244
0.00021630975556997622
0.00021630975556997622
0.00021630975556997622
0.0008652390222799049
0.0006489292667099286
0.0006489292667099286
0.003893575600259572
0.00043261951113995244
0.0008652390222799049
0.00021630975556997622
0.00021630975556997622
0.0017304780445598098
0.0006489292667099286
0.0008652390222799049
0.00021630975556997622
0.00021630975556997622
0.00021630975556997622
0.00021630975556997622
0.0006489292667099286
0.0025957170668397143
0.00021630975556997622
0.00021630975556997622
0.00021630975556997622
0.00021630975556997622
0.00021630975556997622
0.00021630975556997622
0.0006489292667099286
0.00021630975556997622
0.00021630975556997622
0.0015141682889898333
0.00021630975556997622
0.00043261951113995244
0.00021630975556997622
0.001946787800129786
0.00021630975556997622
0.00021630975556997622
0.0008652390222799049
0.00043261951113995244
0.0006489292667099286
0.00043261951113995244
0.00021630975556997622
0.00021630975556997622
0.00021630975556997622
0.00043261951113995244
0.00043261951113995244
0.00043261951113995244
0.0028120268224096907
0.0006489292667099286
0.0008652390222799049
0.00021630975556997622
0.0006489292667099286
0.001081548777849881
0.00043261951113995244
0.001081548777849881
0.0008652390222799049
0.00043261951113995244
0.00021630975556997622
0.00043261951113995244
0.00043261951113995244
0.00021630975556997622
0.0006489292667099286
0.0006489292667099286
0.00021630975556997622
0.00021630975556997622
0.0006489292667099286
0.00043261951113995244
0.00021630975556997622
0.00021630975556997622
0.00021630975556997622
0.00043261951113995244
0.002163097555699762
0.00021630975556997622
0.00021630975556997622
0.00021630975556997622
0.00021630975556997622
0.00043261951113995244
0.00021630975556997622
0.00021630975556997622
0.00021630975556997622
0.00021630975556997622
0.001081548777849881
0.00043261951113995244
0.00021630975556997622
0.00021630975556997622
0.00021630975556997622
0.00021630975556997622
0.0006489292667099286
0.00021630975556997622
0.00021630975556997622
0.0006489292667099286
0.001081548777849881
0.00043261951113995244
0.00021630975556997622
0.0006489292667099286
0.00021630975556997622
0.00021630975556997622
0.00021630975556997622
0.0006489292667099286
0.00021630975556997622
0.00043261951113995244
0.0008652390222799049
0.00043261951113995244
0.0006489292667099286
0.0008652390222799049
0.00021630975556997622
0.00043261951113995244
0.00021630975556997622
0.00021630975556997622
0.00021630975556997622
0.001081548777849881
0.0017304780445598098
0.00043261951113995244
0.0017304780445598098
0.0006489292667099286
0.001946787800129786
0.00021630975556997622
0.0006489292667099286
0.00043261951113995244
0.00043261951113995244
0.0006489292667099286
0.001081548777849881
0.0023794073112697383
0.0008652390222799049
0.0006489292667099286
0.0015141682889898333
0.0006489292667099286
0.001081548777849881
0.0015141682889898333
0.00021630975556997622
0.00043261951113995244
0.00021630975556997622
0.00021630975556997622
0.0017304780445598098
0.00021630975556997622
0.00021630975556997622
0.00043261951113995244
0.00043261951113995244
0.0008652390222799049
0.0008652390222799049
0.00021630975556997622
0.0006489292667099286
0.0006489292667099286
0.001081548777849881
0.0006489292667099286
0.00021630975556997622
0.00043261951113995244
0.00021630975556997622
0.00021630975556997622
0.0008652390222799049
0.0012978585334198572
0.00021630975556997622
0.00043261951113995244
0.001081548777849881
0.00021630975556997622
0.001946787800129786
0.00043261951113995244
0.0012978585334198572
0.00043261951113995244
0.00043261951113995244
0.00043261951113995244
0.0006489292667099286
0.00021630975556997622
0.001081548777849881
0.0008652390222799049
0.00021630975556997622
0.00021630975556997622
0.00043261951113995244
0.00021630975556997622
0.00021630975556997622
0.00021630975556997622
0.00021630975556997622
0.00021630975556997622
0.00021630975556997622
0.00021630975556997622
0.0006489292667099286
0.00021630975556997622
0.0006489292667099286
0.00021630975556997622
0.00021630975556997622
0.00043261951113995244
0.00043261951113995244
0.00043261951113995244
0.00043261951113995244
0.0008652390222799049
0.00021630975556997622
0.00021630975556997622
0.00021630975556997622
0.00043261951113995244
0.00021630975556997622
0.00021630975556997622
0.0006489292667099286
0.00043261951113995244
0.00021630975556997622
0.0015141682889898333
0.00043261951113995244
0.00043261951113995244
0.0008652390222799049
0.00043261951113995244
0.00043261951113995244
0.00021630975556997622
0.00043261951113995244
0.00043261951113995244
0.00021630975556997622
0.00043261951113995244
0.00043261951113995244
0.00021630975556997622
0.0006489292667099286
0.00021630975556997622
0.00021630975556997622
0.00043261951113995244
0.00021630975556997622
0.00021630975556997622
0.00021630975556997622
0.0006489292667099286
0.00043261951113995244
0.001081548777849881
0.00021630975556997622
0.00043261951113995244
0.00021630975556997622
0.00021630975556997622
0.00021630975556997622
0.00043261951113995244
0.0006489292667099286
0.00043261951113995244
0.00043261951113995244
0.00021630975556997622
0.0006489292667099286
0.00021630975556997622
0.00021630975556997622
0.00021630975556997622
0.0006489292667099286
0.00043261951113995244
0.00021630975556997622
0.00021630975556997622
0.00021630975556997622
0.00021630975556997622
0.00043261951113995244
0.0006489292667099286
0.0008652390222799049
0.00021630975556997622
0.00021630975556997622
0.00043261951113995244
0.00021630975556997622
0.001081548777849881
0.00021630975556997622
0.0006489292667099286
0.00043261951113995244
0.00043261951113995244
0.00021630975556997622
0.004542504866969501
0.00021630975556997622
0.00021630975556997622
0.00043261951113995244
0.0008652390222799049
0.00021630975556997622
0.00021630975556997622
0.00043261951113995244
0.00043261951113995244
0.00043261951113995244
0.00043261951113995244
0.00021630975556997622
0.00043261951113995244
0.00021630975556997622
0.0008652390222799049
0.0006489292667099286
0.00021630975556997622
0.00043261951113995244
0.00021630975556997622
0.00021630975556997622
0.0008652390222799049
0.00021630975556997622
0.00021630975556997622
0.00021630975556997622
0.00043261951113995244
0.00043261951113995244
0.00021630975556997622
0.00043261951113995244
0.00043261951113995244
0.00021630975556997622
0.00021630975556997622
0.00021630975556997622
0.00021630975556997622
0.0008652390222799049
0.00021630975556997622
0.0012978585334198572
0.00043261951113995244
0.00021630975556997622
0.00021630975556997622
0.00021630975556997622
0.00021630975556997622
0.00021630975556997622
0.00043261951113995244
0.00043261951113995244
0.00043261951113995244
0.00021630975556997622
0.00021630975556997622
0.00043261951113995244
0.00021630975556997622
0.0008652390222799049
0.00021630975556997622
0.0008652390222799049
0.00043261951113995244
0.00043261951113995244
0.00021630975556997622
0.00021630975556997622
0.00021630975556997622
0.00021630975556997622
0.00021630975556997622
0.00021630975556997622
0.00043261951113995244
0.00021630975556997622
0.00021630975556997622
0.00043261951113995244
0.0006489292667099286
0.00021630975556997622
0.00043261951113995244
0.00021630975556997622
0.00043261951113995244
0.00021630975556997622
0.00021630975556997622
0.00043261951113995244
0.00021630975556997622
0.00043261951113995244
0.00043261951113995244
0.0006489292667099286
0.00021630975556997622
0.0008652390222799049
0.0006489292667099286
0.00043261951113995244
0.00043261951113995244
0.0006489292667099286
0.00021630975556997622
0.00043261951113995244
0.00021630975556997622
0.00021630975556997622
0.00021630975556997622
0.00021630975556997622
0.00043261951113995244
0.00021630975556997622
0.00021630975556997622
0.00021630975556997622
0.00021630975556997622
0.0008652390222799049
0.00021630975556997622
0.00043261951113995244
0.00043261951113995244
0.00043261951113995244
0.00021630975556997622
0.00043261951113995244
0.00021630975556997622
0.00021630975556997622
0.0006489292667099286
0.0006489292667099286
0.00021630975556997622
0.00043261951113995244
0.00021630975556997622
0.00021630975556997622
0.00043261951113995244
0.00043261951113995244
0.0008652390222799049
0.00043261951113995244
0.00021630975556997622
0.00021630975556997622
0.00021630975556997622
0.00043261951113995244
0.00021630975556997622
0.00021630975556997622
0.00021630975556997622
0.00021630975556997622
0.00021630975556997622
0.00043261951113995244
0.00043261951113995244
0.00043261951113995244
0.00021630975556997622
0.00021630975556997622
0.00021630975556997622
0.00021630975556997622
0.00021630975556997622
0.00043261951113995244
0.0015141682889898333
0.00021630975556997622
0.00021630975556997622
0.00021630975556997622
0.00021630975556997622
0.00021630975556997622
0.00021630975556997622
0.00021630975556997622
0.00021630975556997622
0.00021630975556997622
0.00021630975556997622
0.00021630975556997622
0.00021630975556997622
0.00043261951113995244
0.00021630975556997622
0.0006489292667099286
0.00021630975556997622
0.00021630975556997622
0.00021630975556997622
0.0034609560891196195
0.00021630975556997622
0.00021630975556997622
0.00021630975556997622
0.00021630975556997622
0.00021630975556997622
0.00021630975556997622
0.00021630975556997622
0.00043261951113995244
0.00043261951113995244
0.0008652390222799049
0.00021630975556997622
0.00021630975556997622
0.00021630975556997622
0.001081548777849881
0.001081548777849881
0.00021630975556997622
0.00021630975556997622
0.00021630975556997622
0.00021630975556997622
0.00043261951113995244
0.00043261951113995244
0.00021630975556997622
0.00021630975556997622
0.00021630975556997622
0.00043261951113995244
0.00043261951113995244
0.00043261951113995244
0.00021630975556997622
0.00043261951113995244
0.00043261951113995244
0.00043261951113995244
0.00021630975556997622
0.00043261951113995244
0.00043261951113995244
0.00021630975556997622
0.00043261951113995244
0.00021630975556997622
0.001081548777849881
0.001081548777849881
0.00043261951113995244
0.00043261951113995244
0.00043261951113995244
0.00043261951113995244
0.00021630975556997622
0.00021630975556997622
0.00021630975556997622
0.00021630975556997622
0.00021630975556997622
0.00021630975556997622
0.00021630975556997622
0.00021630975556997622
0.00021630975556997622
0.00043261951113995244
0.00021630975556997622
0.00021630975556997622
0.00043261951113995244
0.00043261951113995244
0.00043261951113995244
0.00043261951113995244
0.00021630975556997622
0.00043261951113995244
0.00021630975556997622
0.00021630975556997622
0.00021630975556997622
0.00021630975556997622
0.00043261951113995244
0.00021630975556997622
0.00021630975556997622
0.00043261951113995244
0.00043261951113995244
0.00021630975556997622
0.00021630975556997622
0.0006489292667099286
0.0008652390222799049
0.0006489292667099286
0.0006489292667099286
0.00021630975556997622
0.00043261951113995244
0.00021630975556997622
0.00021630975556997622
0.00021630975556997622
0.00021630975556997622
0.00043261951113995244
0.00021630975556997622
0.00021630975556997622
0.00021630975556997622
0.00043261951113995244
0.00021630975556997622
0.0008652390222799049
0.00043261951113995244
0.00021630975556997622
0.00021630975556997622
0.00021630975556997622
0.00021630975556997622
0.00043261951113995244
0.00043261951113995244
0.00043261951113995244
0.00021630975556997622
0.00021630975556997622
0.00021630975556997622
0.00021630975556997622
0.00043261951113995244
0.0006489292667099286
0.00021630975556997622
0.00021630975556997622
0.00021630975556997622
0.00021630975556997622
0.00021630975556997622
0.00021630975556997622
0.00021630975556997622
0.00021630975556997622
0.00021630975556997622
0.00021630975556997622
0.00021630975556997622
0.00043261951113995244
0.00021630975556997622
0.00021630975556997622
0.00021630975556997622
0.00021630975556997622
0.0006489292667099286
0.00021630975556997622
0.00021630975556997622
0.00021630975556997622
0.00021630975556997622
0.00021630975556997622
0.00021630975556997622
0.00043261951113995244
0.00043261951113995244
0.00021630975556997622
0.00043261951113995244
0.00043261951113995244
0.00021630975556997622
0.00043261951113995244
0.00043261951113995244
0.00043261951113995244
0.00043261951113995244
0.00043261951113995244
0.00043261951113995244
0.00021630975556997622
0.00021630975556997622
0.00021630975556997622
0.00021630975556997622
0.00021630975556997622
0.00043261951113995244
0.00021630975556997622
0.00043261951113995244
0.00043261951113995244
0.0006489292667099286
0.00043261951113995244
0.00021630975556997622
0.00043261951113995244
0.00021630975556997622
0.00021630975556997622
0.00043261951113995244
0.00043261951113995244
0.00021630975556997622
0.00021630975556997622
0.00021630975556997622
0.00021630975556997622
0.00043261951113995244
0.00021630975556997622
0.00021630975556997622
0.00021630975556997622
0.00021630975556997622
0.00021630975556997622
0.00043261951113995244
0.00021630975556997622
0.00021630975556997622
0.00021630975556997622
0.00021630975556997622
0.00021630975556997622
0.00021630975556997622
0.00021630975556997622
0.00021630975556997622
0.00021630975556997622
0.00021630975556997622
0.00043261951113995244
0.00021630975556997622
0.00043261951113995244
0.00021630975556997622
0.00021630975556997622
0.00021630975556997622
0.00021630975556997622
0.00021630975556997622
0.00021630975556997622
0.00021630975556997622
0.00021630975556997622
0.00021630975556997622
0.001081548777849881
0.00021630975556997622
0.00043261951113995244
0.00021630975556997622
0.00021630975556997622
0.001081548777849881
0.00021630975556997622
0.00043261951113995244
0.00021630975556997622
0.00043261951113995244
0.00043261951113995244
0.00043261951113995244
0.00043261951113995244
0.0008652390222799049
0.00043261951113995244
0.00043261951113995244
0.0006489292667099286
0.00021630975556997622
0.00021630975556997622
0.00021630975556997622
0.00021630975556997622
0.00021630975556997622
0.00043261951113995244
0.00021630975556997622
0.0008652390222799049
0.00043261951113995244
0.00021630975556997622
0.00021630975556997622
0.00021630975556997622
0.00043261951113995244
0.00021630975556997622
0.00021630975556997622
0.00021630975556997622
0.0006489292667099286
0.00021630975556997622
0.00021630975556997622
0.00021630975556997622
0.00021630975556997622
0.00021630975556997622
0.00043261951113995244
0.00021630975556997622
0.00043261951113995244
0.00021630975556997622
0.00021630975556997622
0.00021630975556997622
0.00021630975556997622
0.00021630975556997622
0.00043261951113995244
0.00021630975556997622
0.00021630975556997622
0.00021630975556997622
0.00021630975556997622
0.0017304780445598098
0.00021630975556997622
0.00021630975556997622
0.00021630975556997622
0.00043261951113995244
0.00043261951113995244
0.00021630975556997622
0.00043261951113995244
0.00043261951113995244
0.00021630975556997622
0.00021630975556997622
0.00021630975556997622
0.00021630975556997622
0.00021630975556997622
0.00043261951113995244
0.00043261951113995244
0.00021630975556997622
0.00021630975556997622
0.00021630975556997622
0.00021630975556997622
0.00021630975556997622
0.00021630975556997622
0.00021630975556997622
0.00021630975556997622
0.00021630975556997622
0.00021630975556997622
0.0006489292667099286
0.00021630975556997622
0.0006489292667099286
0.00021630975556997622
0.00021630975556997622
0.00021630975556997622
0.00021630975556997622
0.00021630975556997622
0.00043261951113995244
0.00043261951113995244
0.0006489292667099286
0.0008652390222799049
0.00043261951113995244
0.00043261951113995244
0.00021630975556997622
0.00043261951113995244
0.00021630975556997622
0.00021630975556997622
0.00021630975556997622
0.00021630975556997622
0.0006489292667099286
0.00021630975556997622
0.0006489292667099286
0.00021630975556997622
0.00043261951113995244
0.00021630975556997622
0.00021630975556997622
0.00021630975556997622
0.00021630975556997622
0.00021630975556997622
0.00021630975556997622
0.00021630975556997622
0.0006489292667099286
0.0008652390222799049
0.00021630975556997622
0.00043261951113995244
0.00021630975556997622
0.00021630975556997622
0.00021630975556997622
0.00021630975556997622
0.00021630975556997622
0.00021630975556997622
0.00043261951113995244
0.00043261951113995244
0.00043261951113995244
0.00043261951113995244
0.00021630975556997622
0.00043261951113995244
0.00021630975556997622
0.00021630975556997622
0.00021630975556997622
0.00021630975556997622
0.00021630975556997622
0.00021630975556997622
0.00021630975556997622
0.00021630975556997622
0.00021630975556997622
0.00021630975556997622
0.00021630975556997622
0.00021630975556997622
0.00021630975556997622
0.00021630975556997622
0.00021630975556997622
0.00021630975556997622
0.00021630975556997622
0.00021630975556997622
0.00021630975556997622
0.00021630975556997622
0.00021630975556997622
0.00043261951113995244
0.00043261951113995244
0.00043261951113995244
0.00021630975556997622
0.001081548777849881
0.00043261951113995244
0.00021630975556997622
0.0006489292667099286
0.00021630975556997622
0.00021630975556997622
0.00021630975556997622
0.00021630975556997622
0.00021630975556997622
0.00021630975556997622
0.00021630975556997622
0.00043261951113995244
0.0006489292667099286
0.00043261951113995244
0.00043261951113995244
0.00021630975556997622
0.00021630975556997622
0.0006489292667099286
0.00021630975556997622
0.00021630975556997622
0.00021630975556997622
0.00021630975556997622
0.002163097555699762
0.00021630975556997622
0.00021630975556997622
0.00021630975556997622
0.00021630975556997622
0.00021630975556997622
0.001946787800129786
0.00021630975556997622
0.00043261951113995244
0.00043261951113995244
0.0006489292667099286
0.00021630975556997622
0.00021630975556997622
0.00021630975556997622
0.00021630975556997622
0.00021630975556997622
0.00021630975556997622
0.00021630975556997622
0.00021630975556997622
0.00021630975556997622
0.00021630975556997622
0.00021630975556997622
0.00021630975556997622
0.00021630975556997622
0.00021630975556997622
0.00021630975556997622
0.0015141682889898333
0.003244646333549643
0.00043261951113995244
0.00021630975556997622
0.00021630975556997622
0.0006489292667099286
0.00021630975556997622
0.00021630975556997622
0.00021630975556997622
0.00021630975556997622
0.00021630975556997622
0.00043261951113995244
0.00043261951113995244
0.00043261951113995244
0.0006489292667099286
0.00043261951113995244
0.00021630975556997622
0.00043261951113995244
0.00021630975556997622
0.00021630975556997622
0.00021630975556997622
0.00021630975556997622
0.00021630975556997622
0.00021630975556997622
0.00021630975556997622
0.00021630975556997622
0.00021630975556997622
0.00021630975556997622
0.00021630975556997622
0.00021630975556997622
0.00021630975556997622
0.00021630975556997622
0.00021630975556997622
0.0006489292667099286
0.00021630975556997622
0.00021630975556997622
0.00021630975556997622
0.00021630975556997622
0.00021630975556997622
0.00021630975556997622
0.00021630975556997622
0.00021630975556997622
0.00021630975556997622
0.00021630975556997622
0.00021630975556997622
0.00021630975556997622
0.00021630975556997622
0.00021630975556997622
0.00021630975556997622
0.00021630975556997622
0.00021630975556997622
0.00021630975556997622
0.00021630975556997622
0.00021630975556997622
0.00021630975556997622
0.00021630975556997622
0.00021630975556997622
0.00021630975556997622
0.00021630975556997622
0.00021630975556997622
0.00021630975556997622
0.00021630975556997622
0.00021630975556997622
0.00021630975556997622
0.0008652390222799049
0.00021630975556997622
0.00021630975556997622
0.00021630975556997622
0.00021630975556997622
0.00021630975556997622
0.00021630975556997622
0.00021630975556997622
0.00021630975556997622
0.00021630975556997622
0.00043261951113995244
0.00021630975556997622
0.00021630975556997622
0.00021630975556997622
0.00021630975556997622
0.00021630975556997622
0.00021630975556997622
0.00021630975556997622
0.00021630975556997622
0.0015141682889898333
0.00043261951113995244
0.00021630975556997622
0.00021630975556997622
0.00021630975556997622
0.00043261951113995244
0.00021630975556997622
0.00021630975556997622
0.00021630975556997622
0.00021630975556997622
0.00021630975556997622
0.00021630975556997622
0.00021630975556997622
0.00021630975556997622
0.00021630975556997622
0.00021630975556997622
0.00021630975556997622
0.00021630975556997622
0.00021630975556997622
0.00021630975556997622
0.00021630975556997622
0.00021630975556997622
0.00021630975556997622
0.00021630975556997622
0.00021630975556997622
0.00021630975556997622
0.00021630975556997622
0.00021630975556997622
0.00021630975556997622
0.00021630975556997622
0.00021630975556997622
0.00021630975556997622
0.00021630975556997622
0.00021630975556997622
0.00021630975556997622
0.00021630975556997622
0.00021630975556997622
0.00021630975556997622
0.00021630975556997622
0.00043261951113995244
0.00021630975556997622
0.00021630975556997622
0.00021630975556997622
0.00021630975556997622
0.00021630975556997622
0.00021630975556997622
0.00043261951113995244
0.00021630975556997622
0.00021630975556997622
0.00043261951113995244
0.00021630975556997622
0.00021630975556997622
0.00021630975556997622
0.00021630975556997622
0.00021630975556997622
0.00021630975556997622
0.00021630975556997622
0.00021630975556997622
0.00021630975556997622
0.00021630975556997622
0.00021630975556997622
0.00021630975556997622
0.00021630975556997622
0.00021630975556997622
0.00021630975556997622
0.00021630975556997622
0.00021630975556997622
0.00021630975556997622
0.00021630975556997622
0.00021630975556997622
0.00021630975556997622
0.00021630975556997622
0.00021630975556997622
0.00021630975556997622
0.00021630975556997622
0.00021630975556997622
0.00021630975556997622
0.00021630975556997622
0.00021630975556997622
0.00021630975556997622
0.00021630975556997622
0.00021630975556997622
0.00021630975556997622
0.00021630975556997622
0.00021630975556997622
0.00021630975556997622
0.00021630975556997622