0.00019029495718363463
0.000570884871550904
0.039200761179828736
0.03120837297811608
0.003044719314938154
0.000570884871550904
0.008372978116079923
0.009705042816365366
0.0009514747859181732
0.0019029495718363464
0.00038058991436726926
0.0017126546146527116
0.010085632730732635
0.0007611798287345385
0.0013320647002854425
0.005708848715509039
0.0007611798287345385
0.00038058991436726926
0.000570884871550904
0.0007611798287345385
0.006660323501427212
0.0007611798287345385
0.0009514747859181732
0.0013320647002854425
0.0024738344433872504
0.0007611798287345385
0.0007611798287345385
0.00038058991436726926
0.000570884871550904
0.0009514747859181732
0.00019029495718363463
0.00019029495718363463
0.00019029495718363463
0.005137963843958135
0.000570884871550904
0.002664129400570885
0.000570884871550904
0.002283539486203616
0.00038058991436726926
0.004376784015223597
0.0009514747859181732
0.001141769743101808
0.0013320647002854425
0.009134157944814463
0.018648905803996193
0.000570884871550904
0.001141769743101808
0.003044719314938154
0.000570884871550904
0.0007611798287345385
0.004376784015223597
0.0009514747859181732
0.001522359657469077
0.004376784015223597
0.0013320647002854425
0.00038058991436726926
0.00038058991436726926
0.0007611798287345385
0.00532825880114177
0.002283539486203616
0.009134157944814463
0.007611798287345386
0.003805899143672693
0.0007611798287345385
0.007992388201712655
0.0009514747859181732
0.011037107516650808
0.01027592768791627
0.006279733587059943
0.0009514747859181732
0.0019029495718363464
0.003044719314938154
0.0032350142721217887
0.0034253092293054233
0.00038058991436726926
0.0009514747859181732
0.0017126546146527116
0.000570884871550904
0.0019029495718363464
0.0007611798287345385
0.001141769743101808
0.000570884871550904
0.0007611798287345385
0.001522359657469077
0.002283539486203616
0.0007611798287345385
0.000570884871550904
0.003805899143672693
0.0007611798287345385
0.0009514747859181732
0.0020932445290199808
0.0024738344433872504
0.001141769743101808
0.00038058991436726926
0.0013320647002854425
0.00019029495718363463
0.0007611798287345385
0.000570884871550904
0.00019029495718363463
0.00038058991436726926
0.00019029495718363463
0.00019029495718363463
0.000570884871550904
0.000570884871550904
0.000570884871550904
0.00038058991436726926
0.0009514747859181732
0.01027592768791627
0.0028544243577545195
0.00038058991436726926
0.001522359657469077
0.0007611798287345385
0.0007611798287345385
0.00019029495718363463
0.00019029495718363463
0.00019029495718363463
0.00019029495718363463
0.00019029495718363463
0.00019029495718363463
0.00038058991436726926
0.00038058991436726926
0.00019029495718363463
0.00019029495718363463
0.001141769743101808
0.000570884871550904
0.00038058991436726926
0.00019029495718363463
0.001522359657469077
0.0009514747859181732
0.00038058991436726926
0.00019029495718363463
0.00019029495718363463
0.00019029495718363463
0.00038058991436726926
0.0009514747859181732
0.00019029495718363463
0.0024738344433872504
0.0013320647002854425
0.00019029495718363463
0.0013320647002854425
0.000570884871550904
0.00038058991436726926
0.0007611798287345385
0.000570884871550904
0.006470028544243577
0.0009514747859181732
0.0009514747859181732
0.00019029495718363463
0.0007611798287345385
0.00019029495718363463
0.00019029495718363463
0.0034253092293054233
0.000570884871550904
0.00038058991436726926
0.000570884871550904
0.0009514747859181732
0.001141769743101808
0.004947668886774501
0.0009514747859181732
0.00019029495718363463
0.00019029495718363463
0.000570884871550904
0.00019029495718363463
0.00038058991436726926
0.00019029495718363463
0.00019029495718363463
0.00038058991436726926
0.0009514747859181732
0.0020932445290199808
0.001141769743101808
0.002664129400570885
0.0007611798287345385
0.0013320647002854425
0.0009514747859181732
0.000570884871550904
0.0007611798287345385
0.00019029495718363463
0.0020932445290199808
0.00019029495718363463
0.0007611798287345385
0.0017126546146527116
0.00038058991436726926
0.00019029495718363463
0.0007611798287345385
0.00019029495718363463
0.00019029495718363463
0.00038058991436726926
0.00019029495718363463
0.0024738344433872504
0.000570884871550904
0.00038058991436726926
0.00019029495718363463
0.001141769743101808
0.0024738344433872504
0.00038058991436726926
0.00019029495718363463
0.0020932445290199808
0.00019029495718363463
0.00019029495718363463
0.00038058991436726926
0.00019029495718363463
0.00038058991436726926
0.00038058991436726926
0.0013320647002854425
0.00038058991436726926
0.001141769743101808
0.00019029495718363463
0.0007611798287345385
0.001522359657469077
0.0017126546146527116
0.000570884871550904
0.00038058991436726926
0.0007611798287345385
0.0013320647002854425
0.00038058991436726926
0.001522359657469077
0.0013320647002854425
0.000570884871550904
0.000570884871550904
0.00019029495718363463
0.0007611798287345385
0.00038058991436726926
0.0017126546146527116
0.0009514747859181732
0.000570884871550904
0.003615604186489058
0.00019029495718363463
0.00019029495718363463
0.003615604186489058
0.00019029495718363463
0.00019029495718363463
0.0041864890580399616
0.0009514747859181732
0.00038058991436726926
0.000570884871550904
0.0019029495718363464
0.00038058991436726926
0.0009514747859181732
0.00038058991436726926
0.00019029495718363463
0.0034253092293054233
0.00019029495718363463
0.001141769743101808
0.0019029495718363464
0.004757373929590866
0.00019029495718363463
0.001522359657469077
0.00019029495718363463
0.000570884871550904
0.0009514747859181732
0.000570884871550904
0.00038058991436726926
0.0017126546146527116
0.00038058991436726926
0.0009514747859181732
0.000570884871550904
0.001522359657469077
0.00019029495718363463
0.006279733587059943
0.003044719314938154
0.000570884871550904
0.0013320647002854425
0.00038058991436726926
0.00038058991436726926
0.001141769743101808
0.0007611798287345385
0.00038058991436726926
0.00019029495718363463
0.00019029495718363463
0.00019029495718363463
0.00019029495718363463
0.000570884871550904
0.00019029495718363463
0.00019029495718363463
0.00019029495718363463
0.00019029495718363463
0.00038058991436726926
0.00038058991436726926
0.00038058991436726926
0.00019029495718363463
0.0007611798287345385
0.00019029495718363463
0.00019029495718363463
0.00019029495718363463
0.0007611798287345385
0.00019029495718363463
0.00019029495718363463
0.000570884871550904
0.00019029495718363463
0.00019029495718363463
0.000570884871550904
0.00019029495718363463
0.00019029495718363463
0.00038058991436726926
0.000570884871550904
0.00019029495718363463
0.0013320647002854425
0.001141769743101808
0.0019029495718363464
0.000570884871550904
0.00038058991436726926
0.00038058991436726926
0.00019029495718363463
0.00038058991436726926
0.0013320647002854425
0.00019029495718363463
0.0007611798287345385
0.0007611798287345385
0.00038058991436726926
0.0007611798287345385
0.00019029495718363463
0.001522359657469077
0.00019029495718363463
0.00019029495718363463
0.0009514747859181732
0.002664129400570885
0.00038058991436726926
0.00038058991436726926
0.00019029495718363463
0.00019029495718363463
0.000570884871550904
0.0007611798287345385
0.001141769743101808
0.0009514747859181732
0.00038058991436726926
0.000570884871550904
0.000570884871550904
0.00019029495718363463
0.000570884871550904
0.0009514747859181732
0.001141769743101808
0.00019029495718363463
0.00038058991436726926
0.0007611798287345385
0.00038058991436726926
0.00038058991436726926
0.00019029495718363463
0.00019029495718363463
0.0013320647002854425
0.0009514747859181732
0.0013320647002854425
0.00019029495718363463
0.000570884871550904
0.000570884871550904
0.00038058991436726926
0.00038058991436726926
0.0007611798287345385
0.00019029495718363463
0.00019029495718363463
0.000570884871550904
0.000570884871550904
0.00038058991436726926
0.0013320647002854425
0.000570884871550904
0.0007611798287345385
0.0009514747859181732
0.001141769743101808
0.0007611798287345385
0.0017126546146527116
0.00019029495718363463
0.00019029495718363463
0.00019029495718363463
0.00019029495718363463
0.000570884871550904
0.0017126546146527116
0.001522359657469077
0.000570884871550904
0.000570884871550904
0.0034253092293054233
0.001141769743101808
0.00019029495718363463
0.00019029495718363463
0.00019029495718363463
0.0013320647002854425
0.0007611798287345385
0.00019029495718363463
0.00019029495718363463
0.00038058991436726926
0.000570884871550904
0.00038058991436726926
0.0009514747859181732
0.003805899143672693
0.00019029495718363463
0.000570884871550904
0.0007611798287345385
0.0009514747859181732
0.00019029495718363463
0.0013320647002854425
0.0041864890580399616
0.00038058991436726926
0.0007611798287345385
0.00038058991436726926
0.0019029495718363464
0.00019029495718363463
0.0007611798287345385
0.00019029495718363463
0.00038058991436726926
0.0020932445290199808
0.00019029495718363463
0.0019029495718363464
0.001141769743101808
0.000570884871550904
0.00019029495718363463
0.00019029495718363463
0.00038058991436726926
0.00019029495718363463
0.00019029495718363463
0.005518553758325404
0.00019029495718363463
0.00038058991436726926
0.00038058991436726926
0.00019029495718363463
0.00019029495718363463
0.00019029495718363463
0.001141769743101808
0.00019029495718363463
0.0009514747859181732
0.00019029495718363463
0.00038058991436726926
0.00019029495718363463
0.00019029495718363463
0.00038058991436726926
0.00019029495718363463
0.0017126546146527116
0.00019029495718363463
0.00019029495718363463
0.00019029495718363463
0.00019029495718363463
0.0009514747859181732
0.00019029495718363463
0.0017126546146527116
0.00038058991436726926
0.0034253092293054233
0.0013320647002854425
0.00038058991436726926
0.00019029495718363463
0.00019029495718363463
0.00019029495718363463
0.00038058991436726926
0.00019029495718363463
0.0013320647002854425
0.0013320647002854425
0.00019029495718363463
0.00019029495718363463
0.00019029495718363463
0.0007611798287345385
0.0007611798287345385
0.000570884871550904
0.00019029495718363463
0.00019029495718363463
0.00019029495718363463
0.00019029495718363463
0.00019029495718363463
0.00019029495718363463
0.0007611798287345385
0.00038058991436726926
0.00019029495718363463
0.0009514747859181732
0.00019029495718363463
0.00038058991436726926
0.000570884871550904
0.000570884871550904
0.000570884871550904
0.00019029495718363463
0.00019029495718363463
0.00019029495718363463
0.000570884871550904
0.0019029495718363464
0.000570884871550904
0.000570884871550904
0.00038058991436726926
0.00019029495718363463
0.000570884871550904
0.00019029495718363463
0.0007611798287345385
0.00019029495718363463
0.0009514747859181732
0.00038058991436726926
0.000570884871550904
0.00019029495718363463
0.00038058991436726926
0.0009514747859181732
0.000570884871550904
0.00038058991436726926
0.001141769743101808
0.00038058991436726926
0.00019029495718363463
0.00038058991436726926
0.00019029495718363463
0.000570884871550904
0.00038058991436726926
0.00019029495718363463
0.00019029495718363463
0.00038058991436726926
0.0013320647002854425
0.00019029495718363463
0.000570884871550904
0.0013320647002854425
0.00038058991436726926
0.00038058991436726926
0.00038058991436726926
0.00019029495718363463
0.00038058991436726926
0.00019029495718363463
0.000570884871550904
0.00038058991436726926
0.00019029495718363463
0.000570884871550904
0.00019029495718363463
0.00019029495718363463
0.00019029495718363463
0.00019029495718363463
0.001141769743101808
0.0007611798287345385
0.00019029495718363463
0.0009514747859181732
0.000570884871550904
0.002283539486203616
0.001141769743101808
0.00019029495718363463
0.00038058991436726926
0.0009514747859181732
0.0009514747859181732
0.00019029495718363463
0.0007611798287345385
0.0009514747859181732
0.0041864890580399616
0.0007611798287345385
0.00038058991436726926
0.00019029495718363463
0.00038058991436726926
0.0007611798287345385
0.00019029495718363463
0.00038058991436726926
0.00019029495718363463
0.00038058991436726926
0.00019029495718363463
0.000570884871550904
0.00019029495718363463
0.00038058991436726926
0.00019029495718363463
0.00019029495718363463
0.00019029495718363463
0.0017126546146527116
0.00038058991436726926
0.00019029495718363463
0.00038058991436726926
0.000570884871550904
0.0019029495718363464
0.00019029495718363463
0.000570884871550904
0.00019029495718363463
0.0020932445290199808
0.00019029495718363463
0.00019029495718363463
0.00019029495718363463
0.0009514747859181732
0.0013320647002854425
0.0009514747859181732
0.00019029495718363463
0.00019029495718363463
0.00019029495718363463
0.00019029495718363463
0.00038058991436726926
0.00019029495718363463
0.00019029495718363463
0.00019029495718363463
0.00019029495718363463
0.00019029495718363463
0.00038058991436726926
0.0007611798287345385
0.00038058991436726926
0.00019029495718363463
0.000570884871550904
0.00038058991436726926
0.00019029495718363463
0.00019029495718363463
0.000570884871550904
0.00038058991436726926
0.000570884871550904
0.001522359657469077
0.000570884871550904
0.00038058991436726926
0.00019029495718363463
0.00019029495718363463
0.00019029495718363463
0.00019029495718363463
0.001141769743101808
0.00038058991436726926
0.00038058991436726926
0.000570884871550904
0.0009514747859181732
0.00019029495718363463
0.00038058991436726926
0.00019029495718363463
0.00038058991436726926
0.00038058991436726926
0.00019029495718363463
0.00038058991436726926
0.000570884871550904
0.00038058991436726926
0.00038058991436726926
0.00038058991436726926
0.00038058991436726926
0.00019029495718363463
0.00019029495718363463
0.00019029495718363463
0.001141769743101808
0.00038058991436726926
0.00038058991436726926
0.00038058991436726926
0.00038058991436726926
0.00038058991436726926
0.000570884871550904
0.00019029495718363463
0.00019029495718363463
0.0009514747859181732
0.00019029495718363463
0.0009514747859181732
0.00038058991436726926
0.00019029495718363463
0.000570884871550904
0.0007611798287345385
0.0009514747859181732
0.000570884871550904
0.00019029495718363463
0.001141769743101808
0.00038058991436726926
0.00038058991436726926
0.00038058991436726926
0.0009514747859181732
0.00019029495718363463
0.00038058991436726926
0.00019029495718363463
0.00019029495718363463
0.0017126546146527116
0.0009514747859181732
0.00038058991436726926
0.0013320647002854425
0.00019029495718363463
0.00038058991436726926
0.00019029495718363463
0.00038058991436726926
0.00038058991436726926
0.00019029495718363463
0.00019029495718363463
0.0017126546146527116
0.00019029495718363463
0.00038058991436726926
0.000570884871550904
0.00019029495718363463
0.00038058991436726926
0.00019029495718363463
0.00019029495718363463
0.00038058991436726926
0.00038058991436726926
0.0007611798287345385
0.000570884871550904
0.000570884871550904
0.001141769743101808
0.007611798287345386
0.000570884871550904
0.00019029495718363463
0.00038058991436726926
0.00019029495718363463
0.00019029495718363463
0.00019029495718363463
0.00019029495718363463
0.00019029495718363463
0.00019029495718363463
0.00019029495718363463
0.00019029495718363463
0.0007611798287345385
0.001522359657469077
0.0017126546146527116
0.0013320647002854425
0.0007611798287345385
0.00019029495718363463
0.00019029495718363463
0.00038058991436726926
0.00019029495718363463
0.000570884871550904
0.00019029495718363463
0.00038058991436726926
0.0009514747859181732
0.00019029495718363463
0.00019029495718363463
0.00019029495718363463
0.0009514747859181732
0.00019029495718363463
0.00038058991436726926
0.00019029495718363463
0.000570884871550904
0.000570884871550904
0.00019029495718363463
0.0007611798287345385
0.000570884871550904
0.00038058991436726926
0.000570884871550904
0.0028544243577545195
0.000570884871550904
0.000570884871550904
0.00038058991436726926
0.000570884871550904
0.00019029495718363463
0.00019029495718363463
0.00019029495718363463
0.0007611798287345385
0.00038058991436726926
0.00019029495718363463
0.00019029495718363463
0.00019029495718363463
0.0007611798287345385
0.00019029495718363463
0.00019029495718363463
0.00019029495718363463
0.00038058991436726926
0.00019029495718363463
0.00019029495718363463
0.00038058991436726926
0.00019029495718363463
0.00019029495718363463
0.0007611798287345385
0.000570884871550904
0.0009514747859181732
0.001141769743101808
0.00019029495718363463
0.00019029495718363463
0.00019029495718363463
0.00038058991436726926
0.00019029495718363463
0.00019029495718363463
0.00019029495718363463
0.0009514747859181732
0.002283539486203616
0.00019029495718363463
0.0007611798287345385
0.00019029495718363463
0.001141769743101808
0.0020932445290199808
0.00019029495718363463
0.00038058991436726926
0.0007611798287345385
0.00038058991436726926
0.00019029495718363463
0.00038058991436726926
0.0017126546146527116
0.0007611798287345385
0.00019029495718363463
0.000570884871550904
0.00019029495718363463
0.00019029495718363463
0.00019029495718363463
0.000570884871550904
0.00019029495718363463
0.00038058991436726926
0.00038058991436726926
0.000570884871550904
0.00038058991436726926
0.00019029495718363463
0.00019029495718363463
0.00038058991436726926
0.00038058991436726926
0.00019029495718363463
0.00019029495718363463
0.00019029495718363463
0.000570884871550904
0.00019029495718363463
0.00019029495718363463
0.00019029495718363463
0.00019029495718363463
0.00038058991436726926
0.00019029495718363463
0.00019029495718363463
0.00019029495718363463
0.001522359657469077
0.0013320647002854425
0.00019029495718363463
0.000570884871550904
0.00019029495718363463
0.0009514747859181732
0.00019029495718363463
0.000570884871550904
0.001522359657469077
0.00019029495718363463
0.00019029495718363463
0.00038058991436726926
0.000570884871550904
0.0007611798287345385
0.00019029495718363463
0.000570884871550904
0.00019029495718363463
0.00019029495718363463
0.00038058991436726926
0.00019029495718363463
0.000570884871550904
0.00019029495718363463
0.00019029495718363463
0.00019029495718363463
0.00038058991436726926
0.00019029495718363463
0.00019029495718363463
0.0007611798287345385
0.00019029495718363463
0.00038058991436726926
0.0009514747859181732
0.0013320647002854425
0.00038058991436726926
0.00019029495718363463
0.00019029495718363463
0.00038058991436726926
0.00019029495718363463
0.00038058991436726926
0.00038058991436726926
0.00019029495718363463
0.00038058991436726926
0.000570884871550904
0.00038058991436726926
0.00019029495718363463
0.00019029495718363463
0.00019029495718363463
0.00019029495718363463
0.0007611798287345385
0.00038058991436726926
0.00038058991436726926
0.00038058991436726926
0.0013320647002854425
0.0020932445290199808
0.00019029495718363463
0.00038058991436726926
0.0007611798287345385
0.00019029495718363463
0.00038058991436726926
0.0017126546146527116
0.00019029495718363463
0.0007611798287345385
0.00019029495718363463
0.001141769743101808
0.00038058991436726926
0.0007611798287345385
0.00019029495718363463
0.0007611798287345385
0.00019029495718363463
0.00019029495718363463
0.00019029495718363463
0.00038058991436726926
0.00019029495718363463
0.00038058991436726926
0.00019029495718363463
0.00019029495718363463
0.00019029495718363463
0.00019029495718363463
0.00038058991436726926
0.00019029495718363463
0.00019029495718363463
0.0013320647002854425
0.00019029495718363463
0.00038058991436726926
0.00019029495718363463
0.00038058991436726926
0.000570884871550904
0.00019029495718363463
0.00038058991436726926
0.00019029495718363463
0.00038058991436726926
0.0019029495718363464
0.00019029495718363463
0.0007611798287345385
0.00019029495718363463
0.0009514747859181732
0.001141769743101808
0.00038058991436726926
0.00019029495718363463
0.00019029495718363463
0.00019029495718363463
0.00038058991436726926
0.00038058991436726926
0.000570884871550904
0.00019029495718363463
0.00038058991436726926
0.00019029495718363463
0.00019029495718363463
0.00038058991436726926
0.00019029495718363463
0.0020932445290199808
0.00019029495718363463
0.0009514747859181732
0.0009514747859181732
0.00019029495718363463
0.00019029495718363463
0.00038058991436726926
0.00019029495718363463
0.00019029495718363463
0.00019029495718363463
0.00038058991436726926
0.00038058991436726926
0.00038058991436726926
0.00038058991436726926
0.00019029495718363463
0.00038058991436726926
0.00019029495718363463
0.00019029495718363463
0.00019029495718363463
0.0007611798287345385
0.000570884871550904
0.00019029495718363463
0.00038058991436726926
0.0020932445290199808
0.00019029495718363463
0.00038058991436726926
0.00019029495718363463
0.00038058991436726926
0.00019029495718363463
0.0007611798287345385
0.00019029495718363463
0.00038058991436726926
0.00019029495718363463
0.00038058991436726926
0.000570884871550904
0.00038058991436726926
0.00038058991436726926
0.00038058991436726926
0.00038058991436726926
0.00019029495718363463
0.00019029495718363463
0.00019029495718363463
0.00038058991436726926
0.00038058991436726926
0.000570884871550904
0.00038058991436726926
0.00019029495718363463
0.00038058991436726926
0.000570884871550904
0.00038058991436726926
0.00038058991436726926
0.00019029495718363463
0.00019029495718363463
0.000570884871550904
0.00019029495718363463
0.00019029495718363463
0.00019029495718363463
0.00019029495718363463
0.00019029495718363463
0.00019029495718363463
0.00038058991436726926
0.00019029495718363463
0.0009514747859181732
0.00019029495718363463
0.00019029495718363463
0.00019029495718363463
0.00019029495718363463
0.00019029495718363463
0.00038058991436726926
0.00038058991436726926
0.00019029495718363463
0.00019029495718363463
0.00019029495718363463
0.00019029495718363463
0.00038058991436726926
0.00019029495718363463
0.00019029495718363463
0.00019029495718363463
0.00019029495718363463
0.00038058991436726926
0.00038058991436726926
0.00038058991436726926
0.00019029495718363463
0.00019029495718363463
0.00038058991436726926
0.00038058991436726926
0.00019029495718363463
0.00038058991436726926
0.00019029495718363463
0.00038058991436726926
0.00038058991436726926
0.00019029495718363463
0.00019029495718363463
0.00019029495718363463
0.00038058991436726926
0.00019029495718363463
0.00038058991436726926
0.00038058991436726926
0.00038058991436726926
0.00019029495718363463
0.00019029495718363463
0.00019029495718363463
0.0020932445290199808
0.00038058991436726926
0.00019029495718363463
0.00038058991436726926
0.00019029495718363463
0.00019029495718363463
0.00019029495718363463
0.00019029495718363463
0.00038058991436726926
0.00038058991436726926
0.00038058991436726926
0.00038058991436726926
0.00019029495718363463
0.00038058991436726926
0.000570884871550904
0.00019029495718363463
0.00019029495718363463
0.00019029495718363463
0.00019029495718363463
0.001141769743101808
0.00038058991436726926
0.00019029495718363463
0.0009514747859181732
0.00019029495718363463
0.00019029495718363463
0.00019029495718363463
0.00038058991436726926
0.00019029495718363463
0.00019029495718363463
0.00019029495718363463
0.00019029495718363463
0.00019029495718363463
0.00038058991436726926
0.00038058991436726926
0.00019029495718363463
0.00019029495718363463
0.00019029495718363463
0.00038058991436726926
0.00019029495718363463
0.00019029495718363463
0.00038058991436726926
0.0007611798287345385
0.0007611798287345385
0.00019029495718363463
0.00038058991436726926
0.00019029495718363463
0.00038058991436726926
0.00019029495718363463
0.00019029495718363463
0.00019029495718363463
0.000570884871550904
0.001141769743101808
0.00019029495718363463
0.000570884871550904
0.00019029495718363463
0.00019029495718363463
0.00019029495718363463
0.00019029495718363463
0.00019029495718363463
0.00019029495718363463
0.00019029495718363463
0.00019029495718363463
0.0009514747859181732
0.00019029495718363463
0.00038058991436726926
0.00038058991436726926
0.00038058991436726926
0.00019029495718363463
0.00019029495718363463
0.00019029495718363463
0.00038058991436726926
0.00019029495718363463
0.00019029495718363463
0.000570884871550904
0.00019029495718363463
0.00019029495718363463
0.00019029495718363463
0.00019029495718363463
0.00019029495718363463
0.00019029495718363463
0.00019029495718363463
0.00019029495718363463
0.00019029495718363463
0.00019029495718363463
0.00019029495718363463
0.00019029495718363463
0.00019029495718363463
0.0020932445290199808
0.00038058991436726926
0.00038058991436726926
0.00038058991436726926
0.00019029495718363463
0.00019029495718363463
0.00019029495718363463
0.00019029495718363463
0.00019029495718363463
0.00038058991436726926
0.00019029495718363463
0.00019029495718363463
0.00019029495718363463
0.00019029495718363463
0.00019029495718363463
0.00019029495718363463
0.0007611798287345385
0.000570884871550904
0.00038058991436726926
0.000570884871550904
0.00019029495718363463
0.00019029495718363463
0.00019029495718363463
0.00038058991436726926
0.00019029495718363463
0.00019029495718363463
0.00019029495718363463
0.001522359657469077
0.00019029495718363463
0.00038058991436726926
0.000570884871550904
0.00038058991436726926
0.004567078972407232
0.0024738344433872504
0.004376784015223597
0.00038058991436726926
0.00038058991436726926
0.00019029495718363463
0.0007611798287345385
0.00019029495718363463
0.000570884871550904
0.000570884871550904
0.002664129400570885
0.00019029495718363463
0.000570884871550904
0.00019029495718363463
0.00019029495718363463
0.00038058991436726926
0.0007611798287345385
0.00038058991436726926
0.0019029495718363464
0.0013320647002854425
0.000570884871550904
0.000570884871550904
0.000570884871550904
0.0017126546146527116
0.00019029495718363463
0.00019029495718363463
0.00019029495718363463
0.00019029495718363463
0.00019029495718363463
0.00019029495718363463
0.000570884871550904
0.00019029495718363463
0.00019029495718363463
0.00038058991436726926
0.00038058991436726926
0.00019029495718363463
0.00019029495718363463
0.00019029495718363463
0.00038058991436726926
0.00019029495718363463
0.00019029495718363463
0.00019029495718363463
0.00019029495718363463
0.00019029495718363463
0.00019029495718363463
0.0007611798287345385
0.00038058991436726926
0.00019029495718363463
0.00038058991436726926
0.00019029495718363463
0.00019029495718363463
0.00038058991436726926
0.00019029495718363463
0.00019029495718363463
0.00019029495718363463
0.00038058991436726926
0.00019029495718363463
0.00019029495718363463
0.00019029495718363463
0.00019029495718363463
0.00019029495718363463
0.001522359657469077
0.00019029495718363463
0.00019029495718363463
0.000570884871550904
0.00019029495718363463
0.00019029495718363463
0.00019029495718363463
0.00019029495718363463
0.001141769743101808
0.00019029495718363463
0.00038058991436726926
0.00038058991436726926
0.00038058991436726926
0.0020932445290199808
0.0007611798287345385
0.0007611798287345385
0.00038058991436726926
0.00019029495718363463
0.00019029495718363463
0.00019029495718363463
0.00019029495718363463
0.00038058991436726926
0.00019029495718363463
0.00019029495718363463
0.00019029495718363463
0.00019029495718363463
0.00019029495718363463
0.00019029495718363463
0.00038058991436726926
0.00019029495718363463
0.00019029495718363463
0.00019029495718363463
0.00019029495718363463
0.00038058991436726926
0.00038058991436726926
0.001141769743101808
0.00038058991436726926
0.00019029495718363463
0.00019029495718363463
0.00019029495718363463
0.000570884871550904
0.00038058991436726926
0.00038058991436726926
0.00019029495718363463
0.00019029495718363463
0.00019029495718363463
0.00019029495718363463
0.00019029495718363463
0.00019029495718363463
0.00019029495718363463
0.00019029495718363463
0.00019029495718363463
0.00019029495718363463
0.00019029495718363463
0.00019029495718363463
0.00019029495718363463
0.00019029495718363463
0.00019029495718363463
0.00019029495718363463
0.00038058991436726926
0.00019029495718363463
0.00019029495718363463
0.00019029495718363463
0.00019029495718363463
0.00019029495718363463
0.00038058991436726926
0.00019029495718363463
0.00019029495718363463
0.00019029495718363463
0.00019029495718363463
0.00019029495718363463
0.00019029495718363463
0.00019029495718363463
0.00019029495718363463
0.00019029495718363463
0.00019029495718363463
0.000570884871550904
0.00019029495718363463
0.00019029495718363463
0.00019029495718363463
0.00019029495718363463
0.0013320647002854425
0.00019029495718363463
0.00019029495718363463
0.00019029495718363463
0.00019029495718363463
0.00038058991436726926
0.00019029495718363463
0.00019029495718363463
0.00019029495718363463
0.00019029495718363463
0.00019029495718363463
0.00019029495718363463
0.00019029495718363463
0.00038058991436726926
0.0007611798287345385
0.00019029495718363463
0.00038058991436726926
0.00019029495718363463
0.0007611798287345385
0.00038058991436726926
0.00019029495718363463
0.00019029495718363463
0.00019029495718363463
0.00019029495718363463
0.00019029495718363463
0.00019029495718363463
0.00038058991436726926
0.00038058991436726926
0.00038058991436726926
0.00038058991436726926
0.000570884871550904
0.00038058991436726926
0.00019029495718363463
0.00019029495718363463
0.00019029495718363463
0.00038058991436726926
0.00019029495718363463
0.00038058991436726926
0.00019029495718363463
0.00019029495718363463
0.0007611798287345385
0.00019029495718363463
0.00019029495718363463
0.00019029495718363463
0.00019029495718363463
0.00019029495718363463
0.00019029495718363463
0.00019029495718363463
0.00019029495718363463
0.00019029495718363463
0.00038058991436726926
0.00019029495718363463
0.00019029495718363463
0.00019029495718363463
0.00019029495718363463
0.00019029495718363463
0.00038058991436726926
0.00019029495718363463
0.00019029495718363463
0.00019029495718363463
0.00019029495718363463
0.00019029495718363463
0.00019029495718363463
0.00019029495718363463
0.00019029495718363463
0.00019029495718363463
0.00019029495718363463
0.00019029495718363463
0.00019029495718363463
0.00038058991436726926
0.00019029495718363463
0.00019029495718363463
0.00019029495718363463
0.00019029495718363463
0.00019029495718363463
0.00019029495718363463
0.00019029495718363463
0.00019029495718363463
0.00019029495718363463
0.00019029495718363463
0.00019029495718363463
0.00038058991436726926
0.00019029495718363463
0.00019029495718363463
0.00019029495718363463
0.00019029495718363463
0.00019029495718363463
0.00019029495718363463
0.00019029495718363463
0.00019029495718363463
0.00019029495718363463
0.00019029495718363463
0.00019029495718363463
0.00019029495718363463
0.00019029495718363463
0.00038058991436726926
0.00019029495718363463
0.0007611798287345385
0.00019029495718363463
0.00019029495718363463
0.00038058991436726926
0.00019029495718363463
0.00019029495718363463
0.0007611798287345385
0.00019029495718363463
0.00019029495718363463
0.00019029495718363463
0.00019029495718363463
0.00019029495718363463
0.0007611798287345385
0.00019029495718363463
0.00019029495718363463
0.00019029495718363463
0.0028544243577545195
0.000570884871550904
0.000570884871550904
0.00038058991436726926
0.000570884871550904
0.000570884871550904
0.000570884871550904
0.000570884871550904
0.00038058991436726926
0.00038058991436726926
0.00019029495718363463
0.00019029495718363463
0.00019029495718363463
0.00019029495718363463
0.00019029495718363463
0.00019029495718363463
0.00019029495718363463
0.00019029495718363463
0.00019029495718363463
0.00019029495718363463
0.00038058991436726926
0.00019029495718363463
0.00019029495718363463
0.00019029495718363463
0.00019029495718363463
0.00038058991436726926
0.00019029495718363463
0.00019029495718363463
0.00019029495718363463
0.00019029495718363463
0.00019029495718363463
0.00019029495718363463
0.00019029495718363463
0.00019029495718363463
0.00019029495718363463
0.00019029495718363463
0.00019029495718363463
0.00019029495718363463
0.00019029495718363463
0.00019029495718363463
0.00038058991436726926
0.00019029495718363463
0.00019029495718363463
0.00019029495718363463
0.00019029495718363463
0.00019029495718363463
0.00019029495718363463
0.00019029495718363463
0.00019029495718363463
0.00019029495718363463
0.00019029495718363463
0.00019029495718363463
0.00019029495718363463
0.00019029495718363463
0.00019029495718363463
0.00019029495718363463
0.00038058991436726926
0.00019029495718363463
0.00019029495718363463
0.00019029495718363463
0.00019029495718363463
0.00019029495718363463
0.00019029495718363463
0.00019029495718363463
0.00019029495718363463
0.00019029495718363463
0.00019029495718363463
0.00019029495718363463
0.00019029495718363463
0.00019029495718363463
0.00019029495718363463
0.00019029495718363463
0.00019029495718363463
0.00019029495718363463
0.00019029495718363463
0.00019029495718363463
0.00019029495718363463
0.00019029495718363463
0.00019029495718363463
0.00019029495718363463
0.00019029495718363463
0.00019029495718363463