0.00018583906337112061
0.01858390633711206
0.023044043858018955
0.016167998513287492
0.0026017468871956887
0.0005575171901133618
0.008548596915071548
0.005203493774391377
0.00037167812674224123
0.000929195316855603
0.0005575171901133618
0.004274298457535774
0.0005575171901133618
0.006318528154618101
0.0011150343802267236
0.003345103140680171
0.001858390633711206
0.0016725515703400855
0.000929195316855603
0.001486712506968965
0.00037167812674224123
0.00037167812674224123
0.00018583906337112061
0.00018583906337112061
0.0005575171901133618
0.00018583906337112061
0.0016725515703400855
0.0005575171901133618
0.0013008734435978444
0.008176918788329306
0.000929195316855603
0.00037167812674224123
0.0027875859505668093
0.003716781267422412
0.00018583906337112061
0.003716781267422412
0.0016725515703400855
0.0013008734435978444
0.01598215944991637
0.001486712506968965
0.00037167812674224123
0.00594685002787586
0.005017654711020256
0.002230068760453447
0.002230068760453447
0.0005575171901133618
0.0013008734435978444
0.00018583906337112061
0.00037167812674224123
0.0005575171901133618
0.0013008734435978444
0.0020442296970823266
0.0005575171901133618
0.0007433562534844825
0.00873443597844267
0.005203493774391377
0.001858390633711206
0.0027875859505668093
0.0011150343802267236
0.00037167812674224123
0.0027875859505668093
0.0024159078238245677
0.0005575171901133618
0.010406987548782755
0.00037167812674224123
0.00018583906337112061
0.0005575171901133618
0.0016725515703400855
0.00037167812674224123
0.0013008734435978444
0.0005575171901133618
0.00037167812674224123
0.000929195316855603
0.00018583906337112061
0.00037167812674224123
0.0007433562534844825
0.0005575171901133618
0.0011150343802267236
0.0007433562534844825
0.013566251626091805
0.0013008734435978444
0.00037167812674224123
0.002230068760453447
0.0020442296970823266
0.002230068760453447
0.0005575171901133618
0.0026017468871956887
0.004645976584278015
0.0013008734435978444
0.0005575171901133618
0.0011150343802267236
0.001486712506968965
0.0007433562534844825
0.00037167812674224123
0.00037167812674224123
0.0020442296970823266
0.0007433562534844825
0.0024159078238245677
0.0011150343802267236
0.00037167812674224123
0.00037167812674224123
0.00018583906337112061
0.00018583906337112061
0.00018583906337112061
0.00018583906337112061
0.00018583906337112061
0.00297342501393793
0.00037167812674224123
0.00037167812674224123
0.0007433562534844825
0.0035309422040512915
0.00018583906337112061
0.0026017468871956887
0.0013008734435978444
0.0027875859505668093
0.00037167812674224123
0.0016725515703400855
0.002230068760453447
0.002230068760453447
0.00018583906337112061
0.0011150343802267236
0.00018583906337112061
0.00037167812674224123
0.000929195316855603
0.0053893328377624975
0.0011150343802267236
0.0005575171901133618
0.0016725515703400855
0.000929195316855603
0.00018583906337112061
0.0005575171901133618
0.0011150343802267236
0.0026017468871956887
0.000929195316855603
0.00018583906337112061
0.003716781267422412
0.00037167812674224123
0.00018583906337112061
0.001858390633711206
0.004088459394164653
0.004088459394164653
0.00018583906337112061
0.0007433562534844825
0.000929195316855603
0.004831815647649135
0.00037167812674224123
0.0007433562534844825
0.0020442296970823266
0.00018583906337112061
0.001486712506968965
0.0016725515703400855
0.0011150343802267236
0.00037167812674224123
0.00018583906337112061
0.0024159078238245677
0.0005575171901133618
0.0020442296970823266
0.00037167812674224123
0.00037167812674224123
0.0005575171901133618
0.0027875859505668093
0.00037167812674224123
0.00037167812674224123
0.001486712506968965
0.00018583906337112061
0.00037167812674224123
0.0007433562534844825
0.00018583906337112061
0.003345103140680171
0.0007433562534844825
0.00018583906337112061
0.00018583906337112061
0.001486712506968965
0.007805240661587065
0.0016725515703400855
0.001486712506968965
0.00037167812674224123
0.000929195316855603
0.0005575171901133618
0.00018583906337112061
0.00018583906337112061
0.0055751719011336185
0.0007433562534844825
0.00018583906337112061
0.00613268909124698
0.0027875859505668093
0.0005575171901133618
0.0013008734435978444
0.0011150343802267236
0.00037167812674224123
0.001486712506968965
0.00037167812674224123
0.00018583906337112061
0.0005575171901133618
0.00018583906337112061
0.0011150343802267236
0.00018583906337112061
0.001858390633711206
0.00037167812674224123
0.0005575171901133618
0.00018583906337112061
0.00018583906337112061
0.00018583906337112061
0.00037167812674224123
0.00018583906337112061
0.00037167812674224123
0.00018583906337112061
0.0011150343802267236
0.0005575171901133618
0.00037167812674224123
0.0026017468871956887
0.0026017468871956887
0.00037167812674224123
0.00037167812674224123
0.0005575171901133618
0.00037167812674224123
0.00037167812674224123
0.00037167812674224123
0.00037167812674224123
0.00037167812674224123
0.00037167812674224123
0.00037167812674224123
0.000929195316855603
0.00037167812674224123
0.0005575171901133618
0.0026017468871956887
0.0005575171901133618
0.00037167812674224123
0.00018583906337112061
0.0007433562534844825
0.00018583906337112061
0.0005575171901133618
0.0011150343802267236
0.00018583906337112061
0.0011150343802267236
0.004274298457535774
0.00037167812674224123
0.00018583906337112061
0.00018583906337112061
0.00018583906337112061
0.00037167812674224123
0.0005575171901133618
0.000929195316855603
0.0005575171901133618
0.00018583906337112061
0.0005575171901133618
0.00018583906337112061
0.0024159078238245677
0.000929195316855603
0.001858390633711206
0.00037167812674224123
0.00018583906337112061
0.002230068760453447
0.000929195316855603
0.00018583906337112061
0.0027875859505668093
0.001486712506968965
0.00037167812674224123
0.00018583906337112061
0.00037167812674224123
0.00018583906337112061
0.00037167812674224123
0.0005575171901133618
0.00037167812674224123
0.001858390633711206
0.00018583906337112061
0.00018583906337112061
0.001486712506968965
0.0039026203307935326
0.00018583906337112061
0.00037167812674224123
0.00037167812674224123
0.00018583906337112061
0.00037167812674224123
0.0024159078238245677
0.000929195316855603
0.00018583906337112061
0.0005575171901133618
0.001858390633711206
0.001486712506968965
0.00018583906337112061
0.00018583906337112061
0.0013008734435978444
0.0005575171901133618
0.00037167812674224123
0.0007433562534844825
0.00018583906337112061
0.00037167812674224123
0.00018583906337112061
0.00037167812674224123
0.0011150343802267236
0.00018583906337112061
0.00037167812674224123
0.000929195316855603
0.0024159078238245677
0.0007433562534844825
0.0007433562534844825
0.0007433562534844825
0.00037167812674224123
0.00018583906337112061
0.0013008734435978444
0.00018583906337112061
0.00018583906337112061
0.00018583906337112061
0.001486712506968965
0.00037167812674224123
0.0026017468871956887
0.00018583906337112061
0.0011150343802267236
0.00037167812674224123
0.00037167812674224123
0.00037167812674224123
0.00018583906337112061
0.000929195316855603
0.001486712506968965
0.001858390633711206
0.000929195316855603
0.0007433562534844825
0.0020442296970823266
0.00037167812674224123
0.003716781267422412
0.00018583906337112061
0.00018583906337112061
0.0007433562534844825
0.0020442296970823266
0.00037167812674224123
0.00037167812674224123
0.0005575171901133618
0.00037167812674224123
0.0011150343802267236
0.00018583906337112061
0.00018583906337112061
0.00018583906337112061
0.00037167812674224123
0.0027875859505668093
0.0016725515703400855
0.00018583906337112061
0.00018583906337112061
0.00018583906337112061
0.00037167812674224123
0.00018583906337112061
0.002230068760453447
0.0016725515703400855
0.00018583906337112061
0.00037167812674224123
0.0007433562534844825
0.000929195316855603
0.00018583906337112061
0.000929195316855603
0.0005575171901133618
0.0016725515703400855
0.0016725515703400855
0.001858390633711206
0.00037167812674224123
0.00037167812674224123
0.00037167812674224123
0.00018583906337112061
0.0005575171901133618
0.00037167812674224123
0.0024159078238245677
0.00037167812674224123
0.00018583906337112061
0.00037167812674224123
0.00018583906337112061
0.0005575171901133618
0.000929195316855603
0.00018583906337112061
0.0007433562534844825
0.0011150343802267236
0.0013008734435978444
0.00037167812674224123
0.000929195316855603
0.00018583906337112061
0.003716781267422412
0.0005575171901133618
0.0005575171901133618
0.0005575171901133618
0.00037167812674224123
0.00018583906337112061
0.00018583906337112061
0.000929195316855603
0.00018583906337112061
0.0020442296970823266
0.001486712506968965
0.000929195316855603
0.001858390633711206
0.0007433562534844825
0.0011150343802267236
0.00018583906337112061
0.00018583906337112061
0.00018583906337112061
0.0005575171901133618
0.00037167812674224123
0.0020442296970823266
0.0005575171901133618
0.00037167812674224123
0.00037167812674224123
0.0005575171901133618
0.00037167812674224123
0.0005575171901133618
0.0005575171901133618
0.000929195316855603
0.0026017468871956887
0.00018583906337112061
0.00037167812674224123
0.00037167812674224123
0.00018583906337112061
0.00018583906337112061
0.0039026203307935326
0.001486712506968965
0.001858390633711206
0.0005575171901133618
0.0005575171901133618
0.00018583906337112061
0.00037167812674224123
0.00037167812674224123
0.00037167812674224123
0.0005575171901133618
0.00018583906337112061
0.00018583906337112061
0.00018583906337112061
0.0020442296970823266
0.00018583906337112061
0.0007433562534844825
0.00037167812674224123
0.0007433562534844825
0.006318528154618101
0.0007433562534844825
0.00018583906337112061
0.00037167812674224123
0.000929195316855603
0.00018583906337112061
0.00018583906337112061
0.00037167812674224123
0.0016725515703400855
0.00018583906337112061
0.00018583906337112061
0.00018583906337112061
0.00018583906337112061
0.00037167812674224123
0.00037167812674224123
0.001486712506968965
0.001486712506968965
0.0013008734435978444
0.0024159078238245677
0.00018583906337112061
0.0005575171901133618
0.0007433562534844825
0.0005575171901133618
0.00037167812674224123
0.0007433562534844825
0.0007433562534844825
0.00037167812674224123
0.000929195316855603
0.0011150343802267236
0.0007433562534844825
0.0005575171901133618
0.00037167812674224123
0.0007433562534844825
0.0016725515703400855
0.00018583906337112061
0.000929195316855603
0.0005575171901133618
0.000929195316855603
0.00018583906337112061
0.0007433562534844825
0.00018583906337112061
0.00018583906337112061
0.00037167812674224123
0.000929195316855603
0.0031592640773090504
0.00037167812674224123
0.00037167812674224123
0.00037167812674224123
0.0007433562534844825
0.00018583906337112061
0.00018583906337112061
0.0005575171901133618
0.000929195316855603
0.0005575171901133618
0.00037167812674224123
0.00037167812674224123
0.0011150343802267236
0.0005575171901133618
0.001486712506968965
0.00037167812674224123
0.00018583906337112061
0.0024159078238245677
0.00018583906337112061
0.00018583906337112061
0.0005575171901133618
0.00018583906337112061
0.00018583906337112061
0.00018583906337112061
0.00018583906337112061
0.00018583906337112061
0.001486712506968965
0.00037167812674224123
0.00018583906337112061
0.00037167812674224123
0.00018583906337112061
0.00018583906337112061
0.00018583906337112061
0.00018583906337112061
0.001486712506968965
0.0005575171901133618
0.000929195316855603
0.00018583906337112061
0.00037167812674224123
0.0005575171901133618
0.00018583906337112061
0.00037167812674224123
0.000929195316855603
0.00018583906337112061
0.00018583906337112061
0.0011150343802267236
0.00018583906337112061
0.00018583906337112061
0.00018583906337112061
0.00037167812674224123
0.00018583906337112061
0.00018583906337112061
0.00018583906337112061
0.00037167812674224123
0.00018583906337112061
0.00018583906337112061
0.00018583906337112061
0.0005575171901133618
0.00018583906337112061
0.00018583906337112061
0.0007433562534844825
0.00037167812674224123
0.00037167812674224123
0.00037167812674224123
0.00037167812674224123
0.00018583906337112061
0.00037167812674224123
0.00018583906337112061
0.0005575171901133618
0.00037167812674224123
0.0005575171901133618
0.00018583906337112061
0.00018583906337112061
0.00037167812674224123
0.00037167812674224123
0.00037167812674224123
0.00037167812674224123
0.00037167812674224123
0.00037167812674224123
0.00037167812674224123
0.0005575171901133618
0.00018583906337112061
0.00018583906337112061
0.00018583906337112061
0.00018583906337112061
0.00018583906337112061
0.00018583906337112061
0.00037167812674224123
0.0005575171901133618
0.0007433562534844825
0.00037167812674224123
0.000929195316855603
0.0024159078238245677
0.00018583906337112061
0.0005575171901133618
0.00018583906337112061
0.00037167812674224123
0.00037167812674224123
0.00037167812674224123
0.00018583906337112061
0.0007433562534844825
0.00037167812674224123
0.00037167812674224123
0.00037167812674224123
0.0005575171901133618
0.000929195316855603
0.00018583906337112061
0.0005575171901133618
0.0007433562534844825
0.00297342501393793
0.00018583906337112061
0.00018583906337112061
0.00037167812674224123
0.00037167812674224123
0.00018583906337112061
0.0007433562534844825
0.0020442296970823266
0.00018583906337112061
0.00037167812674224123
0.00018583906337112061
0.00037167812674224123
0.00018583906337112061
0.00018583906337112061
0.00037167812674224123
0.00018583906337112061
0.00037167812674224123
0.0013008734435978444
0.0007433562534844825
0.00037167812674224123
0.0005575171901133618
0.0005575171901133618
0.00037167812674224123
0.000929195316855603
0.00018583906337112061
0.00018583906337112061
0.00037167812674224123
0.00018583906337112061
0.00018583906337112061
0.0005575171901133618
0.00037167812674224123
0.0011150343802267236
0.00018583906337112061
0.00018583906337112061
0.00018583906337112061
0.00018583906337112061
0.00037167812674224123
0.00018583906337112061
0.00037167812674224123
0.00037167812674224123
0.0005575171901133618
0.00037167812674224123
0.00297342501393793
0.00018583906337112061
0.0035309422040512915
0.00018583906337112061
0.0007433562534844825
0.00037167812674224123
0.00018583906337112061
0.00018583906337112061
0.000929195316855603
0.00037167812674224123
0.00037167812674224123
0.0013008734435978444
0.00018583906337112061
0.0007433562534844825
0.00018583906337112061
0.00018583906337112061
0.00018583906337112061
0.0005575171901133618
0.002230068760453447
0.0011150343802267236
0.00018583906337112061
0.00018583906337112061
0.00018583906337112061
0.00018583906337112061
0.0005575171901133618
0.0020442296970823266
0.0011150343802267236
0.0005575171901133618
0.0005575171901133618
0.00018583906337112061
0.0007433562534844825
0.0011150343802267236
0.00018583906337112061
0.00018583906337112061
0.00018583906337112061
0.00018583906337112061
0.00037167812674224123
0.0005575171901133618
0.00037167812674224123
0.00018583906337112061
0.00018583906337112061
0.00018583906337112061
0.00037167812674224123
0.0005575171901133618
0.0005575171901133618
0.00018583906337112061
0.00018583906337112061
0.001486712506968965
0.000929195316855603
0.00018583906337112061
0.00018583906337112061
0.00037167812674224123
0.0007433562534844825
0.00018583906337112061
0.00018583906337112061
0.00037167812674224123
0.00037167812674224123
0.00018583906337112061
0.00018583906337112061
0.00018583906337112061
0.00018583906337112061
0.000929195316855603
0.0016725515703400855
0.0005575171901133618
0.00018583906337112061
0.00037167812674224123
0.00037167812674224123
0.00037167812674224123
0.0005575171901133618
0.00018583906337112061
0.0013008734435978444
0.00018583906337112061
0.00018583906337112061
0.00018583906337112061
0.00037167812674224123
0.00018583906337112061
0.00018583906337112061
0.001858390633711206
0.00018583906337112061
0.0007433562534844825
0.00018583906337112061
0.00018583906337112061
0.00037167812674224123
0.00018583906337112061
0.00018583906337112061
0.00018583906337112061
0.00018583906337112061
0.00018583906337112061
0.0005575171901133618
0.00037167812674224123
0.00018583906337112061
0.00018583906337112061
0.0013008734435978444
0.00018583906337112061
0.00037167812674224123
0.00018583906337112061
0.00018583906337112061
0.0011150343802267236
0.00018583906337112061
0.00018583906337112061
0.00037167812674224123
0.00018583906337112061
0.00018583906337112061
0.00018583906337112061
0.00018583906337112061
0.0007433562534844825
0.00018583906337112061
0.00018583906337112061
0.00018583906337112061
0.0005575171901133618
0.00037167812674224123
0.00037167812674224123
0.0005575171901133618
0.0005575171901133618
0.00018583906337112061
0.00037167812674224123
0.00018583906337112061
0.00018583906337112061
0.0005575171901133618
0.00037167812674224123
0.001486712506968965
0.00037167812674224123
0.00018583906337112061
0.0005575171901133618
0.00037167812674224123
0.00018583906337112061
0.00018583906337112061
0.0005575171901133618
0.00018583906337112061
0.00018583906337112061
0.00037167812674224123
0.00018583906337112061
0.00018583906337112061
0.00037167812674224123
0.00018583906337112061
0.00018583906337112061
0.0011150343802267236
0.00018583906337112061
0.0020442296970823266
0.00018583906337112061
0.0007433562534844825
0.0011150343802267236
0.00018583906337112061
0.00037167812674224123
0.00018583906337112061
0.00037167812674224123
0.00018583906337112061
0.0005575171901133618
0.00018583906337112061
0.00037167812674224123
0.00018583906337112061
0.00018583906337112061
0.0005575171901133618
0.0005575171901133618
0.00018583906337112061
0.00018583906337112061
0.00018583906337112061
0.00037167812674224123
0.000929195316855603
0.0020442296970823266
0.0011150343802267236
0.00018583906337112061
0.00037167812674224123
0.00037167812674224123
0.0007433562534844825
0.00037167812674224123
0.00037167812674224123
0.00018583906337112061
0.0005575171901133618
0.00037167812674224123
0.00018583906337112061
0.00018583906337112061
0.00037167812674224123
0.00018583906337112061
0.0005575171901133618
0.001486712506968965
0.00018583906337112061
0.00018583906337112061
0.00018583906337112061
0.00018583906337112061
0.00018583906337112061
0.00037167812674224123
0.00018583906337112061
0.00018583906337112061
0.00037167812674224123
0.00037167812674224123
0.0013008734435978444
0.00018583906337112061
0.00018583906337112061
0.00018583906337112061
0.00018583906337112061
0.00037167812674224123
0.00018583906337112061
0.00037167812674224123
0.00037167812674224123
0.00018583906337112061
0.00018583906337112061
0.00037167812674224123
0.00018583906337112061
0.00018583906337112061
0.00018583906337112061
0.0005575171901133618
0.00018583906337112061
0.00037167812674224123
0.00018583906337112061
0.00018583906337112061
0.00018583906337112061
0.00037167812674224123
0.00037167812674224123
0.0007433562534844825
0.000929195316855603
0.00037167812674224123
0.00037167812674224123
0.00018583906337112061
0.0005575171901133618
0.00037167812674224123
0.0016725515703400855
0.00018583906337112061
0.00037167812674224123
0.00018583906337112061
0.00037167812674224123
0.00018583906337112061
0.00037167812674224123
0.00037167812674224123
0.0027875859505668093
0.0005575171901133618
0.00018583906337112061
0.0013008734435978444
0.0007433562534844825
0.00018583906337112061
0.00037167812674224123
0.00037167812674224123
0.00037167812674224123
0.0007433562534844825
0.00037167812674224123
0.00037167812674224123
0.00037167812674224123
0.00037167812674224123
0.00037167812674224123
0.00018583906337112061
0.00037167812674224123
0.00018583906337112061
0.00018583906337112061
0.00018583906337112061
0.00018583906337112061
0.000929195316855603
0.00018583906337112061
0.0013008734435978444
0.00018583906337112061
0.00018583906337112061
0.00018583906337112061
0.00037167812674224123
0.00018583906337112061
0.00018583906337112061
0.00018583906337112061
0.0005575171901133618
0.00018583906337112061
0.00018583906337112061
0.00018583906337112061
0.00018583906337112061
0.00037167812674224123
0.00018583906337112061
0.00018583906337112061
0.0005575171901133618
0.00018583906337112061
0.00018583906337112061
0.00018583906337112061
0.00018583906337112061
0.00018583906337112061
0.00018583906337112061
0.0007433562534844825
0.00018583906337112061
0.00018583906337112061
0.0007433562534844825
0.00018583906337112061
0.00037167812674224123
0.0016725515703400855
0.0011150343802267236
0.0011150343802267236
0.0013008734435978444
0.0005575171901133618
0.00018583906337112061
0.0007433562534844825
0.00018583906337112061
0.0005575171901133618
0.00018583906337112061
0.00018583906337112061
0.00018583906337112061
0.00018583906337112061
0.0011150343802267236
0.00037167812674224123
0.00037167812674224123
0.00018583906337112061
0.001858390633711206
0.00018583906337112061
0.00018583906337112061
0.00018583906337112061
0.0007433562534844825
0.00018583906337112061
0.00037167812674224123
0.00037167812674224123
0.00018583906337112061
0.00018583906337112061
0.00018583906337112061
0.00018583906337112061
0.00018583906337112061
0.00018583906337112061
0.000929195316855603
0.00018583906337112061
0.00018583906337112061
0.00018583906337112061
0.00018583906337112061
0.00018583906337112061
0.00018583906337112061
0.00018583906337112061
0.0007433562534844825
0.002230068760453447
0.0005575171901133618
0.00018583906337112061
0.00018583906337112061
0.0005575171901133618
0.00037167812674224123
0.00037167812674224123
0.00037167812674224123
0.00018583906337112061
0.00018583906337112061
0.00037167812674224123
0.00018583906337112061
0.00018583906337112061
0.00018583906337112061
0.0005575171901133618
0.00018583906337112061
0.00018583906337112061
0.00018583906337112061
0.00037167812674224123
0.0031592640773090504
0.00037167812674224123
0.00037167812674224123
0.00037167812674224123
0.00037167812674224123
0.00037167812674224123
0.00037167812674224123
0.0007433562534844825
0.0007433562534844825
0.00018583906337112061
0.00018583906337112061
0.00037167812674224123
0.00018583906337112061
0.00037167812674224123
0.00018583906337112061
0.00018583906337112061
0.00018583906337112061
0.00018583906337112061
0.00018583906337112061
0.00018583906337112061
0.00018583906337112061
0.00037167812674224123
0.00037167812674224123
0.00018583906337112061
0.00018583906337112061
0.00018583906337112061
0.00018583906337112061
0.00018583906337112061
0.00018583906337112061
0.0013008734435978444
0.00037167812674224123
0.00018583906337112061
0.00037167812674224123
0.00018583906337112061
0.00037167812674224123
0.00018583906337112061
0.00018583906337112061
0.00018583906337112061
0.00018583906337112061
0.00018583906337112061
0.0005575171901133618
0.00018583906337112061
0.00018583906337112061
0.00018583906337112061
0.00018583906337112061
0.00018583906337112061
0.00018583906337112061
0.00018583906337112061
0.00018583906337112061
0.00037167812674224123
0.00018583906337112061
0.00018583906337112061
0.0005575171901133618
0.00018583906337112061
0.00018583906337112061
0.00018583906337112061
0.00018583906337112061
0.00018583906337112061
0.00018583906337112061
0.00037167812674224123
0.0011150343802267236
0.00018583906337112061
0.00018583906337112061
0.00018583906337112061
0.00018583906337112061
0.0013008734435978444
0.00018583906337112061
0.00018583906337112061
0.00037167812674224123
0.00037167812674224123
0.00018583906337112061
0.00037167812674224123
0.0013008734435978444
0.00018583906337112061
0.00037167812674224123
0.0011150343802267236
0.0013008734435978444
0.00018583906337112061
0.00018583906337112061
0.00037167812674224123
0.00018583906337112061
0.0005575171901133618
0.00018583906337112061
0.00037167812674224123
0.00018583906337112061
0.0005575171901133618
0.00018583906337112061
0.00037167812674224123
0.0007433562534844825
0.00037167812674224123
0.00018583906337112061
0.00018583906337112061
0.00018583906337112061
0.00018583906337112061
0.00018583906337112061
0.00018583906337112061
0.00018583906337112061
0.00018583906337112061
0.00018583906337112061
0.00018583906337112061
0.00018583906337112061
0.00037167812674224123
0.00018583906337112061
0.0007433562534844825
0.00018583906337112061
0.00018583906337112061
0.00018583906337112061
0.00018583906337112061
0.00018583906337112061
0.0005575171901133618
0.0005575171901133618
0.00018583906337112061
0.00037167812674224123
0.00018583906337112061
0.00037167812674224123
0.00018583906337112061
0.00018583906337112061
0.00018583906337112061
0.00037167812674224123
0.00018583906337112061
0.00018583906337112061
0.0013008734435978444
0.00018583906337112061
0.00018583906337112061
0.000929195316855603
0.0007433562534844825
0.00018583906337112061
0.00018583906337112061
0.00018583906337112061
0.00018583906337112061
0.00018583906337112061
0.00018583906337112061
0.00018583906337112061
0.00018583906337112061
0.00037167812674224123
0.00018583906337112061
0.00037167812674224123
0.00018583906337112061
0.00037167812674224123
0.00018583906337112061
0.0005575171901133618
0.00037167812674224123
0.00037167812674224123
0.00018583906337112061
0.00018583906337112061
0.00037167812674224123
0.0007433562534844825
0.00018583906337112061
0.00018583906337112061
0.00018583906337112061
0.00018583906337112061
0.00018583906337112061
0.00018583906337112061
0.00018583906337112061
0.00018583906337112061
0.00018583906337112061
0.00018583906337112061
0.00018583906337112061
0.00018583906337112061
0.00018583906337112061
0.00018583906337112061
0.00037167812674224123
0.0005575171901133618
0.00018583906337112061
0.00018583906337112061
0.00018583906337112061
0.000929195316855603
0.0005575171901133618
0.00037167812674224123
0.0007433562534844825
0.00018583906337112061
0.00018583906337112061
0.00018583906337112061
0.00018583906337112061
0.00018583906337112061
0.00018583906337112061
0.00018583906337112061
0.00018583906337112061
0.0005575171901133618
0.00018583906337112061
0.00037167812674224123
0.00018583906337112061
0.00018583906337112061
0.00018583906337112061
0.00018583906337112061
0.0007433562534844825
0.00037167812674224123
0.00018583906337112061
0.00018583906337112061
0.0005575171901133618
0.00037167812674224123
0.00018583906337112061
0.00018583906337112061
0.00018583906337112061
0.00037167812674224123
0.00018583906337112061
0.00018583906337112061
0.00018583906337112061
0.00037167812674224123
0.00037167812674224123
0.00018583906337112061
0.00018583906337112061
0.0005575171901133618
0.00018583906337112061
0.00018583906337112061
0.00018583906337112061
0.0005575171901133618
0.00018583906337112061
0.00018583906337112061
0.00018583906337112061
0.00037167812674224123
0.00018583906337112061
0.00037167812674224123
0.00018583906337112061
0.00037167812674224123
0.00037167812674224123
0.00018583906337112061
0.00018583906337112061
0.00018583906337112061
0.00018583906337112061
0.00018583906337112061
0.00018583906337112061
0.00018583906337112061
0.00018583906337112061
0.00018583906337112061
0.00018583906337112061
0.000929195316855603
0.00018583906337112061
0.00037167812674224123
0.00037167812674224123
0.00037167812674224123
0.00037167812674224123
0.00037167812674224123
0.00037167812674224123
0.00018583906337112061
0.000929195316855603
0.00037167812674224123
0.0005575171901133618
0.00018583906337112061
0.00018583906337112061
0.00018583906337112061
0.00037167812674224123
0.00018583906337112061
0.00037167812674224123
0.00018583906337112061
0.00018583906337112061
0.00037167812674224123
0.00018583906337112061
0.0007433562534844825
0.00018583906337112061
0.00018583906337112061
0.00018583906337112061
0.00037167812674224123
0.00018583906337112061
0.00018583906337112061
0.0007433562534844825
0.00018583906337112061
0.0005575171901133618
0.0007433562534844825
0.0005575171901133618
0.00018583906337112061
0.00018583906337112061
0.00018583906337112061
0.00018583906337112061
0.00018583906337112061
0.00037167812674224123
0.00037167812674224123
0.00037167812674224123
0.00018583906337112061
0.00018583906337112061
0.00037167812674224123
0.00018583906337112061
0.00018583906337112061
0.00037167812674224123
0.00018583906337112061
0.00018583906337112061
0.00018583906337112061
0.00018583906337112061
0.0005575171901133618
0.00018583906337112061
0.00037167812674224123
0.00018583906337112061
0.00018583906337112061
0.00018583906337112061
0.00018583906337112061
0.00018583906337112061
0.00037167812674224123
0.0005575171901133618
0.00018583906337112061
0.00018583906337112061
0.00018583906337112061
0.00018583906337112061
0.00018583906337112061
0.00018583906337112061
0.00018583906337112061
0.00018583906337112061
0.00018583906337112061
0.00037167812674224123
0.00018583906337112061
0.00018583906337112061
0.00018583906337112061
0.00018583906337112061
0.00018583906337112061
0.00018583906337112061
0.00018583906337112061
0.00018583906337112061
0.00018583906337112061
0.00018583906337112061
0.00018583906337112061
0.00018583906337112061
0.00018583906337112061
0.00018583906337112061
0.00037167812674224123
0.00018583906337112061
0.0007433562534844825
0.00018583906337112061
0.00018583906337112061
0.00018583906337112061
0.00018583906337112061
0.00018583906337112061
0.00018583906337112061
0.00018583906337112061
0.00018583906337112061
0.00018583906337112061
0.0005575171901133618
0.0005575171901133618
0.00018583906337112061
0.00018583906337112061
0.0005575171901133618
0.0005575171901133618
0.00018583906337112061
0.00018583906337112061
0.00037167812674224123
0.00018583906337112061
0.00018583906337112061
0.00018583906337112061
0.00018583906337112061
0.00018583906337112061
0.00037167812674224123
0.00018583906337112061
0.00018583906337112061
0.00037167812674224123
0.00018583906337112061
0.00037167812674224123
0.00018583906337112061
0.00018583906337112061
0.00018583906337112061
0.00037167812674224123
0.00018583906337112061
0.00018583906337112061
0.00018583906337112061
0.00018583906337112061
0.00018583906337112061
0.00018583906337112061
0.00037167812674224123
0.00018583906337112061
0.00018583906337112061
0.00018583906337112061
0.00037167812674224123
0.00018583906337112061
0.00018583906337112061
0.00018583906337112061
0.00018583906337112061
0.00018583906337112061
0.00018583906337112061
0.00018583906337112061
0.00018583906337112061
0.00018583906337112061
0.00018583906337112061
0.00018583906337112061
0.00018583906337112061
0.0005575171901133618
0.00018583906337112061
0.00018583906337112061
0.00018583906337112061
0.00018583906337112061
0.00018583906337112061
0.00018583906337112061
0.00018583906337112061
0.00018583906337112061
0.00018583906337112061
0.00018583906337112061
0.00018583906337112061
0.00018583906337112061
0.00018583906337112061
0.00018583906337112061
0.00018583906337112061
0.0005575171901133618
0.0005575171901133618
0.00037167812674224123
0.00018583906337112061
0.00018583906337112061
0.00037167812674224123
0.00018583906337112061
0.00018583906337112061
0.00018583906337112061
0.00018583906337112061
0.00018583906337112061
0.00037167812674224123
0.00037167812674224123
0.00018583906337112061
0.00018583906337112061
0.00018583906337112061
0.00018583906337112061
0.00018583906337112061
0.00018583906337112061
0.00018583906337112061
0.00018583906337112061
0.00018583906337112061
0.00018583906337112061
0.0005575171901133618
0.00018583906337112061
0.00018583906337112061
0.00037167812674224123
0.00018583906337112061
0.00018583906337112061
0.00018583906337112061
0.00018583906337112061
0.00018583906337112061
0.00018583906337112061
0.00018583906337112061
0.00037167812674224123
0.00018583906337112061
0.00037167812674224123
0.00037167812674224123
0.0005575171901133618
0.0005575171901133618
0.00018583906337112061
0.00018583906337112061
0.00018583906337112061
0.00018583906337112061
0.00018583906337112061
0.00037167812674224123
0.00037167812674224123
0.00037167812674224123
0.00018583906337112061
0.0020442296970823266
0.00018583906337112061
0.00018583906337112061
0.00018583906337112061
0.00037167812674224123
0.00037167812674224123
0.00018583906337112061
0.00018583906337112061
0.00018583906337112061
0.00018583906337112061
0.00018583906337112061
0.00018583906337112061
0.0005575171901133618
0.00018583906337112061
0.00018583906337112061
0.00018583906337112061
0.00037167812674224123
0.00018583906337112061
0.00037167812674224123
0.00018583906337112061
0.00018583906337112061
0.00018583906337112061
0.00018583906337112061
0.00018583906337112061
0.00018583906337112061
0.00018583906337112061
0.00037167812674224123
0.00037167812674224123
0.00037167812674224123
0.00037167812674224123
0.00018583906337112061
0.00018583906337112061
0.00018583906337112061
0.00018583906337112061
0.00018583906337112061
0.00018583906337112061
0.00018583906337112061
0.00018583906337112061
0.00018583906337112061
0.00018583906337112061
0.00018583906337112061
0.00037167812674224123
0.00018583906337112061
0.00018583906337112061
0.00018583906337112061
0.00037167812674224123
0.00018583906337112061
0.00018583906337112061
0.00018583906337112061
0.00018583906337112061
0.00018583906337112061
0.00018583906337112061
0.00018583906337112061
0.00018583906337112061
0.00018583906337112061
0.00018583906337112061
0.00018583906337112061
0.00018583906337112061
0.00018583906337112061
0.00018583906337112061
0.0007433562534844825
0.00018583906337112061
0.00018583906337112061
0.00018583906337112061
0.00018583906337112061
0.00018583906337112061
0.00018583906337112061
0.00018583906337112061
0.00018583906337112061
0.00018583906337112061
0.00018583906337112061
0.0005575171901133618
0.00018583906337112061
0.00018583906337112061
0.00018583906337112061
0.00018583906337112061
0.00018583906337112061
0.0005575171901133618
0.00018583906337112061
0.00018583906337112061
0.004460137520906894
0.00018583906337112061
0.00018583906337112061
0.00018583906337112061
0.00018583906337112061
0.00018583906337112061
0.00018583906337112061
0.00037167812674224123
0.00037167812674224123
0.0005575171901133618
0.00018583906337112061
0.00018583906337112061
0.00018583906337112061
0.00018583906337112061
0.00018583906337112061
0.00018583906337112061
0.00018583906337112061
0.00018583906337112061
0.00018583906337112061
0.00018583906337112061
0.00018583906337112061
0.00018583906337112061
0.00018583906337112061
0.00018583906337112061
0.00037167812674224123
0.0007433562534844825
0.0020442296970823266
0.00018583906337112061
0.0020442296970823266
0.00037167812674224123
0.00037167812674224123
0.00037167812674224123
0.00018583906337112061
0.00018583906337112061
0.00018583906337112061
0.00018583906337112061
0.00018583906337112061
0.00018583906337112061
0.00018583906337112061
0.00018583906337112061
0.00018583906337112061
0.00018583906337112061
0.00018583906337112061
0.00018583906337112061
0.00037167812674224123
0.00018583906337112061
0.00018583906337112061
0.00037167812674224123
0.0005575171901133618
0.00018583906337112061
0.00018583906337112061
0.00018583906337112061
0.00018583906337112061
0.00037167812674224123
0.00037167812674224123
0.00018583906337112061
0.00018583906337112061
0.00018583906337112061
0.00018583906337112061
0.00018583906337112061
0.0005575171901133618
0.00018583906337112061
0.00018583906337112061
0.00018583906337112061
0.00018583906337112061
0.00018583906337112061
0.00018583906337112061
0.00018583906337112061
0.00018583906337112061
0.00037167812674224123
0.00037167812674224123
0.00037167812674224123
0.00018583906337112061
0.00018583906337112061
0.00018583906337112061
0.00018583906337112061
0.00018583906337112061
0.00018583906337112061
0.00037167812674224123
0.00018583906337112061
0.00018583906337112061
0.00018583906337112061
0.00018583906337112061
0.00018583906337112061
0.00018583906337112061
0.00018583906337112061
0.00018583906337112061
0.00018583906337112061
0.00037167812674224123
0.00018583906337112061
0.00018583906337112061
0.00018583906337112061
0.00018583906337112061
0.00018583906337112061
0.00018583906337112061
0.00018583906337112061
0.00018583906337112061
0.00018583906337112061
0.00018583906337112061
0.0005575171901133618
0.00018583906337112061
0.00018583906337112061
0.00018583906337112061
0.00018583906337112061
0.00018583906337112061
0.00018583906337112061
0.00018583906337112061
0.00037167812674224123
0.00018583906337112061
0.00018583906337112061
0.00018583906337112061
0.00018583906337112061
0.00018583906337112061
0.00018583906337112061
0.00037167812674224123
0.00018583906337112061
0.00018583906337112061
0.00018583906337112061
0.00018583906337112061
0.00018583906337112061
0.00018583906337112061
0.00018583906337112061
0.00018583906337112061
0.00018583906337112061
0.00018583906337112061
0.00018583906337112061
0.00018583906337112061
0.00018583906337112061
0.00018583906337112061
0.00018583906337112061
0.00018583906337112061
0.00018583906337112061
0.00018583906337112061
0.00018583906337112061
0.00018583906337112061