0.005154639175257732
0.0027129679869777536
0.004069451980466631
0.0008138903960933261
0.0024416711882799783
0.0027129679869777536
0.05453065653825285
0.016549104720564298
0.01709169831795985
0.00027129679869777537
0.00027129679869777537
0.00027129679869777537
0.0016277807921866521
0.010851871947911014
0.00027129679869777537
0.0018990775908844276
0.00027129679869777537
0.00027129679869777537
0.007867607162235486
0.00705371676614216
0.0018990775908844276
0.0008138903960933261
0.002170374389582203
0.0032555615843733042
0.0005425935973955507
0.0008138903960933261
0.0018990775908844276
0.008952794357026587
0.0005425935973955507
0.006782419967444384
0.00027129679869777537
0.00027129679869777537
0.0005425935973955507
0.0010851871947911015
0.0005425935973955507
0.0032555615843733042
0.00027129679869777537
0.0024416711882799783
0.0024416711882799783
0.0018990775908844276
0.00027129679869777537
0.0005425935973955507
0.010037981551817688
0.00027129679869777537
0.00027129679869777537
0.00027129679869777537
0.006239826370048833
0.0037981551817688553
0.0008138903960933261
0.0016277807921866521
0.0005425935973955507
0.0008138903960933261
0.0008138903960933261
0.00027129679869777537
0.00027129679869777537
0.0005425935973955507
0.0013564839934888768
0.0008138903960933261
0.00027129679869777537
0.0005425935973955507
0.00027129679869777537
0.00027129679869777537
0.00027129679869777537
0.0008138903960933261
0.00027129679869777537
0.002170374389582203
0.00027129679869777537
0.0048833423765599565
0.0013564839934888768
0.0010851871947911015
0.00027129679869777537
0.0013564839934888768
0.00027129679869777537
0.00027129679869777537
0.0005425935973955507
0.00352685838307108
0.00027129679869777537
0.00027129679869777537
0.002984264785675529
0.0016277807921866521
0.0027129679869777536
0.0013564839934888768
0.0005425935973955507
0.00027129679869777537
0.00027129679869777537
0.00027129679869777537
0.00027129679869777537
0.00027129679869777537
0.00027129679869777537
0.004612045577862181
0.0005425935973955507
0.00027129679869777537
0.0005425935973955507
0.0013564839934888768
0.0008138903960933261
0.0027129679869777536
0.00027129679869777537
0.0010851871947911015
0.00027129679869777537
0.00027129679869777537
0.0005425935973955507
0.00027129679869777537
0.0024416711882799783
0.0016277807921866521
0.0005425935973955507
0.0010851871947911015
0.008410200759631037
0.00027129679869777537
0.002170374389582203
0.00027129679869777537
0.0005425935973955507
0.00027129679869777537
0.00027129679869777537
0.00027129679869777537
0.002170374389582203
0.00027129679869777537
0.00027129679869777537
0.00027129679869777537
0.00027129679869777537
0.00027129679869777537
0.0005425935973955507
0.0005425935973955507
0.0016277807921866521
0.0024416711882799783
0.01465002712967987
0.0010851871947911015
0.0013564839934888768
0.0005425935973955507
0.0005425935973955507
0.0005425935973955507
0.00027129679869777537
0.00027129679869777537
0.00027129679869777537
0.0005425935973955507
0.00027129679869777537
0.0013564839934888768
0.0010851871947911015
0.002170374389582203
0.0016277807921866521
0.0013564839934888768
0.00352685838307108
0.007867607162235486
0.0065111231687466084
0.0005425935973955507
0.0010851871947911015
0.0037981551817688553
0.0065111231687466084
0.00027129679869777537
0.0010851871947911015
0.0005425935973955507
0.00027129679869777537
0.010851871947911014
0.0013564839934888768
0.011937059142702116
0.0018990775908844276
0.00027129679869777537
0.00027129679869777537
0.0008138903960933261
0.0005425935973955507
0.0013564839934888768
0.00027129679869777537
0.00027129679869777537
0.00027129679869777537
0.00027129679869777537
0.0024416711882799783
0.0048833423765599565
0.00027129679869777537
0.0005425935973955507
0.0008138903960933261
0.0013564839934888768
0.002170374389582203
0.0013564839934888768
0.0005425935973955507
0.0018990775908844276
0.0005425935973955507
0.0037981551817688553
0.008138903960933261
0.00027129679869777537
0.0016277807921866521
0.0010851871947911015
0.00027129679869777537
0.0027129679869777536
0.0008138903960933261
0.0010851871947911015
0.00027129679869777537
0.0008138903960933261
0.00027129679869777537
0.0037981551817688553
0.00027129679869777537
0.00027129679869777537
0.0013564839934888768
0.0027129679869777536
0.00027129679869777537
0.0013564839934888768
0.0008138903960933261
0.0005425935973955507
0.00027129679869777537
0.00027129679869777537
0.0005425935973955507
0.0027129679869777536
0.0008138903960933261
0.00027129679869777537
0.00027129679869777537
0.0016277807921866521
0.00027129679869777537
0.0005425935973955507
0.0008138903960933261
0.0016277807921866521
0.00027129679869777537
0.0008138903960933261
0.0008138903960933261
0.0008138903960933261
0.002170374389582203
0.00027129679869777537
0.00027129679869777537
0.002984264785675529
0.00027129679869777537
0.0005425935973955507
0.0013564839934888768
0.0010851871947911015
0.0005425935973955507
0.0016277807921866521
0.00027129679869777537
0.0008138903960933261
0.002984264785675529
0.0008138903960933261
0.00027129679869777537
0.0010851871947911015
0.0008138903960933261
0.0005425935973955507
0.0008138903960933261
0.00027129679869777537
0.0013564839934888768
0.0005425935973955507
0.00027129679869777537
0.0010851871947911015
0.00027129679869777537
0.0008138903960933261
0.00027129679869777537
0.002984264785675529
0.00027129679869777537
0.00027129679869777537
0.00027129679869777537
0.00027129679869777537
0.0005425935973955507
0.00027129679869777537
0.00027129679869777537
0.00027129679869777537
0.0008138903960933261
0.00027129679869777537
0.0018990775908844276
0.0005425935973955507
0.00027129679869777537
0.00027129679869777537
0.0008138903960933261
0.002984264785675529
0.0005425935973955507
0.0005425935973955507
0.00027129679869777537
0.00027129679869777537
0.0010851871947911015
0.00027129679869777537
0.00027129679869777537
0.00027129679869777537
0.0010851871947911015
0.0005425935973955507
0.0010851871947911015
0.00027129679869777537
0.0005425935973955507
0.0024416711882799783
0.0016277807921866521
0.0016277807921866521
0.0005425935973955507
0.0037981551817688553
0.00027129679869777537
0.00027129679869777537
0.0005425935973955507
0.0013564839934888768
0.00027129679869777537
0.00027129679869777537
0.00027129679869777537
0.00027129679869777537
0.0008138903960933261
0.0016277807921866521
0.00027129679869777537
0.0013564839934888768
0.00027129679869777537
0.0048833423765599565
0.0005425935973955507
0.0008138903960933261
0.005425935973955507
0.00027129679869777537
0.00027129679869777537
0.0013564839934888768
0.0013564839934888768
0.00027129679869777537
0.0016277807921866521
0.00027129679869777537
0.00027129679869777537
0.00027129679869777537
0.00027129679869777537
0.0005425935973955507
0.0013564839934888768
0.0005425935973955507
0.0008138903960933261
0.0005425935973955507
0.0008138903960933261
0.0005425935973955507
0.0008138903960933261
0.00027129679869777537
0.00027129679869777537
0.00027129679869777537
0.0010851871947911015
0.0008138903960933261
0.0005425935973955507
0.0018990775908844276
0.0010851871947911015
0.0005425935973955507
0.0008138903960933261
0.00027129679869777537
0.0008138903960933261
0.00027129679869777537
0.00027129679869777537
0.00027129679869777537
0.0005425935973955507
0.00027129679869777537
0.005968529571351058
0.00027129679869777537
0.0010851871947911015
0.0008138903960933261
0.0005425935973955507
0.0005425935973955507
0.00027129679869777537
0.0018990775908844276
0.0005425935973955507
0.00027129679869777537
0.00027129679869777537
0.0005425935973955507
0.00027129679869777537
0.00027129679869777537
0.0016277807921866521
0.00027129679869777537
0.00027129679869777537
0.0005425935973955507
0.00027129679869777537
0.00027129679869777537
0.00027129679869777537
0.00027129679869777537
0.0005425935973955507
0.00027129679869777537
0.0008138903960933261
0.0005425935973955507
0.00027129679869777537
0.00027129679869777537
0.0016277807921866521
0.0016277807921866521
0.0008138903960933261
0.0005425935973955507
0.00027129679869777537
0.0018990775908844276
0.00027129679869777537
0.0005425935973955507
0.0008138903960933261
0.00027129679869777537
0.0008138903960933261
0.0008138903960933261
0.0010851871947911015
0.0010851871947911015
0.0005425935973955507
0.00027129679869777537
0.00027129679869777537
0.0005425935973955507
0.00027129679869777537
0.00027129679869777537
0.00027129679869777537
0.00027129679869777537
0.0005425935973955507
0.00027129679869777537
0.00027129679869777537
0.0010851871947911015
0.00027129679869777537
0.00027129679869777537
0.00027129679869777537
0.0005425935973955507
0.0008138903960933261
0.0010851871947911015
0.0010851871947911015
0.00027129679869777537
0.00027129679869777537
0.00027129679869777537
0.0005425935973955507
0.0010851871947911015
0.0008138903960933261
0.0005425935973955507
0.0024416711882799783
0.0008138903960933261
0.0005425935973955507
0.0005425935973955507
0.002170374389582203
0.0005425935973955507
0.0005425935973955507
0.0005425935973955507
0.002984264785675529
0.00027129679869777537
0.0005425935973955507
0.00027129679869777537
0.00027129679869777537
0.00027129679869777537
0.00027129679869777537
0.0016277807921866521
0.00027129679869777537
0.00027129679869777537
0.0008138903960933261
0.0005425935973955507
0.0005425935973955507
0.0032555615843733042
0.00027129679869777537
0.00027129679869777537
0.00027129679869777537
0.0037981551817688553
0.0005425935973955507
0.0010851871947911015
0.00027129679869777537
0.0008138903960933261
0.00027129679869777537
0.0005425935973955507
0.00027129679869777537
0.00027129679869777537
0.0005425935973955507
0.0016277807921866521
0.0032555615843733042
0.002170374389582203
0.00027129679869777537
0.0005425935973955507
0.00027129679869777537
0.00027129679869777537
0.00027129679869777537
0.0008138903960933261
0.0005425935973955507
0.0016277807921866521
0.0016277807921866521
0.00027129679869777537
0.0005425935973955507
0.0010851871947911015
0.00027129679869777537
0.00027129679869777537
0.002170374389582203
0.0005425935973955507
0.0010851871947911015
0.0008138903960933261
0.00027129679869777537
0.00027129679869777537
0.0018990775908844276
0.0013564839934888768
0.00027129679869777537
0.00027129679869777537
0.00027129679869777537
0.00027129679869777537
0.00027129679869777537
0.0008138903960933261
0.0005425935973955507
0.0005425935973955507
0.0005425935973955507
0.00027129679869777537
0.0005425935973955507
0.0005425935973955507
0.0010851871947911015
0.00027129679869777537
0.0005425935973955507
0.0005425935973955507
0.00027129679869777537
0.0005425935973955507
0.00027129679869777537
0.0005425935973955507
0.00027129679869777537
0.0010851871947911015
0.0008138903960933261
0.0005425935973955507
0.00027129679869777537
0.00027129679869777537
0.00027129679869777537
0.00027129679869777537
0.0008138903960933261
0.00027129679869777537
0.0008138903960933261
0.00027129679869777537
0.00027129679869777537
0.0005425935973955507
0.0008138903960933261
0.0005425935973955507
0.0027129679869777536
0.0010851871947911015
0.00027129679869777537
0.007325013564839935
0.0005425935973955507
0.0008138903960933261
0.0008138903960933261
0.00027129679869777537
0.0005425935973955507
0.0005425935973955507
0.0010851871947911015
0.0016277807921866521
0.00027129679869777537
0.0016277807921866521
0.0010851871947911015
0.00027129679869777537
0.00027129679869777537
0.00027129679869777537
0.0010851871947911015
0.00027129679869777537
0.0008138903960933261
0.00027129679869777537
0.0005425935973955507
0.00027129679869777537
0.00027129679869777537
0.0005425935973955507
0.0008138903960933261
0.00027129679869777537
0.0010851871947911015
0.00027129679869777537
0.00027129679869777537
0.0005425935973955507
0.0005425935973955507
0.0008138903960933261
0.0005425935973955507
0.0013564839934888768
0.00027129679869777537
0.0018990775908844276
0.002984264785675529
0.0018990775908844276
0.0008138903960933261
0.00027129679869777537
0.0008138903960933261
0.00027129679869777537
0.00027129679869777537
0.0013564839934888768
0.00027129679869777537
0.00027129679869777537
0.0008138903960933261
0.00027129679869777537
0.00027129679869777537
0.00027129679869777537
0.00027129679869777537
0.0008138903960933261
0.0008138903960933261
0.00027129679869777537
0.00027129679869777537
0.00027129679869777537
0.00027129679869777537
0.00027129679869777537
0.0005425935973955507
0.0008138903960933261
0.0005425935973955507
0.0005425935973955507
0.00027129679869777537
0.00027129679869777537
0.00027129679869777537
0.0005425935973955507
0.00027129679869777537
0.00027129679869777537
0.0005425935973955507
0.00027129679869777537
0.00027129679869777537
0.0005425935973955507
0.00027129679869777537
0.0008138903960933261
0.0010851871947911015
0.0008138903960933261
0.00027129679869777537
0.00027129679869777537
0.0016277807921866521
0.00027129679869777537
0.00027129679869777537
0.00027129679869777537
0.0005425935973955507
0.00027129679869777537
0.00027129679869777537
0.0005425935973955507
0.0024416711882799783
0.00027129679869777537
0.00027129679869777537
0.00027129679869777537
0.0008138903960933261
0.0008138903960933261
0.00027129679869777537
0.00027129679869777537
0.00027129679869777537
0.00027129679869777537
0.00027129679869777537
0.0024416711882799783
0.00027129679869777537
0.00027129679869777537
0.00027129679869777537
0.00027129679869777537
0.0005425935973955507
0.0008138903960933261
0.00027129679869777537
0.00027129679869777537
0.0016277807921866521
0.00027129679869777537
0.0005425935973955507
0.00027129679869777537
0.00027129679869777537
0.0008138903960933261
0.0005425935973955507
0.00027129679869777537
0.00027129679869777537
0.00027129679869777537
0.00027129679869777537
0.00027129679869777537
0.00027129679869777537
0.0005425935973955507
0.0005425935973955507
0.0005425935973955507
0.00027129679869777537
0.00027129679869777537
0.0005425935973955507
0.00027129679869777537
0.0016277807921866521
0.0005425935973955507
0.00027129679869777537
0.0016277807921866521
0.0010851871947911015
0.00027129679869777537
0.0008138903960933261
0.0005425935973955507
0.00027129679869777537
0.00027129679869777537
0.0013564839934888768
0.00027129679869777537
0.0008138903960933261
0.0010851871947911015
0.00027129679869777537
0.0005425935973955507
0.00027129679869777537
0.0008138903960933261
0.00027129679869777537
0.00027129679869777537
0.00027129679869777537
0.00027129679869777537
0.00027129679869777537
0.00027129679869777537
0.0008138903960933261
0.0005425935973955507
0.00027129679869777537
0.0005425935973955507
0.0005425935973955507
0.0005425935973955507
0.0005425935973955507
0.0005425935973955507
0.0005425935973955507
0.00027129679869777537
0.00027129679869777537
0.00027129679869777537
0.00027129679869777537
0.00027129679869777537
0.0005425935973955507
0.0005425935973955507
0.0010851871947911015
0.00027129679869777537
0.0008138903960933261
0.00027129679869777537
0.0024416711882799783
0.0008138903960933261
0.0010851871947911015
0.0005425935973955507
0.00027129679869777537
0.0010851871947911015
0.0008138903960933261
0.0005425935973955507
0.0005425935973955507
0.00027129679869777537
0.00027129679869777537
0.0005425935973955507
0.00027129679869777537
0.0005425935973955507
0.00027129679869777537
0.00027129679869777537
0.00027129679869777537
0.00027129679869777537
0.00027129679869777537
0.00027129679869777537
0.0010851871947911015
0.0013564839934888768
0.0005425935973955507
0.0008138903960933261
0.00027129679869777537
0.0005425935973955507
0.00027129679869777537
0.00027129679869777537
0.00027129679869777537
0.00027129679869777537
0.0008138903960933261
0.00027129679869777537
0.0005425935973955507
0.0010851871947911015
0.00027129679869777537
0.00027129679869777537
0.00027129679869777537
0.00027129679869777537
0.0005425935973955507
0.0005425935973955507
0.00027129679869777537
0.00027129679869777537
0.00027129679869777537
0.00027129679869777537
0.00027129679869777537
0.00027129679869777537
0.00027129679869777537
0.0005425935973955507
0.00027129679869777537
0.00027129679869777537
0.00027129679869777537
0.00027129679869777537
0.0013564839934888768
0.0008138903960933261
0.00027129679869777537
0.00027129679869777537
0.00027129679869777537
0.0008138903960933261
0.0008138903960933261
0.0018990775908844276
0.0008138903960933261
0.00027129679869777537
0.00027129679869777537
0.00027129679869777537
0.00027129679869777537
0.0005425935973955507
0.00027129679869777537
0.00027129679869777537
0.00027129679869777537
0.00027129679869777537
0.0005425935973955507
0.0005425935973955507
0.00027129679869777537
0.0016277807921866521
0.00027129679869777537
0.0005425935973955507
0.00027129679869777537
0.00027129679869777537
0.00027129679869777537
0.00027129679869777537
0.00027129679869777537
0.00027129679869777537
0.0005425935973955507
0.0005425935973955507
0.00027129679869777537
0.0010851871947911015
0.0005425935973955507
0.00027129679869777537
0.00027129679869777537
0.00027129679869777537
0.00027129679869777537
0.0010851871947911015
0.00027129679869777537
0.00027129679869777537
0.00027129679869777537
0.00027129679869777537
0.00027129679869777537
0.0008138903960933261
0.0013564839934888768
0.00027129679869777537
0.0010851871947911015
0.00027129679869777537
0.0010851871947911015
0.0013564839934888768
0.00027129679869777537
0.0008138903960933261
0.00027129679869777537
0.0005425935973955507
0.00027129679869777537
0.00027129679869777537
0.00027129679869777537
0.00027129679869777537
0.0010851871947911015
0.00027129679869777537
0.00027129679869777537
0.00027129679869777537
0.00027129679869777537
0.00027129679869777537
0.00027129679869777537
0.00027129679869777537
0.00027129679869777537
0.0008138903960933261
0.0005425935973955507
0.00027129679869777537
0.0005425935973955507
0.00027129679869777537
0.00027129679869777537
0.00027129679869777537
0.0005425935973955507
0.00027129679869777537
0.0005425935973955507
0.00027129679869777537
0.00027129679869777537
0.0008138903960933261
0.0013564839934888768
0.0005425935973955507
0.0008138903960933261
0.0008138903960933261
0.00027129679869777537
0.00027129679869777537
0.00027129679869777537
0.0016277807921866521
0.00027129679869777537
0.00027129679869777537
0.00027129679869777537
0.00027129679869777537
0.0005425935973955507
0.0013564839934888768
0.00027129679869777537
0.00027129679869777537
0.00027129679869777537
0.0005425935973955507
0.00027129679869777537
0.00027129679869777537
0.0013564839934888768
0.0005425935973955507
0.00027129679869777537
0.00027129679869777537
0.00027129679869777537
0.00027129679869777537
0.00027129679869777537
0.0024416711882799783
0.0005425935973955507
0.00027129679869777537
0.0005425935973955507
0.00027129679869777537
0.0010851871947911015
0.00027129679869777537
0.00027129679869777537
0.00027129679869777537
0.00027129679869777537
0.00027129679869777537
0.00027129679869777537
0.00027129679869777537
0.00027129679869777537
0.00027129679869777537
0.0005425935973955507
0.0005425935973955507
0.00027129679869777537
0.0008138903960933261
0.00027129679869777537
0.0005425935973955507
0.00027129679869777537
0.00027129679869777537
0.00027129679869777537
0.00027129679869777537
0.0005425935973955507
0.00027129679869777537
0.00027129679869777537
0.00027129679869777537
0.00027129679869777537
0.00027129679869777537
0.00027129679869777537
0.00027129679869777537
0.00027129679869777537
0.00027129679869777537
0.00027129679869777537
0.00027129679869777537
0.0010851871947911015
0.00027129679869777537
0.00027129679869777537
0.0005425935973955507
0.00027129679869777537
0.00027129679869777537
0.00027129679869777537
0.00027129679869777537
0.00027129679869777537
0.00027129679869777537
0.00027129679869777537
0.00027129679869777537
0.00027129679869777537
0.00027129679869777537
0.00027129679869777537
0.00027129679869777537
0.0016277807921866521
0.00027129679869777537
0.00027129679869777537
0.00027129679869777537
0.00027129679869777537
0.00027129679869777537
0.00027129679869777537
0.0008138903960933261
0.00027129679869777537
0.00027129679869777537
0.00027129679869777537
0.00027129679869777537
0.00027129679869777537
0.00027129679869777537
0.00027129679869777537
0.00027129679869777537
0.00027129679869777537
0.00027129679869777537
0.00027129679869777537
0.00027129679869777537
0.00027129679869777537
0.00027129679869777537
0.0005425935973955507
0.00027129679869777537
0.002170374389582203
0.00027129679869777537
0.00027129679869777537
0.00027129679869777537
0.00027129679869777537
0.00027129679869777537
0.00027129679869777537
0.0008138903960933261
0.00027129679869777537
0.00027129679869777537
0.00027129679869777537
0.00027129679869777537
0.00027129679869777537
0.00027129679869777537
0.00027129679869777537
0.0010851871947911015
0.00027129679869777537
0.0008138903960933261
0.0005425935973955507
0.00027129679869777537
0.00027129679869777537
0.00027129679869777537
0.00027129679869777537
0.0008138903960933261
0.00027129679869777537
0.00027129679869777537
0.00027129679869777537
0.0008138903960933261
0.00027129679869777537
0.00027129679869777537
0.0010851871947911015
0.0005425935973955507
0.0005425935973955507
0.00027129679869777537
0.00027129679869777537
0.0005425935973955507
0.00027129679869777537
0.00027129679869777537
0.00027129679869777537
0.00027129679869777537
0.00027129679869777537
0.00027129679869777537
0.00027129679869777537
0.00027129679869777537
0.00027129679869777537
0.0005425935973955507
0.00027129679869777537
0.00027129679869777537
0.0005425935973955507
0.00027129679869777537
0.00027129679869777537
0.00027129679869777537
0.00027129679869777537
0.00027129679869777537
0.0008138903960933261
0.00027129679869777537
0.00027129679869777537
0.00027129679869777537
0.0005425935973955507
0.0005425935973955507
0.00027129679869777537
0.00027129679869777537
0.0013564839934888768
0.00027129679869777537
0.00027129679869777537
0.00027129679869777537
0.0008138903960933261
0.00027129679869777537
0.00027129679869777537
0.00027129679869777537
0.00027129679869777537
0.0005425935973955507
0.00027129679869777537
0.00027129679869777537
0.0005425935973955507
0.0005425935973955507
0.00027129679869777537
0.00027129679869777537
0.00027129679869777537
0.0005425935973955507
0.0008138903960933261
0.0008138903960933261
0.00027129679869777537
0.00027129679869777537
0.00027129679869777537
0.00027129679869777537
0.00027129679869777537
0.00027129679869777537
0.00027129679869777537
0.00027129679869777537
0.00027129679869777537
0.00027129679869777537
0.00027129679869777537
0.00027129679869777537
0.00027129679869777537
0.00027129679869777537
0.00027129679869777537
0.00027129679869777537
0.00027129679869777537
0.00027129679869777537
0.00027129679869777537
0.00027129679869777537
0.00027129679869777537
0.00027129679869777537
0.0005425935973955507
0.00027129679869777537
0.0005425935973955507
0.00027129679869777537
0.00027129679869777537
0.00027129679869777537
0.0008138903960933261
0.00027129679869777537
0.00027129679869777537
0.00027129679869777537
0.0010851871947911015
0.0010851871947911015
0.00027129679869777537
0.0010851871947911015
0.00027129679869777537
0.00027129679869777537
0.0005425935973955507
0.0005425935973955507
0.0008138903960933261
0.00027129679869777537
0.00027129679869777537
0.0005425935973955507
0.00027129679869777537
0.00027129679869777537
0.00027129679869777537
0.0005425935973955507
0.00027129679869777537
0.00027129679869777537
0.00027129679869777537
0.00027129679869777537
0.0005425935973955507
0.0005425935973955507
0.00027129679869777537
0.00027129679869777537
0.00027129679869777537
0.00027129679869777537
0.00027129679869777537
0.00027129679869777537
0.00027129679869777537
0.0005425935973955507
0.00027129679869777537
0.0005425935973955507
0.0008138903960933261
0.00027129679869777537
0.00027129679869777537
0.00027129679869777537
0.00027129679869777537
0.00027129679869777537
0.00027129679869777537
0.00027129679869777537
0.00027129679869777537
0.00027129679869777537
0.00027129679869777537
0.00027129679869777537
0.00027129679869777537
0.00027129679869777537
0.0005425935973955507
0.00027129679869777537
0.00027129679869777537
0.00027129679869777537
0.00027129679869777537
0.00027129679869777537
0.00027129679869777537
0.00027129679869777537
0.00027129679869777537
0.00027129679869777537
0.00027129679869777537
0.00027129679869777537
0.00027129679869777537
0.00027129679869777537
0.00027129679869777537
0.00027129679869777537
0.00027129679869777537
0.00027129679869777537
0.00027129679869777537
0.00027129679869777537
0.00027129679869777537
0.00027129679869777537
0.00027129679869777537
0.00027129679869777537
0.00027129679869777537
0.00027129679869777537
0.00027129679869777537
0.00027129679869777537
0.00027129679869777537
0.00027129679869777537
0.00027129679869777537
0.00027129679869777537
0.00027129679869777537
0.00027129679869777537
0.0005425935973955507
0.00027129679869777537
0.00027129679869777537
0.00027129679869777537
0.0005425935973955507
0.0010851871947911015
0.0008138903960933261
0.00027129679869777537
0.00027129679869777537
0.00027129679869777537
0.00027129679869777537
0.0005425935973955507
0.00027129679869777537
0.00027129679869777537
0.0010851871947911015
0.00027129679869777537
0.00027129679869777537
0.00027129679869777537
0.00027129679869777537
0.00027129679869777537
0.00027129679869777537
0.0005425935973955507
0.0005425935973955507
0.00027129679869777537
0.00027129679869777537
0.00027129679869777537
0.00027129679869777537
0.00027129679869777537
0.00027129679869777537
0.00027129679869777537
0.00027129679869777537
0.00027129679869777537
0.00027129679869777537
0.00027129679869777537
0.00027129679869777537
0.00027129679869777537
0.00027129679869777537
0.00027129679869777537
0.0005425935973955507
0.00027129679869777537
0.0005425935973955507
0.00027129679869777537
0.0008138903960933261
0.00027129679869777537
0.00027129679869777537
0.00027129679869777537
0.00027129679869777537
0.00027129679869777537
0.00027129679869777537
0.00027129679869777537
0.00027129679869777537
0.0005425935973955507
0.00027129679869777537
0.00027129679869777537
0.00027129679869777537
0.00027129679869777537
0.00027129679869777537
0.00027129679869777537
0.00027129679869777537
0.00027129679869777537
0.00027129679869777537
0.00027129679869777537
0.0005425935973955507
0.00027129679869777537
0.00027129679869777537
0.00027129679869777537
0.00027129679869777537
0.00027129679869777537
0.00027129679869777537
0.00027129679869777537
0.00027129679869777537
0.00027129679869777537
0.00027129679869777537
0.00027129679869777537
0.00027129679869777537
0.00027129679869777537
0.00027129679869777537
0.00027129679869777537
0.0005425935973955507
0.00027129679869777537
0.0005425935973955507
0.00027129679869777537
0.00027129679869777537
0.0005425935973955507
0.00027129679869777537
0.00027129679869777537
0.00027129679869777537
0.00027129679869777537
0.00027129679869777537
0.0005425935973955507
0.0005425935973955507
0.00027129679869777537
0.00027129679869777537
0.0008138903960933261
0.0005425935973955507
0.00027129679869777537
0.00027129679869777537
0.00027129679869777537
0.00027129679869777537
0.00027129679869777537
0.00027129679869777537
0.00027129679869777537
0.00027129679869777537
0.00027129679869777537
0.00027129679869777537
0.00027129679869777537
0.00027129679869777537
0.00027129679869777537
0.00027129679869777537
0.00027129679869777537
0.00027129679869777537
0.00027129679869777537
0.00027129679869777537
0.00027129679869777537
0.00027129679869777537
0.00027129679869777537
0.0005425935973955507
0.00027129679869777537
0.00027129679869777537
0.00027129679869777537
0.0008138903960933261
0.00027129679869777537
0.00027129679869777537
0.00027129679869777537
0.0005425935973955507
0.00027129679869777537
0.00027129679869777537
0.00027129679869777537
0.00027129679869777537
0.00027129679869777537
0.00027129679869777537
0.00027129679869777537
0.00027129679869777537
0.00027129679869777537
0.0005425935973955507
0.00027129679869777537
0.00027129679869777537
0.00027129679869777537
0.00027129679869777537
0.00027129679869777537
0.00027129679869777537
0.00027129679869777537
0.00027129679869777537
0.00027129679869777537
0.00027129679869777537
0.00027129679869777537
0.00027129679869777537
0.00027129679869777537
0.00027129679869777537
0.00027129679869777537
0.00027129679869777537
0.00027129679869777537
0.00027129679869777537
0.00027129679869777537
0.00027129679869777537
0.0005425935973955507
0.00027129679869777537
0.00027129679869777537
0.00027129679869777537
0.00027129679869777537
0.00027129679869777537
0.00027129679869777537
0.00027129679869777537
0.00027129679869777537
0.00027129679869777537
0.00027129679869777537
0.00027129679869777537
0.00027129679869777537
0.00027129679869777537
0.00027129679869777537
0.00027129679869777537
0.0005425935973955507
0.00027129679869777537
0.00027129679869777537
0.00027129679869777537
0.00027129679869777537
0.00027129679869777537
0.00027129679869777537
0.00027129679869777537
0.00027129679869777537
0.00027129679869777537
0.00027129679869777537
0.00027129679869777537
0.00027129679869777537
0.00027129679869777537
0.00027129679869777537
0.00027129679869777537
0.00027129679869777537
0.00027129679869777537
0.00027129679869777537
0.00027129679869777537
0.00027129679869777537
0.00027129679869777537
0.00027129679869777537
0.00027129679869777537
0.00027129679869777537
0.00027129679869777537
0.00027129679869777537
0.00027129679869777537
0.00027129679869777537
0.00027129679869777537
0.00027129679869777537
0.00027129679869777537
0.00027129679869777537
0.00027129679869777537
0.00027129679869777537
0.00027129679869777537
0.00027129679869777537
0.00027129679869777537
0.00027129679869777537
0.00027129679869777537
0.00027129679869777537
0.00027129679869777537
0.00027129679869777537
0.00027129679869777537
0.00027129679869777537
0.00027129679869777537
0.00027129679869777537