0.00018375597206909226
0.0018375597206909224
0.00018375597206909226
0.00018375597206909226
0.004226387357589121
0.03362734288864388
0.002388827636898199
0.0005512679162072767
0.004593899301727306
0.004593899301727306
0.004410143329658214
0.0005512679162072767
0.0005512679162072767
0.0005512679162072767
0.0012862918044836457
0.0005512679162072767
0.00018375597206909226
0.0012862918044836457
0.000735023888276369
0.020213156927600145
0.0005512679162072767
0.0016538037486218302
0.001470047776552738
0.0005512679162072767
0.0011025358324145535
0.0016538037486218302
0.004593899301727306
0.0005512679162072767
0.0005512679162072767
0.001470047776552738
0.0005512679162072767
0.0009187798603454612
0.0009187798603454612
0.003858875413450937
0.00808526277104006
0.00808526277104006
0.0012862918044836457
0.0033076074972436605
0.0003675119441381845
0.0005512679162072767
0.0003675119441381845
0.0003675119441381845
0.000735023888276369
0.0005512679162072767
0.0011025358324145535
0.0003675119441381845
0.0003675119441381845
0.0005512679162072767
0.0011025358324145535
0.000735023888276369
0.009555310547592797
0.00569643513414186
0.00018375597206909226
0.0012862918044836457
0.0003675119441381845
0.0005512679162072767
0.000735023888276369
0.0003675119441381845
0.0033076074972436605
0.0005512679162072767
0.0016538037486218302
0.001470047776552738
0.0009187798603454612
0.0003675119441381845
0.0012862918044836457
0.000735023888276369
0.0003675119441381845
0.001470047776552738
0.002388827636898199
0.0003675119441381845
0.0005512679162072767
0.016538037486218304
0.0005512679162072767
0.0003675119441381845
0.0009187798603454612
0.011760382212421904
0.00808526277104006
0.0011025358324145535
0.001470047776552738
0.0005512679162072767
0.000735023888276369
0.0005512679162072767
0.008636530687247335
0.008452774715178243
0.0003675119441381845
0.0005512679162072767
0.0003675119441381845
0.0009187798603454612
0.0012862918044836457
0.002205071664829107
0.00018375597206909226
0.00018375597206909226
0.0009187798603454612
0.0009187798603454612
0.00018375597206909226
0.00018375597206909226
0.001470047776552738
0.0011025358324145535
0.0012862918044836457
0.00018375597206909226
0.0009187798603454612
0.015067989709665565
0.01800808526277104
0.0011025358324145535
0.00018375597206909226
0.0011025358324145535
0.00018375597206909226
0.00018375597206909226
0.001470047776552738
0.0003675119441381845
0.0009187798603454612
0.001470047776552738
0.00018375597206909226
0.0003675119441381845
0.0027563395810363835
0.0003675119441381845
0.00018375597206909226
0.00018375597206909226
0.0011025358324145535
0.0011025358324145535
0.0011025358324145535
0.0003675119441381845
0.006615214994487321
0.0005512679162072767
0.00018375597206909226
0.004226387357589121
0.014149209849320103
0.0003675119441381845
0.00018375597206909226
0.0009187798603454612
0.000735023888276369
0.000735023888276369
0.0003675119441381845
0.0011025358324145535
0.00018375597206909226
0.0005512679162072767
0.000735023888276369
0.0009187798603454612
0.00018375597206909226
0.0005512679162072767
0.0034913634693127527
0.00018375597206909226
0.0003675119441381845
0.0003675119441381845
0.000735023888276369
0.0005512679162072767
0.000735023888276369
0.0009187798603454612
0.0009187798603454612
0.0003675119441381845
0.0005512679162072767
0.0009187798603454612
0.0005512679162072767
0.0003675119441381845
0.00018375597206909226
0.0012862918044836457
0.0011025358324145535
0.00018375597206909226
0.00018375597206909226
0.00018375597206909226
0.00018375597206909226
0.0003675119441381845
0.0003675119441381845
0.0018375597206909224
0.0016538037486218302
0.0018375597206909224
0.002388827636898199
0.0018375597206909224
0.0031238515251745683
0.0012862918044836457
0.002205071664829107
0.001470047776552738
0.000735023888276369
0.0018375597206909224
0.0012862918044836457
0.0012862918044836457
0.0016538037486218302
0.0003675119441381845
0.0018375597206909224
0.00018375597206909226
0.000735023888276369
0.0003675119441381845
0.0003675119441381845
0.0005512679162072767
0.0016538037486218302
0.00018375597206909226
0.0003675119441381845
0.0003675119441381845
0.00018375597206909226
0.0003675119441381845
0.0003675119441381845
0.0003675119441381845
0.000735023888276369
0.0003675119441381845
0.007901506798970967
0.0009187798603454612
0.00018375597206909226
0.0003675119441381845
0.0016538037486218302
0.00018375597206909226
0.002205071664829107
0.0005512679162072767
0.0005512679162072767
0.0003675119441381845
0.0003675119441381845
0.0003675119441381845
0.0003675119441381845
0.002940095553105476
0.0003675119441381845
0.0003675119441381845
0.00018375597206909226
0.002205071664829107
0.0005512679162072767
0.0005512679162072767
0.00018375597206909226
0.00018375597206909226
0.000735023888276369
0.0003675119441381845
0.0003675119441381845
0.0003675119441381845
0.0009187798603454612
0.0005512679162072767
0.0003675119441381845
0.0003675119441381845
0.0003675119441381845
0.0011025358324145535
0.0003675119441381845
0.0003675119441381845
0.0005512679162072767
0.00018375597206909226
0.0012862918044836457
0.00018375597206909226
0.000735023888276369
0.0003675119441381845
0.00018375597206909226
0.0003675119441381845
0.0009187798603454612
0.00018375597206909226
0.0003675119441381845
0.00018375597206909226
0.0003675119441381845
0.0005512679162072767
0.003675119441381845
0.0012862918044836457
0.0003675119441381845
0.003858875413450937
0.000735023888276369
0.0003675119441381845
0.00018375597206909226
0.0003675119441381845
0.0003675119441381845
0.0003675119441381845
0.00018375597206909226
0.0009187798603454612
0.0005512679162072767
0.00018375597206909226
0.00018375597206909226
0.000735023888276369
0.001470047776552738
0.00018375597206909226
0.00018375597206909226
0.000735023888276369
0.0005512679162072767
0.0003675119441381845
0.00018375597206909226
0.0005512679162072767
0.0003675119441381845
0.0009187798603454612
0.0025725836089672913
0.000735023888276369
0.00018375597206909226
0.00018375597206909226
0.007901506798970967
0.00018375597206909226
0.00018375597206909226
0.002021315692760015
0.00018375597206909226
0.0005512679162072767
0.0003675119441381845
0.00735023888276369
0.00018375597206909226
0.00018375597206909226
0.0003675119441381845
0.0003675119441381845
0.0011025358324145535
0.0003675119441381845
0.00018375597206909226
0.00018375597206909226
0.0009187798603454612
0.00018375597206909226
0.000735023888276369
0.000735023888276369
0.00018375597206909226
0.0011025358324145535
0.0003675119441381845
0.00018375597206909226
0.00018375597206909226
0.0005512679162072767
0.0005512679162072767
0.00018375597206909226
0.00018375597206909226
0.00018375597206909226
0.00018375597206909226
0.0009187798603454612
0.00018375597206909226
0.001470047776552738
0.0003675119441381845
0.00018375597206909226
0.0003675119441381845
0.0012862918044836457
0.00018375597206909226
0.00018375597206909226
0.0005512679162072767
0.0003675119441381845
0.0005512679162072767
0.00018375597206909226
0.000735023888276369
0.0009187798603454612
0.002021315692760015
0.00018375597206909226
0.00018375597206909226
0.0003675119441381845
0.0003675119441381845
0.0018375597206909224
0.00018375597206909226
0.0009187798603454612
0.0003675119441381845
0.00018375597206909226
0.00018375597206909226
0.00018375597206909226
0.00018375597206909226
0.00018375597206909226
0.0005512679162072767
0.0005512679162072767
0.00018375597206909226
0.00018375597206909226
0.0003675119441381845
0.0005512679162072767
0.00018375597206909226
0.000735023888276369
0.000735023888276369
0.002940095553105476
0.002205071664829107
0.002388827636898199
0.000735023888276369
0.0005512679162072767
0.000735023888276369
0.000735023888276369
0.000735023888276369
0.0003675119441381845
0.0003675119441381845
0.00018375597206909226
0.0003675119441381845
0.0003675119441381845
0.00018375597206909226
0.0016538037486218302
0.00018375597206909226
0.0003675119441381845
0.00018375597206909226
0.0003675119441381845
0.001470047776552738
0.000735023888276369
0.00018375597206909226
0.0005512679162072767
0.0005512679162072767
0.00018375597206909226
0.00018375597206909226
0.00018375597206909226
0.00018375597206909226
0.0005512679162072767
0.00018375597206909226
0.00018375597206909226
0.0003675119441381845
0.00018375597206909226
0.00018375597206909226
0.0011025358324145535
0.00018375597206909226
0.0005512679162072767
0.002021315692760015
0.0012862918044836457
0.00018375597206909226
0.0003675119441381845
0.000735023888276369
0.00018375597206909226
0.0003675119441381845
0.0011025358324145535
0.0011025358324145535
0.0003675119441381845
0.003858875413450937
0.00018375597206909226
0.002388827636898199
0.0003675119441381845
0.000735023888276369
0.00018375597206909226
0.0016538037486218302
0.00018375597206909226
0.0003675119441381845
0.00018375597206909226
0.002205071664829107
0.00018375597206909226
0.00569643513414186
0.001470047776552738
0.0003675119441381845
0.0003675119441381845
0.000735023888276369
0.0009187798603454612
0.00018375597206909226
0.0005512679162072767
0.00018375597206909226
0.00018375597206909226
0.00018375597206909226
0.00018375597206909226
0.00018375597206909226
0.0003675119441381845
0.00018375597206909226
0.000735023888276369
0.000735023888276369
0.00018375597206909226
0.0003675119441381845
0.0005512679162072767
0.0009187798603454612
0.0003675119441381845
0.0005512679162072767
0.0005512679162072767
0.00018375597206909226
0.00018375597206909226
0.000735023888276369
0.0009187798603454612
0.0005512679162072767
0.004410143329658214
0.003858875413450937
0.0003675119441381845
0.00018375597206909226
0.0005512679162072767
0.002021315692760015
0.00018375597206909226
0.0003675119441381845
0.0016538037486218302
0.001470047776552738
0.0009187798603454612
0.00018375597206909226
0.0005512679162072767
0.00018375597206909226
0.0018375597206909224
0.002388827636898199
0.0005512679162072767
0.001470047776552738
0.00018375597206909226
0.000735023888276369
0.0005512679162072767
0.00018375597206909226
0.000735023888276369
0.00018375597206909226
0.00018375597206909226
0.0025725836089672913
0.00018375597206909226
0.00018375597206909226
0.00018375597206909226
0.00018375597206909226
0.000735023888276369
0.0005512679162072767
0.00018375597206909226
0.0003675119441381845
0.0005512679162072767
0.0003675119441381845
0.00018375597206909226
0.00018375597206909226
0.00018375597206909226
0.00018375597206909226
0.0003675119441381845
0.00018375597206909226
0.00018375597206909226
0.0003675119441381845
0.000735023888276369
0.0012862918044836457
0.002940095553105476
0.00018375597206909226
0.001470047776552738
0.0016538037486218302
0.0003675119441381845
0.000735023888276369
0.0009187798603454612
0.0003675119441381845
0.00018375597206909226
0.00018375597206909226
0.00018375597206909226
0.0005512679162072767
0.00018375597206909226
0.0009187798603454612
0.00018375597206909226
0.0012862918044836457
0.0005512679162072767
0.0016538037486218302
0.00018375597206909226
0.0012862918044836457
0.00018375597206909226
0.00018375597206909226
0.0009187798603454612
0.000735023888276369
0.0005512679162072767
0.00018375597206909226
0.000735023888276369
0.00018375597206909226
0.0011025358324145535
0.000735023888276369
0.0005512679162072767
0.00018375597206909226
0.00018375597206909226
0.00018375597206909226
0.00018375597206909226
0.0005512679162072767
0.00018375597206909226
0.0005512679162072767
0.00018375597206909226
0.00018375597206909226
0.00018375597206909226
0.0003675119441381845
0.0003675119441381845
0.0005512679162072767
0.00018375597206909226
0.00018375597206909226
0.00018375597206909226
0.00018375597206909226
0.0016538037486218302
0.00018375597206909226
0.00018375597206909226
0.0005512679162072767
0.000735023888276369
0.00018375597206909226
0.0005512679162072767
0.000735023888276369
0.0005512679162072767
0.00018375597206909226
0.0005512679162072767
0.00018375597206909226
0.00018375597206909226
0.0005512679162072767
0.00018375597206909226
0.0012862918044836457
0.0005512679162072767
0.00018375597206909226
0.0005512679162072767
0.0005512679162072767
0.00018375597206909226
0.0011025358324145535
0.0009187798603454612
0.00018375597206909226
0.0003675119441381845
0.002021315692760015
0.0003675119441381845
0.00018375597206909226
0.0003675119441381845
0.000735023888276369
0.00018375597206909226
0.000735023888276369
0.00018375597206909226
0.00018375597206909226
0.0009187798603454612
0.0003675119441381845
0.0025725836089672913
0.0016538037486218302
0.000735023888276369
0.001470047776552738
0.00018375597206909226
0.00018375597206909226
0.0009187798603454612
0.0005512679162072767
0.00018375597206909226
0.0011025358324145535
0.0011025358324145535
0.002205071664829107
0.00018375597206909226
0.0003675119441381845
0.0005512679162072767
0.0016538037486218302
0.002205071664829107
0.00018375597206909226
0.0005512679162072767
0.0018375597206909224
0.00018375597206909226
0.00018375597206909226
0.00018375597206909226
0.0003675119441381845
0.000735023888276369
0.00018375597206909226
0.0005512679162072767
0.0003675119441381845
0.001470047776552738
0.000735023888276369
0.0011025358324145535
0.00018375597206909226
0.001470047776552738
0.00018375597206909226
0.00018375597206909226
0.00018375597206909226
0.0005512679162072767
0.0005512679162072767
0.00018375597206909226
0.0003675119441381845
0.0003675119441381845
0.0003675119441381845
0.000735023888276369
0.0003675119441381845
0.000735023888276369
0.000735023888276369
0.00018375597206909226
0.000735023888276369
0.000735023888276369
0.0003675119441381845
0.0003675119441381845
0.0005512679162072767
0.00018375597206909226
0.0003675119441381845
0.00018375597206909226
0.00018375597206909226
0.00018375597206909226
0.0003675119441381845
0.000735023888276369
0.00018375597206909226
0.00018375597206909226
0.0005512679162072767
0.00018375597206909226
0.00018375597206909226
0.0003675119441381845
0.0003675119441381845
0.0003675119441381845
0.000735023888276369
0.00018375597206909226
0.0016538037486218302
0.000735023888276369
0.00018375597206909226
0.0003675119441381845
0.0003675119441381845
0.000735023888276369
0.0005512679162072767
0.00018375597206909226
0.00018375597206909226
0.001470047776552738
0.00018375597206909226
0.0011025358324145535
0.0005512679162072767
0.00018375597206909226
0.00018375597206909226
0.0005512679162072767
0.00018375597206909226
0.00018375597206909226
0.00018375597206909226
0.00018375597206909226
0.00018375597206909226
0.0003675119441381845
0.0003675119441381845
0.000735023888276369
0.0005512679162072767
0.00018375597206909226
0.0005512679162072767
0.00018375597206909226
0.00018375597206909226
0.00018375597206909226
0.0005512679162072767
0.00018375597206909226
0.00018375597206909226
0.0016538037486218302
0.00018375597206909226
0.00018375597206909226
0.0016538037486218302
0.0009187798603454612
0.0003675119441381845
0.00018375597206909226
0.000735023888276369
0.00018375597206909226
0.00018375597206909226
0.00018375597206909226
0.000735023888276369
0.0003675119441381845
0.0005512679162072767
0.0003675119441381845
0.00018375597206909226
0.0003675119441381845
0.001470047776552738
0.0003675119441381845
0.000735023888276369
0.0003675119441381845
0.00018375597206909226
0.00018375597206909226
0.0003675119441381845
0.00018375597206909226
0.0005512679162072767
0.0003675119441381845
0.00018375597206909226
0.00018375597206909226
0.00018375597206909226
0.0003675119441381845
0.0003675119441381845
0.0003675119441381845
0.0003675119441381845
0.00018375597206909226
0.0005512679162072767
0.00018375597206909226
0.00018375597206909226
0.00018375597206909226
0.000735023888276369
0.00018375597206909226
0.00018375597206909226
0.0003675119441381845
0.00018375597206909226
0.00018375597206909226
0.00018375597206909226
0.0003675119441381845
0.00018375597206909226
0.0003675119441381845
0.00018375597206909226
0.00018375597206909226
0.0003675119441381845
0.0005512679162072767
0.00018375597206909226
0.00018375597206909226
0.00018375597206909226
0.00018375597206909226
0.00018375597206909226
0.00018375597206909226
0.00018375597206909226
0.0009187798603454612
0.00018375597206909226
0.0003675119441381845
0.0003675119441381845
0.0005512679162072767
0.00018375597206909226
0.0005512679162072767
0.00018375597206909226
0.00018375597206909226
0.00018375597206909226
0.00018375597206909226
0.00018375597206909226
0.0009187798603454612
0.0003675119441381845
0.00018375597206909226
0.0003675119441381845
0.0003675119441381845
0.00018375597206909226
0.0005512679162072767
0.0003675119441381845
0.0005512679162072767
0.0003675119441381845
0.00018375597206909226
0.0005512679162072767
0.00018375597206909226
0.00018375597206909226
0.00018375597206909226
0.0009187798603454612
0.00018375597206909226
0.0003675119441381845
0.0003675119441381845
0.0003675119441381845
0.000735023888276369
0.00018375597206909226
0.00018375597206909226
0.0003675119441381845
0.000735023888276369
0.0005512679162072767
0.0005512679162072767
0.0003675119441381845
0.0005512679162072767
0.0003675119441381845
0.0003675119441381845
0.0005512679162072767
0.0003675119441381845
0.0011025358324145535
0.00018375597206909226
0.0003675119441381845
0.0018375597206909224
0.00018375597206909226
0.0003675119441381845
0.00018375597206909226
0.00018375597206909226
0.00018375597206909226
0.00018375597206909226
0.00018375597206909226
0.0003675119441381845
0.0003675119441381845
0.00018375597206909226
0.00018375597206909226
0.0005512679162072767
0.0003675119441381845
0.0003675119441381845
0.00018375597206909226
0.00018375597206909226
0.0005512679162072767
0.00018375597206909226
0.0003675119441381845
0.0003675119441381845
0.00018375597206909226
0.000735023888276369
0.0003675119441381845
0.0011025358324145535
0.00018375597206909226
0.00018375597206909226
0.000735023888276369
0.0005512679162072767
0.00018375597206909226
0.00018375597206909226
0.00018375597206909226
0.00018375597206909226
0.00018375597206909226
0.00018375597206909226
0.0009187798603454612
0.0009187798603454612
0.002940095553105476
0.00018375597206909226
0.000735023888276369
0.0018375597206909224
0.0003675119441381845
0.00018375597206909226
0.00018375597206909226
0.0005512679162072767
0.0003675119441381845
0.0005512679162072767
0.0003675119441381845
0.0003675119441381845
0.00018375597206909226
0.0003675119441381845
0.0011025358324145535
0.0003675119441381845
0.00018375597206909226
0.00018375597206909226
0.00018375597206909226
0.000735023888276369
0.00018375597206909226
0.00018375597206909226
0.00018375597206909226
0.00018375597206909226
0.0003675119441381845
0.000735023888276369
0.00018375597206909226
0.00018375597206909226
0.0003675119441381845
0.0003675119441381845
0.00018375597206909226
0.00018375597206909226
0.00018375597206909226
0.0003675119441381845
0.00018375597206909226
0.00018375597206909226
0.0003675119441381845
0.0005512679162072767
0.00018375597206909226
0.0003675119441381845
0.0003675119441381845
0.0003675119441381845
0.00018375597206909226
0.0003675119441381845
0.00018375597206909226
0.0003675119441381845
0.0003675119441381845
0.00018375597206909226
0.00018375597206909226
0.0003675119441381845
0.00018375597206909226
0.000735023888276369
0.0003675119441381845
0.00018375597206909226
0.0005512679162072767
0.00018375597206909226
0.00018375597206909226
0.0003675119441381845
0.00018375597206909226
0.0005512679162072767
0.0005512679162072767
0.00018375597206909226
0.0003675119441381845
0.00018375597206909226
0.00018375597206909226
0.00018375597206909226
0.00018375597206909226
0.0003675119441381845
0.00018375597206909226
0.00018375597206909226
0.00018375597206909226
0.00018375597206909226
0.0003675119441381845
0.0005512679162072767
0.00018375597206909226
0.00018375597206909226
0.00018375597206909226
0.0003675119441381845
0.00018375597206909226
0.00018375597206909226
0.00018375597206909226
0.00018375597206909226
0.0003675119441381845
0.00018375597206909226
0.0018375597206909224
0.00018375597206909226
0.0003675119441381845
0.0003675119441381845
0.00018375597206909226
0.00018375597206909226
0.00018375597206909226
0.00018375597206909226
0.0003675119441381845
0.0003675119441381845
0.00018375597206909226
0.0005512679162072767
0.0003675119441381845
0.000735023888276369
0.00018375597206909226
0.0005512679162072767
0.00018375597206909226
0.00018375597206909226
0.0005512679162072767
0.00018375597206909226
0.00018375597206909226
0.00018375597206909226
0.0003675119441381845
0.0005512679162072767
0.00018375597206909226
0.00018375597206909226
0.00018375597206909226
0.0005512679162072767
0.0003675119441381845
0.0005512679162072767
0.00018375597206909226
0.0009187798603454612
0.00018375597206909226
0.0005512679162072767
0.0003675119441381845
0.0005512679162072767
0.00018375597206909226
0.0005512679162072767
0.000735023888276369
0.00018375597206909226
0.00018375597206909226
0.00018375597206909226
0.0012862918044836457
0.00018375597206909226
0.00018375597206909226
0.0003675119441381845
0.00018375597206909226
0.00018375597206909226
0.000735023888276369
0.0003675119441381845
0.0003675119441381845
0.00018375597206909226
0.00018375597206909226
0.00018375597206909226
0.00018375597206909226
0.0003675119441381845
0.0003675119441381845
0.00018375597206909226
0.00018375597206909226
0.0003675119441381845
0.000735023888276369
0.00018375597206909226
0.00018375597206909226
0.00018375597206909226
0.0003675119441381845
0.00018375597206909226
0.00018375597206909226
0.00018375597206909226
0.0003675119441381845
0.00018375597206909226
0.00018375597206909226
0.0012862918044836457
0.00018375597206909226
0.0003675119441381845
0.00018375597206909226
0.0009187798603454612
0.00018375597206909226
0.00018375597206909226
0.00018375597206909226
0.0005512679162072767
0.00018375597206909226
0.0003675119441381845
0.00018375597206909226
0.0005512679162072767
0.0009187798603454612
0.0005512679162072767
0.0005512679162072767
0.0005512679162072767
0.0005512679162072767
0.00018375597206909226
0.0009187798603454612
0.00018375597206909226
0.00018375597206909226
0.0003675119441381845
0.00018375597206909226
0.00018375597206909226
0.0005512679162072767
0.0003675119441381845
0.0003675119441381845
0.00018375597206909226
0.0003675119441381845
0.0012862918044836457
0.00018375597206909226
0.00018375597206909226
0.00018375597206909226
0.00018375597206909226
0.00018375597206909226
0.0003675119441381845
0.00018375597206909226
0.00018375597206909226
0.00018375597206909226
0.0025725836089672913
0.00018375597206909226
0.00018375597206909226
0.00018375597206909226
0.00018375597206909226
0.00018375597206909226
0.0003675119441381845
0.00018375597206909226
0.0003675119441381845
0.0003675119441381845
0.002205071664829107
0.0005512679162072767
0.00018375597206909226
0.00018375597206909226
0.00018375597206909226
0.00018375597206909226
0.00018375597206909226
0.00018375597206909226
0.00018375597206909226
0.00018375597206909226
0.0003675119441381845
0.00018375597206909226
0.00018375597206909226
0.0003675119441381845
0.0003675119441381845
0.00018375597206909226
0.00018375597206909226
0.00018375597206909226
0.00018375597206909226
0.00018375597206909226
0.00018375597206909226
0.00018375597206909226
0.00018375597206909226
0.0003675119441381845
0.0005512679162072767
0.0003675119441381845
0.00018375597206909226
0.00018375597206909226
0.0005512679162072767
0.00018375597206909226
0.00018375597206909226
0.00018375597206909226
0.00018375597206909226
0.0005512679162072767
0.0003675119441381845
0.00018375597206909226
0.00018375597206909226
0.00018375597206909226
0.00018375597206909226
0.00018375597206909226
0.00018375597206909226
0.00018375597206909226
0.0003675119441381845
0.0009187798603454612
0.0005512679162072767
0.0003675119441381845
0.00018375597206909226
0.00018375597206909226
0.00018375597206909226
0.00018375597206909226
0.0003675119441381845
0.00018375597206909226
0.0003675119441381845
0.00018375597206909226
0.000735023888276369
0.00018375597206909226
0.00018375597206909226
0.00018375597206909226
0.00018375597206909226
0.00018375597206909226
0.00018375597206909226
0.0003675119441381845
0.00018375597206909226
0.00018375597206909226
0.00018375597206909226
0.0003675119441381845
0.00018375597206909226
0.00018375597206909226
0.00018375597206909226
0.00018375597206909226
0.00018375597206909226
0.00018375597206909226
0.00018375597206909226
0.00018375597206909226
0.0003675119441381845
0.0003675119441381845
0.0003675119441381845
0.0005512679162072767
0.0005512679162072767
0.00018375597206909226
0.00018375597206909226
0.0003675119441381845
0.0003675119441381845
0.00018375597206909226
0.00018375597206909226
0.0016538037486218302
0.00018375597206909226
0.0003675119441381845
0.00018375597206909226
0.00018375597206909226
0.00018375597206909226
0.00018375597206909226
0.00018375597206909226
0.0003675119441381845
0.00018375597206909226
0.0009187798603454612
0.0005512679162072767
0.000735023888276369
0.000735023888276369
0.00018375597206909226
0.00018375597206909226
0.00018375597206909226
0.00018375597206909226
0.00018375597206909226
0.00018375597206909226
0.00018375597206909226
0.0003675119441381845
0.00018375597206909226
0.00018375597206909226
0.0011025358324145535
0.0005512679162072767
0.000735023888276369
0.000735023888276369
0.0005512679162072767
0.0005512679162072767
0.00018375597206909226
0.00018375597206909226
0.00018375597206909226
0.0011025358324145535
0.00018375597206909226
0.00018375597206909226
0.00018375597206909226
0.00018375597206909226
0.0003675119441381845
0.00018375597206909226
0.00018375597206909226
0.00018375597206909226
0.0003675119441381845
0.0003675119441381845
0.00018375597206909226
0.00018375597206909226
0.0003675119441381845
0.0005512679162072767
0.00018375597206909226
0.00018375597206909226
0.00018375597206909226
0.00018375597206909226
0.0005512679162072767
0.0003675119441381845
0.00018375597206909226
0.0016538037486218302
0.000735023888276369
0.00018375597206909226
0.0003675119441381845
0.0003675119441381845
0.00018375597206909226
0.00018375597206909226
0.0003675119441381845
0.00018375597206909226
0.0003675119441381845
0.0003675119441381845
0.0003675119441381845
0.00018375597206909226
0.00018375597206909226
0.0003675119441381845
0.0005512679162072767
0.00018375597206909226
0.0005512679162072767
0.00018375597206909226
0.0018375597206909224
0.0003675119441381845
0.0003675119441381845
0.00018375597206909226
0.00018375597206909226
0.00018375597206909226
0.00018375597206909226
0.00018375597206909226
0.00018375597206909226
0.00018375597206909226
0.00018375597206909226
0.00018375597206909226
0.00018375597206909226
0.00018375597206909226
0.0003675119441381845
0.0003675119441381845
0.0003675119441381845
0.0003675119441381845
0.00018375597206909226
0.0009187798603454612
0.00018375597206909226
0.00018375597206909226
0.00018375597206909226
0.00018375597206909226
0.00018375597206909226
0.0003675119441381845
0.00018375597206909226
0.00018375597206909226
0.0003675119441381845
0.00018375597206909226
0.00018375597206909226
0.0003675119441381845
0.00018375597206909226
0.00018375597206909226
0.00018375597206909226
0.00018375597206909226
0.00018375597206909226
0.00018375597206909226
0.00018375597206909226
0.0003675119441381845
0.0003675119441381845
0.00018375597206909226
0.00018375597206909226
0.00018375597206909226
0.00018375597206909226
0.00018375597206909226
0.00018375597206909226
0.00018375597206909226
0.00018375597206909226
0.00018375597206909226
0.00018375597206909226
0.00018375597206909226
0.0011025358324145535
0.00018375597206909226
0.00018375597206909226
0.0003675119441381845
0.0003675119441381845
0.0003675119441381845
0.00018375597206909226
0.00018375597206909226
0.00018375597206909226
0.0003675119441381845
0.00018375597206909226
0.00018375597206909226
0.00018375597206909226
0.00018375597206909226
0.0003675119441381845
0.00018375597206909226
0.00018375597206909226
0.00018375597206909226
0.00018375597206909226
0.00018375597206909226
0.0003675119441381845
0.00018375597206909226
0.0005512679162072767
0.00018375597206909226
0.0005512679162072767
0.00018375597206909226
0.00018375597206909226
0.00018375597206909226
0.00018375597206909226
0.0003675119441381845
0.0003675119441381845
0.00018375597206909226
0.00018375597206909226
0.00018375597206909226
0.00018375597206909226
0.00018375597206909226
0.00018375597206909226
0.00018375597206909226
0.00018375597206909226
0.0003675119441381845
0.00018375597206909226
0.00018375597206909226
0.00018375597206909226
0.00018375597206909226
0.0005512679162072767
0.00018375597206909226
0.00018375597206909226
0.00018375597206909226
0.0003675119441381845
0.0009187798603454612
0.00018375597206909226
0.00018375597206909226
0.00018375597206909226
0.00018375597206909226
0.00018375597206909226
0.00018375597206909226
0.00018375597206909226
0.00018375597206909226
0.0005512679162072767
0.00018375597206909226
0.0003675119441381845
0.00018375597206909226
0.00018375597206909226
0.0003675119441381845
0.00018375597206909226
0.00018375597206909226
0.00018375597206909226
0.00018375597206909226
0.00018375597206909226
0.000735023888276369
0.0005512679162072767
0.00018375597206909226
0.00018375597206909226
0.00018375597206909226
0.00018375597206909226
0.00018375597206909226
0.00018375597206909226
0.0003675119441381845
0.00018375597206909226
0.000735023888276369
0.00018375597206909226
0.00018375597206909226
0.00018375597206909226
0.00018375597206909226
0.0003675119441381845
0.00018375597206909226
0.00018375597206909226
0.0003675119441381845
0.00018375597206909226
0.00018375597206909226
0.00018375597206909226
0.00018375597206909226
0.0009187798603454612
0.00018375597206909226
0.00018375597206909226
0.00018375597206909226
0.00018375597206909226
0.00018375597206909226
0.0003675119441381845
0.00018375597206909226
0.00018375597206909226
0.0003675119441381845
0.0016538037486218302
0.0009187798603454612
0.0009187798603454612
0.0012862918044836457
0.0009187798603454612
0.0016538037486218302
0.000735023888276369
0.0018375597206909224
0.000735023888276369
0.0005512679162072767
0.00018375597206909226
0.00018375597206909226
0.00018375597206909226
0.00018375597206909226
0.000735023888276369
0.00018375597206909226
0.00018375597206909226
0.00018375597206909226
0.00018375597206909226
0.00018375597206909226
0.0003675119441381845
0.00018375597206909226
0.00018375597206909226
0.0005512679162072767
0.00018375597206909226
0.00018375597206909226
0.00018375597206909226
0.00018375597206909226
0.00018375597206909226
0.0003675119441381845
0.00018375597206909226
0.00018375597206909226
0.00018375597206909226
0.00018375597206909226
0.00018375597206909226
0.00018375597206909226
0.00018375597206909226
0.00018375597206909226
0.00018375597206909226
0.00018375597206909226
0.00018375597206909226
0.0005512679162072767
0.00018375597206909226
0.00018375597206909226
0.00018375597206909226
0.00018375597206909226
0.00018375597206909226
0.00018375597206909226
0.00018375597206909226
0.0003675119441381845
0.00018375597206909226
0.00018375597206909226
0.00018375597206909226
0.0003675119441381845
0.00018375597206909226
0.00018375597206909226
0.00018375597206909226
0.00018375597206909226
0.0005512679162072767
0.0003675119441381845
0.00018375597206909226
0.00018375597206909226
0.00018375597206909226
0.00018375597206909226
0.00018375597206909226
0.00018375597206909226
0.00018375597206909226
0.00018375597206909226
0.00018375597206909226
0.00018375597206909226
0.00018375597206909226
0.00018375597206909226
0.00018375597206909226
0.0003675119441381845
0.00018375597206909226
0.00018375597206909226
0.00018375597206909226
0.00018375597206909226
0.00018375597206909226
0.00018375597206909226
0.00018375597206909226
0.000735023888276369
0.00018375597206909226
0.00018375597206909226
0.00018375597206909226
0.00018375597206909226
0.00018375597206909226
0.00018375597206909226
0.00018375597206909226
0.00018375597206909226
0.00018375597206909226
0.00018375597206909226
0.00018375597206909226
0.00018375597206909226
0.00018375597206909226
0.00018375597206909226
0.00018375597206909226
0.00018375597206909226
0.00018375597206909226
0.00018375597206909226
0.00018375597206909226
0.00018375597206909226
0.0018375597206909224
0.00018375597206909226
0.0005512679162072767
0.00018375597206909226
0.00018375597206909226
0.00018375597206909226
0.00018375597206909226
0.00018375597206909226
0.00018375597206909226
0.00018375597206909226
0.00018375597206909226
0.00018375597206909226
0.00018375597206909226
0.0003675119441381845
0.00018375597206909226
0.00018375597206909226
0.00018375597206909226
0.00018375597206909226
0.0003675119441381845
0.00018375597206909226
0.00018375597206909226
0.00018375597206909226
0.00018375597206909226
0.00018375597206909226
0.00018375597206909226
0.00018375597206909226
0.00018375597206909226
0.0003675119441381845
0.0005512679162072767
0.00018375597206909226
0.00018375597206909226
0.00018375597206909226
0.00018375597206909226
0.00018375597206909226
0.00018375597206909226
0.00018375597206909226
0.0003675119441381845
0.001470047776552738
0.00018375597206909226
0.00018375597206909226
0.0003675119441381845
0.0003675119441381845
0.00018375597206909226
0.00018375597206909226
0.00018375597206909226
0.00018375597206909226
0.00018375597206909226
0.00018375597206909226
0.00018375597206909226
0.00018375597206909226
0.00018375597206909226
0.00018375597206909226
0.0009187798603454612
0.00018375597206909226
0.00018375597206909226
0.00018375597206909226
0.00018375597206909226
0.00018375597206909226
0.00018375597206909226
0.00018375597206909226
0.00018375597206909226
0.00018375597206909226
0.00018375597206909226
0.00018375597206909226
0.00018375597206909226
0.00018375597206909226
0.00018375597206909226
0.00018375597206909226
0.00018375597206909226
0.00018375597206909226
0.00018375597206909226
0.00018375597206909226
0.00018375597206909226
0.00018375597206909226
0.00018375597206909226
0.004226387357589121
0.004226387357589121
0.004226387357589121
0.00018375597206909226
0.0009187798603454612
0.00018375597206909226
0.0003675119441381845
0.000735023888276369
0.00018375597206909226
0.0003675119441381845
0.00018375597206909226
0.0003675119441381845
0.00018375597206909226
0.00018375597206909226
0.00018375597206909226
0.00018375597206909226
0.00018375597206909226
0.00018375597206909226
0.0003675119441381845
0.00018375597206909226
0.00018375597206909226
0.00018375597206909226
0.00018375597206909226
0.00018375597206909226
0.00018375597206909226
0.00018375597206909226
0.00018375597206909226
0.00018375597206909226
0.00018375597206909226
0.00018375597206909226
0.00018375597206909226
0.00018375597206909226
0.00018375597206909226
0.00018375597206909226
0.00018375597206909226
0.00018375597206909226
0.00018375597206909226
0.0005512679162072767
0.0003675119441381845
0.00018375597206909226
0.0003675119441381845
0.00018375597206909226
0.0003675119441381845
0.00018375597206909226
0.00018375597206909226
0.00018375597206909226
0.00018375597206909226
0.0005512679162072767
0.00018375597206909226
0.00018375597206909226
0.00018375597206909226
0.00018375597206909226
0.00018375597206909226
0.00018375597206909226
0.00018375597206909226
0.00018375597206909226
0.00018375597206909226
0.00018375597206909226
0.00018375597206909226
0.00018375597206909226
0.00018375597206909226
0.00018375597206909226
0.00018375597206909226
0.0003675119441381845
0.00018375597206909226
0.00018375597206909226
0.00018375597206909226
0.00018375597206909226
0.00018375597206909226
0.00018375597206909226
0.0003675119441381845
0.00018375597206909226
0.00018375597206909226
0.00018375597206909226
0.00018375597206909226
0.00018375597206909226
0.00018375597206909226
0.00018375597206909226
0.00018375597206909226
0.00018375597206909226
0.0003675119441381845
0.00018375597206909226
0.00018375597206909226
0.00018375597206909226
0.0003675119441381845
0.00018375597206909226
0.00018375597206909226
0.0003675119441381845
0.00018375597206909226
0.00018375597206909226
0.00018375597206909226
0.00018375597206909226
0.00018375597206909226
0.00018375597206909226
0.00018375597206909226
0.00018375597206909226
0.00018375597206909226
0.00018375597206909226
0.00018375597206909226
0.00018375597206909226
0.00018375597206909226
0.00018375597206909226
0.00018375597206909226
0.00018375597206909226
0.0003675119441381845
0.00018375597206909226
0.00018375597206909226
0.00018375597206909226
0.0003675119441381845
0.00018375597206909226
0.00018375597206909226
0.00018375597206909226
0.00018375597206909226
0.00018375597206909226
0.00018375597206909226
0.00018375597206909226
0.0003675119441381845
0.00018375597206909226
0.00018375597206909226
0.00018375597206909226
0.00018375597206909226
0.00018375597206909226
0.00018375597206909226
0.00018375597206909226
0.00018375597206909226
0.00018375597206909226
0.00018375597206909226
0.00018375597206909226
0.00018375597206909226
0.00018375597206909226
0.00018375597206909226
0.00018375597206909226
0.00018375597206909226
0.00018375597206909226
0.00018375597206909226
0.00018375597206909226
0.00018375597206909226
0.00018375597206909226
0.00018375597206909226
0.00018375597206909226
0.00018375597206909226
0.00018375597206909226
0.00018375597206909226
0.00018375597206909226
0.00018375597206909226
0.00018375597206909226
0.00018375597206909226
0.00018375597206909226
0.00018375597206909226
0.00018375597206909226
0.00018375597206909226
0.00018375597206909226
0.00018375597206909226
0.00018375597206909226
0.00018375597206909226
0.00018375597206909226
0.00018375597206909226
0.0003675119441381845
0.00018375597206909226
0.00018375597206909226
0.00018375597206909226
0.00018375597206909226
0.00018375597206909226
0.00018375597206909226