0.000235626767200754
0.000235626767200754
0.000117813383600377
0.000117813383600377
0.020381715362865222
0.00824693685202639
0.03628652214891612
0.009189443920829406
0.021088595664467483
0.000117813383600377
0.004948162111215834
0.01060320452403393
0.002120640904806786
0.003180961357210179
0.003298774740810556
0.004594721960414703
0.006597549481621112
0.000235626767200754
0.000589066918001885
0.000235626767200754
0.000235626767200754
0.000235626767200754
0.000235626767200754
0.000235626767200754
0.000235626767200754
0.001413760603204524
0.012134778510838832
0.000471253534401508
0.000235626767200754
0.002474081055607917
0.01731856738925542
0.001060320452403393
0.001531573986804901
0.005065975494816211
0.002120640904806786
0.000471253534401508
0.000117813383600377
0.001413760603204524
0.000589066918001885
0.0012959472196041471
0.000824693685202639
0.001413760603204524
0.00706880301602262
0.01614043355325165
0.012723845428840716
0.000942507068803016
0.001413760603204524
0.000235626767200754
0.001060320452403393
0.00789349670122526
0.002709707822808671
0.002709707822808671
0.001767200754005655
0.000824693685202639
0.0025918944392082943
0.002002827521206409
0.000117813383600377
0.000117813383600377
0.001649387370405278
0.000117813383600377
0.000589066918001885
0.00789349670122526
0.000235626767200754
0.000353440150801131
0.000117813383600377
0.000706880301602262
0.000235626767200754
0.004005655042412818
0.000589066918001885
0.000353440150801131
0.001413760603204524
0.00471253534401508
0.004830348727615457
0.000117813383600377
0.002120640904806786
0.000942507068803016
0.000353440150801131
0.004830348727615457
0.000353440150801131
0.002002827521206409
0.0012959472196041471
0.000589066918001885
0.000353440150801131
0.000471253534401508
0.00235626767200754
0.000471253534401508
0.000471253534401508
0.002709707822808671
0.000706880301602262
0.000235626767200754
0.000353440150801131
0.000706880301602262
0.0012959472196041471
0.000117813383600377
0.005065975494816211
0.006833176248821867
0.000824693685202639
0.000824693685202639
0.002827521206409048
0.000706880301602262
0.000117813383600377
0.002827521206409048
0.000117813383600377
0.000117813383600377
0.000117813383600377
0.000117813383600377
0.000117813383600377
0.000706880301602262
0.001060320452403393
0.000235626767200754
0.000353440150801131
0.000235626767200754
0.000117813383600377
0.00117813383600377
0.000471253534401508
0.000824693685202639
0.000824693685202639
0.003180961357210179
0.002474081055607917
0.000589066918001885
0.001060320452403393
0.000589066918001885
0.000706880301602262
0.002238454288407163
0.000706880301602262
0.002002827521206409
0.000824693685202639
0.000117813383600377
0.001531573986804901
0.001531573986804901
0.000353440150801131
0.000589066918001885
0.003063147973609802
0.000117813383600377
0.000117813383600377
0.000117813383600377
0.00117813383600377
0.001767200754005655
0.000117813383600377
0.000353440150801131
0.000117813383600377
0.000589066918001885
0.000235626767200754
0.000235626767200754
0.00117813383600377
0.000942507068803016
0.000824693685202639
0.000353440150801131
0.001413760603204524
0.001649387370405278
0.000117813383600377
0.000117813383600377
0.000117813383600377
0.000589066918001885
0.001649387370405278
0.001060320452403393
0.000117813383600377
0.000353440150801131
0.000117813383600377
0.000235626767200754
0.000471253534401508
0.000706880301602262
0.000589066918001885
0.002474081055607917
0.000117813383600377
0.000706880301602262
0.004594721960414703
0.001060320452403393
0.000353440150801131
0.000706880301602262
0.000589066918001885
0.000942507068803016
0.000589066918001885
0.002120640904806786
0.000824693685202639
0.000471253534401508
0.000117813383600377
0.000471253534401508
0.000117813383600377
0.000589066918001885
0.000353440150801131
0.001531573986804901
0.001767200754005655
0.000353440150801131
0.000353440150801131
0.000117813383600377
0.001060320452403393
0.000117813383600377
0.000117813383600377
0.001885014137606032
0.0012959472196041471
0.002945334590009425
0.000824693685202639
0.000353440150801131
0.000706880301602262
0.002709707822808671
0.001885014137606032
0.005772855796418473
0.002827521206409048
0.000235626767200754
0.002002827521206409
0.010367577756833177
0.00117813383600377
0.000824693685202639
0.001060320452403393
0.000117813383600377
0.000942507068803016
0.000117813383600377
0.000353440150801131
0.002474081055607917
0.000824693685202639
0.000235626767200754
0.000235626767200754
0.000235626767200754
0.000117813383600377
0.000471253534401508
0.000706880301602262
0.000117813383600377
0.000117813383600377
0.000353440150801131
0.000824693685202639
0.000235626767200754
0.000235626767200754
0.000117813383600377
0.000117813383600377
0.000589066918001885
0.000235626767200754
0.000117813383600377
0.000353440150801131
0.000824693685202639
0.000117813383600377
0.000589066918001885
0.00789349670122526
0.000706880301602262
0.000824693685202639
0.000117813383600377
0.000824693685202639
0.00117813383600377
0.000117813383600377
0.000471253534401508
0.000117813383600377
0.000589066918001885
0.000235626767200754
0.000942507068803016
0.000471253534401508
0.000117813383600377
0.000942507068803016
0.000117813383600377
0.000353440150801131
0.000235626767200754
0.000235626767200754
0.0012959472196041471
0.002474081055607917
0.000117813383600377
0.000117813383600377
0.001060320452403393
0.000471253534401508
0.000353440150801131
0.000353440150801131
0.000235626767200754
0.000471253534401508
0.000235626767200754
0.0034165881244109333
0.000117813383600377
0.001060320452403393
0.005419415645617342
0.000117813383600377
0.000117813383600377
0.000353440150801131
0.001413760603204524
0.000235626767200754
0.000117813383600377
0.000589066918001885
0.000589066918001885
0.000235626767200754
0.000353440150801131
0.000471253534401508
0.003770028275212064
0.000117813383600377
0.000235626767200754
0.000706880301602262
0.000471253534401508
0.001531573986804901
0.001060320452403393
0.000942507068803016
0.001767200754005655
0.000471253534401508
0.000235626767200754
0.000117813383600377
0.003298774740810556
0.002709707822808671
0.000235626767200754
0.000471253534401508
0.000117813383600377
0.001885014137606032
0.001767200754005655
0.000117813383600377
0.000589066918001885
0.000117813383600377
0.000353440150801131
0.000706880301602262
0.001531573986804901
0.000117813383600377
0.000471253534401508
0.000706880301602262
0.000235626767200754
0.0043590951932139495
0.000117813383600377
0.000353440150801131
0.000589066918001885
0.000471253534401508
0.001767200754005655
0.001649387370405278
0.000117813383600377
0.000706880301602262
0.002002827521206409
0.001885014137606032
0.0012959472196041471
0.0012959472196041471
0.000589066918001885
0.000706880301602262
0.000589066918001885
0.000942507068803016
0.000471253534401508
0.000942507068803016
0.001767200754005655
0.000706880301602262
0.000942507068803016
0.000471253534401508
0.000942507068803016
0.000117813383600377
0.000353440150801131
0.000117813383600377
0.000471253534401508
0.000235626767200754
0.000117813383600377
0.0012959472196041471
0.000589066918001885
0.000235626767200754
0.000117813383600377
0.000471253534401508
0.000353440150801131
0.000824693685202639
0.000117813383600377
0.001531573986804901
0.000235626767200754
0.000706880301602262
0.000117813383600377
0.000589066918001885
0.000353440150801131
0.0025918944392082943
0.000353440150801131
0.000471253534401508
0.000117813383600377
0.000353440150801131
0.000235626767200754
0.000353440150801131
0.000942507068803016
0.000706880301602262
0.000942507068803016
0.000353440150801131
0.000353440150801131
0.000353440150801131
0.000353440150801131
0.000589066918001885
0.000706880301602262
0.0012959472196041471
0.000235626767200754
0.0036522148916116872
0.000824693685202639
0.000706880301602262
0.000471253534401508
0.000824693685202639
0.001531573986804901
0.000235626767200754
0.000589066918001885
0.000235626767200754
0.000824693685202639
0.000471253534401508
0.000471253534401508
0.000117813383600377
0.000353440150801131
0.000117813383600377
0.000471253534401508
0.000471253534401508
0.00235626767200754
0.003770028275212064
0.000706880301602262
0.000353440150801131
0.000353440150801131
0.000589066918001885
0.000117813383600377
0.000353440150801131
0.004594721960414703
0.000589066918001885
0.000117813383600377
0.000589066918001885
0.000824693685202639
0.00117813383600377
0.000589066918001885
0.000117813383600377
0.000235626767200754
0.001060320452403393
0.000589066918001885
0.001767200754005655
0.002827521206409048
0.000353440150801131
0.000942507068803016
0.000117813383600377
0.000117813383600377
0.000471253534401508
0.000117813383600377
0.000235626767200754
0.000824693685202639
0.001060320452403393
0.000471253534401508
0.000117813383600377
0.000353440150801131
0.000942507068803016
0.000942507068803016
0.000824693685202639
0.000589066918001885
0.000353440150801131
0.000353440150801131
0.00235626767200754
0.001531573986804901
0.000589066918001885
0.00117813383600377
0.000117813383600377
0.000117813383600377
0.000117813383600377
0.000235626767200754
0.003770028275212064
0.000117813383600377
0.000235626767200754
0.000235626767200754
0.000117813383600377
0.000117813383600377
0.000942507068803016
0.000235626767200754
0.000235626767200754
0.000117813383600377
0.000235626767200754
0.000471253534401508
0.000589066918001885
0.000235626767200754
0.000117813383600377
0.000117813383600377
0.000117813383600377
0.000942507068803016
0.000235626767200754
0.000589066918001885
0.0025918944392082943
0.000353440150801131
0.003298774740810556
0.000117813383600377
0.000117813383600377
0.000117813383600377
0.000117813383600377
0.000117813383600377
0.000117813383600377
0.0012959472196041471
0.000117813383600377
0.000117813383600377
0.00117813383600377
0.001060320452403393
0.000117813383600377
0.0012959472196041471
0.000117813383600377
0.000117813383600377
0.000117813383600377
0.000235626767200754
0.000117813383600377
0.000117813383600377
0.000353440150801131
0.000235626767200754
0.000706880301602262
0.000589066918001885
0.000589066918001885
0.000117813383600377
0.000471253534401508
0.000353440150801131
0.000235626767200754
0.000117813383600377
0.000235626767200754
0.001531573986804901
0.000117813383600377
0.000235626767200754
0.000117813383600377
0.000117813383600377
0.000706880301602262
0.000235626767200754
0.000117813383600377
0.000353440150801131
0.000589066918001885
0.000589066918001885
0.000353440150801131
0.000235626767200754
0.000117813383600377
0.000117813383600377
0.000353440150801131
0.001060320452403393
0.000117813383600377
0.000235626767200754
0.000117813383600377
0.000706880301602262
0.000235626767200754
0.000471253534401508
0.001531573986804901
0.001060320452403393
0.003887841658812441
0.000824693685202639
0.000471253534401508
0.000942507068803016
0.000117813383600377
0.000235626767200754
0.000235626767200754
0.000235626767200754
0.000235626767200754
0.000235626767200754
0.000117813383600377
0.000117813383600377
0.000235626767200754
0.000117813383600377
0.000235626767200754
0.000117813383600377
0.000117813383600377
0.000353440150801131
0.000117813383600377
0.000117813383600377
0.000353440150801131
0.000117813383600377
0.000353440150801131
0.000117813383600377
0.000235626767200754
0.000235626767200754
0.000589066918001885
0.000117813383600377
0.000353440150801131
0.001060320452403393
0.000706880301602262
0.000589066918001885
0.002238454288407163
0.000824693685202639
0.000471253534401508
0.000235626767200754
0.000942507068803016
0.000353440150801131
0.000235626767200754
0.000824693685202639
0.000117813383600377
0.000235626767200754
0.000117813383600377
0.000353440150801131
0.000942507068803016
0.000117813383600377
0.000117813383600377
0.002120640904806786
0.000235626767200754
0.000235626767200754
0.000942507068803016
0.000235626767200754
0.000117813383600377
0.000235626767200754
0.000117813383600377
0.000117813383600377
0.000353440150801131
0.000235626767200754
0.000471253534401508
0.000117813383600377
0.000117813383600377
0.000117813383600377
0.000471253534401508
0.000117813383600377
0.000117813383600377
0.000942507068803016
0.000117813383600377
0.000117813383600377
0.000117813383600377
0.000235626767200754
0.000117813383600377
0.000471253534401508
0.000117813383600377
0.000117813383600377
0.000706880301602262
0.000117813383600377
0.000235626767200754
0.000117813383600377
0.000471253534401508
0.000235626767200754
0.000353440150801131
0.000117813383600377
0.000235626767200754
0.000117813383600377
0.000235626767200754
0.000117813383600377
0.000235626767200754
0.000706880301602262
0.000235626767200754
0.000117813383600377
0.000117813383600377
0.000353440150801131
0.000235626767200754
0.000353440150801131
0.000471253534401508
0.000235626767200754
0.000235626767200754
0.000235626767200754
0.000353440150801131
0.0012959472196041471
0.000589066918001885
0.000117813383600377
0.000235626767200754
0.000353440150801131
0.001531573986804901
0.000353440150801131
0.000117813383600377
0.000589066918001885
0.000471253534401508
0.000117813383600377
0.000235626767200754
0.000117813383600377
0.000706880301602262
0.001060320452403393
0.000117813383600377
0.00117813383600377
0.000117813383600377
0.000117813383600377
0.000235626767200754
0.000353440150801131
0.000235626767200754
0.000117813383600377
0.000942507068803016
0.000824693685202639
0.000235626767200754
0.000235626767200754
0.002002827521206409
0.001649387370405278
0.000589066918001885
0.000353440150801131
0.000824693685202639
0.000353440150801131
0.000117813383600377
0.000117813383600377
0.000117813383600377
0.000235626767200754
0.000471253534401508
0.000471253534401508
0.000117813383600377
0.000235626767200754
0.000353440150801131
0.000117813383600377
0.000706880301602262
0.000117813383600377
0.000235626767200754
0.000235626767200754
0.000117813383600377
0.000235626767200754
0.000117813383600377
0.000589066918001885
0.000117813383600377
0.000353440150801131
0.000471253534401508
0.000353440150801131
0.000235626767200754
0.000117813383600377
0.000471253534401508
0.000235626767200754
0.000117813383600377
0.000117813383600377
0.000471253534401508
0.000117813383600377
0.000942507068803016
0.000235626767200754
0.000117813383600377
0.001413760603204524
0.00117813383600377
0.000471253534401508
0.000117813383600377
0.000353440150801131
0.000117813383600377
0.000117813383600377
0.001060320452403393
0.000471253534401508
0.001531573986804901
0.000117813383600377
0.000117813383600377
0.000117813383600377
0.000117813383600377
0.000117813383600377
0.000353440150801131
0.000117813383600377
0.000824693685202639
0.001060320452403393
0.000706880301602262
0.000589066918001885
0.000117813383600377
0.000471253534401508
0.000117813383600377
0.000353440150801131
0.000117813383600377
0.001413760603204524
0.000235626767200754
0.000235626767200754
0.000117813383600377
0.000117813383600377
0.000117813383600377
0.000117813383600377
0.000235626767200754
0.000235626767200754
0.000353440150801131
0.000117813383600377
0.000235626767200754
0.000589066918001885
0.000117813383600377
0.000942507068803016
0.002002827521206409
0.00235626767200754
0.000353440150801131
0.000235626767200754
0.000589066918001885
0.000235626767200754
0.000235626767200754
0.007186616399622997
0.00235626767200754
0.000353440150801131
0.000353440150801131
0.00117813383600377
0.000706880301602262
0.000824693685202639
0.000353440150801131
0.000589066918001885
0.000235626767200754
0.000353440150801131
0.000117813383600377
0.001060320452403393
0.000117813383600377
0.000589066918001885
0.000117813383600377
0.000353440150801131
0.000471253534401508
0.000117813383600377
0.000235626767200754
0.000706880301602262
0.000471253534401508
0.000353440150801131
0.000235626767200754
0.000117813383600377
0.000942507068803016
0.000589066918001885
0.000235626767200754
0.000117813383600377
0.000117813383600377
0.000117813383600377
0.000117813383600377
0.000824693685202639
0.001060320452403393
0.000706880301602262
0.000235626767200754
0.000471253534401508
0.000235626767200754
0.000353440150801131
0.000353440150801131
0.000235626767200754
0.000117813383600377
0.000235626767200754
0.000117813383600377
0.000353440150801131
0.000353440150801131
0.000471253534401508
0.000235626767200754
0.000235626767200754
0.000117813383600377
0.000117813383600377
0.000353440150801131
0.000235626767200754
0.000235626767200754
0.000117813383600377
0.000117813383600377
0.000117813383600377
0.000235626767200754
0.000117813383600377
0.000353440150801131
0.001060320452403393
0.000117813383600377
0.000235626767200754
0.000117813383600377
0.000235626767200754
0.000235626767200754
0.000117813383600377
0.000117813383600377
0.000117813383600377
0.000353440150801131
0.000353440150801131
0.000235626767200754
0.000117813383600377
0.000235626767200754
0.000471253534401508
0.000471253534401508
0.000589066918001885
0.000117813383600377
0.000117813383600377
0.000471253534401508
0.000353440150801131
0.000117813383600377
0.000235626767200754
0.000117813383600377
0.000117813383600377
0.000117813383600377
0.000117813383600377
0.000235626767200754
0.000235626767200754
0.000824693685202639
0.000353440150801131
0.000471253534401508
0.000117813383600377
0.000117813383600377
0.000117813383600377
0.000117813383600377
0.000235626767200754
0.000117813383600377
0.000117813383600377
0.000235626767200754
0.000235626767200754
0.000235626767200754
0.000235626767200754
0.000471253534401508
0.000117813383600377
0.000235626767200754
0.0012959472196041471
0.000117813383600377
0.000589066918001885
0.000235626767200754
0.000589066918001885
0.000353440150801131
0.000471253534401508
0.000824693685202639
0.000117813383600377
0.000235626767200754
0.000353440150801131
0.000117813383600377
0.000117813383600377
0.000117813383600377
0.000235626767200754
0.000117813383600377
0.000589066918001885
0.000235626767200754
0.000353440150801131
0.000235626767200754
0.000235626767200754
0.000589066918001885
0.000117813383600377
0.000117813383600377
0.000706880301602262
0.000235626767200754
0.000353440150801131
0.000117813383600377
0.000235626767200754
0.000235626767200754
0.000353440150801131
0.000235626767200754
0.000117813383600377
0.001060320452403393
0.000471253534401508
0.000589066918001885
0.000471253534401508
0.000117813383600377
0.000353440150801131
0.000117813383600377
0.000117813383600377
0.000235626767200754
0.000235626767200754
0.000235626767200754
0.000471253534401508
0.000117813383600377
0.000942507068803016
0.000117813383600377
0.000235626767200754
0.000117813383600377
0.000117813383600377
0.000117813383600377
0.000942507068803016
0.000235626767200754
0.001413760603204524
0.002238454288407163
0.000117813383600377
0.000117813383600377
0.000117813383600377
0.000235626767200754
0.000117813383600377
0.000353440150801131
0.000353440150801131
0.000942507068803016
0.000235626767200754
0.000117813383600377
0.000117813383600377
0.000117813383600377
0.000117813383600377
0.000235626767200754
0.000235626767200754
0.000235626767200754
0.000589066918001885
0.000117813383600377
0.000235626767200754
0.000942507068803016
0.000235626767200754
0.000353440150801131
0.000235626767200754
0.000235626767200754
0.000235626767200754
0.000235626767200754
0.000471253534401508
0.000235626767200754
0.000117813383600377
0.000117813383600377
0.000117813383600377
0.000117813383600377
0.000117813383600377
0.000471253534401508
0.000117813383600377
0.000117813383600377
0.000471253534401508
0.000235626767200754
0.000117813383600377
0.000235626767200754
0.000353440150801131
0.000353440150801131
0.000117813383600377
0.000117813383600377
0.000471253534401508
0.000235626767200754
0.000117813383600377
0.000235626767200754
0.000471253534401508
0.000117813383600377
0.000117813383600377
0.000117813383600377
0.000235626767200754
0.000235626767200754
0.000235626767200754
0.000235626767200754
0.000353440150801131
0.000117813383600377
0.000117813383600377
0.000117813383600377
0.000235626767200754
0.000353440150801131
0.000353440150801131
0.000117813383600377
0.000353440150801131
0.000353440150801131
0.000117813383600377
0.000117813383600377
0.000589066918001885
0.000353440150801131
0.000235626767200754
0.000471253534401508
0.000117813383600377
0.000235626767200754
0.000117813383600377
0.000117813383600377
0.000235626767200754
0.000471253534401508
0.000117813383600377
0.000117813383600377
0.000235626767200754
0.000235626767200754
0.000235626767200754
0.000117813383600377
0.000235626767200754
0.000353440150801131
0.001060320452403393
0.000353440150801131
0.000353440150801131
0.000117813383600377
0.000235626767200754
0.000117813383600377
0.000117813383600377
0.000117813383600377
0.000117813383600377
0.000117813383600377
0.000235626767200754
0.000117813383600377
0.000471253534401508
0.000235626767200754
0.000117813383600377
0.000353440150801131
0.000117813383600377
0.000117813383600377
0.000353440150801131
0.000117813383600377
0.000235626767200754
0.000117813383600377
0.000235626767200754
0.000117813383600377
0.000117813383600377
0.000353440150801131
0.000117813383600377
0.000235626767200754
0.000117813383600377
0.000117813383600377
0.000235626767200754
0.000117813383600377
0.000117813383600377
0.000353440150801131
0.000706880301602262
0.000117813383600377
0.000117813383600377
0.000353440150801131
0.000235626767200754
0.000117813383600377
0.000353440150801131
0.000235626767200754
0.000117813383600377
0.000235626767200754
0.000706880301602262
0.000117813383600377
0.000117813383600377
0.000235626767200754
0.000235626767200754
0.000235626767200754
0.000117813383600377
0.000471253534401508
0.000117813383600377
0.000117813383600377
0.000117813383600377
0.000117813383600377
0.000235626767200754
0.000117813383600377
0.000117813383600377
0.000117813383600377
0.000117813383600377
0.000117813383600377
0.002709707822808671
0.000117813383600377
0.000589066918001885
0.000117813383600377
0.000117813383600377
0.000117813383600377
0.000117813383600377
0.001060320452403393
0.000117813383600377
0.000117813383600377
0.000353440150801131
0.000117813383600377
0.000235626767200754
0.000824693685202639
0.000235626767200754
0.000235626767200754
0.000824693685202639
0.000706880301602262
0.000235626767200754
0.000235626767200754
0.000235626767200754
0.000353440150801131
0.000235626767200754
0.000353440150801131
0.000235626767200754
0.000353440150801131
0.000471253534401508
0.001060320452403393
0.000471253534401508
0.000471253534401508
0.000235626767200754
0.000117813383600377
0.000824693685202639
0.000117813383600377
0.000353440150801131
0.000117813383600377
0.000117813383600377
0.000117813383600377
0.000235626767200754
0.000117813383600377
0.000117813383600377
0.000353440150801131
0.000117813383600377
0.000117813383600377
0.000117813383600377
0.000235626767200754
0.000117813383600377
0.000235626767200754
0.000117813383600377
0.000117813383600377
0.000589066918001885
0.000117813383600377
0.000117813383600377
0.000117813383600377
0.000117813383600377
0.000117813383600377
0.000235626767200754
0.000117813383600377
0.000117813383600377
0.000117813383600377
0.000353440150801131
0.000117813383600377
0.000471253534401508
0.000235626767200754
0.000235626767200754
0.000235626767200754
0.000117813383600377
0.00117813383600377
0.000235626767200754
0.000117813383600377
0.000117813383600377
0.000117813383600377
0.000117813383600377
0.000117813383600377
0.000117813383600377
0.000117813383600377
0.000117813383600377
0.000117813383600377
0.000471253534401508
0.000117813383600377
0.000235626767200754
0.000353440150801131
0.000235626767200754
0.000117813383600377
0.000117813383600377
0.000117813383600377
0.000942507068803016
0.000235626767200754
0.000235626767200754
0.000117813383600377
0.000117813383600377
0.000706880301602262
0.000117813383600377
0.000117813383600377
0.000471253534401508
0.000353440150801131
0.000117813383600377
0.000235626767200754
0.000117813383600377
0.000117813383600377
0.000117813383600377
0.000235626767200754
0.000117813383600377
0.000117813383600377
0.000117813383600377
0.000117813383600377
0.000235626767200754
0.000353440150801131
0.000235626767200754
0.000589066918001885
0.000117813383600377
0.000235626767200754
0.000235626767200754
0.000117813383600377
0.000117813383600377
0.000235626767200754
0.000353440150801131
0.000117813383600377
0.000117813383600377
0.000235626767200754
0.000235626767200754
0.000117813383600377
0.000117813383600377
0.000117813383600377
0.000589066918001885
0.000471253534401508
0.000117813383600377
0.000117813383600377
0.000589066918001885
0.000235626767200754
0.000117813383600377
0.000235626767200754
0.000117813383600377
0.000117813383600377
0.000235626767200754
0.000589066918001885
0.000117813383600377
0.000117813383600377
0.000235626767200754
0.000117813383600377
0.000117813383600377
0.001060320452403393
0.000353440150801131
0.000117813383600377
0.000117813383600377
0.000117813383600377
0.000117813383600377
0.000824693685202639
0.000117813383600377
0.000117813383600377
0.000117813383600377
0.000117813383600377
0.000117813383600377
0.000235626767200754
0.000117813383600377
0.000117813383600377
0.000235626767200754
0.000589066918001885
0.000117813383600377
0.000117813383600377
0.000353440150801131
0.000117813383600377
0.000117813383600377
0.000117813383600377
0.000117813383600377
0.000235626767200754
0.000235626767200754
0.000117813383600377
0.000117813383600377
0.000117813383600377
0.000942507068803016
0.000117813383600377
0.000353440150801131
0.000117813383600377
0.000235626767200754
0.000117813383600377
0.000235626767200754
0.000117813383600377
0.000117813383600377
0.000117813383600377
0.000117813383600377
0.000117813383600377
0.000235626767200754
0.000117813383600377
0.000117813383600377
0.000117813383600377
0.000117813383600377
0.000117813383600377
0.000117813383600377
0.000117813383600377
0.000117813383600377
0.000117813383600377
0.000117813383600377
0.000117813383600377
0.000117813383600377
0.000353440150801131
0.000117813383600377
0.000117813383600377
0.000117813383600377
0.000235626767200754
0.000117813383600377
0.000117813383600377
0.000117813383600377
0.000117813383600377
0.000117813383600377
0.000117813383600377
0.000117813383600377
0.000117813383600377
0.000235626767200754
0.000353440150801131
0.000117813383600377
0.000117813383600377
0.000117813383600377
0.000117813383600377
0.000235626767200754
0.000353440150801131
0.000117813383600377
0.000117813383600377
0.000117813383600377
0.000117813383600377
0.000117813383600377
0.000117813383600377
0.000117813383600377
0.000589066918001885
0.000117813383600377
0.000117813383600377
0.000235626767200754
0.000117813383600377
0.000117813383600377
0.000117813383600377
0.000824693685202639
0.000353440150801131
0.000117813383600377
0.000117813383600377
0.000117813383600377
0.000235626767200754
0.000235626767200754
0.000117813383600377
0.000589066918001885
0.000235626767200754
0.000235626767200754
0.000235626767200754
0.000117813383600377
0.000117813383600377
0.000471253534401508
0.000117813383600377
0.000235626767200754
0.000117813383600377
0.000117813383600377
0.001531573986804901
0.000235626767200754
0.000235626767200754
0.000117813383600377
0.000235626767200754
0.000117813383600377
0.000117813383600377
0.000471253534401508
0.000117813383600377
0.000117813383600377
0.000117813383600377
0.000235626767200754
0.000235626767200754
0.000117813383600377
0.000117813383600377
0.000117813383600377
0.000117813383600377
0.000235626767200754
0.000117813383600377
0.000117813383600377
0.000471253534401508
0.000117813383600377
0.000117813383600377
0.000117813383600377
0.000235626767200754
0.000589066918001885
0.000117813383600377
0.000235626767200754
0.000117813383600377
0.000235626767200754
0.000117813383600377
0.000235626767200754
0.000235626767200754
0.000353440150801131
0.000235626767200754
0.000117813383600377
0.000117813383600377
0.000706880301602262
0.000117813383600377
0.000117813383600377
0.000235626767200754
0.000117813383600377
0.000117813383600377
0.000117813383600377
0.000117813383600377
0.000117813383600377
0.000117813383600377
0.000235626767200754
0.000117813383600377
0.000117813383600377
0.000235626767200754
0.000117813383600377
0.000117813383600377
0.000471253534401508
0.000117813383600377
0.000117813383600377
0.000117813383600377
0.000117813383600377
0.000235626767200754
0.000117813383600377
0.000353440150801131
0.000117813383600377
0.000235626767200754
0.000706880301602262
0.000471253534401508
0.000117813383600377
0.000117813383600377
0.000235626767200754
0.000117813383600377
0.000471253534401508
0.000117813383600377
0.000117813383600377
0.000117813383600377
0.000117813383600377
0.000353440150801131
0.000235626767200754
0.000117813383600377
0.000235626767200754
0.000117813383600377
0.000117813383600377
0.000117813383600377
0.000117813383600377
0.000117813383600377
0.000117813383600377
0.000235626767200754
0.000117813383600377
0.000117813383600377
0.000117813383600377
0.000235626767200754
0.000117813383600377
0.000117813383600377
0.000353440150801131
0.000117813383600377
0.000117813383600377
0.000235626767200754
0.000589066918001885
0.000117813383600377
0.000353440150801131
0.000117813383600377
0.001060320452403393
0.000235626767200754
0.000117813383600377
0.000117813383600377
0.000471253534401508
0.000117813383600377
0.000117813383600377
0.000235626767200754
0.000117813383600377
0.000117813383600377
0.000117813383600377
0.000235626767200754
0.000117813383600377
0.000589066918001885
0.000235626767200754
0.000117813383600377
0.000117813383600377
0.000235626767200754
0.000235626767200754
0.000117813383600377
0.000117813383600377
0.000117813383600377
0.000117813383600377
0.000117813383600377
0.000117813383600377
0.000353440150801131
0.000471253534401508
0.000117813383600377
0.000235626767200754
0.000117813383600377
0.000117813383600377
0.000235626767200754
0.000117813383600377
0.000235626767200754
0.000235626767200754
0.000117813383600377
0.000117813383600377
0.000117813383600377
0.000117813383600377
0.000117813383600377
0.000117813383600377
0.000117813383600377
0.000117813383600377
0.000117813383600377
0.000117813383600377
0.000117813383600377
0.000117813383600377
0.000117813383600377
0.000235626767200754
0.000117813383600377
0.000117813383600377
0.000117813383600377
0.000117813383600377
0.000117813383600377
0.000117813383600377
0.000117813383600377
0.000117813383600377
0.000353440150801131
0.000235626767200754
0.000117813383600377
0.000117813383600377
0.000117813383600377
0.000117813383600377
0.000117813383600377
0.000117813383600377
0.000117813383600377
0.000117813383600377
0.000117813383600377
0.000117813383600377
0.000117813383600377
0.000353440150801131
0.000117813383600377
0.000353440150801131
0.000117813383600377
0.000117813383600377
0.000117813383600377
0.000117813383600377
0.000117813383600377
0.000471253534401508
0.000235626767200754
0.000235626767200754
0.000117813383600377
0.000235626767200754
0.000117813383600377
0.000235626767200754
0.000235626767200754
0.000117813383600377
0.000117813383600377
0.000117813383600377
0.000117813383600377
0.000117813383600377
0.000117813383600377
0.000117813383600377
0.000235626767200754
0.000353440150801131
0.000235626767200754
0.000117813383600377
0.000117813383600377
0.000117813383600377
0.000706880301602262
0.000235626767200754
0.000235626767200754
0.000353440150801131
0.000353440150801131
0.000235626767200754
0.000117813383600377
0.000235626767200754
0.000117813383600377
0.000235626767200754
0.000117813383600377
0.000235626767200754
0.000117813383600377
0.000353440150801131
0.000235626767200754
0.000117813383600377
0.000117813383600377
0.000117813383600377
0.000235626767200754
0.000117813383600377
0.000117813383600377
0.000471253534401508
0.000117813383600377
0.000117813383600377
0.000353440150801131
0.000117813383600377
0.000117813383600377
0.000117813383600377
0.000117813383600377
0.000235626767200754
0.000117813383600377
0.000117813383600377
0.000117813383600377
0.000117813383600377
0.000471253534401508
0.000117813383600377
0.000117813383600377
0.000235626767200754
0.000235626767200754
0.000589066918001885
0.000235626767200754
0.000117813383600377
0.000117813383600377
0.000117813383600377
0.000117813383600377
0.000117813383600377
0.000117813383600377
0.000117813383600377
0.000235626767200754
0.000235626767200754
0.000117813383600377
0.000117813383600377
0.000117813383600377
0.000117813383600377
0.000235626767200754
0.000235626767200754
0.000117813383600377
0.000235626767200754
0.000471253534401508
0.000471253534401508
0.000471253534401508
0.000117813383600377
0.000117813383600377
0.000117813383600377
0.000117813383600377
0.000353440150801131
0.000117813383600377
0.000117813383600377
0.000235626767200754
0.000117813383600377
0.000117813383600377
0.000117813383600377
0.000117813383600377
0.000117813383600377
0.000117813383600377
0.000117813383600377
0.000117813383600377
0.000117813383600377
0.000235626767200754
0.000471253534401508
0.000353440150801131
0.000117813383600377
0.000117813383600377
0.000235626767200754
0.000117813383600377
0.000117813383600377
0.000117813383600377
0.000235626767200754
0.000117813383600377
0.000117813383600377
0.000117813383600377
0.000117813383600377
0.000117813383600377
0.000117813383600377
0.000235626767200754
0.000117813383600377
0.000117813383600377
0.000235626767200754
0.000117813383600377
0.000117813383600377
0.000117813383600377
0.000117813383600377
0.000117813383600377
0.000589066918001885
0.000353440150801131
0.000353440150801131
0.000471253534401508
0.000117813383600377
0.000589066918001885
0.000589066918001885
0.000589066918001885
0.000117813383600377
0.000117813383600377
0.000117813383600377
0.000117813383600377
0.000117813383600377
0.000117813383600377
0.000117813383600377
0.000117813383600377
0.000117813383600377
0.000235626767200754
0.000117813383600377
0.000471253534401508
0.000235626767200754
0.000117813383600377
0.000235626767200754
0.000117813383600377
0.00117813383600377
0.001060320452403393
0.000471253534401508
0.000706880301602262
0.000117813383600377
0.000117813383600377
0.000942507068803016
0.000117813383600377
0.000235626767200754
0.000117813383600377
0.000117813383600377
0.000117813383600377
0.000117813383600377
0.000235626767200754
0.000471253534401508
0.000471253534401508
0.000117813383600377
0.000235626767200754
0.000235626767200754
0.000235626767200754
0.000117813383600377
0.000117813383600377
0.000471253534401508
0.000353440150801131
0.000471253534401508
0.000117813383600377
0.000235626767200754
0.000353440150801131
0.000117813383600377
0.000235626767200754
0.000589066918001885
0.000117813383600377
0.000117813383600377
0.000353440150801131
0.000235626767200754
0.000117813383600377
0.000117813383600377
0.000117813383600377
0.000235626767200754
0.000235626767200754
0.000235626767200754
0.000117813383600377
0.000117813383600377
0.000117813383600377
0.000117813383600377
0.000117813383600377
0.000117813383600377
0.000117813383600377
0.000117813383600377
0.000117813383600377
0.000117813383600377
0.000117813383600377
0.000117813383600377
0.000117813383600377
0.000117813383600377
0.000117813383600377
0.000235626767200754
0.000117813383600377
0.000117813383600377
0.000117813383600377
0.000117813383600377
0.000117813383600377
0.000117813383600377
0.000117813383600377
0.000117813383600377
0.000117813383600377
0.000117813383600377
0.000117813383600377
0.000117813383600377
0.000235626767200754
0.000117813383600377
0.000117813383600377
0.000117813383600377
0.000117813383600377
0.000353440150801131
0.000235626767200754
0.000117813383600377
0.000117813383600377
0.000117813383600377
0.000117813383600377
0.000117813383600377
0.000117813383600377
0.000117813383600377
0.000117813383600377
0.000117813383600377
0.000117813383600377
0.000589066918001885
0.000117813383600377
0.000117813383600377
0.000117813383600377
0.000235626767200754
0.000235626767200754
0.000235626767200754
0.000353440150801131
0.000235626767200754
0.000353440150801131
0.000235626767200754
0.000117813383600377
0.000353440150801131
0.000471253534401508
0.000235626767200754
0.000353440150801131
0.000353440150801131
0.000353440150801131
0.000353440150801131
0.000117813383600377
0.000117813383600377
0.000117813383600377
0.000235626767200754
0.000117813383600377
0.000117813383600377
0.000117813383600377
0.000117813383600377
0.000117813383600377
0.000117813383600377
0.000117813383600377
0.000117813383600377
0.000117813383600377
0.000235626767200754
0.000235626767200754
0.000235626767200754
0.000117813383600377
0.000117813383600377
0.000117813383600377
0.000117813383600377
0.000353440150801131
0.000235626767200754
0.000117813383600377
0.000117813383600377
0.000117813383600377
0.000117813383600377
0.000117813383600377
0.000117813383600377
0.000117813383600377
0.000235626767200754
0.000117813383600377
0.000117813383600377
0.000117813383600377
0.000117813383600377
0.000235626767200754
0.000117813383600377
0.000117813383600377
0.000117813383600377
0.000117813383600377
0.000117813383600377
0.000117813383600377
0.000117813383600377
0.000235626767200754
0.000235626767200754
0.000117813383600377
0.000117813383600377
0.000117813383600377
0.000117813383600377
0.000117813383600377
0.000117813383600377
0.000117813383600377
0.000117813383600377
0.000117813383600377
0.000117813383600377
0.000117813383600377
0.000117813383600377
0.000117813383600377
0.000117813383600377
0.000235626767200754
0.000235626767200754
0.000117813383600377
0.000117813383600377
0.000235626767200754
0.000235626767200754
0.000117813383600377
0.000117813383600377
0.000117813383600377
0.000117813383600377
0.000117813383600377
0.000117813383600377
0.000117813383600377
0.000117813383600377
0.000117813383600377
0.000117813383600377
0.000117813383600377
0.000117813383600377
0.000117813383600377
0.000117813383600377
0.000117813383600377
0.000117813383600377
0.000235626767200754
0.000117813383600377
0.000117813383600377
0.000117813383600377
0.000235626767200754
0.000117813383600377
0.000353440150801131
0.000117813383600377
0.000117813383600377
0.000117813383600377
0.000235626767200754
0.000117813383600377
0.000117813383600377
0.000235626767200754
0.000117813383600377
0.000117813383600377
0.000117813383600377
0.000117813383600377
0.000117813383600377
0.000117813383600377
0.000117813383600377
0.000117813383600377
0.000117813383600377
0.000117813383600377
0.000353440150801131
0.000117813383600377
0.000117813383600377
0.000117813383600377
0.000117813383600377
0.000117813383600377
0.000117813383600377
0.000117813383600377
0.000117813383600377
0.000117813383600377
0.000117813383600377
0.000117813383600377
0.000117813383600377
0.000117813383600377
0.000117813383600377
0.000117813383600377
0.000117813383600377
0.000117813383600377
0.000117813383600377
0.000117813383600377
0.000117813383600377
0.000117813383600377
0.000117813383600377
0.000117813383600377
0.000117813383600377
0.000589066918001885
0.000117813383600377
0.000117813383600377
0.000117813383600377
0.000117813383600377
0.000235626767200754
0.000117813383600377
0.000117813383600377
0.000117813383600377
0.000117813383600377
0.000235626767200754
0.000117813383600377
0.000117813383600377
0.000117813383600377
0.000117813383600377
0.000117813383600377
0.000235626767200754
0.000117813383600377
0.000117813383600377
0.000117813383600377
0.000117813383600377
0.000117813383600377
0.000353440150801131
0.000117813383600377
0.000117813383600377
0.000117813383600377
0.000117813383600377
0.000117813383600377
0.000117813383600377
0.000117813383600377
0.000117813383600377
0.000235626767200754
0.000117813383600377
0.000117813383600377
0.000117813383600377
0.000117813383600377
0.000117813383600377
0.000117813383600377
0.000235626767200754
0.000117813383600377
0.000117813383600377
0.000117813383600377
0.000117813383600377
0.000117813383600377
0.000117813383600377
0.000706880301602262
0.000117813383600377
0.000117813383600377
0.000235626767200754
0.000117813383600377
0.000117813383600377
0.000117813383600377
0.000117813383600377
0.000117813383600377
0.000117813383600377
0.000117813383600377
0.000117813383600377
0.000117813383600377
0.000235626767200754
0.000117813383600377
0.000117813383600377
0.000117813383600377
0.000117813383600377
0.000117813383600377
0.000117813383600377
0.000117813383600377
0.000117813383600377
0.000117813383600377
0.000117813383600377
0.000117813383600377
0.000117813383600377
0.000117813383600377
0.000117813383600377
0.000117813383600377
0.000117813383600377
0.000117813383600377
0.000235626767200754
0.000235626767200754
0.000117813383600377
0.000117813383600377
0.000117813383600377
0.000117813383600377
0.000117813383600377
0.000117813383600377
0.000117813383600377
0.000117813383600377
0.000117813383600377
0.000117813383600377
0.000117813383600377
0.000117813383600377
0.000117813383600377
0.000117813383600377
0.000117813383600377
0.000117813383600377
0.000117813383600377
0.000117813383600377
0.000117813383600377
0.000117813383600377
0.000117813383600377
0.000117813383600377