1
1
55
17
214
17
22
47
31
49
11
128
1
1
38
8
50
29
33
19
7
27
9
10
9
4
6
7
6
26
13
4
21
2
5
12
23
7
1
2
19
5
6
9
9
5
10
28
30
1
8
3
1
10
19
1
4
4
1
3
5
20
1
2
2
2
1
4
8
3
7
6
3
3
4
13
4
1
1
1
1
5
1
1
1
2
5
1
6
2
2
4
3
5
1
5
5
124
1
1
2
14
1
6
1
1
10
1
2
2
7
1
4
1
3
3
8
1
1
1
1
1
1
2
1
1
1
3
1
5
1
3
3
1
11
1
1
2
1
2
9
1
2
1
1
1
1
18
5
45
45
1
9
1
3
1
10
2
3
6
26
8
1
15
7
2
4
3
5
3
1
4
1
1
10
12
4
4
7
17
1
1
1
2
5
8
14
6
1
6
1
1
1
2
2
1
1
2
1
3
5
2
3
1
1
1
5
1
2
3
2
1
4
4
1
1
3
9
1
1
3
4
1
1
9
3
16
2
1
3
2
5
4
2
1
4
8
1
7
5
2
9
4
3
5
2
6
2
1
1
4
2
7
37
18
3
3
3
3
1
7
2
3
1
1
1
1
1
1
3
1
1
2
1
2
3
5
2
1
11
2
1
2
14
3
1
1
4
1
2
3
2
3
2
1
6
2
1
2
1
1
1
1
1
3
6
1
10
3
1
1
2
1
3
1
1
1
3
2
4
9
1
1
4
11
3
103
1
1
1
4
1
2
5
8
1
1
1
10
3
2
3
1
1
1
1
1
3
1
1
3
1
2
3
2
3
14
4
1
1
1
10
20
5
41
1
1
1
2
2
1
1
4
2
1
1
1
1
5
6
1
1
16
1
1
1
1
4
4
2
1
3
4
3
1
1
1
1
4
1
1
2
1
1
1
4
2
4
1
8
22
2
4
8
1
1
1
1
1
5
2
2
8
1
4
2
2
2
2
2
2
1
1
1
1
1
2
3
1
8
2
1
2
2
1
1
2
1
1
1
1
4
5
2
1
2
3
4
2
1
6
1
1
1
2
1
1
1
1
1
2
1
1
1
1
1
1
2
11
1
2
1
1
2
1
1
1
2
2
5
3
1
2
1
2
6
2
1
1
1
1
3
1
2
1
1
1
2
2
1
2
6
3
3
5
2
1
2
1
2
1
11
1
1
1
2
1
1
2
2
2
1
4
4
2
1
4
1
1
1
2
2
2
1
1
1
1
1
1
2
1
1
1
1
2
1
1
3
3
1
2
1
1
1
1
1
1
2
4
1
1
1
1
1
1
1
5
1
1
1
1
1
1
5
1
1
4
28
1
4
6
1
10
4
1
10
2
3
1
5
2
1
2
1
2
3
1
2
3
5
16
2
3
1
1
1
2
1
2
1
3
6
4
3
1
1
1
3
1
1
2
1
1
1
1
1
2
1
1
1
1
1
1
1
1
1
1
1
1
1
2
2
1
4
3
1
1
2
1
6
2
19
3
5
1
2
9
3
3
4
1
1
3
3
1
2
1
2
1
4
13
1
1
1
2
5
5
3
1
4
1
5
1
1
1
1
1
1
1
2
1
1
1
1
1
1
1
1
1
1
1
1
3
3
2
1
1
2
1
1
1
3
2
1
4
3
2
2
1
2
1
1
1
1
1
2
1
1
1
1
1
2
1
1
3
10
2
1
1
1
1
3
2
2
1
1
2
2
1
3
3
5
1
1
8
1
2
1
1
1
3
1
6
1
1
2
2
1
1
1
1
4
4
1
1
1
1
1
1
1
3
1
1
1
1
2
4
1
16
3
1
3
1
2
2
4
2
1
3
3
3
1
3
1
1
1
3
4
4
1
1
1
1
1
1
1
1
3
1
1
2
1
2
3
1
1
3
1
1
1
1
2
2
2
1
1
4
2
1
1
1
2
1
2
1
1
1
2
1
3
1
1
1
1
1
1
1
1
2
2
3
1
1
1
1
2
1
8
1
1
1
1
1
5
4
1
1
1
2
1
1
1
5
1
2
5
4
4
3
1
1
1
1
2
1
2
1
2
2
1
1
1
2
1
3
6
1
1
1
1
1
1
1
4
4
1
4
1
3
2
2
3
1
2
1
1
7
2
1
1
2
1
1
3
1
1
1
1
3
4
2
1
3
3
4
9
2
2
2
1
1
1
1
1
1
1
1
1
2
3
2
2
2
1
1
1
1
1
1
3
2
1
1
6
2
2
2
1
1
1
1
2
2
2
2
2
1
1
2
2
1
2
2
2
1
1
1
1
1
1
1
1
1
1
2
2
3
3
1
4
5
1
1
1
1
1
1
1
2
1
3
1
2
1
1
1
1
1
1
1
3
1
1
1
3
1
1
1
2
1
1
1
2
1
1
1
1
1
1
1
1
1
1
1
1
1
1
1
1
1
1
1
1
1
1
2
1
1
5
1
1
2
1
2
2
1
1
1
1
1
2
1
1
1
1
1
1
2
2
1
1
1
1
1
1
1
1
1
3
4
1
1
1
2
1
1
1
1
1
1
1
1
1
1
1
1
1
1
1
1
1
1
1
1
1
1
1
1
1
1
1
1
1
1
1
1
1
1
1
1
1
1
1
1
1
1
1
1
1
1
1
1
1
1
1
1
1
11
1
3
3
4
7
2
1
1
1
5
1
1
1
1
1
1
1
1
1
2
1
1
1
2
2
1
2
3
1
5
1
2
1
1
1
1
1
1
1
1
1
4
1
2
1
5
2
3
4
2
3
2
2
2
2
2
2
1
1
1
9
1
1
3
2
1
1
1
1
2
2
1
1
1
1
1
1
1
1
1
2
1
1
1
1
1
1
2
1
1
1
2
1
1
1
1
1
1
1
1
1
1
1
1
1
1
1
1
1
1
1
1
1
1
1
1
1
1
1
2
1
1
1
1
1
3
1
1
2
1
1
1
1
1
5
1
1
1
1
1
1
1
1
1
1
1
1
1
2
1
1
1
1
1
1
1
1
1
1
1
1
1
1
1
3
1
1
1
1
1
1
1
1
1
1
1
1
1
1
1
1
1
1
1
1
1
1
1
1
1
1
1
1
3
1
1
2
1
1
1
1
1
1
1
1
1
1
1
1
1
1
1
1
1
1
1
1
1
1
1
1
1
1
1
2
1
1
1
1
1
1
1
1
1
1
1
1
1
1
1
1
1
1
1
1
1
1
1
1
1
1
1
1
1
1
1
1
1
1
1
2
1
1
1
1
1
1
1
1
1
1
1
1
1
1
1
1
1
1
1
1
1
1
2
1
1
1
1
1
1
1
1
1
1
1
1
2
1
1
1
1
1
1
1
1
1
1
1
1
1
1
1
1
1
1
1
1
1
1
1
1
3
1
1
2
1
1
1
1
1
1
1
1
1
1
1
1
1
1
1
1
1
1
1
1
1
1
1