1
14
3
176
150
191
79
26
120
12
2
4
3
6
2
5
3
2
4
3
7
10
48
3
11
76
2
6
1
16
5
2
17
7
9
2
2
4
8
2
8
3
3
2
3
3
45
52
11
2
4
3
2
2
5
1
10
11
7
3
14
1
6
13
8
10
2
3
19
39
9
7
14
3
5
3
10
7
4
1
2
13
17
31
2
7
8
25
1
10
1
1
2
15
2
3
7
1
1
6
1
68
9
1
1
8
7
8
5
4
4
6
3
1
2
1
4
5
10
23
3
2
2
7
3
4
9
2
2
15
5
1
3
6
5
3
2
3
24
2
2
12
8
11
3
2
5
1
2
9
1
5
2
9
1
1
1
1
1
1
13
3
2
1
1
2
1
4
1
1
1
1
3
2
1
1
4
1
6
1
3
11
3
1
1
72
1
8
15
1
1
1
2
2
2
1
2
1
5
1
1
15
3
4
5
1
2
4
3
7
1
3
4
2
1
2
1
6
6
1
1
4
4
1
1
1
1
1
6
1
1
33
1
3
1
6
16
4
2
1
4
2
2
7
2
1
3
2
2
5
1
2
3
1
2
3
1
5
2
2
2
1
1
1
1
1
1
1
2
2
6
18
3
6
1
2
2
6
29
1
2
2
3
3
1
7
5
1
3
2
6
2
2
12
17
2
4
2
10
2
8
3
1
3
2
2
1
5
1
1
1
1
20
2
1
2
5
1
1
10
2
2
2
20
2
1
16
15
1
9
13
9
1
1
12
5
3
1
1
1
2
1
15
2
4
7
11
19
1
5
9
1
3
3
1
1
2
4
1
5
1
13
1
1
3
12
1
2
1
5
4
5
1
8
1
1
4
3
11
2
3
6
2
1
2
9
13
1
1
2
68
3
3
14
2
3
3
13
7
5
1
30
16
8
28
4
15
12
1
8
30
18
2
7
6
7
2
11
10
3
1
1
3
5
3
4
4
1
1
2
22
1
1
1
8
1
13
1
1
4
2
2
2
1
2
1
3
2
1
4
1
6
4
2
3
3
1
2
5
1
4
3
9
4
4
1
1
5
1
1
1
4
1
1
3
4
4
5
2
1
1
6
2
1
1
1
1
1
6
1
7
1
1
2
2
1
1
1
1
3
2
1
1
1
1
1
1
1
8
1
1
1
1
2
5
3
2
1
1
10
1
1
5
2
4
1
1
2
2
1
1
3
2
1
1
1
6
1
2
1
1
1
1
1
1
1
2
1
1
1
4
1
3
1
1
4
1
1
7
7
6
1
3
3
2
5
4
4
5
1
1
4
2
2
2
1
1
1
1
2
1
7
1
1
2
3
1
1
1
1
2
5
1
3
1
5
2
1
1
1
1
1
2
1
3
4
15
1
1
2
1
1
1
6
2
3
12
2
16
2
3
2
1
7
27
3
22
11
2
3
16
8
6
1
2
3
1
10
10
3
2
22
1
10
3
9
2
8
10
4
12
1
1
1
2
2
1
1
1
2
1
2
1
1
1
2
3
5
1
6
2
1
1
2
1
4
2
1
2
1
1
1
2
1
2
3
3
5
1
3
1
4
3
1
1
2
1
3
2
12
15
2
1
5
4
1
8
2
1
1
1
2
1
1
1
1
2
1
4
2
2
9
1
7
1
2
3
1
1
1
6
1
4
1
1
1
2
1
1
3
1
1
1
6
5
3
1
2
3
4
3
4
1
2
1
2
1
1
3
2
7
2
7
2
2
2
5
1
1
1
1
1
3
2
2
1
2
2
12
3
1
8
3
2
3
2
11
2
1
1
1
1
2
1
1
2
3
1
2
2
1
2
1
5
1
1
3
10
13
2
5
3
2
2
1
1
2
1
2
1
2
3
1
1
1
2
1
1
1
2
1
1
1
1
2
1
1
1
1
2
1
1
1
1
4
1
2
3
1
1
2
1
1
1
13
1
4
10
3
1
3
4
1
7
2
2
1
1
1
9
2
2
1
1
1
1
1
7
3
4
10
1
2
1
2
1
2
1
5
1
1
1
17
3
1
4
4
3
3
3
1
1
2
1
2
2
1
1
19
16
1
2
2
1
1
1
1
1
7
9
2
2
4
4
5
1
3
1
2
1
1
3
1
1
2
2
3
1
2
3
1
6
1
1
3
1
1
1
1
2
2
1
2
1
4
2
1
3
1
1
2
7
1
1
2
2
1
1
1
1
2
1
2
1
1
2
1
3
3
16
1
1
1
1
1
1
1
2
2
4
1
2
2
1
2
1
1
1
2
2
2
2
6
2
2
1
1
1
1
1
2
3
1
1
1
3
1
1
3
1
1
4
2
3
1
1
1
2
1
3
2
2
2
1
1
1
4
1
1
1
1
3
1
1
1
10
2
2
3
2
2
1
1
4
1
1
1
10
1
2
1
2
1
3
1
1
1
2
1
1
1
1
1
1
2
4
2
2
2
1
5
1
1
2
3
2
2
1
3
2
1
1
1
1
19
4
2
2
3
1
2
1
1
4
4
2
1
2
1
1
1
1
1
2
4
1
2
1
1
1
3
1
4
2
1
1
1
2
1
1
3
1
1
1
2
1
1
2
1
3
5
13
1
1
1
1
1
1
3
1
1
2
3
1
1
2
1
1
2
2
1
1
1
5
7
1
2
1
7
4
6
1
2
1
1
1
4
1
2
1
2
2
1
1
1
1
3
2
3
1
1
4
2
1
2
2
1
1
1
1
3
1
1
1
1
1
1
2
1
1
1
2
1
1
2
2
1
1
1
1
1
3
1
1
5
1
1
1
1
1
1
1
1
1
1
1
1
1
1
1
1
1
2
1
1
1
5
4
3
7
1
1
3
1
1
1
1
1
1
1
1
1
1
1
1
1
1
2
1
2
1
1
1
1
1
1
1
1
1
1
1
1
1
1
2
1
3
3
3
1
1
1
1
1
1
1
2
1
2
3
1
1
2
1
1
3
1
2
2
1
1
1
1
1
1
1
1
1
1
1
1
1
1
1
1
1
1
2
2
2
2
1
1
1
2
1
1
1
1
1
1
1
1
1
1
1
1
1
1
1
1
1
1
1
1
1
1
1
1
1
1
2
1
1
1
2
2
1
1
1
2
1
2
1
1
1
1
1
2
1
1
2
1
1
1
1
1
1
1
1
3
3
1
1
2
1
2
2
1
1
1
1
1
1
1
2
1
3
1
2
1
1
2
6
2
2
2
1
1
1
1
3
2
1
1
1
1
2
1
2
1
1
1
1
3
1
1
1
1
1
2
1
1
1
2
1
2
1
1
1
3
2
1
3
1
1
1
1
1
1
1
1
1
1
1
1
1
1
1
1
1
1
2
3
3
3
2
2
3
1
2
1
1
1
1
1
1
1
1
1
1
6
1
1
2
1
1
1
1
1
1
2
1
1
1
1
2
1
1
1
1
1
1
2
1
1
1
1
1
1
2
1
1
1
1
2
1
1
1
2
1
1
1
1
1
1
1
2
1
1
1
2
1
1
1
1
1
1
1
1
1
1
1
1
1
1
1
1
1
1
1
1
1
2
7
1
3
7
7
2
4
1
1
1
1
1
1
1
1
1
1
1
1
1
1
1
10
2
8
1
1
1
4
3
2
2
6
2
2
2
3
2
6
6
2
2
2
2
2
2
2
2
2
1
1
1
5
5
1
1
1
2
2
2
3
2
1
16
2
1
6
3
1
1
1
1
1
3
5
1
1
2
1
1
1
3
2
3
3
3
1
1
1
1
1
1
1
1
2
1
1
1
1
2
4
2
2
2
2
2
1
1
2
1
1
1
1
1
1
1
1
1
1
5
2
1
1
1
10
6
5
4
12
3
1
1
3
1
2
2
2
1
1
1
1
1
1
1
1
1
5
2
1
1
1
1
6
1
1
3
1
1
1
1
1
1
1
1
3
3
1
1
1
1
1
4
1
1
1
2
2
1
1
1
1
1
1
1
1
1
1
1
1
1
1
2
2
1
1
1
1
1
1
4
4
4
2
3
3
3
1
1
4
1
3
1
1
1
1
1
1
1
1
1
1
1
1
1
1
1
1
1
1
1
1
1
1
1
1
1
2
2
1
1
2
1
1
1
1
1
1
2
1
1
1
1
1
1
1
2
2
1
1
1
1
1
1
1
1
1
1
1
1
1
1
1
1
1
1
1
1
1
1
1
1
1
1
1
1
1
1
1
1
1
1
1
1
1
1
1
1
1
2
1
1
2
1
1
1
1
1
1
1
1
1
1
1
1
1
1
1
1
1
1
1