186
4
88
13
16
28
2
14
2
12
4
5
22
1
1
1
1
2
1
1
1
1
11
3
2
3
22
6
2
2
56
11
12
4
2
5
38
17
8
2
21
1
5
6
21
10
4
15
7
1
3
17
14
3
2
10
16
4
36
2
7
8
24
38
7
10
7
3
7
4
4
4
17
13
1
4
6
12
1
8
4
21
3
2
2
2
14
5
3
2
2
3
10
9
1
10
12
2
2
37
2
6
1
3
12
2
2
4
6
1
61
8
2
5
1
11
5
5
5
3
3
8
14
14
12
3
1
1
1
2
5
3
1
1
5
3
1
2
3
13
1
1
2
21
11
3
1
7
3
14
2
26
3
2
11
3
1
4
1
1
2
4
3
5
4
2
2
2
1
1
1
5
1
1
2
1
21
25
1
1
14
9
4
3
2
4
6
6
10
1
4
1
1
5
3
1
4
4
6
5
16
2
2
1
4
1
1
2
1
12
1
2
13
6
1
4
3
5
2
1
9
1
1
2
24
5
4
3
1
5
2
1
26
1
1
1
4
3
4
2
1
13
8
2
1
6
2
2
13
3
1
5
3
2
11
1
1
5
1
1
20
1
2
2
1
6
3
2
2
3
4
2
1
1
1
4
1
7
2
3
2
2
3
3
1
1
1
2
5
4
23
1
1
1
3
1
1
1
3
4
2
1
1
2
2
14
11
6
1
11
1
2
1
3
1
1
3
1
5
22
6
1
4
5
2
3
6
4
1
6
5
2
1
3
1
5
4
22
8
4
1
8
2
1
2
1
1
6
1
5
1
1
2
2
1
5
3
1
6
1
20
2
1
2
7
3
5
2
4
2
2
1
2
1
3
2
2
3
3
4
1
1
3
2
3
1
1
1
1
4
6
2
1
3
1
2
7
1
2
7
2
2
5
1
10
1
3
1
2
1
1
2
1
4
5
1
2
1
1
1
1
3
1
5
2
1
2
2
1
1
1
1
1
2
3
4
6
2
1
1
13
2
1
2
3
1
2
1
1
1
1
5
1
5
1
2
11
1
3
1
5
1
1
1
1
2
1
3
2
10
4
9
1
3
1
3
1
2
4
1
2
1
6
2
1
1
5
4
2
2
3
3
1
2
3
3
3
1
1
3
1
2
2
1
1
3
3
3
18
1
1
1
1
7
2
5
1
1
2
1
3
1
2
1
1
1
2
3
4
3
4
3
20
4
4
1
3
1
1
14
1
1
6
3
5
1
1
1
3
1
1
1
1
1
3
2
2
1
5
1
2
1
1
1
4
1
1
4
11
2
2
2
2
5
1
1
1
1
2
5
1
1
1
2
1
1
1
1
2
1
2
1
2
2
2
3
1
1
1
1
2
2
2
1
1
1
1
1
3
1
1
4
4
2
1
1
1
4
2
1
2
4
1
2
1
1
1
1
1
1
3
3
2
2
3
1
1
1
1
1
1
5
4
1
1
5
1
1
2
2
1
1
1
9
1
5
4
7
3
1
1
2
1
1
1
2
2
6
1
2
1
3
2
7
1
1
1
1
2
4
1
13
6
7
1
1
1
1
2
1
1
2
2
1
6
1
1
1
1
2
1
1
1
1
2
3
1
2
2
8
1
5
1
1
3
2
2
1
1
1
2
1
2
2
1
1
3
1
1
1
1
1
2
3
1
1
1
2
3
1
1
1
1
1
1
1
1
4
1
1
1
2
2
1
1
1
1
1
1
1
3
2
1
1
1
1
2
4
1
1
1
2
1
1
1
1
2
1
1
1
1
1
1
2
1
2
3
1
3
1
10
1
3
1
1
4
1
2
1
1
1
2
1
1
1
1
1
1
1
1
1
1
1
1
1
4
1
1
2
1
1
1
2
1
1
2
1
1
2
5
1
1
1
4
1
1
1
2
1
1
3
3
2
1
2
3
1
2
1
2
18
1
1
2
1
3
1
1
1
1
4
5
1
1
2
1
2
2
2
1
1
1
1
1
1
2
1
1
1
1
1
1
1
2
1
1
3
1
1
1
2
6
4
1
1
1
1
2
1
1
1
1
1
1
3
1
1
1
2
3
1
1
1
1
1
3
1
2
2
1
1
1
1
1
1
1
1
1
2
2
1
2
2
2
1
1
1
1
1
2
1
1
1
2
1
1
1
1
1
9
1
2
2
1
2
2
1
1
2
1
1
1
1
1
1
2
5
1
2
1
1
1
1
1
1
1
1
1
3
1
1
1
1
1
2
1
4
1
1
1
1
1
1
3
1
1
2
1
1
2
1
1
1
2
1
1
1
1
1
1
1
1
1
1
2
1
3
1
1
1
1
2
1
1
1
1
1
1
1
1
1
1
2
2
1
2
3
1
1
1
1
1
1
1
1
1
1
1
6
1
3
1
1
2
1
1
1
3
1
1
1
1
1
1
1
5
1
1
2
1
1
1
1
1
1
1
2
1
2
1
3
1
1
1
1
1
1
1
1
1
1
1
2
1
2
1
1
1
1
2
1
1
1
1
1
1
1
1
1
1
1
2
1
1
1
1
2
2
1
2
1
1
1
1
4
1
3
3
1
1
1
1
2
1
2
2
2
1
1
1
1
1
2
1
1
1
1
1
1
1
1
1
1
1
1
1
1
1
1
1
1
1
2
1
2
1
1
1
1
1
1
1
1
3
1
4
1
1
1
1
1
1
1
2
2
1
1
1
1
2
2
1
1
1
2
1
1
1
1
2
1
1
1
1
1
1
1
1
2
1
1
1
1
1
1
1
1
1
1
1
1
1
1
1
1
1
1
1
1
1
1
1
1
1
1
1
1
1
1
1
2
1
1
2
1
1
1
2
1
2
1
1
10
1
1
1
1
1
1
3
2
1
1
2
1
1
9
26
1
1
2
1
1
2
3
1
1
1
6
2
12
1
2
1
1
1
1
1
1
1
2
2
10
1
1
1
1
1
1
1
1
1
1
2
1
1
2
1
1
1
1
1
1
1
1
1
1
1
1
1
1
1
1
1
1
1
1
1
1
1
1
1
1
1
1
1
1
1
1
1
3
1
2
1
1
1
1
1
1
1
1
1
1
1
1
1
1
1
1
1
2
2
1
1
1
1
1
1
1
1
1
2
1
1
1
1
1
1
1
1