20
86
70
113
8
8
8
1
55
10
14
17
12
4
3
1
16
28
83
11
54
1
7
1
11
3
17
7
4
4
1
1
1
5
6
6
5
64
6
11
12
2
4
11
12
6
1
8
13
1
9
9
5
7
34
19
17
9
15
12
2
2
1
3
10
4
14
1
2
4
1
6
2
5
24
3
1
7
2
1
3
5
1
6
3
43
1
8
2
15
7
3
1
6
1
24
2
1
3
9
4
1
32
1
3
2
1
1
1
7
1
81
6
34
19
3
3
1
1
1
1
2
1
3
1
30
7
4
3
1
3
2
1
2
1
7
67
1
1
35
77
5
13
18
7
8
25
27
3
4
84
34
43
24
1
32
7
5
45
39
11
1
4
1
22
2
1
10
7
19
10
14
4
21
4
9
15
24
32
6
7
8
12
3
4
8
3
2
5
7
4
2
2
6
3
1
1
1
1
5
1
1
2
1
2
13
2
1
3
2
2
2
5
1
3
5
2
3
5
1
1
6
2
4
2
9
1
8
5
1
2
1
8
19
18
1
1
1
4
3
7
1
1
3
1
3
1
1
1
8
3
5
4
1
2
7
2
7
7
1
1
2
8
1
2
2
5
44
3
1
1
1
4
4
13
1
5
2
1
2
1
39
4
1
12
3
6
7
1
1
1
5
2
6
8
2
2
3
3
3
1
1
4
3
1
1
1
10
9
23
3
9
14
1
5
1
13
1
4
1
2
8
4
1
1
1
10
6
1
2
9
2
2
6
6
1
1
10
6
3
1
2
1
7
7
3
4
1
1
1
5
1
1
1
1
1
1
1
1
1
9
4
4
2
1
1
6
1
6
1
1
2
1
1
1
8
7
7
8
1
2
28
9
1
1
1
1
1
1
4
1
1
8
8
1
2
12
3
4
2
1
2
3
1
1
1
1
1
1
9
2
2
1
1
2
2
1
2
1
1
1
2
9
61
15
1
1
1
2
2
6
2
1
2
1
12
4
3
3
4
1
1
9
5
2
1
1
12
14
1
1
1
1
1
4
4
3
7
1
4
1
1
4
1
1
8
2
5
1
9
3
3
1
6
1
6
1
5
2
6
1
1
1
2
2
1
1
1
1
1
1
5
2
1
1
3
2
1
4
6
2
1
19
5
3
4
1
1
4
2
12
3
4
9
2
5
2
7
5
1
9
1
2
2
2
4
1
1
1
1
1
1
3
4
3
1
5
2
3
2
1
2
1
2
1
1
2
4
4
1
1
3
3
6
2
11
1
5
1
4
2
1
4
1
3
3
6
6
3
6
2
1
2
10
1
1
4
2
16
5
4
1
2
4
6
4
1
1
1
1
4
1
2
1
8
1
1
2
1
3
1
3
6
1
3
1
3
4
2
7
1
1
5
1
1
6
2
4
1
1
1
2
3
5
4
6
2
2
2
1
1
1
1
14
5
2
2
2
2
6
2
12
1
1
1
1
4
7
1
1
4
1
1
1
1
2
4
5
1
4
1
1
1
2
1
1
3
1
2
2
2
1
2
1
3
1
3
3
1
1
4
4
1
1
2
5
1
1
5
3
3
2
6
1
2
1
3
2
1
4
2
2
5
5
11
1
2
2
2
1
1
3
1
1
1
5
1
3
2
2
4
1
4
6
1
4
5
2
1
1
1
1
2
1
1
2
1
1
2
9
12
6
1
4
3
1
3
2
3
4
1
1
1
1
1
1
1
1
2
1
1
1
1
1
1
1
1
3
3
2
1
1
1
4
1
1
1
1
4
1
2
1
3
2
4
4
1
1
1
2
1
1
1
4
1
1
3
1
1
1
1
3
3
2
2
3
2
3
2
2
2
1
4
1
3
1
1
2
1
8
5
2
1
1
1
1
1
7
6
3
1
2
1
1
4
11
3
3
1
1
1
1
4
1
1
1
1
1
2
2
1
1
1
1
1
1
1
1
1
1
1
1
1
1
1
1
3
2
3
1
1
2
2
1
1
1
1
5
2
2
2
1
1
3
8
1
3
3
1
3
1
4
2
1
1
1
1
1
1
1
1
1
3
1
1
1
4
2
1
4
1
1
3
1
1
3
1
2
2
1
1
2
2
1
1
2
2
1
1
1
1
1
1
1
1
2
5
3
1
1
1
1
1
1
1
1
2
1
2
1
1
1
2
1
1
1
5
3
1
1
1
1
1
1
2
1
4
1
1
1
1
2
2
1
2
2
3
6
20
2
1
1
1
1
1
1
2
1
1
2
2
1
2
1
3
4
3
1
1
10
1
2
1
2
1
1
1
1
3
1
2
1
1
1
1
1
3
1
1
1
1
1
1
1
1
3
1
3
2
2
1
1
1
2
2
3
1
1
1
6
2
2
2
1
2
1
1
1
2
2
7
2
2
1
1
1
1
1
1
1
2
1
2
1
1
2
1
1
1
2
2
1
2
3
1
2
1
1
1
1
1
1
1
1
1
1
6
1
1
1
1
1
1
5
1
1
1
1
1
2
1
1
2
1
1
1
1
1
1
1
1
3
2
2
2
1
1
1
2
2
1
1
1
2
1
4
1
1
1
1
1
2
4
1
1
5
3
1
1
1
1
1
1
1
1
1
1
1
1
1
2
1
1
1
1
1
1
1
6
1
1
1
1
1
1
1
1
1
1
3
1
1
3
1
2
1
1
1
1
1
1
3
1
3
3
2
1
3
2
1
5
5
1
5
1
1
1
1
1
1
1
1
1
1
1
1
1
1
1
1
2
1
1
3
1
1
1
1
1
1
2
1
1
1
2
1
1
2
1
1
1
1
1
1
1
1
2
3
2
2
1
2
1
1
1
1
1
1
1
1
2
2
1
3
1
2
1
1
1
1
1
2
1
1
1
1
1
1
1
1
1
2
2
3
1
1
2
1
1
2
1
1
2
1
1
1
3
1
1
1
1
2
1
1
1
1
1
1
1
1
1
1
1
1
1
1
1
1
1
1
1
1
1
1
1
1
1
1
1
1
1
2
1
1
1
1
1
1
1
1
1
1
1
1
1
1
1
1
1
1
1
1
1
1
1
1
1
1
1
1
1
1
1
1
1
1
1
1
1
1
1
1
1
1
1
1
1
1
1
1
1
1
1
1
1
1
1