48
45
15
29
7
6
6
16
41
19
3
3
1
2
21
98
16
16
9
4
14
12
9
7
4
28
1
6
2
4
7
4
7
7
3
3
23
2
1
8
13
1
2
13
2
2
5
3
9
8
5
2
3
1
3
11
15
25
1
2
6
2
6
22
23
10
4
1
1
23
9
5
1
2
1
13
1
4
7
1
3
1
2
5
2
2
1
4
2
2
1
1
1
1
1
1
2
1
1
2
1
1
1
1
4
13
1
12
8
3
1
2
2
1
1
1
1
1
23
1
1
3
4
1
1
1
7
1
3
9
1
1
9
26
1
2
2
1
7
1
3
1
2
1
1
3
2
7
1
1
2
2
2
2
1
1
6
4
4
1
4
8
1
6
4
4
11
7
2
2
1
5
1
1
4
15
1
1
1
1
9
3
1
3
14
1
2
1
1
1
2
2
1
2
1
4
2
4
7
1
24
2
4
1
4
1
1
4
1
2
4
1
3
5
1
2
3
7
1
2
1
1
10
1
1
1
3
1
2
3
1
1
1
2
3
19
1
1
1
1
3
1
38
1
1
2
3
10
1
1
1
2
4
1
3
2
1
3
1
1
1
2
2
2
1
2
7
2
1
1
2
4
1
2
1
1
1
1
4
1
3
22
1
1
1
1
1
7
8
1
2
3
1
1
3
1
1
1
1
2
1
1
1
4
1
1
1
1
1
2
1
1
1
1
1
3
1
1
1
3
1
6
1
1
13
1
8
4
2
2
2
1
1
2
1
7
4
4
2
19
2
13
1
6
13
12
2
1
1
2
2
9
1
1
1
2
1
1
1
20
1
3
2
1
2
1
1
1
6
9
2
1
6
2
1
1
1
11
2
2
3
6
2
2
2
2
1
5
2
1
4
1
1
5
2
1
1
1
1
1
4
1
1
5
1
2
1
1
2
1
9
1
1
1
1
2
1
2
1
1
1
1
1
2
1
2
2
1
1
2
2
1
1
2
1
1
2
1
3
1
1
1
1
1
2
2
1
1
10
1
1
1
1
1
1
1
1
1
3
2
2
2
2
2
1
1
3
1
1
1
3
1
2
1
2
6
6
1
1
3
1
1
1
3
2
1
1
2
2
2
1
3
3
2
1
1
1
1
1
1
1
1
1
5
1
2
1
1
4
2
1
2
2
2
1
4
1
2
1
1
2
2
2
1
2
2
1
5
2
1
1
3
1
1
1
1
2
1
2
3
2
1
1
1
1
1
1
4
1
1
1
1
3
1
1
2
2
1
1
1
4
1
2
2
2
1
14
2
1
1
2
2
1
3
1
1
1
1
1
2
1
1
1
1
1
1
1
1
2
1
1
1
1
3
1
1
1
1
1
1
1
1
4
9
11
1
1
2
1
1
1
3
2
7
1
3
1
4
1
1
1
1
1
1
2
1
1
1
1
1
1
3
1
1
1
1
1
1
1
1
1
1
1
1
1
1
3
1
1
1
1
1
27
27
28
1
1
5
8
5
1
19
1
1
1
1
1
1
1
1
1
1
1
2
3
1
2
1
1
3
1
2
1
1
1
1
1
6
2
1
2
1
3
1
1
1
1
1
1
1
1
1
1
1
1
2
2
1
1
1
1
1
1
1
2
1
1
1
1
1
1
3
1
1
1
1
2
1
1
3
4
2
1
1
3
1
1
1
3
1
2
1
1
1
1
5
1
1
1
1
4
1
1
1
1
2
1
1
1
1
1
1
1
1
1
1
1
1
1
2
1
1
1
1
1
1
1
1
1
1
1
2
1
1
1
1
5
1
1
2
1
1
1
3
1
1
1
1
2
1
1
1
1
5
1
1
1
1
3
2
3
2
1
2
1
2
1
1
6
2
2
1
1
2
5
2
2
1
1
1
1
1
1
3
3
1
1
2
2
3
1
1
1
1
1
1
1
1
3
2
2
1
1
1
1
1
1
2
3
1
1
1
1
1
1
2
7
1
2
1
4
5
1
1
1
1
1
1
1
1
1
5
3
1
1
2
2
2
1
1
2
2
1
2
3
3
1
1
2
3
1
1
1
1
1
1
1
1
1
1
1
2
1
1
1
1
1
1
1
1
1
1
2
1
1
2
3
5
1
1
2
1
1
1
1
1
2
2
1
1
1
1
2
1
1
2
2
1
1
1
1
1
1
1
1
3
1
1
1
1
1
1
2
1
2
1
1
1
1
1
1
1
1
2
1
1
2
1
2
1
1
1
1
1
1
1
1
1
1
1
2
1
1
1
1
1
1
1
1