3
8
2
1
52
210
43
7
9
3
10
17
36
7
31
31
3
17
52
10
3
2
12
3
8
16
6
4
2
1
3
8
26
2
35
21
28
121
15
23
2
2
9
20
8
26
34
19
3
1
1
34
10
2
15
1
12
23
3
5
18
25
36
253
2
2
4
3
1
1
16
1
9
4
1
1
1
1
1
1
1
2
3
18
26
16
5
8
9
5
1
7
6
5
3
16
5
19
4
4
18
5
3
9
11
2
4
2
7
11
12
4
1
2
10
4
11
1
8
48
26
1
5
9
4
7
14
3
1
5
6
1
114
4
1
1
17
3
3
5
6
1
7
1
1
2
2
2
18
7
1
16
8
10
3
5
1
1
2
2
8
1
1
3
3
3
1
19
13
1
13
4
10
13
4
5
4
6
3
4
5
2
6
18
2
2
1
12
21
1
17
17
2
6
4
8
3
2
3
1
12
9
5
5
5
12
1
4
9
3
40
4
12
13
5
5
12
5
16
3
6
4
2
1
1
1
1
2
1
1
4
1
32
3
6
3
1
10
2
13
49
1
17
1
5
21
4
5
2
1
4
5
5
7
8
1
1
1
4
1
7
3
9
5
1
13
12
11
18
1
2
1
1
7
8
3
4
3
3
8
1
4
4
3
1
1
3
1
1
6
2
7
15
1
1
1
1
2
1
1
1
4
2
1
1
4
2
4
2
2
2
2
1
5
2
2
2
1
36
4
1
2
3
3
2
2
39
1
3
6
1
2
3
1
9
2
3
3
2
1
1
2
16
1
1
2
3
5
12
2
14
5
1
4
4
4
2
4
7
3
3
2
3
8
1
2
5
9
10
1
15
3
2
2
5
16
4
3
4
2
1
3
6
1
1
2
2
2
3
4
4
2
1
2
2
6
16
7
2
1
1
3
2
4
2
4
5
7
15
4
2
2
2
2
17
3
3
6
1
12
14
1
5
7
6
3
2
1
2
1
1
6
1
1
25
1
1
6
5
1
7
5
1
1
1
1
1
2
5
4
4
1
2
5
1
2
3
2
8
3
30
4
2
4
1
2
1
1
1
1
2
1
3
1
1
1
10
1
1
5
1
1
2
2
2
3
2
3
2
19
3
1
1
2
3
8
1
3
5
1
3
1
5
1
3
26
1
5
2
13
5
13
18
1
4
2
1
3
3
26
19
19
26
19
6
21
4
6
2
16
3
37
4
101
9
3
2
1
3
24
49
4
1
3
2
1
3
10
6
6
2
25
14
10
4
5
3
1
2
3
3
3
7
3
1
1
1
1
1
2
1
6
2
8
1
4
1
1
3
2
1
2
5
8
1
1
2
5
7
5
1
1
1
8
1
6
2
1
1
1
1
1
3
1
3
4
4
5
3
1
3
4
1
2
4
4
7
2
1
1
1
1
2
10
1
3
1
1
2
3
45
48
3
3
5
1
5
1
3
1
2
1
1
1
1
4
10
4
3
1
6
2
6
1
10
1
2
2
1
2
1
1
1
1
2
1
4
2
9
2
2
3
17
3
1
1
3
1
3
11
9
2
4
2
1
1
1
2
2
7
3
1
2
2
1
4
15
2
1
3
1
1
2
3
3
9
1
5
1
9
11
2
4
4
1
3
1
1
2
2
2
2
1
1
3
3
3
2
1
7
1
1
4
2
5
2
2
3
3
1
7
1
2
2
1
4
2
1
4
11
11
1
4
1
1
1
4
4
2
1
1
1
7
4
2
4
3
1
4
2
3
1
2
1
7
3
7
2
3
4
2
2
1
3
1
5
2
2
1
1
1
2
1
1
2
1
2
1
1
8
3
2
1
1
1
4
3
1
2
2
2
1
1
1
5
1
1
2
1
4
1
1
3
1
1
1
1
1
4
3
1
4
1
1
1
2
1
1
2
2
2
4
1
1
1
1
4
1
1
1
6
1
3
1
1
5
2
4
1
3
1
1
1
1
1
4
1
13
2
12
2
6
1
2
2
2
1
3
2
1
9
2
1
1
4
4
1
2
5
3
4
1
1
4
1
2
1
2
3
2
4
1
5
1
1
3
1
9
1
1
1
2
1
2
2
23
1
1
1
4
1
2
1
1
1
1
1
1
3
4
4
1
1
5
3
1
1
5
2
1
1
4
1
1
3
1
3
1
6
4
1
4
1
1
1
10
2
3
2
2
1
8
1
2
2
3
14
3
5
2
1
1
1
2
13
1
1
1
3
1
15
6
1
1
1
4
1
1
1
3
2
2
1
5
2
4
3
1
3
1
1
1
1
2
1
1
1
1
1
2
1
2
3
1
3
7
5
1
2
6
1
1
1
2
1
1
10
1
7
1
1
2
11
1
1
2
1
3
5
2
1
2
1
2
2
1
1
2
2
3
3
2
2
3
1
1
1
1
1
2
1
1
5
1
12
1
8
2
1
1
3
10
3
3
1
1
3
1
1
1
1
7
1
1
2
2
1
1
1
2
4
2
1
2
1
3
1
1
1
2
2
2
1
2
7
2
2
1
1
1
2
2
2
1
6
2
3
4
1
1
1
2
1
2
5
7
1
1
1
1
5
2
1
1
1
1
1
3
2
2
1
1
3
1
8
1
1
1
4
1
1
1
1
1
6
2
2
3
1
1
1
5
1
2
3
1
2
3
6
2
2
4
4
1
2
1
4
1
1
1
1
2
1
1
2
1
2
2
2
1
2
1
2
1
1
1
2
4
6
1
1
7
2
1
1
3
3
2
2
2
5
1
2
1
16
1
1
1
1
2
2
8
1
1
1
1
1
1
1
2
4
1
1
3
5
3
2
3
1
1
4
1
1
5
1
3
3
2
2
2
3
1
1
4
1
4
1
1
1
3
7
1
1
1
2
2
1
2
3
1
1
1
2
1
2
2
3
2
3
1
2
1
1
2
1
2
1
1
1
1
1
2
2
1
4
2
1
1
1
1
3
1
1
1
2
1
1
1
1
1
1
2
2
1
1
1
2
1
8
3
4
1
1
1
2
1
1
2
4
4
1
3
1
1
1
1
2
1
2
1
1
1
1
1
2
1
1
2
1
4
1
2
2
1
1
1
1
2
1
1
1
1
1
1
1
1
1
6
1
2
1
1
1
1
4
3
3
4
3
1
3
2
1
3
3
1
1
1
2
1
1
2
1
2
1
1
1
2
1
1
1
1
3
1
1
1
1
1
1
1
2
1
1
3
1
1
1
1
1
1
2
1
2
1
2
1
1
1
1
1
2
1
1
1
3
1
2
1
1
22
1
1
1
2
1
3
1
2
16
1
1
1
1
1
3
1
1
2
1
1
1
3
2
1
2
1
1
1
1
3
2
1
1
7
4
2
3
1
4
1
1
4
2
2
1
2
1
1
7
10
2
1
2
2
3
1
1
2
1
1
1
2
3
4
1
2
1
1
3
1
1
2
1
2
2
2
1
1
1
1
1
1
1
1
1
1
1
1
2
3
1
1
1
1
14
3
2
2
1
2
1
2
1
2
2
1
1
1
1
2
2
1
1
1
1
1
1
2
2
1
2
2
1
1
1
1
1
14
2
3
3
1
1
4
3
1
1
1
1
1
2
1
1
1
4
1
1
1
1
1
1
2
1
1
1
1
2
1
2
1
1
1
1
1
4
1
1
2
1
1
1
1
1
1
1
1
5
1
1
2
1
1
1
10
1
2
2
2
1
1
1
1
14
1
1
6
10
6
4
4
3
3
1
1
1
2
1
1
1
1
2
1
1
1
1
1
1
1
2
1
1
1
1
1
1
1
3
2
2
1
1
1
3
1
5
1
2
1
1
3
3
1
1
1
4
1
1
1
1
1
1
1
1
1
3
1
3
2
1
1
1
1
1
1
1
1
1
1
1
1
1
1
1
1
1
2
1
1
3
1
1
1
2
1
2
1
1
2
1
1
1
1
1
1
1
1
1
1
1
1
1
1
1
1
1
1
2
1
1
2
1
1
1
1
1
1
1
1
1
1
1
1
1
1
2
32
31
10
4
1
3
1
1
1
1
1
1
1
1
1
1
2
2
2
1
1
1
5
1
3
1
1
1
1
1
1
1
1
1
1
1
1
1
1
1
1
1
1
1
1
1
1
1
1
1
1
1
1
1
1
2
4
9
1
1
1
1
3
1
1
1
1
2
1
1
6
2
1
1
1
1
1
1
1
1
5
1
3
2
1
1
2
1
1
2
1
2
1
2
1
1
1
1
1
1
1
1
2
1
1
2
1
1
1
1
1
2
1
1
1
4
1
1
2
2
1
1
2
3
1
3
3
3
1
3
1
2
1
1
1
2
1
1
2
1
1
1
1
1
1
1
1
1
1
1
1
1
1
1
1
1
1
1
1
1
1
1
1
1
1
1
1
2
1
1
1
1
1
1
2
2
1
1
1
1
1
1
1
1
1
1
1
1
1
2
2
1
1
1
1
1
1
1
1
1
1
1
1
1
1
2
1
1
1
1
1
1
1
1
1