47
3
5
4
1
78
106
21
5
77
1
1
1
19
1
2
5
6
3
41
1
26
3
3
23
47
2
7
1
2
9
17
1
1
1
87
1
5
5
10
16
6
2
1
1
2
3
2
1
1
8
10
1
4
1
3
13
8
2
9
2
3
2
6
24
2
2
9
2
2
5
5
7
2
1
1
6
1
1
1
3
1
1
1
1
1
2
1
2
4
2
3
1
1
1
2
1
1
7
1
2
11
7
3
6
4
1
1
4
1
1
2
1
1
11
9
9
5
41
7
5
3
2
1
1
4
6
4
2
1
14
3
3
5
1
4
4
3
7
3
28
31
26
1
2
1
1
1
2
1
1
1
1
4
3
3
2
8
45
3
1
2
1
4
9
3
19
1
2
3
2
1
3
2
2
1
1
1
2
2
1
10
1
1
1
1
1
1
1
3
5
1
3
12
3
1
8
1
40
1
1
1
1
1
1
1
2
1
1
1
1
1
1
1
3
1
4
3
4
4
1
1
1
1
1
1
1
3
1
1
2
2
1
1
1
1
1
1
1
11
1
1
1
2
8
3
3
4
2
1
1
4
2
1
1
1
1
1
15
17
2
1
8
2
4
2
5
4
1
2
1
2
5
1
3
2
1
4
1
4
2
3
1
6
4
5
3
1
1
1
1
1
2
2
1
1
1
3
1
1
3
1
1
2
1
1
1
2
1
1
1
2
2
1
1
1
5
4
3
2
8
3
3
4
2
4
1
3
2
1
1
3
2
14
1
4
4
2
2
1
1
1
2
3
2
4
3
3
1
1
1
1
3
1
1
1
1
4
1
2
2
1
2
2
3
2
1
1
1
1
1
2
1
2
1
1
3
1
2
5
1
7
1
1
3
1
1
2
1
2
1
1
1
1
2
2
1
1
2
6
1
2
1
4
5
1
4
1
2
1
1
1
1
1
1
1
1
3
4
1
1
1
2
6
3
6
1
9
1
1
1
4
1
1
1
1
1
2
5
3
10
10
1
1
1
1
1
2
1
1
2
3
1
2
2
2
1
1
2
1
3
3
2
4
2
1
1
1
1
2
2
23
1
5
1
3
22
2
1
1
1
6
2
4
1
3
1
2
1
1
1
1
1
1
1
1
1
2
3
1
1
12
5
3
1
1
2
3
1
1
1
1
1
1
1
1
1
1
2
2
17
1
1
1
1
2
8
1
1
1
1
2
1
1
1
3
1
2
1
1
4
1
3
2
14
1
2
1
1
1
1
1
5
1
2
3
1
1
3
2
1
1
1
1
1
1
1
1
1
1
1
1
2
1
1
1
1
1
1
1
2
2
5
1
2
3
1
2
1
1
1
1
1
2
3
1
1
1
1
3
1
1
2
1
1
1
10
1
1
1
1
1
1
1
1
2
1
1
1
4
1
1
1
2
1
2
3
1
1
1
2
4
1
1
1
1
1
2
1
2
1
1
1
1
2
2
2
3
1
2
1
1
1
2
4
1
1
2
1
2
1
1
1
1
2
1
1
3
2
1
1
1
1
2
2
2
1
1
4
3
1
2
2
1
2
1
3
1
1
3
3
3
3
10
22
2
1
1
1
1
1
1
1
1
1
3
1
4
5
1
2
1
1
1
2
2
3
1
2
1
1
1
1
1
4
1
1
1
1
1
1
1
1
2
1
2
1
2
1
1
2
1
1
1
1
1
2
1
2
1
1
1
1
1
1
1
1
2
2
1
1
1
1
2
1
1
1
1
2
1
1
1
1
3
1
1
1
1
1
1
1
1
1
1
1
1
2
1
3
1
1
1
1
1
1
1
1
1
1
2
1
3
1
1
2
2
1
1
5
1
2
1
2
1
1
1
1
1
1
1
1
1
1
1
2
1
1
1
1
1
1
1
1
1
1
1
2
1
1
1
1
1
1
1
2
1
1
1
1
1
2
1
1
2
1
1
1
1
1
1
1
1
1
1
1
1
1
1
1
1
1
1
1
1
1
1
1
1
1
1
1
1
1
1
1
1
1
1
1