1
7
1
1
4
53
52
78
83
29
31
21
21
21
21
2
2
8
13
29
3
2
61
4
2
9
30
34
23
1
158
1
4
2
6
4
23
8
5
5
11
13
11
12
10
17
30
16
7
11
47
3
3
4
1
2
2
15
9
1
7
26
24
11
2
6
33
24
2
5
10
6
67
4
4
8
29
7
85
4
10
4
1
10
15
17
1
2
5
1
8
9
3
5
1
3
51
3
3
7
7
2
1
1
22
28
13
1
2
2
4
3
2
2
1
2
9
7
3
2
2
2
12
1
2
8
3
4
3
2
4
4
2
5
2
3
11
5
15
43
26
1
3
15
1
2
1
8
5
1
3
19
4
5
10
2
4
19
3
17
5
2
5
2
1
2
2
8
1
13
2
6
2
1
2
1
11
16
5
8
6
1
1
19
2
3
1
7
1
2
3
1
4
6
2
2
2
4
8
2
2
13
3
2
34
1
8
24
2
22
20
3
3
1
4
14
3
4
6
1
2
5
2
1
2
1
6
4
14
4
10
7
7
13
13
4
3
2
1
7
3
2
3
11
10
1
4
1
5
2
56
5
1
6
1
2
1
1
6
2
2
1
15
36
4
5
2
4
2
4
2
1
1
1
8
1
8
7
3
15
13
4
25
4
3
8
5
5
1
2
1
1
3
2
1
1
4
1
8
2
4
5
1
1
2
13
11
8
4
1
2
2
2
2
15
5
3
4
3
5
2
3
3
1
5
1
2
2
11
6
8
5
2
5
1
5
1
2
2
1
3
2
4
5
2
2
4
6
6
3
1
3
5
2
1
1
7
1
1
1
6
5
22
1
1
13
3
1
3
1
2
2
2
5
2
1
6
3
1
4
6
8
3
3
5
2
1
5
1
5
4
12
1
2
5
1
1
2
1
3
2
1
21
1
2
4
4
16
1
1
1
2
2
4
1
1
4
1
2
3
1
1
1
1
1
2
5
5
7
1
1
2
1
2
4
2
3
4
3
4
4
1
2
2
2
3
2
1
1
1
2
12
1
6
6
1
4
15
1
1
6
7
1
8
2
2
9
11
3
3
2
5
4
6
1
1
4
2
1
1
5
1
3
2
1
1
2
2
1
5
1
1
2
1
3
3
1
3
2
2
3
10
1
2
7
2
2
1
1
4
4
1
2
2
7
6
1
2
1
3
1
1
1
1
1
1
4
1
1
1
1
1
1
1
3
2
9
4
1
2
1
1
1
1
4
3
3
1
4
4
4
1
1
2
1
1
4
3
1
1
2
5
1
5
1
3
4
1
5
1
1
2
4
2
1
2
1
5
3
2
2
1
1
4
10
2
1
10
2
2
1
5
1
19
1
2
12
8
4
6
21
9
7
1
5
1
4
1
12
1
1
1
2
1
1
1
7
1
1
2
3
1
1
1
1
6
1
3
4
1
1
1
2
2
1
3
1
1
3
2
3
3
1
1
1
1
1
1
2
3
4
1
1
1
1
1
1
1
1
1
2
4
2
3
2
3
3
1
1
1
8
3
3
8
2
2
1
2
5
5
2
5
2
3
2
1
1
1
4
2
1
2
3
4
1
1
1
1
2
1
1
1
3
1
11
1
1
2
3
11
2
2
1
15
10
7
10
6
3
6
5
7
12
1
2
3
3
3
3
2
1
1
1
3
3
6
2
1
1
1
1
2
1
1
4
2
1
2
1
3
3
1
1
2
3
2
1
4
2
2
2
1
3
5
1
1
2
1
1
1
1
1
2
1
1
1
1
1
5
1
1
1
1
1
1
2
1
1
2
1
4
1
3
1
1
2
2
1
1
1
1
2
1
1
4
2
2
2
2
3
3
2
4
3
2
1
1
2
1
3
2
3
4
2
1
1
1
3
8
2
3
1
1
1
1
1
1
2
5
2
1
5
1
1
2
1
3
1
1
1
1
1
1
1
2
1
1
2
3
3
6
1
1
1
4
2
3
1
1
1
1
1
4
4
1
1
1
2
1
1
3
1
3
1
2
4
1
1
4
1
1
1
1
1
1
1
1
1
1
1
2
1
1
1
1
1
1
1
2
1
2
1
1
1
1
1
2
1
2
1
2
1
1
1
2
1
1
1
1
1
1
1
1
1
1
1
1
1
1
1
3
1
1
1
2
2
1
2
2
2
2
1
1
1
1
1
1
2
1
1
1
1
2
1
3
1
1
2
1
1
1
1
1
2
1
1
1
1
1
1
1
1
1
1
1
1
1
2
1
1
1
1
1
1
1
1
1
1
1
1
1
1
1
1
1
1
2
1
1
1
1
1
2
1
1
1
1
1
1
1
1
2
1
3
1
1
1
1
2
1
1
1
1
1
1
1
1
1
1
1
1
1
1
1
1
1
1
1
1
1
1
1
1
1
1
1
2
1
1
1
1
1
1
1
2
1
1
2
1
1
1
1
1
2
2
1
2
1
2
2
1
1
2
2
1
1
1
1
1
1
1
1
1
1
1
1
1
2
2
1
1
1
1
1
1
1
1
1
1
2
2
3
3
1
1
1
1
1
1
1
1
1
1
1
1
1
1
1
1
1
1
1
1
1
1
1
1
1
1
1
1
1
1
1
1
1
4
3
3
2
1
1
1
1
1
1
1
1
1
1
1
1
1
1
1
1
2
2
2
1
1
1
1
1
2
1
1
1
1
5
1
1
1
1
1
2
1
1
1
1
1
1
1
1
1
1
1
1
1
1
1
1
1
2
1
1
2
1
2
1
1
1
1
2
1
5
1
1
1
2
1
1
1
1
1
2
1
1
2
1
1
1
2
1
1
1
2
2
2
2
2
1
1
1
1
1
1
1
1
1
1
1
1
1
1
1
1
1
2
1
1
1
1
1
1
1
1
1
7
1
1
1
1
1
1
3
3
1
1
1
1
1
1
1
1
2
2
1
1
1
1
1
1
2
1
1
2
1
1
4
4
4
1
1
1
1
1
1
6
3
3
1
1
1
1
1
1
17
17
1
1
4
1
5
6
1
1
1
1
3
1
3
1
4
1
3
6
1
1
1
1
1
1
1
2
1
2
1
1
2
1
1
1
1
2
1
1
1
3
1
1
1
4
4
1
1
1
1
1
1
1
1
1
1
1
1
1
1
1
1
1
1
1
1
1
1
1
1
2
2
2
1
1
2
1
2
2
1
2
1
2
2
4
1
1
1
2
1
1
2
1
1
1
1
1
1
1
1
1
1
1
1
2
1
1
1
1
1
2
1
1
1
1
1
1
1
1
1
1
1
1
1
1
1
1