55
5
54
51
20
60
2
1
2
1
10
28
5
69
34
11
3
3
1
4
26
5
2
9
32
5
1
3
1
6
6
46
4
17
1
3
1
6
43
5
2
4
2
23
23
3
10
1
1
5
1
1
7
8
3
3
2
2
17
4
2
18
16
9
3
2
9
24
4
4
3
4
5
2
2
1
2
1
2
3
5
13
1
1
6
2
1
2
4
2
3
1
2
7
1
78
19
9
6
2
5
7
4
3
3
2
2
41
24
10
1
1
9
1
1
1
2
6
5
1
9
1
1
1
2
18
1
1
2
1
2
1
2
1
7
1
1
5
9
31
1
15
1
1
1
2
3
1
3
1
3
1
1
1
1
8
1
4
9
2
3
28
10
2
1
6
1
17
6
8
3
1
1
1
5
1
3
2
1
2
7
8
2
3
5
4
2
5
6
5
5
5
1
1
1
2
9
1
3
1
2
2
2
7
2
1
2
22
1
1
2
4
7
2
3
2
3
3
1
1
1
1
3
1
2
2
1
5
8
1
1
1
1
1
1
1
1
1
1
1
24
1
1
1
5
2
2
1
1
1
3
1
1
1
1
1
2
2
2
1
3
1
3
1
1
3
3
7
3
5
3
1
2
3
1
6
1
5
5
3
7
35
5
13
3
2
1
1
1
1
1
18
47
9
1
2
1
4
1
3
1
1
1
1
2
3
7
16
1
5
5
1
5
1
1
1
1
5
2
1
1
1
2
3
1
1
1
2
1
3
2
1
2
3
1
1
6
1
2
3
1
1
1
4
1
1
2
1
3
1
5
1
2
1
1
3
1
2
2
5
1
2
2
1
1
4
1
2
1
1
2
3
2
1
1
1
3
1
1
1
1
3
2
1
1
4
2
1
2
2
1
1
6
2
1
1
1
4
1
2
24
4
1
1
2
2
9
4
2
1
1
3
2
2
4
2
2
1
11
1
2
1
1
1
1
2
1
1
1
1
1
1
2
2
1
1
1
1
1
1
1
3
3
2
2
4
3
1
2
1
2
3
3
1
2
5
1
9
1
2
1
1
7
1
10
3
1
1
1
1
2
5
4
3
1
3
2
2
1
2
4
1
1
1
1
1
8
29
3
3
1
3
1
2
2
4
1
3
7
1
3
5
10
1
1
4
3
1
1
1
1
3
4
4
1
10
1
16
1
1
1
2
1
1
1
1
1
1
1
1
2
1
4
3
3
6
10
2
1
2
6
34
3
4
4
15
1
1
1
1
1
1
1
1
1
1
15
1
1
8
1
4
3
8
1
2
3
1
1
1
2
2
1
2
1
1
1
14
3
1
3
1
1
1
1
6
4
1
2
1
1
1
12
6
1
6
9
3
1
1
7
1
2
1
4
1
1
3
1
1
4
2
2
2
2
7
3
2
1
2
1
1
2
4
10
1
1
6
6
3
1
1
1
8
9
8
3
4
1
1
1
2
2
1
8
3
1
4
6
4
8
12
1
1
1
1
1
1
1
1
5
3
5
1
2
1
1
1
2
1
1
2
2
2
3
1
1
1
1
1
1
4
7
2
2
4
1
1
3
3
2
4
1
1
1
9
6
1
1
2
4
2
1
1
1
2
3
2
3
2
2
3
1
1
2
2
2
1
1
1
1
1
1
5
1
1
1
2
1
2
1
2
2
4
2
1
3
1
1
1
2
2
1
1
1
2
1
2
3
4
1
2
1
1
1
4
5
1
1
1
2
7
1
1
1
1
1
3
1
2
1
1
3
2
2
1
2
1
1
1
8
3
1
1
2
3
3
4
2
3
1
1
1
1
1
1
2
3
1
1
2
7
1
1
4
5
2
3
1
1
1
1
1
2
5
1
1
1
1
4
1
1
2
1
1
1
2
3
1
1
2
1
1
7
2
1
10
1
1
2
2
1
3
1
1
5
3
2
1
1
2
2
2
1
3
1
1
1
1
3
1
1
1
1
1
2
2
1
2
1
1
1
1
1
2
3
1
1
1
1
1
1
1
1
1
10
2
4
1
1
2
1
1
3
1
1
2
2
2
1
1
1
6
2
5
7
1
1
3
1
2
2
2
1
2
1
2
1
1
1
1
1
2
1
2
1
3
1
4
1
2
1
1
1
2
4
1
1
1
3
1
1
1
1
1
1
1
2
1
1
1
1
1
1
1
1
1
1
1
10
2
9
1
2
3
1
2
1
3
1
1
1
1
2
1
1
3
2
3
3
2
2
4
4
9
2
2
6
1
2
2
1
2
1
1
2
2
2
1
1
2
2
1
1
1
1
1
1
1
3
1
1
2
1
2
1
1
2
1
1
4
1
1
1
7
1
1
1
1
1
2
1
1
1
1
2
2
1
2
3
2
2
2
2
3
5
1
3
1
2
1
1
1
2
2
2
1
2
1
2
3
2
1
1
1
1
1
2
1
1
1
1
2
1
1
1
2
3
1
2
1
1
1
1
3
1
3
1
1
1
1
1
1
1
1
1
4
3
1
1
1
3
1
1
1
3
1
1
1
7
1
1
1
1
1
2
1
1
1
1
1
1
1
1
1
1
1
2
2
1
1
4
1
1
1
1
2
1
2
1
1
1
1
1
1
1
1
1
1
1
1
1
1
2
1
1
1
1
1
1
4
1
1
2
1
1
1
2
1
1
1
1
1
2
1
1
1
1
1
6
1
4
1
1
1
1
1
2
1
1
1
1
2
1
1
6
1
1
1
2
1
1
3
4
1
1
1
1
1
1
2
1
1
1
1
1
1
1
2
2
1
1
1
2
1
1
1
1
1
1
2
1
1
1
5
1
2
1
1
2
1
1
1
1
3
1
1
1
1
1
2
2
1
1
1
1
1
1
2
1
1
1
1
5
2
1
6
3
1
1
1
1
1
1
2
1
1
1
1
1
1
2
1
1
2
1
1
1
2
4
1
4
1
1
1
1
1
1
1
1
1
1
2
3
1
1
1
1
1
2
1
3
1
1
1
1
1
1
1
1
1
1
1
1
1
1
1
1
1
1
1
1
2
1
2
2
2
1
1
2
2
5
1
1
1
1
1
3
1
2
1
1
2
1
1
1
1
1
1
1
1
1
1
1
1
3
2
1
3
1
1
1
1
1
1
2
1
2
1
1
2
1
2
1
1
1
2
2
2
2
1
1
1
1
1
1
3
1
1
1
1
1
1
1
1
1
1
1
2
1
1
1
3
3
1
1
2
2
2
1
1
1
2
1
1
1
1
1
1
4
1
2
1
1
1
1
1
1
2
2
1
1
1
1
1
1
1
1
3
1
2
1
1
1
1
1
1
1
1
1
2
1
2
2
2
1
1
1
1
1
1
4
1
1
1
1
1
1
1
1
1
1
1
4
1
1
2
1
1
1
1
2
7
2
3
1
1
1
1
1
1
1
2
1
1
2
1
2
1
1
1
1
1
1
1
1
1
1
1
2
1
1
1
1
3
1
1
1
1
1
1
3
1
1
2
2
3
1
2
5
2
2
1
1
2
5
1
2
2
1
1
1
1
1
1
1
1
1
2
1
1
1
1
1
1
1
1
1
1
1
1
1
1
1
1
1
1
1
1
1
1
2
5
3
2
2
3
1
1
1
1
1
1
1
2
1
1
1
1
1
1
1
1
1
1
1
1
1
3
1
1
3
1
1
1
1
1
1
1
1
1
1
1
3
1
1
1
1
1
1
2
1
1
1
1
1
4
1
1
1
1
1
1
1
3
2
3
1
1
1
1
1
1
1
1
1
1
1
1
1
1
1
1
1
1
1
2
1
1
1
1
1
1
1
1
1
1
1
1
1
1
1
1
1
1
1
1
1
1
1