1
1
4
10
7
45
3
104
30
11
50
1
1
16
3
16
53
30
11
1
30
56
57
3
23
9
20
8
47
50
3
4
6
1
62
15
8
12
3
7
6
1
9
2
18
13
17
5
6
25
26
3
6
31
2
6
5
11
45
9
8
5
8
3
4
3
25
36
30
11
3
7
4
1
90
7
1
7
1
9
4
4
2
7
11
3
6
19
20
4
82
7
50
1
8
12
10
19
6
4
3
2
3
1
2
36
21
1
1
13
12
17
1
13
12
2
8
6
3
3
7
1
1
20
28
7
1
1
6
16
1
8
1
1
2
3
9
2
9
1
1
1
1
1
1
1
3
4
1
4
2
1
23
24
1
8
12
2
2
1
2
5
2
3
10
22
3
2
38
17
1
4
1
8
5
51
14
1
5
2
9
10
41
35
1
3
4
2
9
4
13
3
1
2
6
12
6
3
2
1
1
8
3
19
2
5
6
2
8
2
1
34
3
9
3
2
4
2
6
11
9
4
2
1
5
4
23
2
1
11
6
1
6
2
1
1
3
3
1
1
1
2
6
3
4
1
1
1
6
1
6
1
9
12
8
11
21
12
11
16
4
1
4
6
10
4
5
5
5
7
5
1
1
1
1
27
4
7
4
1
2
8
3
3
5
3
3
4
2
7
43
1
5
2
19
8
2
2
3
5
4
9
6
1
10
1
3
1
1
4
3
3
1
1
4
5
2
1
1
4
3
4
1
10
4
3
4
1
4
1
4
5
8
4
4
4
1
10
3
1
17
8
4
6
1
4
1
1
9
4
3
1
1
2
4
1
3
2
3
2
22
8
1
5
2
2
5
2
11
13
39
5
8
7
6
5
10
4
15
12
1
4
1
3
2
1
1
2
11
3
2
4
1
1
1
5
6
15
3
1
1
11
3
1
3
11
7
3
1
2
2
1
2
1
2
17
5
30
5
4
5
13
5
3
3
1
25
8
2
3
2
5
2
1
1
11
5
3
3
3
1
13
7
6
2
3
26
3
1
16
6
1
1
13
6
8
4
32
13
2
12
12
9
24
8
1
3
1
3
1
2
9
8
1
8
1
1
1
4
12
1
14
17
4
2
1
2
1
1
1
14
4
3
5
6
1
1
1
1
1
2
3
5
1
1
1
1
10
3
2
4
13
2
6
2
1
2
2
14
2
6
1
1
1
1
1
7
2
2
3
1
1
1
6
1
1
1
1
1
2
3
6
1
1
1
1
1
4
1
1
1
1
1
1
2
3
4
1
2
2
1
3
9
5
1
1
1
1
3
2
12
4
1
7
1
4
4
1
3
4
2
9
7
1
2
6
1
1
1
1
1
1
1
1
1
1
2
1
1
1
5
1
2
1
6
1
4
4
2
7
1
1
2
1
4
5
1
6
2
9
2
1
4
10
9
1
1
9
19
9
1
1
1
9
5
2
4
1
4
1
2
4
6
1
1
2
1
6
2
1
2
1
2
5
1
6
7
4
2
1
1
1
13
2
1
2
3
17
4
1
1
2
1
3
2
6
2
2
2
1
9
9
2
2
7
1
3
3
2
1
8
2
2
1
5
1
4
1
1
8
2
1
6
2
3
4
1
4
16
3
26
1
12
2
5
1
2
1
1
1
3
11
7
1
8
1
1
3
1
1
1
2
2
1
9
1
1
1
1
4
1
1
1
1
1
1
1
1
55
1
3
2
3
1
2
1
3
16
1
1
5
1
1
1
4
3
5
3
1
1
1
1
1
3
2
2
5
3
10
1
1
1
7
3
1
3
2
3
3
3
1
1
1
3
2
1
1
1
4
4
6
1
3
1
2
12
1
1
1
2
2
4
1
2
4
3
2
1
3
1
3
12
5
4
2
2
1
3
1
1
1
5
1
6
9
7
1
3
4
2
1
1
1
2
4
1
3
3
2
1
3
1
1
3
2
1
1
7
3
3
1
2
1
1
3
3
7
5
2
1
1
1
1
5
1
1
2
3
1
4
7
1
5
12
1
2
1
6
3
2
1
1
1
3
4
1
2
3
6
1
1
1
1
1
5
1
2
1
2
4
1
1
1
2
2
11
3
5
1
2
17
1
1
1
1
3
1
1
5
2
7
1
7
8
3
3
1
8
1
1
1
1
5
2
2
2
4
4
7
1
4
7
1
2
1
1
1
1
1
1
1
4
1
8
1
1
1
1
2
1
1
2
2
1
4
3
4
1
1
1
1
2
1
1
7
1
1
2
1
2
1
1
1
1
1
1
1
1
1
1
1
2
1
2
3
2
1
1
2
2
1
1
1
1
1
1
2
2
3
1
1
2
1
1
7
1
1
1
1
1
5
1
16
1
1
1
2
1
1
3
1
3
2
1
1
2
3
2
4
1
2
1
1
1
3
2
2
2
3
3
1
1
1
1
1
1
1
1
2
1
1
3
2
1
2
1
5
4
2
1
3
1
4
3
2
1
1
1
2
2
1
2
4
2
1
3
3
1
1
6
2
8
1
2
1
1
3
3
5
1
1
6
1
2
1
2
1
2
2
5
1
1
1
2
1
1
1
1
4
1
1
1
1
1
1
2
1
1
2
3
2
2
1
2
1
4
1
1
4
2
1
1
1
1
1
4
2
1
8
1
14
2
2
3
1
6
4
2
1
1
2
2
1
2
1
1
1
2
2
1
2
3
1
12
1
2
1
1
1
1
1
1
1
1
1
1
4
3
1
1
2
2
1
4
2
4
1
4
1
2
2
2
2
1
1
1
1
1
3
1
1
1
1
3
1
1
6
3
1
2
2
2
2
6
1
1
1
1
1
1
1
3
1
1
1
1
1
5
6
4
1
1
1
1
1
2
1
1
1
4
1
1
3
1
24
1
1
2
1
3
2
1
1
1
5
4
1
1
1
1
2
1
3
1
2
2
2
2
4
1
1
2
4
1
2
1
2
7
2
1
4
1
1
2
1
1
1
1
1
4
1
2
5
4
1
1
2
1
1
2
1
2
2
5
4
2
1
3
1
2
1
1
1
1
2
3
1
2
1
1
2
8
7
1
2
1
2
3
2
1
8
1
2
2
7
3
2
1
1
1
1
2
2
1
2
1
1
1
2
1
2
1
1
4
2
1
1
1
3
2
1
1
1
1
1
1
3
2
1
1
1
2
1
1
1
1
2
2
1
1
1
1
1
3
3
3
1
1
1
1
1
4
4
2
1
2
3
1
1
4
1
2
1
2
6
9
1
2
11
4
5
1
2
1
1
1
1
1
1
1
2
12
40
1
3
1
6
1
3
2
3
6
3
2
1
3
2
1
1
1
1
7
1
1
1
2
3
1
1
1
1
1
1
7
1
2
1
2
2
1
1
1
1
1
1
1
1
1
1
1
1
18
5
1
2
1
1
1
1
1
1
1
1
1
1
1
1
1
1
1
2
1
1
1
1
2
1
1
1
1
1
4
1
2
3
1
3
7
1
1
2
2
3
6
1
1
1
1
1
2
1
1
1
1
1
1
1
1
2
1
2
1
1
1
1
1
1
1
2
1
1
1
1
4
1
2
2
1
1
1
1
1
1
5
1
2
2
6
4
4
3
4
1
1
1
14
1
1
2
2
1
2
15
2
1
2
2
1
1
1
1
1
1
1
4
1
1
2
1
1
1
1
4
2
3
2
2
1
1
1
3
1
1
1
3
1
1
3
1
1
1
2
2
2
1
6
2
1
1
2
1
1
1
1
25
1
2
1
2
9
1
1
2
1
1
1
2
1
1
2
1
3
1
1
1
1
1
2
2
4
1
1
1
1
1
1
1
1
2
9
1
1
1
1
1
1
1
2
1
1
1
1
1
2
2
1
2
3
1
1
1
1
3
5
4
1
1
1
1
3
1
1
1
1
1
1
4
1
1
1
2
1
1
3
1
1
1
2
1
1
2
2
1
1
1
2
1
1
1
1
1
1
4
1
1
1
20
1
1
1
1
1
1
1
1
1
1
1
1
1
1
4
1
1
1
1
1
1
1
1
1
1
1
1
1
1
1
1
1
2
1
1
3
1
1
2
2
1
1
1
1
1
3
4
1
1
1
2
1
2
1
1
1
1
1
1
1
1
4
1
6
1
1
1
1
1
2
3
1
1
1
1
2
1
1
1
1
1
1
3
1
5
4
5
2
1
1
1
3
1
1
1
1
3
5
3
3
1
1
1
1
1
1
15
1
1
1
1
2
2
1
1
2
2
1
3
1
3
1
1
1
1
1
1
2
11
1
1
1
2
1
2
2
2
1
6
1
1
1
1
1
1
1
1
1
1
2
3
4
1
2
1
1
2
1
1
1
1
1
1
1
2
1
1
2
1
2
1
1
1
2
1
1
1
2
2
1
1
3
1
1
1
1
1
1
1
1
1
2
1
2
1
1
1
1
1
1
1
1
2
1
1
1
1
1
1
1
1
1
1
1
1
1
1
2
4
1
3
1
2
2
16
7
5
5
23
7
12
5
8
4
5
2
2
2
2
2
1
2
2
2
2
2
7
2
3
4
1
2
1
2
5
1
1
1
2
9
1
1
1
1
1
3
1
4
2
2
2
2
4
5
2
5
2
2
3
1
1
1
2
1
1
1
1
1
1
1
1
2
2
2
3
1
1
3
3
3
3
3
3
3
3
2
2
2
4
4
4
4
1
11
7
2
2
2
1
4
2
2
2
1
1
2
2
2
3
1
1
1
1
1
5
1
1
1
1
1
1
1
1
2
1
1
1
1
1
1
1
1
1
1
1
1
1
1
2
1
3
3
3
1
3
3
3
5
2
2
4
2
5
2
2
1
2
2
2
2
4
1
1
1
1
1
7
1
2
6
1
2
2
2
1
1
1
1
1
1
1
1
1
2
1
2
2
2
1
1
1
1
2
1
1
1
1
1
1
4
5
1
1
1
4
1
24
2
2
1
1
2
4
2
1
1
1
1
7
3
4
4
2
3
3
3
3
1
2
1
1
1
1
2
2
2
1
1
1
1
5
1
1
1
1
1
1
1
1
1
1
1
1
1
1
2
1
1
1
1
1
1
1
1
1
1
1
1
1
1
2
1
1
1
1
1
1
1
1
1
1
1
1
1
1
1
7
1
1
1
1
1
1
1
1
1
1
2
1
2
5
4
5
1
2
1
1
1
1
1
1
1
3
1
1
1
1
1
1
1
1
1
1
1
1
1
1
2
1
1
1
1
1
1
1
1
1
1
1
1
1
1
1
2
1
1
1
1
1
1
1
1
1
1
1
1
1
1
1
1
1
1
1
1
1
1
1
1
1
1
1
1
1
1
1
1
1
1