5
183
41
10
10
6
2
1
1
1
42
3
2
4
3
2
2
2
5
6
2
1
1
1
1
4
12
3
6
2
2
2
9
2
2
7
1
1
4
3
3
2
5
2
19
23
28
10
23
4
2
5
5
4
10
1
3
2
18
10
9
1
5
7
3
12
10
6
1
11
3
2
8
4
1
20
12
18
1
5
5
112
8
5
4
2
2
2
1
1
1
1
5
37
28
8
1
1
6
1
4
3
11
12
2
1
4
3
9
7
1
6
24
1
3
1
1
3
1
1
2
1
1
3
1
2
9
9
1
3
4
13
6
1
10
3
1
2
1
4
1
2
7
6
1
1
1
5
2
2
17
1
2
11
1
7
2
25
13
18
1
1
2
9
1
1
4
8
1
2
1
1
1
1
8
2
1
10
1
2
1
4
1
3
2
1
1
7
1
1
6
1
2
1
3
2
1
1
1
1
1
2
2
2
2
1
1
1
1
1
1
1
1
1
1
12
1
1
1
1
1
5
1
1
1
2
1
3
1
2
2
6
1
1
1
2
2
2
8
2
1
1
2
6
12
1
1
1
14
1
32
2
1
3
2
2
1
3
2
1
2
3
8
3
1
3
2
1
1
7
1
2
2
2
4
3
3
1
1
2
19
4
4
1
16
1
1
15
1
2
1
3
15
1
4
2
1
3
1
2
2
2
13
1
3
4
2
4
1
1
1
6
2
8
3
1
10
2
1
1
1
1
2
2
1
3
6
6
2
2
5
4
8
2
5
2
1
1
1
1
3
1
1
3
6
2
16
2
1
4
2
2
2
2
1
2
1
2
1
2
1
1
4
2
2
2
2
1
1
2
3
5
4
2
7
6
5
2
1
1
6
1
1
1
1
1
2
4
1
1
1
2
2
1
4
1
1
1
1
4
1
3
3
1
4
1
1
1
2
9
3
1
2
1
1
3
1
2
1
3
1
5
1
2
1
2
1
1
3
1
2
2
2
1
10
3
1
1
1
2
4
2
4
1
5
2
1
2
1
10
3
1
1
2
1
3
2
2
9
1
1
6
2
1
1
1
3
3
1
1
1
1
1
1
1
1
2
1
3
1
1
1
2
1
1
2
1
1
3
1
2
1
1
3
1
1
1
1
1
1
2
1
4
2
6
3
1
1
1
3
1
1
4
2
5
3
1
3
1
2
1
1
1
1
1
2
1
1
1
1
1
1
1
4
3
1
1
1
6
2
1
1
1
2
1
1
1
1
1
1
1
2
3
1
1
2
1
4
1
1
1
5
1
1
1
2
5
1
1
2
1
1
2
3
1
1
1
2
2
1
8
1
2
1
1
2
1
5
1
1
1
6
7
2
1
5
3
1
2
2
2
3
1
1
1
1
1
2
1
1
1
1
1
8
3
4
1
2
2
1
2
1
1
2
1
2
1
2
7
1
1
1
2
9
1
2
3
1
3
8
3
9
6
3
1
4
1
3
1
2
2
1
1
2
1
2
1
2
1
3
1
1
2
4
1
1
1
4
2
1
1
1
2
3
4
2
9
1
2
1
2
3
1
1
2
2
9
1
1
1
1
2
2
1
1
3
1
1
1
1
1
3
1
1
2
1
1
3
2
1
2
2
2
3
1
1
1
1
1
1
5
1
1
1
2
1
1
1
5
1
3
1
1
2
1
1
3
2
4
1
2
2
11
2
3
1
1
1
1
1
2
1
1
1
1
1
2
1
2
1
2
1
1
1
7
1
1
2
1
1
3
1
1
1
1
2
1
1
2
1
1
1
1
1
1
1
4
4
1
3
1
2
1
1
1
1
1
1
1
1
6
1
1
1
1
1
1
4
1
1
1
1
10
1
1
2
1
1
1
12
1
2
2
1
1
1
1
1
4
1
2
2
2
1
1
1
1
1
1
2
3
1
1
1
2
1
1
1
1
2
2
8
1
1
2
2
1
1
2
1
1
1
2
2
1
2
1
1
2
3
1
1
1
1
3
2
1
1
1
1
1
1
3
1
1
1
1
1
2
1
1
1
1
1
3
1
2
1
1
6
1
1
1
3
1
1
1
2
1
1
1
1
1
1
2
1
1
1
1
1
1
1
1
1
1
1
1
2
1
2
3
1
1
1
1
1
1
1
1
1
1
3
1
1
1
1
1
1
1
1
1
1
1
1
2
1
1
2
1
1
2
1
1
2
1
1
1
1
1
1
1
1
1
1
1
1
1
1
1
1
1
2
3
1
1
1
2
1
1
1
1
1
1
1
3
1
1
1
2
2
1
1
1
1
1
1
1
1
1
1
2
1
2
1
1
1
1
1
1
1
1
1
1
1
7
4
1
2
3
2
1
1
1
1
1
2
1
2
1
5
5
5
1
1
1
1
2
1
1
1
1
1
1
1
1
1
1
7
1
1
1
2
3
4
1
4
1
1
1
1
1
1
2
1
1
1
1
2
2
1
2
1
1
1
1
1
2
1
1
1
1
3
2
1
1
1
1
2
1
1
1
1
1
1
1
1
1
1
1
1
1
1
1
1
1
1
1
1
1
1
2
1
1
1
1
1
1
1
1
1
1
1
1
1
1
1
1
1
1
1
1
5
1
1
1
1
1
1
1
1
1
1
1
1
1
1
1
3
1
1
1
1
1
2
1
1
8
1
2
1
1
1
2
2
1
1
2
1
1
1
1
1
1
1
1
1
1
1
1
1
1
2
3
1
1
1
3
1
1
1
3
1
1
1
2
1
1
1
1
1
1
1
1
1
1
1
1
2
1
1
1
1
1
1