4
1
58
24
22
15
4
1
4
1
13
3
2
19
6
4
10
6
24
10
2
1
17
3
2
2
3
4
4
1
3
14
1
1
2
3
3
6
6
1
3
3
5
12
24
6
3
4
1
3
3
17
6
103
1
2
1
3
3
8
8
1
4
2
5
3
1
10
1
1
1
2
2
7
1
4
1
1
3
5
26
38
21
20
1
4
3
4
5
1
11
1
17
10
2
3
20
4
6
12
51
5
1
1
1
1
2
3
5
2
2
1
4
3
3
3
1
2
3
4
29
12
9
1
4
1
2
1
1
2
16
1
4
1
1
7
1
2
1
1
1
33
16
1
1
12
1
2
1
2
1
2
1
1
1
3
1
8
2
4
3
1
1
1
1
1
1
1
1
1
2
1
1
2
16
1
1
4
10
1
10
3
1
1
1
3
5
1
1
1
1
3
1
1
1
2
17
2
1
1
1
3
9
5
1
5
4
6
3
2
2
28
2
1
1
2
9
1
1
8
11
11
1
1
6
1
6
5
1
1
1
1
1
1
5
1
2
2
1
1
1
1
2
1
5
1
2
2
3
1
5
4
1
6
2
14
5
1
1
1
2
1
2
6
2
1
3
1
2
18
1
1
2
1
6
1
1
1
1
2
2
10
2
1
1
1
1
1
1
2
1
6
1
3
2
1
1
1
2
1
4
9
3
2
1
1
2
3
14
5
2
1
1
1
4
3
10
15
1
7
4
1
3
1
10
2
1
2
1
1
1
2
1
3
10
14
2
3
1
1
7
1
1
1
3
12
2
2
1
1
1
1
1
1
1
1
2
1
1
1
3
3
2
4
1
1
10
2
1
2
7
1
6
6
1
1
1
1
3
2
6
1
1
6
1
2
1
2
1
4
1
4
3
4
3
2
3
6
3
1
1
3
17
1
2
3
5
3
1
1
3
3
3
1
1
1
1
2
7
3
1
2
2
2
2
1
1
1
1
3
1
2
1
1
1
2
1
1
7
1
1
1
1
1
1
3
1
1
1
3
1
4
4
1
4
2
1
1
1
4
1
1
3
1
1
7
2
2
7
1
1
1
2
2
2
1
2
1
1
1
1
1
2
1
3
1
1
2
5
2
1
2
1
1
1
4
1
1
1
1
3
1
1
1
1
2
4
4
1
4
5
1
1
1
2
7
1
3
1
2
2
2
2
1
1
1
2
2
2
1
3
2
3
3
3
1
1
2
2
1
1
3
10
1
2
3
1
2
2
1
1
1
3
1
1
1
1
1
1
1
1
1
2
1
6
5
1
3
2
10
3
3
1
1
1
1
2
1
1
2
7
1
1
1
5
1
1
1
1
1
3
1
2
1
1
3
1
7
3
3
1
1
1
1
4
1
3
1
1
1
1
1
1
1
2
1
1
2
2
8
10
1
3
1
1
2
1
2
1
1
3
2
1
2
3
1
1
3
1
1
2
1
1
1
2
3
2
1
1
3
1
1
1
1
1
1
3
1
3
2
1
1
1
1
1
2
1
1
4
1
1
1
1
2
3
1
1
1
5
1
1
3
1
1
4
1
5
1
1
1
2
1
1
1
2
3
1
1
2
1
1
1
2
1
2
4
3
1
2
1
1
1
1
2
5
1
5
1
1
1
2
3
2
1
3
1
4
1
2
1
1
1
1
1
1
1
1
1
1
8
1
1
1
1
1
1
5
1
1
1
1
1
1
1
1
1
2
1
2
1
4
1
2
1
1
2
1
3
3
1
3
1
1
1
1
3
3
3
1
1
3
1
1
1
1
1
1
2
1
1
1
1
1
1
2
1
1
2
1
1
1
1
1
1
1
1
1
1
1
2
3
1
1
1
1
1
1
2
1
1
1
2
1
2
1
1
1
1
2
1
3
2
1
2
1
1
1
1
4
2
1
1
6
2
1
1
2
1
3
3
1
2
2
2
2
1
3
1
1
1
3
2
1
1
1
1
2
1
2
1
1
1
3
1
1
2
1
1
1
1
1
3
1
1
3
2
1
1
1
5
3
3
1
1
1
1
1
1
1
1
2
1
1
1
2
1
1
1
1
2
3
1
1
1
2
1
1
2
1
1
2
1
1
3
1
1
1
1
1
1
2
1
1
1
1
1
1
1
2
1
1
1
2
4
1
1
1
1
1
2
1
1
1
1
1
1
2
1
1
1
2
2
1
1
1
2
1
1
1
1
2
1
1
1
2
2
1
1
1
1
1
1
1
1
2
1
1
2
1
2
1
2
2
2
2
2
1
3
1
1
1
1
1
1
1
1
2
2
2
2
1
1
1
1
1
5
1
1
1
1
2
5
1
2
1
2
1
1
1
1
1
1
1
1
1
1
2
1
1
1
1
1
1
1
1
1
1
2
1
1
1
1
1
1
1
1
1
1
1
1
1
1
2
1
1
1
1
1
1
1
1
1
1
1
1
1
1
1
1
1
1
1
1
1
4
1
1
1
1
1
1
1
1
1
3
2
1
2
1
1
1
2
1
1
3
1
1
1
1
1
1
1
1
1
1
1
1
1
1
1
1
1
1
1
1
1
1
1
1
1
1
1
1
1
1
1
1
1
1
1
1
1
1
1
1
1
1
1
1
1
1
1
1
3
2
1
1
1
1
1
1
1
1
1
1
1
1
1
1
1
2
1
1
2
1
1
2
1
1
2
1
1
2
2
1
1
1
1
1
1
1
3
4
1
1
1
1
1
1
1
1
1
1
1
1
1
1
1
1
1
1
2
1
1
1
1
1
1
1
1
1
1
1
1
1
1
1
1
1
1
2
1
1
1
1
1
1
1
1
1
1
2
1
2
1
1
1
1
2
1
1
1
1
1
2
1
1
1
1
1
1
2
1
2
1
2
1
1
1
1
1
1
1
1
1
1
1
1
1
1
1
1
1
1
1
1
2
1
1
1
1
1
1
1
1
1
1
1
1
1
1
1
1
1
1
1
1
2
1
1
1
1
1
1
1
1