1
4
1
1
91
68
450
210
26
45
7
42
45
44
44
19
99
24
37
22
45
34
113
68
18
29
31
6
6
91
86
42
34
13
19
8
25
15
1
46
4
10
18
9
9
12
3
31
67
3
3
26
96
5
173
17
118
59
97
8
4
67
10
38
9
4
1
173
3
2
7
19
8
11
2
29
32
13
25
28
16
3
3
4
1
1
7
10
12
8
1
9
7
4
199
13
23
9
3
2
3
7
1
14
3
5
4
3
2
29
54
1
1
7
2
28
1
1
5
5
1
8
4
12
4
1
16
2
10
1
7
27
2
4
11
2
42
11
5
45
49
42
10
6
10
4
4
3
25
2
4
14
30
102
24
6
8
14
13
7
49
17
32
3
6
3
24
1
19
3
8
2
2
3
1
25
2
22
10
1
1
2
2
3
2
2
2
3
2
2
2
6
1
1
11
1
3
10
3
8
1
1
1
5
4
5
4
2
1
2
7
4
3
5
3
2
60
2
1
1
1
40
1
6
10
5
2
3
2
1
8
17
4
1
3
9
1
8
1
3
3
5
3
3
5
4
1
9
8
6
11
2
1
2
2
1
7
23
10
4
3
9
1
19
1
15
2
1
1
2
2
25
1
3
1
19
2
24
13
7
6
14
21
7
13
4
1
1
5
4
3
2
1
1
1
9
5
5
7
29
6
3
4
12
2
3
4
5
2
14
9
2
6
17
2
1
1
1
33
3
6
6
2
1
1
3
2
1
4
17
2
12
1
18
6
8
15
11
2
7
3
6
1
9
11
5
1
3
5
6
6
4
37
5
1
20
2
1
5
1
15
4
2
1
5
6
17
46
5
10
12
11
1
2
10
1
1
7
7
1
1
2
30
5
4
12
4
1
5
2
2
2
4
1
2
13
3
3
7
1
11
1
1
6
2
3
1
6
1
4
4
75
2
1
2
11
10
1
1
2
1
1
8
6
4
6
8
10
13
2
33
2
3
4
4
2
3
6
8
1
5
22
6
3
3
21
1
1
3
6
3
7
1
1
1
3
14
6
5
1
1
5
1
9
1
1
7
16
1
6
2
1
4
2
7
12
6
10
2
8
8
1
25
1
1
1
1
2
2
1
8
2
2
3
1
17
2
4
17
1
3
40
10
3
4
2
18
2
4
3
1
3
5
6
2
1
1
1
1
1
3
1
2
1
1
1
1
3
1
1
1
2
1
1
1
5
2
1
1
10
3
8
7
3
1
4
1
1
5
1
1
2
2
1
1
1
1
2
2
1
3
3
2
1
1
1
2
2
6
2
1
3
1
3
2
1
1
2
11
9
1
2
1
1
1
1
4
4
3
1
2
5
1
3
1
2
1
4
57
4
2
1
2
1
2
8
2
4
4
1
1
1
1
1
1
1
4
1
2
2
28
2
7
1
2
1
1
1
1
1
2
1
1
2
2
2
10
3
1
2
1
1
1
2
1
1
3
1
1
2
1
1
2
2
6
3
2
2
2
14
3
3
4
1
2
4
3
3
5
2
1
1
7
1
2
8
4
4
5
1
1
1
1
1
2
7
2
5
2
3
1
1
2
4
2
4
1
2
4
4
6
9
2
3
1
1
6
1
4
2
4
1
1
1
1
17
18
1
3
1
1
1
1
1
1
1
2
2
1
2
1
1
2
2
1
3
3
1
2
2
1
3
2
2
3
1
3
3
1
24
1
4
6
1
2
1
3
19
4
5
3
16
1
1
3
1
1
2
1
3
1
2
1
1
4
1
1
1
1
2
1
1
1
6
2
1
1
2
1
7
2
1
1
3
1
1
3
20
1
1
1
1
3
3
1
1
1
1
2
1
25
3
6
1
1
2
3
9
2
2
3
1
1
1
8
17
8
2
2
1
2
3
1
4
3
3
3
3
2
1
3
5
4
4
2
3
3
1
1
4
3
3
20
5
1
2
1
2
1
1
1
1
1
1
4
1
2
4
11
1
4
1
2
5
17
1
1
2
2
1
5
1
3
1
1
1
4
1
1
1
2
1
3
2
1
6
1
5
2
2
1
4
2
1
1
11
1
10
1
2
4
2
2
1
3
5
1
4
4
3
3
2
1
1
10
1
1
1
2
2
1
2
1
3
2
1
1
1
3
1
1
1
2
5
4
2
3
1
2
1
1
1
1
1
5
6
1
9
1
7
5
3
2
5
2
2
1
1
2
2
4
2
1
1
4
1
3
8
1
1
7
2
1
1
5
2
6
1
2
10
1
3
1
2
3
4
7
2
1
1
2
1
1
1
2
1
1
1
1
1
1
1
1
4
5
3
1
1
1
4
5
1
5
1
1
2
16
3
4
2
1
5
2
3
2
4
1
24
5
2
2
1
3
2
1
1
7
1
1
3
1
1
1
3
1
4
15
1
1
3
3
4
17
7
4
1
3
1
1
2
2
1
2
3
1
5
1
2
3
2
2
1
1
1
1
4
10
3
1
1
1
2
1
1
2
1
1
1
2
5
9
13
8
2
7
6
1
1
1
1
1
8
23
11
1
1
6
1
2
1
1
4
10
1
2
2
1
2
1
1
1
1
1
1
2
2
5
2
4
3
1
4
1
8
4
3
3
1
5
2
3
1
1
1
14
1
1
1
1
1
8
3
2
2
6
1
2
1
1
9
1
1
1
1
2
2
1
1
3
2
6
1
15
1
1
5
1
2
3
12
1
3
1
1
1
1
1
2
1
2
2
5
3
6
2
2
1
1
1
1
2
1
1
1
1
1
1
1
1
1
2
2
3
1
1
2
17
1
2
2
2
1
5
2
2
2
2
1
2
2
2
5
1
3
1
1
1
5
1
21
1
3
2
1
5
2
2
1
3
1
1
1
1
5
1
2
1
1
1
1
9
1
4
16
1
5
1
1
4
5
1
1
1
1
2
3
3
5
1
2
1
1
1
5
3
1
1
7
2
1
1
2
3
1
1
6
3
2
5
3
5
2
1
5
6
2
1
1
7
18
13
7
4
2
2
2
1
5
6
6
1
2
1
1
2
2
2
1
1
1
1
1
1
1
4
1
1
1
2
2
1
3
1
1
2
1
3
2
1
1
2
2
1
4
3
8
1
1
1
1
1
10
7
1
4
2
2
2
1
1
1
4
4
12
3
3
2
2
2
4
3
3
1
1
2
1
4
3
4
4
1
1
1
2
1
1
1
2
1
1
1
2
2
1
1
1
1
2
2
1
1
2
1
1
1
1
2
2
1
1
1
2
1
1
2
1
1
1
1
1
1
2
1
2
2
2
1
1
2
1
1
3
1
2
1
2
1
2
1
2
1
1
1
2
1
3
2
1
1
5
1
1
1
1
1
1
1
1
2
1
2
1
1
1
1
1
2
1
1
2
2
1
2
1
1
2
1
1
1
2
1
1
1
1
1
1
1
1
1
1
1
1
2
1
5
2
1
2
1
1
2
1
1
1
1
1
2
2
2
2
2
2
1
6
1
1
1
1
1
1
2
8
1
1
1
2
2
1
4
1
1
1
1
1
1
4
1
1
1
1
6
1
1
1
5
3
1
1
1
1
1
2
1
1
1
1
1
1
1
1
1
1
5
3
3
1
1
1
2
1
5
1
2
2
1
1
1
2
1
2
14
3
1
1
1
1
1
1
2
1
1
1
1
1
1
2
2
1
1
1
2
2
3
4
2
1
2
1
1
1
1
1
1
1
1
1
2
1
1
1
1
1
2
1
2
1
1
6
4
2
1
1
7
14
1
1
3
1
1
1
1
1
1
1
1
3
1
1
1
2
2
1
5
1
1
1
2
2
2
1
2
1
1
1
1
1
3
1
1
1
4
1
1
1
1
1
1
1
1
1
1
1
1
1
1
1
1
1
1
1
1
1
1
1
1
1
1
1
1
1
1
2
1
1
1
1
1
3
14
1
1
1
2
1
3
3
4
1
1
1
1
1
1
1
1
1
1
2
1
3
1
2
1
1
1
1
1
1
1
1
1
1
2
2
1
1
1
1
1
1
1
1
1
1
1
1
1
1
1
1
5
1
1
1
2
1
1
2
2
2
1
1
1
1
1
1
1
1
1
1
1
1
2
1
1
1
3
1
1
1
2
1
1
2
1
1
2
2
1
1
1
1
1
1
1
1
1
3
1
1
1
1
2
2
1
1
1
1
1
1
1
1
3
1
1
1
1
1
1
2
1
1
1
1
1
1
1
1
1
1
1
1
1
1
1
2
2
1
1
1
1
3
1
1
1
1
5
1
1
1
1
1
1
1
1
1
1
1
1
1
1
1
4
1
1
2
1
13
13
14
1
1
1
1
2
2
1
2
1
7
1
1
1
1
1
1
1
1
1
1
1
1
1
1
1
1
1
1
2
2
1
1
1
1
1
1
1
3
2
1
1
1
2
1
1
1
1
1
1
1
2
2
2
1
1
1
1
3
1
1
1
1
1
1
1
1
4
2
2
1
1
1
1
1
1
1
1
1
2
1
2
1
1
2
2
2
2
2
1
1
1
1
1
1
1
1
1
1
2
1
1
1
1
1