1
35
1
1
121
79
86
22
22
46
26
16
24
13
1
1
86
2
78
22
22
22
2
6
3
1
2
2
1
5
150
84
21
3
1
8
1
96
5
1
8
23
10
34
2
18
1
5
9
1
2
3
13
5
3
3
3
5
10
3
1
5
1
10
12
1
1
4
1
1
16
5
43
1
2
5
3
2
24
1
2
1
1
4
1
3
7
1
2
1
25
19
24
2
44
8
2
1
1
1
14
7
2
8
24
2
1
7
1
1
5
5
2
1
6
4
1
1
5
2
2
2
1
14
5
10
4
2
1
4
13
13
7
2
3
2
1
5
1
4
2
9
2
2
3
2
1
1
1
1
2
1
3
1
3
1
2
1
4
1
2
4
1
1
1
3
5
2
2
2
1
1
1
1
3
5
2
1
1
8
3
1
1
2
5
1
2
1
2
1
1
4
12
4
1
3
3
1
1
6
2
2
1
4
5
1
1
4
4
1
1
1
5
1
1
1
2
2
1
2
1
9
10
4
5
1
4
4
1
5
5
2
2
2
3
3
3
2
1
7
3
1
1
1
1
5
1
1
1
6
12
2
24
15
16
2
1
5
1
1
1
6
2
6
1
3
1
1
3
3
2
3
4
2
1
2
5
7
2
2
1
1
5
6
3
1
1
1
3
6
1
1
5
1
3
2
1
1
2
1
4
15
3
4
3
3
2
1
2
1
8
3
2
2
1
3
1
1
2
4
1
1
2
8
2
2
2
1
2
3
3
2
2
2
1
2
1
1
1
4
22
1
2
5
12
2
14
1
7
1
6
6
7
5
1
2
2
6
4
6
1
4
1
3
5
1
1
2
1
1
4
9
1
2
4
1
3
3
6
3
1
1
1
3
4
4
1
1
1
2
2
1
21
4
3
10
1
1
1
1
1
1
1
1
1
21
1
3
1
3
1
1
1
1
1
1
1
1
6
1
1
2
1
1
1
1
1
1
2
1
4
4
1
2
1
1
1
1
1
1
3
1
1
3
2
2
2
9
1
18
4
1
6
1
6
4
1
1
12
4
1
2
1
2
4
6
1
15
12
1
3
3
1
2
1
4
2
1
5
6
1
3
3
1
2
3
1
3
8
4
1
9
2
1
2
1
1
2
1
1
2
2
1
1
2
3
2
1
1
1
8
4
2
1
2
1
1
7
2
1
28
1
7
1
2
1
1
2
1
1
3
1
4
2
7
11
1
2
2
1
7
2
1
1
1
1
3
1
2
1
1
1
1
1
2
1
1
1
1
1
1
1
9
1
4
1
13
3
1
1
1
1
3
1
2
1
1
4
1
1
1
1
1
4
7
2
5
1
9
6
7
2
2
4
3
1
19
1
4
2
8
1
2
1
6
5
1
1
7
1
1
1
2
11
1
1
2
7
1
1
1
1
2
3
1
1
1
4
1
1
2
1
1
4
1
1
3
1
2
1
1
4
4
6
2
1
1
3
1
1
2
2
2
1
1
16
2
1
2
1
1
3
2
2
2
1
1
1
6
1
1
1
1
1
5
1
1
3
3
1
1
1
2
1
9
1
1
2
1
2
2
2
1
1
1
2
4
3
1
7
2
3
1
5
14
6
4
2
2
2
2
10
4
3
3
2
2
8
2
4
6
2
4
4
2
2
3
6
4
2
3
3
2
6
1
1
1
1
1
1
1
3
2
1
5
3
3
1
1
1
1
1
36
2
1
5
3
1
4
2
2
3
1
1
1
1
4
1
2
1
1
3
1
1
1
2
6
1
2
1
4
19
1
11
2
1
2
1
1
3
12
1
3
1
7
1
1
3
2
1
1
3
4
5
6
3
9
2
3
3
14
2
1
1
1
3
3
2
2
2
1
1
5
3
1
2
1
2
1
1
1
1
5
2
1
1
1
1
4
1
1
1
1
3
1
5
1
1
1
1
1
1
3
1
1
3
1
1
2
3
2
6
1
1
4
1
1
1
5
1
1
1
5
1
1
1
2
2
3
1
1
8
1
1
2
1
1
1
1
8
1
1
1
1
1
2
1
2
3
2
1
2
1
4
1
1
1
3
1
1
1
7
41
9
2
1
1
2
1
1
9
1
1
1
4
1
2
3
2
1
2
3
1
3
24
2
2
19
5
1
1
1
1
3
1
1
1
2
2
4
2
3
4
3
3
1
2
2
2
2
1
1
1
1
1
1
2
1
1
1
3
1
2
1
1
1
2
2
1
1
2
2
2
2
1
1
1
1
2
1
1
1
4
1
2
3
1
1
1
1
1
1
3
1
1
1
1
6
12
1
1
1
1
4
3
4
1
1
1
1
1
1
1
1
1
3
1
2
1
2
1
3
1
5
1
1
1
1
1
2
1
1
1
1
2
3
1
1
1
3
2
1
1
1
2
1
1
1
1
1
1
1
1
1
1
2
2
5
1
1
2
11
4
1
1
1
4
2
4
1
11
4
1
1
3
1
1
2
1
1
1
1
1
1
3
2
1
3
1
1
5
1
1
2
3
2
1
2
3
1
1
1
2
2
5
2
1
1
1
1
1
1
1
1
2
4
1
1
1
2
2
5
1
3
1
1
2
1
1
11
4
1
2
1
1
1
1
2
1
2
2
1
1
1
1
2
1
1
1
5
4
2
9
1
1
2
1
1
12
1
1
1
1
1
2
1
1
1
2
1
1
2
3
1
1
1
1
1
2
1
1
1
1
10
1
1
1
1
1
2
1
1
2
1
1
1
1
1
1
1
1
1
1
2
1
1
1
1
3
1
3
1
2
2
1
1
1
1
1
1
1
1
1
2
1
1
1
1
1
1
2
1
2
5
1
1
1
1
1
1
1
1
1
1
1
1
1
1
1
1
1
1
1
1
1
9
1
1
1
1
2
1
4
1
2
2
2
2
4
1
1
1
1
1
1
1
1
2
1
1
1
2
2
1
1
1
1
1
2
1
1
1
1
1
2
1
1
2
1
2
1
3
2
2
2
2
1
5
3
7
1
2
1
1
5
2
2
3
1
1
1
1
1
1
1
1
3
2
1
1
1
1
1
1
3
1
1
1
1
1
1
1
2
2
1
1
1
1
1
1
1
1
2
1
1
1
2
2
1
1
2
1
1
1
1
1
2
1
1
1
1
1
1
1
1
1
1
1
1
1
1
1
1
1
1
1
1
2
1
1
1
1
4
1
1
1
1
1
1
1
1
1
1
1
2
1
1
2
1
1
1
1
1
1
1
1
1
1
1
1
1
1
1
1
2
1
4
1
2
1
1
1
1
1
1
2
1
1
1
1
1
1
1
1
1
2
2
2
1
3
1
1
1
1
1
2
1
1
1
1
1
1
1
1
1
1
1
1
1
1
2
3
2
1
1
1
1
1
1
1
1
2
1
1
1
1
1
1
1
1
1
1
2
1
1
1
1
1
1
8
1
1
1
1
1
1
1
1
1
1
1
1
1
1
1
1
1
1
1
3
1
1
1
1
1
1
1
1
1
1
1
1
1
1
1
1
1
1
1
1
1
1
1
1
1
2
1
2
1
1
1
1
1
1
1
2
1
35
1
1
1
2
2
1
1
1
1
1
1
1
2
1
1
1
1
1
2
1
2
1
1
1
3
1
2
5
13
1
17
1
2
1
1
1
3
1
1
1
1
1
1
1
1
1
1
1
4
3
1
1
1
1
1
1
1
1
1
1
1
1
1
1
1
1
1
1
1
1
1
1
1
1
1
1
2
1
2
1
1
1
14
1
1
1
1
1
2
1
1
1
1
1
1
3
1
1
1
5
1
1
1
1
1
1
1
1
1
1
1
1
1
10
1
1
1
1
1
1
1
1
1
1
1
1
1
1
1
1
1
1
1
1
1
1
1
1
2
2
1
3
4
2
1
4
2
1
1
2
1
1
1
1
1
1
1
1
1
1
1
1