1
18
23
123
216
47
47
93
44
130
152
4
16
4
10
4
9
25
46
22
1
2
1
1
2
81
19
9
2
49
8
3
9
14
19
73
62
3
1
2
4
22
2
3
3
39
35
84
83
10
14
3
4
7
11
2
2
28
65
9
1
5
8
12
243
27
5
1
8
1
19
1
21
25
3
5
114
8
9
2
3
275
1
2
15
8
4
11
7
39
94
56
33
69
29
1
2
1
1
1
2
2
4
3
26
17
7
44
1
2
2
8
68
4
9
1
4
2
2
7
11
3
49
2
2
3
4
1
3
1
9
7
6
14
3
179
26
21
4
2
3
18
3
3
1
4
5
19
15
21
10
2
4
1
2
61
7
9
8
2
5
1
3
4
2
5
2
1
36
3
4
1
16
6
9
7
6
2
8
1
10
3
6
1
1
9
1
1
1
1
1
1
2
1
3
1
1
1
10
8
2
2
1
1
23
21
1
1
2
2
1
1
1
1
7
6
10
7
1
1
5
1
1
4
2
2
12
4
2
1
1
1
3
4
2
6
15
1
1
5
12
3
8
10
11
4
49
39
3
61
27
9
4
5
5
1
1
1
11
1
2
21
13
8
1
15
8
3
8
16
1
2
10
20
3
4
2
1
3
1
2
1
7
26
14
4
4
5
2
1
1
3
1
15
1
1
1
1
6
27
2
8
4
2
4
15
4
5
1
2
19
16
7
1
8
5
2
2
3
4
5
3
2
27
4
2
3
1
3
3
7
1
5
16
2
6
4
1
1
2
4
1
1
5
8
1
8
3
3
1
1
3
44
1
1
10
16
23
5
9
7
3
1
3
1
2
2
36
9
6
6
5
3
3
1
1
1
2
13
2
11
11
1
20
3
4
1
7
4
6
6
6
2
1
5
13
2
1
4
2
2
2
2
19
6
1
15
11
9
6
5
6
5
25
2
1
18
11
2
5
23
5
16
18
7
1
17
2
28
8
22
14
12
2
10
1
5
9
1
2
3
4
2
3
16
6
2
2
9
1
12
1
1
3
70
12
7
2
2
1
1
5
1
1
4
2
1
2
1
2
1
1
24
2
1
1
10
3
6
2
36
21
21
26
1
4
1
2
10
15
14
2
22
5
9
6
7
3
6
11
4
8
1
2
3
3
8
2
4
2
2
7
2
1
2
1
4
6
14
4
2
3
4
3
2
4
1
3
2
2
2
4
1
1
5
3
5
1
4
2
3
2
7
3
1
5
13
2
1
1
12
3
9
1
5
4
3
5
3
3
1
14
3
4
2
6
16
1
11
1
1
2
1
1
4
1
1
5
1
7
6
4
1
1
2
4
1
1
4
3
2
1
8
4
1
3
2
1
2
4
1
1
4
2
4
2
1
5
6
3
1
1
7
1
2
2
1
1
5
1
7
37
1
12
2
1
1
2
1
9
3
1
1
1
5
6
4
2
2
2
6
1
1
1
1
1
3
1
1
4
8
4
1
4
10
2
1
4
5
4
2
1
1
1
2
1
3
1
1
2
1
2
4
14
4
1
6
1
3
1
8
1
2
8
8
6
1
5
1
4
8
2
1
1
10
2
1
3
2
1
1
1
1
2
6
3
5
7
2
1
1
2
2
1
3
2
3
2
2
2
1
1
3
1
13
5
2
4
5
2
3
4
4
1
2
2
2
1
2
8
1
1
2
1
2
3
1
1
4
1
1
1
12
10
8
1
14
1
1
1
6
1
1
1
1
5
5
4
7
11
3
1
3
1
1
3
2
3
4
1
6
3
1
2
1
1
16
2
1
1
1
1
1
4
2
1
1
1
2
8
1
15
1
1
1
20
13
2
2
1
2
2
1
3
3
1
5
1
6
5
8
1
4
7
1
2
1
2
1
1
1
1
1
10
4
2
2
1
1
3
1
1
1
1
1
5
1
1
2
3
1
1
1
1
1
1
2
1
1
4
1
1
4
3
2
1
10
1
2
1
2
1
3
3
1
10
1
1
3
10
8
6
2
1
1
3
3
2
5
1
3
4
1
2
1
1
2
10
1
1
1
1
1
2
1
1
1
4
1
1
1
1
11
2
1
1
2
2
1
1
1
3
3
3
2
2
3
1
2
1
1
1
1
1
2
8
4
2
6
1
2
2
1
3
17
4
8
3
1
1
1
1
1
2
3
3
2
3
1
1
2
2
1
8
1
2
1
2
5
2
1
2
3
1
1
1
10
1
1
1
2
1
1
1
2
1
3
3
1
3
1
2
1
1
6
1
2
11
2
2
2
3
3
2
2
2
6
2
3
4
1
2
2
1
1
1
1
1
4
1
1
6
16
2
2
2
4
1
1
1
1
1
7
1
5
1
4
2
11
6
3
5
2
2
1
3
1
1
1
1
2
1
2
1
1
1
5
1
2
2
3
1
3
1
7
3
4
1
3
1
4
4
1
3
1
2
4
1
1
3
2
17
1
2
1
1
3
5
1
1
1
7
1
5
4
3
3
3
5
1
6
2
1
1
1
1
1
5
3
5
3
1
2
1
1
1
2
2
1
1
1
3
1
1
2
2
1
4
2
1
1
4
1
2
6
1
3
1
1
3
8
12
2
2
3
1
5
2
4
4
2
2
1
1
4
2
1
1
1
1
11
1
1
2
6
1
2
1
1
1
1
2
1
2
4
1
1
1
1
1
1
2
1
1
1
3
7
3
6
1
1
2
1
2
4
11
2
7
9
5
1
5
1
1
1
4
1
3
22
3
22
2
8
1
3
1
1
1
2
3
1
3
1
1
1
3
1
2
1
2
1
2
6
2
9
3
3
1
1
7
1
2
10
1
3
1
1
1
1
2
1
1
1
4
1
1
2
2
1
2
1
1
3
1
1
1
1
5
1
1
8
1
1
1
1
4
3
1
12
2
1
3
1
1
1
1
1
1
8
1
1
1
1
1
1
2
4
6
6
2
4
1
8
2
8
6
1
4
6
5
4
5
2
2
3
1
2
1
5
3
2
3
1
9
2
2
2
1
3
2
6
4
2
1
1
2
2
1
1
1
2
2
1
2
2
1
1
1
2
1
1
1
1
2
2
1
1
3
2
2
3
2
2
1
2
6
1
2
1
3
1
1
1
1
1
1
1
1
1
1
1
1
2
3
1
1
2
2
1
3
2
4
2
3
3
2
2
2
4
5
4
6
2
1
1
2
3
1
7
6
1
2
2
1
2
1
2
4
3
1
1
1
1
1
1
1
1
1
1
1
1
1
1
1
1
1
1
2
1
1
1
1
1
1
1
1
1
1
2
2
4
1
1
4
1
5
1
1
1
1
2
1
2
1
2
1
2
1
1
1
2
1
1
4
5
2
1
1
1
1
1
2
1
1
2
2
1
2
1
1
1
3
1
1
1
1
1
1
1
1
1
1
2
1
1
1
1
1
2
1
2
2
1
2
1
1
2
1
1
1
1
1
1
1
1
2
1
1
2
1
1
1
1
1
1
1
2
1
2
1
1
1
1
1
1
2
1
1
1
1
1
1
1
1
1
1
3
1
1
1
1
1
2
1
1
1
1
1
1
2
1
1
1
2
2
1
1
1
1
1
1
1
1
3
1
2
1
1
1
1
1
1
1
1
1
1
3
2
1
1
1
1
1
1
1
1
5
2
1
1
1
1
1
1
1
1
1
1
1
1
1
1
1
1
1
1
3
1
1
1
1
1
1
1
1
2
1
1
1
1
1
5
1
1
1
1
1
1
1
2
5
1
1
1
1
1
1
1
1
1
1
1
1
1
1
1
4
1
1
1
1
1
1
1
1
1
1
3
5
1
3
1
1
3
1
1
1
1
4
3
2
1
1
1
3
1
2
1
1
1
1
1
1
1
2
2
3
1
2
2
1
1
1
1
1
1
1
1
1
1
1
83
2
2
1
1
1
1
1
1
6
1
2
1
1
1
2
2
1
3
4
4
4
10
9
1
1
1
1
1
1
3
1
1
1
1
3
1
2
1
1
2
1
1
1
1
1
1
1
2
1
1
1
3
4
1
2
1
1
2
1
2
3
1
1
1
2
3
1
2
1
1
1
1
1
1
1
1
1
2
1
1
2
2
1
1
1
1
1
1
1
2
1
1
1
2
2
2
2
2
1
1
1
1
1
1
1
1
1
1
1
1
2
1
1
2
4
5
1
1
1
1
1
1
1
3
1
1
1
8
10
2
1
1
1
1
1
1
1
1
6
1
2
1
2
1
1
1
2
2
2
1
1
1
1
1
2
1
1
1
1
1
1
1
1
1
1
1
1
1
1
1
2
1
1
1
1
1
2
1
1
1
1
1
1
1
1
1
1
1
1
1
2
1
1
1
2
1
1
1
1
4
1
1
2
2
1
1
1
1
1
1
1
1
2
2
1
1
1
1
1
1
1
1
1
1
3
1
1
2
1
1
1
1
1
2
2
1
1
1
1
1
1
1
1
2
1
1
1
1
1
1
1
1
1
1
1
1
1
1
1
1
1
1
2
1
1
1
1
1
1
1
1
1
1
1
1
1
1
1
2
1
1
1
1
1
1
1
1
1
1
1
1
2
2
1
1
1
1
1
1
1
1
1
1
1
1
2
1
1
1
2
1
1
1
1
1
1
1
1
1
1
1
1
1
1
1
1
1
1
1
2
1
1
1
1
1
1
1
1
1
1
1
1
1
1
1
1
1
1
1