1
65
50
248
4
16
5
5
4
5
7
3
34
4
4
2
1
2
2
7
1
12
2
79
44
18
3
6
6
17
2
15
1
2
4
15
1
3
2
2
1
1
1
2
4
21
13
2
6
2
1
3
2
1
17
1
1
15
2
4
7
6
1
9
3
1
1
5
3
3
1
1
2
2
1
1
5
1
1
23
28
50
1
3
2
1
17
2
2
1
1
1
10
1
14
3
4
2
1
2
4
1
3
3
29
53
4
15
1
3
1
4
2
18
1
1
3
4
2
2
2
5
1
2
1
1
4
9
1
1
2
1
7
1
2
1
3
1
1
1
1
1
4
2
2
2
6
2
2
8
8
1
1
10
4
1
1
3
2
2
1
1
11
2
3
6
2
6
1
1
5
1
6
4
13
15
4
15
1
7
1
5
4
1
2
13
1
1
16
1
6
1
1
7
1
3
2
4
1
1
5
2
4
2
2
2
7
10
1
6
11
1
3
7
1
1
8
1
2
1
12
2
7
5
9
1
6
2
7
4
11
2
2
39
1
1
21
3
3
1
2
1
1
2
2
2
1
2
2
3
4
2
4
2
1
2
1
5
1
1
2
5
1
2
2
2
3
6
1
1
1
1
1
1
1
1
3
1
1
1
1
1
1
5
6
1
1
1
1
1
1
1
18
15
2
3
2
2
5
1
10
1
2
1
1
1
1
1
4
2
3
4
3
2
2
5
3
2
5
1
1
5
1
1
1
2
5
1
19
1
1
6
1
1
7
3
34
1
1
2
1
1
2
11
1
2
6
1
5
4
10
2
1
2
1
1
1
3
1
1
2
1
1
16
7
1
7
10
3
5
2
2
2
3
9
3
1
4
1
13
1
4
6
11
2
1
2
4
15
2
1
8
5
1
2
1
3
2
2
2
1
1
1
4
2
4
1
1
1
1
1
1
2
1
3
13
6
1
1
1
1
1
4
1
1
2
2
8
3
5
2
2
5
1
1
39
4
18
2
5
2
6
3
17
21
2
1
2
6
1
1
1
1
1
1
3
12
3
1
9
2
3
5
2
2
2
1
3
3
1
6
1
1
6
5
6
4
9
1
2
1
6
3
2
1
2
5
3
1
1
2
3
6
32
2
1
5
5
12
1
1
5
5
1
7
1
2
2
3
2
7
5
2
3
3
4
9
1
5
8
2
1
1
4
1
2
8
2
3
1
12
2
4
4
2
1
1
5
5
2
26
1
1
4
2
11
14
2
4
8
2
5
2
2
2
3
1
3
2
13
2
1
2
3
1
2
2
3
12
3
2
1
26
2
5
2
1
2
6
12
15
1
2
1
1
1
2
2
4
1
2
1
1
1
3
2
2
3
3
1
7
3
2
2
3
3
1
6
6
3
1
2
2
1
1
1
5
2
1
6
3
2
1
1
1
2
4
1
7
4
9
1
1
6
12
1
1
1
4
1
3
1
5
3
5
1
4
5
5
2
12
2
6
6
1
2
1
2
5
1
1
1
3
2
1
9
11
11
1
3
9
9
1
1
1
1
1
1
1
1
1
1
1
2
1
6
3
5
1
1
2
1
2
8
1
3
2
3
3
2
1
5
5
3
2
2
1
2
1
2
1
2
2
1
1
2
2
2
1
1
1
1
1
1
1
1
2
6
8
3
1
1
3
1
1
9
1
1
1
4
1
3
2
2
1
2
3
1
1
1
1
1
1
1
3
1
2
2
1
2
2
1
5
4
2
2
3
1
5
11
1
1
1
1
3
1
1
3
1
1
1
2
1
1
1
1
3
1
1
5
5
2
1
2
5
2
5
1
4
2
2
1
3
3
1
5
6
6
1
2
1
1
1
3
1
2
3
3
2
1
1
1
2
2
2
3
7
1
3
1
1
1
1
1
1
2
1
3
2
2
1
1
1
1
1
2
3
3
2
4
1
3
2
1
1
3
1
3
1
8
1
1
1
1
1
1
1
1
1
6
1
1
1
1
1
1
6
2
1
2
1
1
2
2
2
1
2
1
1
1
2
1
1
1
2
1
1
2
1
1
2
2
2
1
1
4
1
1
1
1
1
1
2
1
1
1
1
2
1
1
1
1
2
1
1
4
4
3
4
4
1
3
4
1
1
1
1
1
1
2
2
2
1
1
1
1
1
1
1
2
1
1
1
1
2
1
1
1
1
1
1
2
1
1
1
1
1
1
3
5
1
1
1
2
1
1
1
1
1
1
1
1
2
3
1
1
1
1
1
1
1
1
1
1
1
1
1
1
1
1
1
1
1
1
1
1
1
37
3
2
1
1
2
3
1
1
1
1
2
2
1
2
1
1
1
1
1
1
1
1
1
2
1
3
1
1
5
1
1
1
2
1
2
1
1
1
1
1
1
1
1
2
31
30
1
1
1
1
4
1
1
1
1
3
1
4
3
1
1
1
1
1
1
2
1
2
1
1
1
1
1
2
2
1
1
1
1
1
1
1
3
1
2
1
1
1
2
1
1
1
1
2
3
2
2
1
1
1
1
1
1
1
1
2
1
1
1
1
1
1
3
1
1
2
1
3
1
3
1
1
2
2
1
1
1
1
1
1
1
1
1
1
2
1
1
1
1
3
6
2
2
1
1
2
1
2
2
1
1
1
1
3
1
1
3
1
1
1
2
1
1
2
1
2
1
1
2
1
2
1
1
1
1
1
2
1
2
1
1
1
1
1
1
1
1
1
3
1
1
1
1
1
1
1
1
1
1
1
1
1
1
1
3
2
1
1
1
1
1
1
2
1
1
2
1
1
1
1
1
1
1
1
1
2
1
1
1
1
1
1
1
1
1
1
1
2
1
1
1
1
1
1
1
1
1
3
1
3
1
1
2
1
1
1
1
2
5
1
1
1
1
1
1
1
1
1
1
1
1
1
1
1
1
2
1
1
1
1
4
1
1
1
1
1
1
1
1
3
13
1
1
1
1
1
1
1
1
1
1
1
1
1
1
1
1
1
1
1
1
1
1
1
1
1
2
1
1
1
2
1
3
2
1
1
1
2
4
1
1
1
1
1
1
2
2
3
1
1
1
1
1
1
1
1
2
1
1
2
2
6
3
1
1
1
1
1
1
1
1
1
1
1
1
2
1
2
1
1
1
1
1
1
1
1
1
1
1
2
1
7
1
1
3
1
1
2
1
1
4
1
1
1
1
1
1
2
8
2
1
1
1
1
1
1
1
2
7
1
1
1
1
1
1
2
7
1
1
1
1
1
1
1
2
2
2
1
1
3
1
1
3
1
1
1
2
2
1
1
1
2
1
1
1
1
1
1
1
1
1
1
1
1
1
1
5
1
6
1
1
2
1
1
1
1
1
1
1
1
1
1
6
1
1
1
1
1
1
1
1
1
2
1
1
1
1
1
3
1
1
1
1
1
1
1
1
1
1
1
1
1
1
1
1
1
1
1
1
1
1
1
1
1
1
1
1
1
1
1
1
1
1
1
1
1
1
1
1
1
1
1
1
1
1