1
11
25
57
38
96
18
18
39
1
30
107
20
20
20
4
2
3
3
19
13
23
67
12
3
16
15
1
92
10
1
3
1
1
6
15
4
3
1
1
1
1
1
6
2
2
3
2
2
1
1
1
1
1
1
3
3
14
1
1
1
3
2
1
2
5
9
2
3
1
3
1
3
1
2
4
1
20
11
9
1
6
3
6
1
7
19
2
1
6
15
30
5
7
2
2
4
4
3
5
1
19
3
1
1
7
1
3
1
14
9
3
2
1
4
4
6
2
1
4
3
2
2
1
4
4
1
1
2
5
3
5
4
8
3
5
4
3
12
4
1
1
1
3
2
3
8
2
5
2
1
5
10
1
1
1
1
1
1
1
1
2
1
2
83
3
52
1
6
2
5
1
2
1
1
5
4
1
1
1
1
2
1
3
9
2
1
1
2
1
2
3
1
1
3
1
1
1
17
2
1
1
1
1
2
1
1
1
8
3
1
2
26
3
16
1
2
6
9
1
2
1
3
1
5
6
1
3
4
4
2
8
2
22
2
22
1
2
2
3
1
1
1
1
1
2
2
2
3
2
9
10
1
33
4
1
2
17
1
6
2
4
8
3
1
1
1
2
2
1
2
4
3
1
5
6
4
3
5
5
2
3
3
3
1
2
8
1
1
1
5
1
2
2
20
2
1
2
8
1
1
2
5
1
2
1
1
3
3
1
5
2
6
2
3
1
4
1
1
2
1
4
1
2
1
14
8
3
3
5
7
2
3
2
1
12
2
1
1
26
2
1
6
14
3
4
2
2
6
3
1
1
1
3
1
1
2
13
1
3
2
3
1
1
2
1
1
8
4
4
1
1
3
1
5
5
1
1
1
3
14
1
1
7
1
7
8
4
5
2
2
2
1
2
1
1
1
1
5
22
1
1
1
1
4
1
3
1
1
1
4
1
2
1
1
4
5
1
1
1
4
3
1
1
1
1
13
3
2
1
1
1
6
1
1
1
1
1
1
1
1
1
2
1
1
2
1
1
1
1
3
1
2
1
1
4
1
1
1
1
2
1
2
1
4
1
1
1
4
3
1
2
2
3
3
7
5
1
3
2
5
1
2
1
1
1
5
8
2
1
1
1
4
3
2
2
2
2
1
1
2
37
3
1
9
1
2
4
1
2
1
1
1
1
3
11
1
3
9
1
1
2
5
1
1
3
1
2
1
1
1
1
1
11
1
2
1
1
3
3
4
2
4
3
2
1
1
2
2
1
1
1
1
3
5
1
2
5
2
3
1
2
8
2
1
1
15
2
1
1
1
1
3
7
1
2
1
1
1
1
1
1
1
2
1
1
1
1
1
1
3
3
1
3
2
2
1
2
1
1
1
1
1
3
1
3
1
2
2
1
6
5
4
2
1
1
1
5
2
2
1
1
2
1
2
1
1
1
1
2
1
1
1
2
1
2
1
1
2
2
2
1
1
1
1
2
2
2
1
1
2
1
1
1
1
1
2
3
1
1
1
6
1
1
1
1
1
1
3
1
2
1
1
1
1
1
1
1
1
1
1
1
1
2
5
2
1
2
1
2
60
1
1
9
31
9
11
9
9
3
11
12
7
10
7
6
2
6
8
8
7
1
1
7
7
8
3
16
8
2
10
10
10
2
1
20
6
5
6
6
7
1
6
12
6
6
9
7
7
7
6
6
6
1
6
1
1
1
1
1
6
2
1
6
6
6
3
1
1
1
1
1
1
4
1
1
1
7
1
1
1
2
2
1
1
2
2
1
2
2
1
1
1
3
4
2
2
2
1
1
1
1
1
2
5
2
3
3
1
2
2
2
1
1
1
2
2
2
1
1
1
1
1
1
2
1
1
1
1
1
1
1
2
1
1
5
1
2
1
1
1
1
1
1
1
1
1
1
1
1
1
1
1
1
1
1
1
1
1
1
1
1
1
1
1
1
1
1
1
1
1
1
1
1
1
1
1
2
1
1
1
1
1
1
2
1
1
2
1
1
2
1
1
1
1
1
1
1
1
1
1
3
1
1
1
1
1
1
1
2
1
1
1
1
1
1
1
1
1
2
2
1
1
1
3
1
1
1
1
1
1
1
4
1
1
3
5
1
1
1
1
1
1
1
1
2
2
1
1
1
1
1
1
1
1
1
1
1
1
3
5
1
1
1
2
1
2
1
1
1
1
4
2
1
1
1
1
1
1
1
1
20
1
5
1
1
1
1
1
1
1
1
3
2
1
3
2
2
4
3
1
1
3
1
2
2
1
2
1
2
1
1
1
1
1
1
1
1
1
1
1
2
1
1
1
1
1
1
1
1
1