1
1
5
1
1
161
58
30
80
115
17
23
19
26
25
39
2
2
110
2
2
4
3
6
27
2
18
9
6
4
1
1
2
10
9
8
57
9
14
11
19
2
2
3
2
2
5
2
6
10
9
17
13
2
2
12
13
3
13
3
13
31
11
2
14
72
6
51
3
10
18
12
17
30
58
3
2
2
2
8
10
4
8
29
1
1
1
4
1
4
1
5
3
1
1
1
1
1
5
5
5
14
1
1
1
1
1
1
4
9
2
5
1
3
5
1
22
1
1
1
4
1
5
1
1
1
1
1
1
6
1
1
1
1
1
1
1
1
1
1
3
2
1
8
4
4
2
5
4
5
9
4
1
2
14
2
3
15
1
1
11
5
1
7
2
6
11
10
1
1
1
1
3
4
2
1
1
1
1
13
7
12
9
1
10
1
56
3
4
2
2
2
1
2
5
5
1
1
7
5
1
7
10
1
1
11
1
6
11
10
3
10
3
3
1
1
4
2
8
2
6
1
3
1
1
11
1
2
4
1
1
3
1
1
2
18
4
9
1
5
1
18
1
6
2
38
1
1
18
3
13
29
1
4
16
1
1
6
1
2
2
8
3
4
12
1
2
13
12
1
1
44
17
20
2
6
1
1
6
1
6
34
31
2
1
1
6
25
9
1
3
1
3
5
7
1
17
1
2
2
1
1
6
9
33
7
4
1
2
1
1
4
1
6
7
1
2
8
2
6
4
3
3
1
3
11
2
5
1
1
5
3
4
4
36
2
3
14
3
1
7
2
4
2
4
1
2
11
2
1
7
1
3
1
7
6
4
1
2
1
3
8
4
4
5
3
3
4
6
1
5
1
3
4
3
3
2
1
19
4
2
2
20
11
10
5
8
4
1
1
1
3
2
3
1
1
8
56
10
2
6
5
3
4
1
1
1
2
1
2
3
2
5
2
2
5
1
1
1
6
1
1
1
1
4
1
3
7
6
3
1
3
2
1
2
1
1
1
2
6
1
1
4
4
5
2
2
1
1
1
2
4
1
4
5
4
1
1
1
1
3
1
1
3
1
2
1
4
2
1
2
14
19
4
29
10
13
4
1
11
9
6
51
2
4
1
5
18
9
36
2
24
4
2
9
4
6
2
2
1
1
2
8
6
4
3
11
1
4
2
3
5
2
13
5
2
3
16
2
1
1
3
8
8
1
4
6
6
7
3
4
4
1
1
2
18
4
3
1
1
5
2
2
6
2
2
2
39
17
1
3
5
1
3
1
5
4
1
2
19
1
3
1
6
5
2
2
2
2
9
2
1
1
3
1
10
2
3
9
8
1
1
1
25
1
3
7
1
1
8
4
7
1
3
4
6
3
3
3
2
3
4
10
1
2
4
3
4
2
11
1
1
1
2
5
1
3
3
2
1
2
4
10
1
1
1
4
4
1
2
5
3
6
1
3
4
2
1
2
2
5
1
3
1
1
2
1
1
1
1
4
1
8
2
3
1
1
15
1
1
2
1
1
9
4
1
1
2
2
1
1
1
1
9
2
3
3
3
1
1
1
1
5
1
6
8
2
1
4
1
1
3
1
1
1
4
1
5
2
1
5
3
3
2
2
2
2
3
3
6
6
5
4
3
4
1
1
1
2
2
1
2
1
1
7
1
2
1
2
8
1
1
2
4
1
2
2
1
1
3
4
1
1
7
1
2
3
2
1
1
1
1
1
4
4
2
1
1
1
3
1
1
1
1
1
5
1
1
1
2
2
2
3
1
2
1
1
1
2
8
3
1
3
2
2
2
1
1
2
1
6
1
1
4
1
2
14
2
1
1
2
6
1
1
1
1
1
1
1
3
1
3
1
1
1
1
4
5
2
1
1
1
2
2
1
3
4
1
3
4
3
1
1
1
6
1
1
2
1
1
2
4
4
1
2
4
8
6
2
1
1
2
1
8
1
1
3
4
1
4
2
7
2
4
2
3
3
1
3
2
2
3
4
1
1
1
1
1
1
2
2
1
1
1
4
1
1
2
1
1
3
5
4
6
1
2
3
1
1
1
2
2
1
1
1
1
1
6
1
2
1
2
1
3
2
1
2
4
2
2
1
2
4
1
1
1
1
1
7
3
11
3
1
1
1
7
1
1
1
1
1
3
1
2
3
2
1
1
1
1
1
1
1
1
2
2
1
1
1
1
1
1
1
2
1
5
1
2
2
2
1
3
3
1
2
1
1
3
3
1
1
1
1
1
1
1
2
2
2
3
1
1
6
1
2
1
1
1
2
1
2
1
1
1
1
1
1
1
1
5
1
1
1
8
1
2
1
2
7
1
3
1
1
1
1
1
1
2
1
1
1
1
1
1
2
4
1
2
1
2
1
2
6
2
1
1
1
2
2
3
1
1
1
1
2
1
1
2
1
1
1
1
1
1
1
2
1
2
9
4
5
1
1
1
2
1
1
1
2
1
1
2
1
2
1
1
1
1
1
1
7
1
1
1
1
1
2
1
3
1
1
1
3
1
1
1
1
2
3
1
2
1
1
1
2
1
1
1
1
8
3
1
1
1
2
1
1
1
2
1
3
1
1
1
1
1
1
1
1
1
1
1
3
1
1
1
1
2
1
1
1
1
1
2
1
1
1
1
1
1
1
1
2
1
1
2
1
2
2
2
2
1
1
1
1
1
1
1
1
1
1
1
1
1
2
1
1
1
1
1
1
1
1
1
2
1
1
1
1
1
1
1
1
6
5
5
1
1
1
1
1
2
1
2
1
1
1
1
1
1
1
1
1
1
1
1
1
1
2
1
1
1
2
1
1
1
1
1
1
1
1
1
1
1
3
1
1
1
1
1
1
1
1
1
1
2
1
1
3
1
1
1
1
1
1
1
1
2
2
1
1
1
1
1
1
1
1
1
1
1
1
1
1
1
1
1
1
1
1
1
1
1
1
1
1
1
1
1
1
1
1
1
1
2
3
1
1
1
4
1
1
1
1
1
1
1
1
1
1
1
1
1
1
1
1
1
1
3
2
2
2
2
2
1
1
2
2
2
1
2
1
2
1
1
38
2
1
1
1
1
1
1
1
1
1
1
1
1
1
1
2
1
1
1
1
1
1
1
1
2
1
1
1
1
1
1
1
1
1
1
1
1
1
1
1
3
2
1
1
1
1
1
1
1
1
1
1
1
1
1
1
1
1
1
1
1
1
1
1
4
1
1
1
1
1
1
1
2
2
4
1
1
1
2
3
2
2
3
3
1
1
1
2
1
1
1
1
1
1
1
1
1
1
1
1
1
1
1
1
1
1
1
1
1
1
2
1
1
1
1
1
1
2