1
5
1
1
1
21
38
39
284
33
41
23
23
28
2
3
3
3
60
4
145
5
2
6
71
2
11
8
4
2
6
18
1
13
25
9
1
5
2
1
4
4
2
4
6
2
2
1
47
2
32
1
38
5
1
38
56
36
30
34
30
7
9
3
4
12
2
9
2
6
9
1
2
6
5
2
1
11
1
3
4
7
1
8
8
5
4
18
3
12
2
3
1
18
4
2
6
1
7
10
10
3
5
2
25
3
5
3
3
8
4
1
3
12
26
7
5
28
30
28
14
7
9
50
50
2
1
10
12
16
1
1
2
2
3
7
7
2
5
8
4
1
1
7
2
9
6
1
2
2
18
2
1
37
1
17
13
1
1
16
2
8
1
3
3
38
6
1
1
1
3
12
4
2
2
3
6
2
10
3
3
1
7
3
2
3
3
1
1
3
5
1
1
2
2
12
1
9
3
15
9
8
7
3
3
6
1
5
3
1
3
1
2
3
4
1
1
8
1
8
2
12
5
1
9
4
2
14
2
1
1
3
8
4
15
8
2
7
1
2
19
7
4
1
6
4
6
1
1
2
8
1
1
4
1
5
5
7
1
3
29
1
1
4
1
2
2
3
1
2
3
1
1
9
1
5
4
1
1
2
4
1
1
2
2
3
4
6
6
1
7
1
5
4
2
4
27
9
13
1
2
3
3
9
2
5
1
3
5
2
1
1
1
1
2
26
2
5
3
2
1
2
1
2
2
3
2
4
1
3
5
1
3
1
1
1
3
5
5
4
1
3
8
1
2
2
3
3
1
1
1
1
24
1
15
6
3
32
2
26
5
1
1
17
3
11
5
7
2
5
4
2
99
1
5
2
18
8
1
13
11
6
3
2
3
2
2
2
3
3
26
2
5
1
22
5
3
3
13
1
4
1
4
1
2
2
4
1
9
3
6
4
13
1
1
1
2
13
1
2
1
2
5
3
1
5
9
3
1
1
1
1
1
3
1
1
26
1
1
1
1
4
1
2
1
1
2
2
1
4
1
1
3
1
9
1
2
5
1
2
1
1
17
1
2
1
1
2
2
2
1
1
13
1
9
1
2
1
4
2
4
5
3
3
2
19
1
2
1
1
14
2
3
8
1
1
1
2
3
2
1
6
5
1
1
3
2
4
1
1
1
6
1
33
1
1
14
2
16
6
5
1
2
5
5
2
3
3
2
2
1
4
1
2
1
1
1
1
5
8
2
1
1
4
9
1
1
1
1
2
1
1
1
2
8
19
1
2
1
1
3
3
1
2
6
1
3
2
1
9
2
1
1
2
1
3
2
7
1
1
1
3
1
1
5
1
1
3
2
9
3
1
1
1
2
11
1
2
4
1
1
1
1
9
2
1
5
2
1
1
3
2
3
5
4
2
1
7
7
6
5
5
2
7
6
1
1
2
1
1
2
25
1
3
1
2
8
3
11
1
1
1
1
2
2
1
1
1
2
1
4
2
2
3
6
2
3
3
2
1
1
3
2
2
1
3
9
1
1
3
1
1
1
1
1
2
1
1
4
5
3
1
1
2
1
3
1
7
6
2
2
7
1
1
4
2
7
1
1
7
2
1
1
1
1
4
2
12
14
2
1
1
1
1
2
4
1
7
29
1
2
6
14
13
5
1
1
1
2
1
3
3
1
2
3
3
2
3
4
3
2
13
1
2
4
4
4
7
7
43
8
2
13
2
2
3
5
5
6
2
3
4
1
2
2
4
3
3
1
2
3
3
4
2
2
2
16
18
5
5
4
16
2
4
3
1
5
8
2
13
1
1
2
3
3
2
2
10
1
5
2
2
4
2
9
1
2
2
2
2
1
6
2
3
1
1
2
13
2
1
3
1
4
2
5
3
2
3
2
1
1
1
3
3
3
1
9
1
3
1
20
6
1
2
1
1
3
1
1
2
3
11
3
7
3
2
2
1
2
1
1
5
2
4
4
3
1
2
1
2
1
12
1
4
1
1
2
1
1
2
1
2
5
2
2
2
6
3
3
1
2
1
4
3
1
1
6
1
1
1
2
1
2
1
6
2
1
1
1
2
11
1
2
3
2
1
2
6
2
1
1
1
1
1
1
2
2
2
1
1
2
8
4
2
2
3
2
2
3
1
4
1
4
1
2
2
1
3
1
2
2
5
6
4
2
5
6
4
1
1
1
4
1
3
2
1
1
2
2
2
3
1
1
1
2
4
1
5
5
2
1
1
1
1
3
2
3
1
1
2
2
1
1
1
4
2
2
11
1
1
10
2
1
2
2
2
4
1
4
1
1
3
2
2
1
1
2
3
1
3
3
3
2
1
2
2
5
2
2
1
2
1
5
2
1
1
2
5
3
5
1
19
2
2
2
3
1
2
8
2
2
3
2
3
1
3
1
3
1
1
1
2
3
2
4
2
2
3
1
1
3
3
3
2
1
1
3
3
2
2
2
3
2
1
1
1
1
3
10
2
4
6
1
3
2
3
1
1
3
1
1
4
2
3
1
1
1
4
2
1
2
3
3
1
1
6
2
2
1
1
2
2
2
3
2
2
1
1
1
3
1
2
1
1
1
1
1
1
1
2
2
3
2
1
3
1
3
1
1
2
2
1
1
1
1
3
1
2
1
1
1
4
4
1
1
1
1
1
2
1
5
1
1
1
1
2
1
1
3
1
2
1
1
1
2
1
1
1
1
1
2
2
2
1
20
2
1
1
2
6
2
2
2
2
2
2
2
2
2
2
1
1
1
1
2
2
2
2
3
2
2
2
2
1
1
2
1
3
1
2
2
1
1
3
2
1
3
9
6
4
5
3
3
1
2
1
1
4
2
3
2
1
2
3
4
2
1
2
6
1
3
1
3
3
2
1
1
1
1
3
1
2
6
1
4
1
1
2
1
3
2
1
5
2
1
7
2
1
2
4
1
4
2
1
1
1
1
3
2
2
4
9
2
1
1
2
4
1
3
1
2
1
1
1
2
1
4
1
1
8
1
3
1
1
3
1
1
1
2
4
3
2
1
1
1
1
1
2
1
7
1
1
1
3
1
1
1
1
1
1
3
3
3
1
6
5
1
1
1
1
1
1
3
1
2
1
4
2
2
2
1
1
1
1
2
1
3
4
1
3
1
2
6
1
2
1
1
1
3
1
1
1
2
2
1
4
4
2
1
1
1
1
1
1
1
1
3
1
3
1
1
1
2
2
2
2
1
1
1
1
1
1
2
1
2
1
1
1
1
2
2
1
2
1
2
3
1
1
1
1
1
2
1
1
3
2
2
1
2
5
2
1
1
1
1
1
1
2
1
1
2
1
1
3
1
1
3
1
1
2
2
1
1
2
1
1
2
1
1
1
2
1
1
1
1
1
1
1
1
1
2
1
1
2
1
3
1
2
1
1
1
1
1
5
1
1
1
4
1
5
1
1
1
1
1
1
1
1
1
2
1
1
2
1
1
1
2
1
2
2
2
1
1
1
2
1
1
1
1
1
1
4
2
2
2
1
1
1
1
4
1
1
3
1
1
1
1
1
1
1
6
1
2
2
5
2
1
1
1
2
1
1
4
1
1
1
2
1
1
1
1
2
1
1
1
1
1
1
1
1
1
1
2
1
1
1
1
1
1
1
2
1
1
1
1
1
3
1
1
1
2
1
2
1
1
1
1
1
1
2
1
2
1
1
1
1
1
1
1
1
1
1
1
1
1
1
1
1
1
1
2
1
1
1
1
1
1
1
1
1
1
1
1
1
1
2
1
1
2
2
5
1
1
2
1
1
1
1
1
1
2
1
1
2
1
1
1
1
2
1
1
3
1
3
1
1
1
2
1
1
5
1
2
2
1
1
1
1
1
1
1
1
1
1
3
1
1
1
1
1
1
1
1
2
1
1
1
1
1
1
1
1
1
1
3
1
1
3
1
1
1
1
1
1
1
1
1
1
1
2
1
1
1
1
1
1
1
1
1
1
1
1
1
2
1
2
1
2
2
1
1
2
1
5
1
1
1
2
2
1
1
1
1
2
1
1
1
2
1
1
1
1
2
1
1
1
2
1
1
1
2
1
1
2
1
5
1
1
1
1
3
1
1
1
1
1
1
2
1
1
1
1
3
1
1
2
1
1
1
1
1
1
1
1
1
3
1
1
1
1
1
1
1
1
1
1
1
1
1
1
2
1
1
1
1
1
1
1
1
1
1
1
1
1
1
1
1
1
1
2
1
1
2
1
1
1
1
1
1
2
1
1
1
1
1
1
1
1
1
1
1
1
1
1
1
2
1
1
1
1
1
1
1
1
2
2
1
3
1
1
1
1
1
1
1
1
1
2
4
1
1
1
1
1
1
1
1
2
2
1
1
1
1
2
1
1
3
1
1
6
51
4
1
1
1
1
3
1
1
1
1
2
2
3
1
1
1
1
1
1
1
1
1
1
9
1
1
1
2
1
1
4
1
1
2
1
1
4
1
1
1
1
1
1
1
1
1
1
1
1
1
1
2
1
8
1
1
1
1
2
1
1
1
1
3
1
1
1
1
2
1
2
1
1
1
1
1
2
1
2
4
1
1
2
2
1
1
1
1
1
1
1
1
4
1
1
1
1
1
2
3
1
1
1
1
1
1
1
1
1
1
1
1
1
1
1
1
1
1
1
1
1
2
1
1
1
1
1
1
1
1
1
1
1
1
1
2
1
1
1
2
1
1
1
1
1
2
1
1
2
1
1
1
1
1
2
2
1
1
1
1
1
1
1
1
1
1
1
1
1
1
1
1
1
1
1
1
1
1
1
1
1
1
1
1
1
1
1
1
1
1
1
1
1
1
1
1
1
1
1
1
1
1
1
1
1
1
1
1
1
1
1
1
1
1
1
1
1
1
1
1
1
1
1
1
1
1
1
1
1
1
1
1
1
1
1
1
1
1