0.03249479447946752
0.000932819198172748
0.0027156798149361753
0.036043820668240335
0.006704714339661443
0.00021272100862360197
0.0004162802404646905
0.0003805255983717061
0.0019886627950022806
0.004786033190430531
0.0009137306492630222
0.0003568201152599885
0.011767945864723427
0.00020727167471603703
0.001212815412143066
0.0008098940020741665
0.00034857289113545987
0.0003505246937172208
0.0007008012679121085
0.000385884733189154
0.00023011318276403684
0.0008757248860270182
8.470078525909212e-05
0.0002054792282313297
0.00026985286517264235
0.0004892176436053776
0.000650448823822585
6.992120353032542e-05
0.0001862575769785667
0.0005560844726226356
0.0003229456599692025
0.00047909710839750484
0.00024243129208304813
0.00040259362656561756
0.0002994365319145172
0.0001943688533405708
0.0001435855525140184
0.0006393721105470558
0.00023328965211338399
0.002438523430967402
5.8529475293933796e-05
0.002086338822853679
0.006986328233229736
0.0002575045831448789
0.00024410767778703797
0.0012014606889413444
0.0008681390673765184
5.8367710299897965e-05
0.00044806123783997567
0.0010237905261619754
0.0037878669739347857
0.0032439011715527637
0.0007353531487739601
0.0006611328077827181
0.0007409688502343157
0.00031003038055963056
0.00012586037041287454
9.07249715041855e-05
8.256539456790063e-05
0.00013189461869572824
0.00023525009814246976
0.000515747256897034
0.0002622403878391569
9.981217730483906e-05
0.00012410948354246677
0.00039366946048706723
0.0005710816557893889
0.00013479379633527124
0.00036261636996531236
5.989012634142042e-05
0.00011256346225636605
0.0018104532099574504
0.0003807938855040404
0.00018769171067357357
0.00022990212885533204
3.1319918788166835e-05
0.00020410634535166042
9.956916396443904e-05
4.886073508531838e-05
0.0006819801694608249
0.0001242044030472547
3.183693289085343e-05
0.00024308128217553616
6.430694837451227e-05
0.0001943688533405708
0.00023136462923789748
0.0004184768288419946
4.91888449640792e-05
0.0003315795355047706
6.594730934786412e-05
0.0006935523225575274
0.00042109153704035724
0.00040048689631378147
0.0003699949034037068
1.748917362400469e-05
0.00015376106465666482
0.0011099847102111204
0.00020592347996336612
0.000443784566771512
0.0008317136866672948
0.00019915710467154798
0.00020524762694584624
0.00015267736856788066
0.00014862351205488148
0.001616185337536069
0.0001646898684319472
7.12041061694267e-05
0.0003051382189766391
0.0003315795355047706
8.823389256978129e-05
6.600725469757968e-05
7.681040804867737e-05
0.00015403739433338183
5.158133465754968e-05
6.167328952500167e-05
7.580096325894163e-05
0.00045852534501736526
0.0033888226753344
0.00022350090850982996
0.00020142003553991385
0.0006852979869472667
0.0003315795355047706
0.00011684156457240692
0.0001391010276959693
0.00044159142936806266
0.0002311841075191758
0.00028448489432997926
0.0001943688533405708
8.193765148371998e-05
0.00042109153704035724
0.00012982582934213153
5.22723230172105e-05
0.00022015915862404553
0.0007328382368804358
0.000259722678713287
0.00026574209105254443
0.00040048689631378147
0.0004526133024893626
0.00018642246250512152
0.0002944834055766268
6.294376110622307e-05
0.00015808522824433386
0.00012693129516801348
0.0009093068926144332
0.00033887579493115333
0.001061213485625183
0.0003699949034037068
0.00039366946048706723
0.00030627597954317097
0.0001339303712638683
0.00024803973353614814
0.00014224244716498963
2.6328217074561068e-05
0.0004526133024893626
8.484678457298413e-05
0.00027945312932918943
0.00024061081541125378
2.096648187865483e-05
0.0002558547388690456
0.0004526133024893626
5.826411033851833e-05
0.00018106322039983968
6.828438784292276e-05
7.688053232833241e-05
0.00034264899347363336
5.880416483393693e-05
0.00022350090850982996
0.00011261700456543634
0.00011763740027913753
0.00040048689631378147
0.00010157949639289545
0.00011256346225636605
0.00038396254322291365
0.00036535549174117473
1.4591511711647315e-05
0.00018106322039983968
0.0002541495733675898
0.0008383593879875683
8.580664412206725e-05
0.00023661263884717894
0.000125948241853435
0.0002251269245127321
5.6463295353851034e-05
0.004637935697308787
6.945179490729606e-05
0.0008190324209295804
7.352824380815107e-05
6.727836193077166e-05
0.00023954855419875242
0.000125948241853435
0.0007679250864458273
4.7479266685584075e-05
0.00021054576852017862
9.815689992272843e-05
0.0002649548576208376
0.000218725745051602
0.0002024097122738907
0.00017710427962763117
0.0003699949034037068
4.669714012117462e-05
0.0004058872255427703
0.0004526133024893626
0.0004526133024893626
0.0009052266049787252
9.710188370435488e-05
0.00012121564604152407
0.0003036145684108361
0.00026142966835159486
0.00025950553837090075
1.6775725662916246e-05
0.0003178684972281256
0.00011137168849163399
0.00012501776308092673
0.0009842658527322089
0.0009052266049787252
0.003168293117425538
0.00021054576852017862
0.0003483604901382003
0.0004526133024893626
0.0005738611164434992
4.718022546737179e-05
0.0003483604901382003
0.001037981362688529
0.00013545466691895617
0.0005121705401096235
0.000116765812858433
0.0005082991467351796
0.0003483604901382003
0.00015841936234459744
4.7193969184959745e-05
0.0003699949034037068
0.0003699949034037068
0.00016803275244846438
0.0011015034053458378
0.000321146299884945
0.0010279469804209001
0.00027945312932918943
3.155285173966408e-05
0.000125948241853435
0.0002541495733675898
0.00023954855419875242
0.00015993865659697933
0.00016803275244846438
0.00018130818498265618
3.6347405602985195e-05
0.00011940476810635281
0.00010683652032188587
0.0001005052928812328
0.00035420855925526233
0.00040048689631378147
0.0002352789420691874
0.00017902400307117324
0.00029979352203285495
0.0003315795355047706
0.0002873765043180509
7.939494102355107e-05
6.125894959151417e-05
0.0002311841075191758
0.0001785738283518244
0.0003052633981136279
0.00015693015511309658
0.00011175045425491498
0.00040048689631378147
0.0002273267231536083
3.241133709256834e-05
0.00015841936234459744
0.00037048442511715787
6.250888154046337e-05
2.676480668555465e-05
0.00025189648370687
3.076695668143951e-05
2.310021416157058e-05
0.001005754088294235
2.0207035325342896e-05
0.0002815375660103604
0.00021070937104773708
0.0004386422963014726
0.0004578950971704418
4.203878088386717e-05
0.00025511976038920824
0.00017520031697802714
6.487638459272519e-05
0.0001434652791108748
0.00033283842507863404
0.00036105633505351684
0.00012121696441426016
0.0002848164246777068
1.4705648761630215e-05
0.00017545691852058904
2.8862994031835488e-05
0.000246147821604892
0.00018936637716775816
3.811294850870582e-05
0.00015464051502264698
0.0014799796136148271
0.0004844678361041464
0.0013263181420190824
0.0002541495733675898
0.00016148927870138213
0.00018538664135699556
0.00025070075028430866
0.00015125179781503466
0.0020400920164702556
8.943446897788493e-05
0.0006357369944562512
0.00012501776308092673
0.00010554466633652408
0.00016307254786845918
0.000543189661199519
0.00044051129644506087
0.0003887377066811416
0.0003293797368638944
0.0007468834092573444
0.00013794127731319922
0.0013578399074680877
6.727836193077166e-05
0.0004526133024893626
0.0004526133024893626
0.0002541495733675898
0.000109362872525801
0.0004892176436053776
0.00040048689631378147
2.310021416157058e-05
3.67050909715111e-05
0.0008816376929740451
0.0005277233316826204
2.5965165868426307e-05
0.0004273460812875435
0.0002047581052323951
0.0004473151609150302
0.00024245357267096775
0.0002820783627437186
0.00019554070968169266
0.00010273370826658416
0.003699949034037068
0.001245577635226235
0.0012755988019460412
5.723646635021983e-05
0.00012213970614673929
0.00012497787345205002
0.00017334337058984132
0.0012714739889125024
0.0007972262731576333
0.00015841936234459744
0.00039961340042685075
0.00027945312932918943
0.00030807478866676366
0.0005690014971419125
0.000293311064522539
0.00020542412538489805
0.0003313911600435768
0.0006878899064523704
0.0006106985307336965
0.0002483596999291866
0.0001289368142242585
0.0004526133024893626
0.0003868413722592247
0.0016019475852551259
0.0018104532099574504
0.0004526133024893626
0.0004526133024893626
0.0004526133024893626
0.002263066512446813
0.00015993865659697933
0.00023525009814246976
0.000125948241853435
0.00021361568487696328
8.261839908565583e-05
0.0002962340839626191
0.00048821535557407595
0.00017312501110622767
0.0001526079838835654
0.0001279273694345228
0.00015702058488397977
0.0004473151609150302
0.00012401986676807407
0.00012995999337759537
4.193296375730966e-05
0.002402921377882689
0.000519445357426574
0.0012014606889413444
0.000700594877150598
0.0003748442960463425
0.00019938421194408884
0.0013419454827450906
0.0005493710759006658
0.0003483604901382003
0.00025386259033602696
0.0005314841821050889
0.00040922962035077536
0.00010907413939187961
0.0002640981725219026
9.384585533678678e-05
0.0007333508635597883
0.0007586686628558833
3.05181159988312e-05
0.00032297855740276427
0.0014115005888548184
0.00023011318276403684
0.0002075962725377058
0.0001372667974587577
5.559254781957801e-05
0.00014725780576850767
0.0002489611364191148
0.002077781429706296
0.0001504204501705852
0.00014378692118498582
7.434582820515818e-05
6.167328952500167e-05
0.00020071409463307425
0.000655864528872672
0.00015774175923145262
0.00012501776308092673
0.00013101761903671694
0.00015263169905681395
0.0002047581052323951
4.5662717079665115e-05
0.00028448489432997926
0.0003010349539214176
0.0002568337822959479
0.0003483604901382003
0.00020227755858395074
0.0001410391813718593
0.00015464051502264698
0.00022350090850982996
0.00027963369375768227
0.00013640987345025845
0.0001289368142242585
0.0003699949034037068
0.00037794352216790136
0.0003315795355047706
0.00012136653515037045
0.0003483604901382003
0.00011433884552611745
0.00119804225744698
0.0009718442667028541
0.0002962340839626191
0.00017905770134359463
0.0004526133024893626
0.001442299842007414
0.00010704876662831501
0.00013419787552187252
0.00018312369196688862
0.00016148927870138213
0.0005281963450438053
0.00023525009814246976
0.00018244268458896212
0.00030627597954317097
0.0004979222728382296
1.2513000507270704e-05
0.00033525136276474495
0.00019938421194408884
9.815689992272843e-05
0.000501172598212353
0.0003483604901382003
0.0003021852804039244
7.924397485782851e-05
0.00022487738764386862
0.000233531625716866
4.247457226646377e-05
7.382183567785387e-05
0.002143931856802197
3.58963881285046e-05
0.0002971314168670399
0.0009156184598344431
0.0004526133024893626
0.0004526133024893626
0.000110946141692878
0.00021108933267304815
0.00023880953621270562
0.0008806366344961821
0.00018524221255857893
0.00011590634627288322
0.0008739169533391939
0.0007450006680542589
0.00022015915862404553
0.0009157901943408836
0.0002024097122738907
0.0015944525463152666
0.0006709727413725453
0.0001952944755988185
0.0012144582736433444
0.00021340770636367983
0.00014846076126278368
0.0004526133024893626
0.0009536054916843769
4.9078449961364216e-05
0.00017905770134359463
0.00011940476810635281
0.0004104952538916925
0.0018104532099574504
0.0011849363358504765
0.0006125519590863419
0.00019688964262836768
8.484678457298413e-05
0.00012136653515037045
0.00030627597954317097
0.0008009737926275629
0.003329954130633361
0.0003104496249114832
0.0008887022518878574
0.0004526133024893626
0.00017905770134359463
0.0003699949034037068
0.0004526133024893626
0.0003483604901382003
0.0009052266049787252
4.108482507697961e-05
0.0004231175441155779
0.0003315795355047706
1.1653533921720902e-05
0.0005924681679252382
0.00019006158728013638
0.00010122266130117253
0.0005924681679252382
0.00050379296741374
0.0002047581052323951
0.00015263169905681395
0.0004705001962849395
0.001589342486140628
0.004004868963137815
0.0007975368477763554
0.0016767187759751366
0.00017645920655189054
0.0002799475825360608
8.592195014478469e-05
0.0003699949034037068
0.00010704876662831501
0.00055473070846439
5.530313345705216e-05
0.00012755988019460412
0.0002075962725377058
0.0003315795355047706
9.883527208455877e-05
7.405200561928865e-05
6.042748832199739e-05
0.00012087411216156978
0.0004678243845604796
0.0003315795355047706
5.665548521444435e-05
0.0004526133024893626
0.0002047581052323951
7.001329997115814e-05
0.00040048689631378147
6.77196642619303e-05
5.348894688029032e-05
8.474265733523943e-05
0.001270747866837949
5.645715877850098e-05
0.00015546986636212466
0.00024061081541125378
0.0002558547388690456
0.0008621295129541528
0.00040048689631378147
1.5826422228528024e-05
0.000125948241853435
8.772845926029452e-05
9.263683027720539e-05
0.00016856693454935466
5.665548521444435e-05
0.0002558547388690456
0.00019631379984545686
0.00040048689631378147
0.00012611634265160152
2.764180634456594e-05
7.329110262797758e-05
6.638838103857926e-05
0.000259722678713287
0.00024715343587647745
7.237093843581566e-05
0.0004979222728382296
0.0018104532099574504
0.0028034082741964705
0.0002075962725377058
0.00040048689631378147
0.0009052266049787252
0.0013578399074680877
0.0008009737926275629
3.753900152181211e-05
0.0002981202403966691
0.00015125179781503466
0.00040048689631378147
0.00013904922485082446
3.90588951197637e-05
2.120868018039767e-05
0.0001619788004148333
0.00021054576852017862
0.0002489611364191148
8.891277519627813e-05
6.887219875506534e-05
0.0002962340839626191
0.0008009737926275629
0.0004526133024893626
0.00016969356914596826
0.00016363051712538315
0.0007972262731576333
1.7099660363870096e-05
0.0003483604901382003
0.000259722678713287
0.00018312369196688862
0.00014297446058094313
0.00021425698574317802
0.0002541495733675898
0.00019683473024353362
0.0002873765043180509
1.6052595354464578e-05
0.00012693129516801348
7.382183567785387e-05
1.7852452786006742e-05
0.0004526133024893626
0.0002962340839626191
9.339428024234924e-05
0.00034516977414605525
0.0009052266049787252
0.0004341249722038574
0.00032614509573691835
0.0003509138370411781
0.00027228556479962665
8.098940020741665e-05
0.0009052266049787252
0.00018769171067357357
0.00011015034053458379
0.00010262381347292312
0.000167057532737451
0.0003699949034037068
0.00019198127161145683
5.664938499560077e-05
0.0004526133024893626
0.0003699949034037068
0.0004526133024893626
0.0001943688533405708
0.00015878988204710213
0.0002853941987787796
0.00030627597954317097
0.0004705001962849395
0.00023181269254576644
3.717291410257909e-05
4.3004993417345364e-05
0.00015693015511309658
1.3807242334740545e-05
0.0003430623485638679
0.00027945312932918943
0.0001320490862609513
0.0005589062586583789
0.0004526133024893626
0.0004526133024893626
0.00026623161276599557
0.0003178684972281256
0.0001352957418475901
0.0001339303712638683
5.6123077524425625e-05
0.000110946141692878
0.00015561955844954923
0.00043039583733262444
0.0001556671744040284
0.00013545466691895617
0.00010262381347292312
0.00011590634627288322
9.312878848928335e-05
0.00019683473024353362
6.817900153004573e-05
0.0003178684972281256
0.0001279273694345228
7.732025751132349e-05
0.00015060255396810382
9.061794069773392e-05
0.00012693129516801348
0.00015993865659697933
2.8327742607222177e-05
0.0003748442960463425
0.00026574209105254443
9.133887293529368e-05
0.0003483604901382003
0.00020960749787503084
0.0003315795355047706
0.0002273267231536083
8.34388983224113e-05
5.5076596381796634e-05
8.428346727467733e-05
5.090015637124146e-05
0.00021070937104773708
0.00026623161276599557
4.339085900454544e-05
8.92869141759122e-05
0.00016523679817131165
0.00016803275244846438
0.00020960749787503084
0.0001839318451034849
0.00023954855419875242
0.00012401986676807407
0.00020814012023234526
0.00023976804025611044
0.0025899643238259475
0.0003178684972281256
3.678636902069698e-05
0.00023368312914481384
0.0003315795355047706
6.125894959151417e-05
0.0002251269245127321
0.00012995999337759537
0.0004153162482252063
0.00014651505677976695
4.7851301662905464e-05
0.00015060255396810382
0.0004526133024893626
0.00018742214802317124
0.0002721749145125565
0.0002273267231536083
0.0005314841821050889
0.00040048689631378147
0.00010120485613694536
0.00020202316719200862
0.00019683473024353362
3.67050909715111e-05
0.00026623161276599557
0.0003699949034037068
0.0006631590710095412
0.0003483604901382003
9.132543415933024e-06
2.169542950227272e-05
0.00019262533672196092
4.46434570879561e-05
0.00031441124681254627
1.1653533921720902e-05
0.00016634273733345898
3.530886554887873e-05
0.0035580940271462574
0.0003036145684108361
0.00012611634265160152
7.681040804867737e-05
7.939494102355107e-05
0.0005239891431652299
4.108482507697961e-05
0.00010191098815780067
0.00018742214802317124
6.487638459272519e-05
0.00039299185737392243
9.061794069773392e-05
0.00032828587738516543
0.0003483604901382003
0.0002820783627437186
0.0006819801694608249
0.0004526133024893626
0.001045081470414601
0.0003866012875566174
0.0006060695015760259
0.0003257506948622464
0.0009052266049787252
0.0004526133024893626
0.0002273267231536083
0.00017905770134359463
4.719396918495974e-06
0.0003315795355047706
0.0001352957418475901
0.0002962340839626191
0.00039827665585775616
0.00044031831724809106
0.0006060695015760259
0.0004151925450754116
0.0001242044030472547
5.089245618929355e-05
0.00031386031022619316
5.4922360452733864e-05
0.000138181116477358
0.00026574209105254443
0.001849974517018534
5.312313126590144e-05
0.0004526133024893626
0.0004526133024893626
0.00014597226151236796
0.0004526133024893626
0.0004526133024893626
6.289944563596449e-05
5.881973551729685e-05
8.714322278386497e-05
0.00019198127161145683
0.00012497787345205002
0.00010120485613694536
3.921246675971251e-05
0.0002311841075191758
0.0003483604901382003
0.0002962340839626191
0.0001647670813582016
0.0005831065600217124
0.0004526133024893626
0.0002962340839626191
0.0005690014971419125
0.00010480374893751542
0.00012213970614673929
0.0003483604901382003
0.00040048689631378147
0.00026574209105254443
0.0003699949034037068
7.094750462686483e-05
0.000259722678713287
0.0003699949034037068
0.00040048689631378147
0.0004526133024893626
0.0004526133024893626
0.00040048689631378147
0.0003315795355047706
0.0004526133024893626
0.0003483604901382003
0.0003315795355047706
0.0004526133024893626
0.0003699949034037068
0.0001279273694345228
8.372433824780311e-05
0.00022990212885533204
0.0006357369944562512
0.0018104532099574504
0.00019198127161145683
0.000259722678713287
0.0009052266049787252
9.912539163945352e-05
0.0002267707115341907
0.00040048689631378147
0.00040048689631378147
0.0011099847102111204
0.00040048689631378147
0.0004526133024893626
0.0004526133024893626
0.0004526133024893626
0.000109362872525801
0.00012693129516801348
9.731457688908778e-05
0.00018769171067357357
0.0006819801694608249
0.0013578399074680877
0.00012401986676807407
0.0004526133024893626
0.0011762292671392506
0.0003483604901382003
0.0009947386065143119
0.0005411829673903604
0.0006397546263879173
0.0008009737926275629
0.0004526133024893626
5.4922360452733864e-05
0.0002541495733675898
0.00023661263884717894
9.448588054197534e-05
0.00014869165641031635
0.0002541495733675898
0.00026218849652333244
0.00015403739433338183
0.00040048689631378147
0.0006631590710095412
0.001037981362688529
0.00013277676207715852
0.0004526133024893626
0.000328088617577403
0.0003483604901382003
8.714322278386497e-05
0.0003178684972281256
0.00017312501110622767
6.435498309155043e-05
0.0001289368142242585
0.00018524221255857893
7.78335872020142e-05
0.00012586037041287454
0.0006631590710095412
7.480488899243232e-05
0.0004526133024893626
0.00040048689631378147
0.0004526133024893626
0.0003315795355047706
0.0008009737926275629
0.0003837821083035684
0.00013985486543587568
0.00047909710839750484
0.00030627597954317097
7.78335872020142e-05
0.0002489611364191148
0.00014725780576850767
5.121705401096236e-05
0.0002873765043180509
0.00013311580638299779
0.0004526133024893626
0.00010629295616901631
0.0007186456625962572
0.00016148927870138213
0.00030627597954317097
5.049740729734198e-05
9.844482131418384e-05
0.00010629295616901631
0.0002311841075191758
0.0003483604901382003
7.887087961572631e-05
0.00010554466633652408
0.00019962435460967813
0.0001719724766130926
0.00016803275244846438
9.468318858387908e-05
0.0005371731040307838
5.014015005686173e-05
0.0002962340839626191
0.0004526133024893626
0.0002893179067738164
0.0003720596003042222
2.3174870808470744e-05
0.00040048689631378147
0.00027945312932918943
0.0002873765043180509
0.0002273267231536083
2.864065004826156e-05
9.912539163945352e-05
0.00032343675126419443
0.00014989676101642748
0.0002311841075191758
0.0009947386065143119
0.0003315795355047706
0.00040048689631378147
0.0002541495733675898
0.0013263181420190824
0.0006967209802764006
7.63039919417827e-05
0.000321146299884945
0.00011256346225636605
9.64393022579388e-05
0.00026574209105254443
0.0004526133024893626
0.0003178684972281256
0.00011940476810635281
5.4537069695939805e-05
0.0002489611364191148
0.00015263169905681395
0.000259722678713287
0.00016414293869258272
0.00010629295616901631
2.120868018039767e-05
7.414982516833451e-05
0.00024410767778703797
6.0846880025219e-05
0.00016634273733345898
0.000639636847172614
6.319586414444393e-05
0.00015160192651788326
1.1005526914064239e-05
5.607051264303916e-05
0.00017710427962763117
0.00019262533672196092
0.0005240187446875771
0.0002962340839626191
6.9090558238679e-05
2.2678482816851158e-05
0.0003168387246891949
0.0003178684972281256
4.87278548849288e-05
0.00021258591233803262
7.237093843581566e-05
0.00014834154139915573
0.00021108933267304815
0.00019683473024353362
0.0002962340839626191
7.580096325894163e-05
0.00021054576852017862
0.0003178684972281256
0.0001279273694345228
0.00020202316719200862
0.00021681627460752836
9.816113519220895e-05
0.00019829419825055522
3.921246675971251e-05
0.0006125519590863419
0.0014799796136148271
0.0002489611364191148
0.0002873765043180509
0.0003699949034037068
0.00016803275244846438
0.0005314841821050889
0.00018312369196688862
0.00011291431755700196
0.000519445357426574
0.0007975368477763554
0.0013578399074680877
9.448588054197534e-05
0.00022015915862404553
0.0002489611364191148
0.0003315795355047706
0.00015263169905681395
0.00018106322039983968
0.0004526133024893626
0.0002962340839626191
0.0002541495733675898
0.0003315795355047706
0.0004526133024893626
0.0001697616218695208
0.00018524221255857893
0.0004526133024893626
0.0001424082123388534
9.844482131418384e-05
0.0005589062586583789
0.000218725745051602
0.0001598453601707403
4.886073508531838e-05
0.00024427941229347857
0.00023525009814246976
0.0004526133024893626
0.0002489611364191148
0.0005747530086361018
0.00021855440182940654
0.00040048689631378147
0.0003261139543701985
1.4483484618699059e-05
0.0005145935228458018
0.000259722678713287
0.0008667168529492066
0.00011856392118325039
0.00027945312932918943
0.0006631590710095412
0.0004526133024893626
0.0003987684238881777
0.0004526133024893626
0.0003699949034037068
0.00046211218300014546
0.00017520031697802714
0.0003178684972281256
0.00031987731319395866
0.00013099728579130747
0.00012121696441426016
0.0001279273694345228
0.00019938421194408884
0.00040048689631378147
0.00035554436164248127
0.0004526133024893626
0.0004526133024893626
0.0005314841821050889
0.00039366946048706723
0.00021361568487696328
0.0003430623485638679
0.0004473151609150302
0.00024243392882852032
0.0005040982573453931
0.00019683473024353362
0.0002236575804575151
0.0005082991467351796
0.00022843266231575555
0.00023661263884717894
0.0003483604901382003
0.0004473151609150302
0.00018106322039983968
6.125894959151417e-05
0.0002705914836951802
0.000519445357426574
0.0002075962725377058
0.0003483604901382003
0.0003483604901382003
0.00015546986636212466
0.0003987684238881777
0.00011505659138201842
0.0003699949034037068
0.00010099481459468396
3.6488536917792426e-05
0.00027970973087175136
8.482076031548924e-05
0.0004526133024893626
0.00016937147633550294
0.000142837990495452
0.00016307254786845918
0.00024410767778703797
0.00017520031697802714
0.0005445711295992533
5.607051264303916e-05
0.0004526133024893626
0.0004526133024893626
0.00018106322039983968
0.0002992195559697293
0.0003371338690987093
0.00013868891172869497
0.0004526133024893626
0.0004526133024893626
0.00014470832406795244
0.00040048689631378147
0.0006125519590863419
0.00023525009814246976
0.00012213970614673929
1.9509825097977933e-05
0.00029979352203285495
0.0002495080070160268
0.0014799796136148271
0.00011214102528607832
0.006336586234851076
0.00035811540268718925
7.597926962765469e-05
0.0015313798977158548
0.0019059989535973865
0.0003315795355047706
0.00040048689631378147
0.00040048689631378147
0.000656177235154806
0.0012251039181726839
0.002541495733675898
0.00027228556479962665
0.0002311841075191758
0.0005747530086361018
0.0006967209802764006
7.237093843581566e-05
8.428346727467733e-05
0.00012325447523093883
0.0009052266049787252
6.250888154046337e-05
0.00019683473024353362
0.0005710816557893889
0.0004526133024893626
0.0003178684972281256
0.00014224244716498963
0.00024946331098536274
0.0003483604901382003
0.00040048689631378147
0.0003315795355047706
0.00017967037902426127
0.00021054576852017862
0.00017710427962763117
9.513139959292653e-05
5.922081650901648e-05
5.684580309407713e-05
0.00013435624052685286
8.316933567200894e-05
4.108482507697961e-05
7.78335872020142e-05
0.0009157901943408836
0.0004526133024893626
0.0004891709315552977
0.0004526133024893626
0.0013578399074680877
0.0005838890460494718
0.0002273267231536083
3.560205308471335e-05
0.00015263169905681395
0.000123073910802446
0.0001746244057894208
6.955051384798465e-05
3.443609937753267e-05
0.0001405457935399749
0.0002536710291999183
0.00010028030011372346
0.00012088792883100772
0.0009841736512176682
0.0001289368142242585
0.00026574209105254443
0.0002489611364191148
0.00012030540770562689
0.0003483604901382003
0.0004526133024893626
0.00017334337058984132
0.00011421633115787778
0.00010262381347292312
8.280293536483647e-05
0.00040048689631378147
0.00014189500925372966
0.00010907413939187961
0.0002311841075191758
0.0002541495733675898
0.000125948241853435
0.0004526133024893626
0.00019554070968169266
0.0002873765043180509
0.0009052266049787252
0.0009052266049787252
5.723646635021983e-05
0.0002541495733675898
0.0005638316132906936
5.0856369829439854e-05
0.0004526133024893626
0.0004526133024893626
0.00042299086917485133
3.076695668143951e-05
0.00030627597954317097
0.0004526133024893626
0.00040048689631378147
0.00013640987345025845
0.0007624487201027694
0.001589342486140628
0.0013934419605528012
0.0004151925450754116
0.0003178684972281256
3.708538534978893e-05
0.00018312369196688862
0.00011844163301803296
0.00021361568487696328
0.00013985486543587568
0.0002541495733675898
0.0004526133024893626
0.00030627597954317097
0.00010407006011617263
7.681040804867737e-05
0.0004526133024893626
0.000116765812858433
9.578250762293636e-05
0.00013640987345025845
6.683205493721137e-05
0.000109362872525801
0.0004526133024893626
1.8586457051289544e-05
0.0003793343314279417
1.835254548575555e-05
0.00014224244716498963
9.448588054197534e-05
0.00011590634627288322
0.00023702957442832084
0.0004526133024893626
0.00020071409463307425
0.00040048689631378147
0.00042517182467606524
0.0004526133024893626
0.00019198127161145683
0.0014953097941387428
0.00040048689631378147
0.0004526133024893626
0.0004526133024893626
0.0008952885067179731
0.000519445357426574
0.0003315795355047706
0.001037981362688529
0.0004526133024893626
0.0002541495733675898
0.0004526133024893626
0.00040048689631378147
0.00017334337058984132
0.00015125179781503466
0.00015693015511309658
9.258191789237131e-05
0.00027228556479962665
4.5599094303653585e-05
0.0004526133024893626
0.0004095162104647902
0.00019198127161145683
0.0003483604901382003
0.0004526133024893626
0.000259722678713287
4.837888670565165e-05
0.000932819198172748
0.00032297855740276427
0.0004526133024893626
0.00012693129516801348
0.00013640987345025845
0.00020382197631560133
0.0018104532099574504
0.00019962435460967813
0.0006967209802764006
0.0008806366344961821
0.0003315795355047706
0.000138181116477358
6.322437791733221e-05
0.00017334337058984132
0.0004526133024893626
0.0003178684972281256
0.00040048689631378147
0.0004526133024893626
0.00017905770134359463
7.681040804867737e-05
0.00018023208197881702
0.0006357369944562512
4.290332206103362e-05
0.0004267273414949689
4.321511612342446e-05
0.00021108933267304815
5.454350570846105e-05
0.0004526133024893626
0.00015993865659697933
5.723646635021983e-05
0.00017428644556772993
0.00025386259033602696
0.0003178684972281256
0.00015841936234459744
4.203878088386717e-05
0.0013934419605528012
0.0002962340839626191
0.0002236575804575151
0.0009947386065143119
0.00017153117428193396
0.00040048689631378147
0.00011684156457240692
0.0002489611364191148
0.0006631590710095412
7.431175602744074e-05
0.0003178684972281256
0.0004526133024893626
0.00011924809615866765
0.00021681627460752836
0.00019938421194408884
0.0006357369944562512
2.2926267250868263e-05
0.0005445711295992533
0.0002541495733675898
0.0009676431982330714
0.0004526133024893626
0.0004526133024893626
0.0004526133024893626
7.887087961572631e-05
0.0007399898068074136
0.000259722678713287
0.0004526133024893626
0.0006967209802764006
0.0004526133024893626
0.0013578399074680877
0.0003315795355047706
0.0004526133024893626
0.0004526133024893626
0.00027228556479962665
3.890488961238731e-05
0.00015263169905681395
0.0004526133024893626
0.0004526133024893626
0.0004526133024893626
0.0004526133024893626
0.00023954855419875242
0.0012014606889413444
0.0004526133024893626
0.000123073910802446
0.00019198127161145683
0.00015403739433338183
0.00012841689114797395
0.00012030540770562689
0.0005979004735396598
8.891277519627813e-05
0.000547621920226971
9.777035484084633e-05
4.431289608235764e-05
0.00018524221255857893
8.045414878280332e-05
0.0009052266049787252
7.681040804867737e-05
0.00036922173240733794
0.0004526133024893626
0.0003699949034037068
0.0002004961648116341
0.0001943688533405708
8.656250555311383e-05
0.0004546534463072166
0.0002962340839626191
0.000259722678713287
8.600998683469073e-05
0.00030627597954317097
0.0004336325492150567
0.0003483604901382003
0.0001434652791108748
0.00024427941229347857
0.0006653709493338359
0.00011851478721416042
0.0002075962725377058
0.00032297855740276427
0.0004095162104647902
0.0003178684972281256
0.00020202316719200862
0.0004979222728382296
4.339085900454544e-05
0.00015546986636212466
0.00010407006011617263
0.0001646898684319472
0.0003315795355047706
0.00024803973353614814
0.0006967209802764006
0.0004526133024893626
0.00027945312932918943
0.00040048689631378147
6.955051384798465e-05
0.0003483604901382003
8.098940020741665e-05
8.951200153558662e-05
0.00026623161276599557
0.00040048689631378147
0.0004756569979646326
0.00023954855419875242
0.0007399898068074136
0.0006244203606970358
0.0014799796136148271
0.0013934419605528012
0.0004705001962849395
0.00026574209105254443
0.0001320490862609513
0.0004526133024893626
0.0004526133024893626
0.0004526133024893626
0.0004526133024893626
0.00016634273733345898
0.00022015915862404553
0.0009052266049787252
0.0004526133024893626
0.00035420855925526233
0.000453755393445104
0.0010629683642101777
0.00012251789918302835
0.0006967209802764006
0.00027970973087175136
0.0004526133024893626
0.00027963369375768227
0.00027945312932918943
0.0002236575804575151
0.000259722678713287
0.00014989676101642748
9.513139959292653e-05
0.00017153117428193396
0.00040048689631378147
0.00023954855419875242
0.00016148927870138213
0.00023525009814246976
3.708538534978893e-05
0.0001090870114169221
0.00013640987345025845
0.00023954855419875242
0.000109362872525801
0.00026574209105254443
0.0002873765043180509
0.0005747530086361018
0.00017520031697802714
0.00016148927870138213
0.0003483604901382003
0.00044177341730552305
9.513139959292653e-05
0.0002273267231536083
0.00014856570843351996
0.0002750815190767794
0.00020202316719200862
0.00013640987345025845
9.578250762293636e-05
0.0004526133024893626
0.0004526133024893626
0.0001434652791108748
0.00017334337058984132
0.0002489611364191148
0.0001598453601707403
0.00010781225042139814
7.530127698405191e-05
0.0005040982573453931
0.0003483604901382003
0.000109362872525801
0.0004526133024893626
0.00019198127161145683
9.321123125256076e-05
0.00018106322039983968
0.0005445711295992533
0.00023954855419875242
5.684580309407713e-05
0.0002894166481359049
0.00021054576852017862
0.0004526133024893626
0.00024410767778703797
0.0003699949034037068
9.011604098940851e-05
2.545007818562073e-05
0.00012401986676807407
0.0001090870114169221
0.0002273267231536083
0.0036616151668055694
0.000274016618805881
0.0003699949034037068
0.00017153117428193396
0.00019133982029190618
0.0001697616218695208
0.0014799796136148271
0.0016019475852551259
0.00015993865659697933
0.0001352957418475901
0.0002489611364191148
0.00015403739433338183
0.00014597226151236796
0.00015670088991899368
6.594730934786412e-05
0.0008534546829899378
0.000123073910802446
5.121705401096236e-05
5.802393435900262e-05
0.0001375407595383897
0.0003052633981136279
0.00019521855519338897
0.0003430623485638679
0.0003109397327242493
0.00020202316719200862
8.831828587361253e-05
0.0004526133024893626
0.0009366305410455537
7.903047239666526e-06
2.120868018039767e-05
0.000259722678713287
0.00040048689631378147
8.831828587361253e-05
8.280293536483647e-05
0.00020318200037843426
6.167328952500167e-05
0.0004526133024893626
0.00019938421194408884
0.0004705001962849395
0.0001399737912680304
2.8594892116188625e-05
0.0004526133024893626
5.121705401096236e-05
0.00021361568487696328
0.00017710427962763117
0.00019938421194408884
9.07249715041855e-05
0.0003052633981136279
0.00026574209105254443
0.0004526133024893626
0.00040048689631378147
9.537154225851579e-05
6.9090558238679e-05
9.448588054197534e-05
9.321123125256076e-05
0.00013868891172869497
8.34388983224113e-05
0.0004526133024893626
0.0004526133024893626
0.00011175045425491498
4.2359474366394166e-05
0.00021361568487696328
9.777035484084633e-05
6.594730934786412e-05
0.00031441124681254627
0.0005051076977198307
0.00021666619997374063
6.772733345947809e-05
0.00040048689631378147
0.0001223085303521722
0.000987274269603015
0.0014368825215902547
0.000328088617577403
0.0006935523225575274
0.0011182879022875755
0.00040048689631378147
0.00040048689631378147
0.00023954855419875242
0.0002873765043180509
0.0004526133024893626
0.0001719724766130926
0.00034015606730128606
0.0004526133024893626
0.0004526133024893626
0.0006549864289565374
0.00018524221255857893
0.00044031831724809106
5.568584424581699e-05
0.0003483604901382003
0.0004526133024893626
0.00017663657174722507
0.00015693015511309658
0.0003315795355047706
0.00011525833926522653
9.448588054197534e-05
0.00029658412305177295
0.00012497787345205002
7.333508635597883e-05
0.0003178684972281256
0.0003483604901382003
7.78335872020142e-05
0.00013099728579130747
0.00023525009814246976
0.00012213970614673929
0.0002004961648116341
0.0025590185055516692
0.0003178684972281256
0.0002047581052323951
0.00015993865659697933
0.0001697616218695208
7.887087961572631e-05
0.0001447418768716313
0.00027737782345738993
0.0006934445586434749
0.0007468834092573444
0.00022015915862404553
0.0002489611364191148
0.00021361568487696328
0.000123073910802446
2.6778679179010114e-05
0.0008181480183605487
0.0002541495733675898
0.00023159207569301346
0.0001372667974587577
0.00015693015511309658
0.00026574209105254443
0.0003315795355047706
1.8821098451283677e-05
0.00017905770134359463
0.00017334337058984132
0.0002024097122738907
0.0002962340839626191
0.00011175045425491498
0.0003315795355047706
0.00024410767778703797
0.0003483604901382003
0.00020202316719200862
0.00020202316719200862
0.0001697616218695208
0.00017334337058984132
0.0002236575804575151
0.00011175045425491498
0.00036624738393377723
0.00034668674117968265
0.0005924681679252382
0.00042723136975392656
0.00017905770134359463
0.00018106322039983968
0.0002489611364191148
0.00010554466633652408
0.0002962340839626191
0.0001434652791108748
0.00040048689631378147
0.00024410767778703797
0.0003483604901382003
0.0002873765043180509
6.250888154046337e-05
1.7886893795576984e-05
0.00015693015511309658
0.00013868891172869497
0.00023525009814246976
0.001849974517018534
0.0009947386065143119
0.0002236575804575151
0.00026142966835159486
0.0008887022518878574
0.000749688592092685
0.00021054576852017862
5.4166549993435156e-05
6.863339872937885e-05
0.00019938421194408884
0.00018527366055441077
0.00023525009814246976
0.0005371731040307838
0.00011015034053458379
8.59862383065463e-05
4.978458198221952e-05
0.00018966716571397084
2.443036754265919e-05
0.00027945312932918943
0.00026574209105254443
0.00037048442511715787
0.0005924681679252382
0.00010554466633652408
0.00010858356495408213
0.0009052266049787252
0.0007399898068074136
0.00023525009814246976
0.0003483604901382003
0.00013419787552187252
0.00023525009814246976
0.00024410767778703797
0.0003178684972281256
0.0006709727413725453
0.002090162940829202
0.00027945312932918943
0.001038890714853148
0.0002962340839626191
6.208992498229664e-05
0.0003699949034037068
0.0009052266049787252
0.00021054576852017862
0.00018106322039983968
0.0003483604901382003
0.00019688964262836768
0.00021054576852017862
0.00013277676207715852
6.550880951835847e-05
0.00040048689631378147
0.0007057502944274092
0.0014799796136148271
0.00013419787552187252
0.0007399898068074136
0.0003293797368638944
0.0002940986775864842
0.00015993865659697933
0.001045081470414601
0.00022015915862404553
0.00021361568487696328
0.0002047581052323951
0.00019554070968169266
7.285146727646885e-05
7.835044495949684e-05
0.0004526133024893626
6.683205493721137e-05
0.0009052266049787252
0.00031663399900957225
0.00016148927870138213
0.0002640981725219026
0.00030627597954317097
0.00016744867649560622
0.00025386259033602696
0.00018966716571397084
0.0004526133024893626
0.00026574209105254443
0.0005082991467351796
0.00010120485613694536
0.0001409579033226734
0.00020202316719200862
7.431175602744074e-05
0.0005747530086361018
0.0003887377066811416
0.0001391010276959693
0.00015365116203288706
0.00014189500925372966
0.00018312369196688862
0.00017710427962763117
0.00014989676101642748
0.00040048689631378147
0.00012030540770562689
0.00030627597954317097
0.0002075962725377058
3.328794718722738e-05
0.0003315795355047706
0.0001434652791108748
0.0003178684972281256
2.120868018039767e-05
0.0001697616218695208
0.0003483604901382003
9.195782710989075e-05
2.9402082416968463e-05
0.0002047581052323951
0.0003987684238881777
0.0003315795355047706
0.0003483604901382003
0.0004526133024893626
0.00027945312932918943
0.0001602547804828288
0.0002075962725377058
0.0004526133024893626
0.00017153117428193396
0.00040048689631378147
0.00024410767778703797
0.0004526133024893626
0.00011175045425491498
0.00015693015511309658
0.000784650775565483
0.00026574209105254443
7.431175602744074e-05
0.0003483604901382003
0.00015403739433338183
0.00015125179781503466
9.912539163945352e-05
9.195782710989075e-05
0.0002273267231536083
0.00017905770134359463
4.9078449961364216e-05
4.7685771129257896e-05
0.00013640987345025845
0.00040048689631378147
0.0003483604901382003
0.00014597226151236796
7.78335872020142e-05
0.00018742214802317124
6.683205493721137e-05
0.00015125179781503466
0.000519445357426574
7.431175602744074e-05
0.00015993865659697933
0.00027945312932918943
0.0004526133024893626
0.0001279273694345228
0.0003699949034037068
0.0004526133024893626
0.00031987731319395866
0.00017905770134359463
0.0005371731040307838
0.00011763521569393963
9.578250762293636e-05
0.0007008012679121085
0.0001279273694345228
0.0003315795355047706
0.0004526133024893626
0.0007399898068074136
0.0002873765043180509
6.377994009730206e-05
0.00014597226151236796
0.00019198127161145683
0.0001409579033226734
6.9090558238679e-05
0.0003109397327242493
3.6191879698031365e-05
0.00016803275244846438
0.00040048689631378147
0.0003315795355047706
0.000116765812858433
0.0004578239516506962
0.00010781225042139814
0.00018516383578474262
3.0752212931332966e-05
0.00048821535557407595
0.00020524762694584624
0.0001352957418475901
0.0003315795355047706
0.00040048689631378147
6.550880951835847e-05
0.0002273267231536083
0.0001320490862609513
0.00013311580638299779
0.0002047581052323951
0.00042723136975392656
0.00012501776308092673
0.0002489611364191148
5.645715877850098e-05
0.0001697616218695208
2.0244532260234508e-05
0.000109362872525801
0.00015841936234459744
0.0002962340839626191
0.0004526133024893626
0.000259722678713287
0.0001697616218695208
0.0002489611364191148
0.00034771903881864965
0.001589342486140628
0.0003178684972281256
7.405200561928865e-05
0.000259722678713287
5.568584424581699e-05
0.0003807938855040404
9.981217730483906e-05
4.431289608235764e-05
0.000246147821604892
0.0001410391813718593
0.000259722678713287
0.0008009737926275629
6.9090558238679e-05
7.1418995247726e-05
0.00018642246250512152
0.0004705001962849395
0.00015841936234459744
0.00014960977798486464
6.463940668285185e-05
5.922081650901648e-05
3.300362734878984e-05
4.171944916120565e-05
2.4177585766201545e-05
3.076695668143951e-05
0.00026623161276599557
4.36561014473552e-05
0.0003178684972281256
3.890488961238731e-05
0.00027228556479962665
0.000259722678713287
0.00014989676101642748
0.0003699949034037068
3.98314209343096e-05
0.0002750815190767794
0.0006227888176131175
0.0003987684238881777
0.000259722678713287
0.0006708238440216428
0.0003052633981136279
0.0001434652791108748
5.568584424581699e-05
0.0006631590710095412
0.0007399898068074136
0.00018312369196688862
0.0003315795355047706
0.000125948241853435
0.0005145935228458018
0.0005082991467351796
0.00023954855419875242
0.0003178684972281256
0.0003443609937753267
7.333508635597883e-05
0.0004526133024893626
0.00042109153704035724
0.0005456394938010338
0.0007399898068074136
0.0005589062586583789
0.000446434570879561
4.203878088386717e-05
0.0001717093990506595
0.0007399898068074136
0.0005445711295992533
0.0003699949034037068
0.0004526133024893626
0.00011856392118325039
6.877880175260479e-05
0.0007701869716669091
0.0007920968117229873
0.0008855213981381558
0.00040048689631378147
0.0001434652791108748
5.141436205286611e-05
0.0001410391813718593
0.00020814012023234526
0.00030627597954317097
0.00048821535557407595
0.00027945312932918943
0.0004526133024893626
0.00040048689631378147
0.0007010493874344415
0.00028757384236997163
0.00040080619199620607
0.00010334346018654351
0.0004526133024893626
9.33158608453536e-05
0.00036212644079967936
0.0003483604901382003
0.00023525009814246976
0.00022015915862404553
9.07249715041855e-05
0.0003580480061423465
0.00013868891172869497
0.000466409599086374
0.0006967209802764006
0.00031987731319395866
5.826411033851833e-05
0.0003052633981136279
9.777035484084633e-05
0.0009052266049787252
0.00023525009814246976
0.0004526133024893626
0.0004526133024893626
0.00040048689631378147
0.00027945312932918943
0.0004526133024893626
0.0004526133024893626
0.00011015034053458379
0.00030627597954317097
0.00040048689631378147
0.0004526133024893626
4.268154127273597e-05
0.0003699949034037068
0.00030627597954317097
0.0001352957418475901
0.0002541495733675898
0.0002962340839626191
0.0004526133024893626
0.0004526133024893626
0.00027228556479962665
0.0004526133024893626
0.0004526133024893626
9.844482131418384e-05
0.0004526133024893626
3.104292949642779e-05
0.0004526133024893626
8.484678457298413e-05
0.00026574209105254443
0.0002273267231536083
0.0004526133024893626
0.00027945312932918943
0.00018524221255857893
0.0004526133024893626
0.0004526133024893626
0.0004526133024893626
0.00040048689631378147
7.405200561928865e-05
9.64393022579388e-05
0.0003483604901382003
0.0003699949034037068
0.0016182887526342306
0.0012014606889413444
0.0004740591488566417
0.00015693015511309658
0.00014470832406795244
0.0007399898068074136
0.0009052266049787252
0.00021054576852017862
0.00022015915862404553
2.7796273909789005e-05
0.00025189648370687
0.00039366946048706723
0.00035420855925526233
0.00036212644079967936
0.00010120485613694536
0.0002311841075191758
0.00048821535557407595
0.0002541495733675898
3.300362734878984e-05
0.00040048689631378147
0.0003315795355047706
0.00027945312932918943
4.9078449961364216e-05
0.0003315795355047706
0.00040048689631378147
0.00017710427962763117
0.0004526133024893626
0.00033268547466691796
0.0004526133024893626
0.00040048689631378147
0.0004526133024893626
0.00040048689631378147
0.0003315795355047706
0.0001697616218695208
0.0003483604901382003
0.0003699949034037068
0.0003315795355047706
0.00014725780576850767
0.00037048442511715787
0.00040048689631378147
0.0003483604901382003
0.0006357369944562512
0.0009262110627928947
0.0008280293536483647
0.0008009737926275629
0.0004526133024893626
0.0004341249722038574
0.0009052266049787252
0.00010191098815780067
0.00015263169905681395
0.00027945312932918943
0.00018966716571397084
0.0004526133024893626
0.0004526133024893626
0.00011338535576709535
0.00022015915862404553
0.0002541495733675898
0.0004526133024893626
0.00027945312932918943
7.887087961572631e-05
0.0002236575804575151
0.0004526133024893626
0.00012995999337759537
0.00040048689631378147
0.0013435367676141322
0.0002047581052323951
6.550880951835847e-05
0.0002489611364191148
0.00013419787552187252
0.00010609377799579438
0.00026574209105254443
0.00023954855419875242
0.0004526133024893626
0.00018966716571397084
0.00021054576852017862
0.0003483604901382003
3.7687008619971057e-05
0.00035811540268718925
0.0002311841075191758
0.0003178684972281256
0.00012121696441426016
0.0002311841075191758
0.00010191098815780067
0.00014989676101642748
6.463940668285185e-05
0.0004526133024893626
0.00023954855419875242
0.00040048689631378147
0.0003699949034037068
0.0002047581052323951
0.0006357369944562512
4.837888670565165e-05
0.000259722678713287
0.00018312369196688862
0.0002047581052323951
0.0003699949034037068
0.00023954855419875242
0.00024410767778703797
0.00040048689631378147
0.00019683473024353362
0.0002047581052323951
9.912539163945352e-05
0.00017905770134359463
0.0002962340839626191
0.0003699949034037068
0.00024410767778703797
6.772733345947809e-05
0.0003699949034037068
0.00021681627460752836
0.0004526133024893626
0.00040048689631378147
0.0004526133024893626
0.00011763521569393963
0.0002873765043180509
0.0004526133024893626
7.580096325894163e-05
0.00040048689631378147
0.00040048689631378147
2.0484412870929996e-05
0.0003483604901382003
0.0003178684972281256
0.00031441124681254627
0.0003315795355047706
0.0002236575804575151
0.0004526133024893626
0.0003315795355047706
0.00014597226151236796
0.00019938421194408884
0.00018106322039983968
0.00014960977798486464
0.00026574209105254443
0.00012121696441426016
0.0003699949034037068
0.00027228556479962665
1.8586457051289544e-05
0.0004095162104647902
0.0004979222728382296
0.0001646898684319472
6.167328952500167e-05
0.00015546986636212466
0.00027228556479962665
0.0004526133024893626
9.133887293529368e-05
0.0004526133024893626
0.0004526133024893626
0.0004526133024893626
6.043705608078489e-05
0.00040048689631378147
0.00040048689631378147
0.00023954855419875242
0.0001646898684319472
0.0004526133024893626
0.0004526133024893626
0.0002893179067738164
0.0004526133024893626
0.0008383593879875683
0.0009052266049787252
0.00016803275244846438
0.0003483604901382003
0.0003483604901382003
0.0004526133024893626
0.00012121696441426016
0.0004526133024893626
0.0002873765043180509
0.0002251269245127321
0.00040048689631378147
0.0001005052928812328
0.00013985486543587568
5.1930331736852614e-05
0.0005371731040307838
0.0002962340839626191
0.0004526133024893626
0.0004526133024893626
9.384585533678678e-05
0.0004526133024893626
0.00015993865659697933
0.0005924681679252382
0.0004526133024893626
0.00027945312932918943
0.00021361568487696328
0.0004526133024893626
0.000259722678713287
3.98314209343096e-05
4.36561014473552e-05
0.00015546986636212466
0.00040048689631378147
0.0003699949034037068
0.0002273267231536083
0.0002273267231536083
0.0002236575804575151
0.00026574209105254443
0.00019026279918585306
0.0002971314168670399
0.0004526133024893626
0.00016634273733345898
0.0004526133024893626
0.0004526133024893626
0.00027945312932918943
0.0002541495733675898
0.0004526133024893626
0.0007972262731576333
0.0004526133024893626
0.0003178684972281256
0.00013868891172869497
0.00016634273733345898
5.401209528729935e-05
0.00022015915862404553
3.501681660828381e-05
0.00018377684877454254
0.0004526133024893626
0.00027228556479962665
0.00018742214802317124
0.0004526133024893626
0.0004526133024893626
0.0003699949034037068
0.0004526133024893626
0.0004526133024893626
0.0003748442960463425
9.384585533678678e-05
0.00010984472090546773
0.0004526133024893626
0.0004526133024893626
0.0003315795355047706
0.0004526133024893626
0.0003483604901382003
0.00015841936234459744
0.00021054576852017862
0.0004526133024893626
0.00040048689631378147
8.097812904093803e-05
0.00018312369196688862
0.00027945312932918943
0.0003483604901382003
0.00027945312932918943
0.0007774754133622832
0.00010609377799579438
0.0002273267231536083
0.0009052266049787252
0.0003699949034037068
0.0003699949034037068
0.00018966716571397084
0.0002962340839626191
5.4166549993435156e-05
0.0004526133024893626
0.00040048689631378147
0.0003315795355047706
0.00040048689631378147
0.0004526133024893626
0.0002962340839626191
0.00027228556479962665
0.0002962340839626191
0.00023954855419875242
0.000116765812858433
0.0003315795355047706
0.00015263169905681395
0.0003315795355047706
0.0002873765043180509
0.00021361568487696328
0.0002489611364191148
0.0008009737926275629
4.014281892661485e-05
0.0005589062586583789
0.0018104532099574504
0.00023525009814246976
0.0013578399074680877
0.0008621295129541528
0.0013578399074680877
0.0004526133024893626
0.0004526133024893626
0.0004526133024893626
0.0004526133024893626
0.000520030111769524
0.0009052266049787252
0.0011810083814612017
0.0003699949034037068
0.0004526133024893626
0.000259722678713287
0.0004526133024893626
0.0004526133024893626
0.0004526133024893626
0.0011099847102111204
0.00040048689631378147
0.0003483604901382003
0.0005589062586583789
0.0004526133024893626
0.0003178684972281256
0.0002541495733675898
0.00023954855419875242
0.00040048689631378147
0.0002311841075191758
0.0004526133024893626
0.000259722678713287
0.00040048689631378147
0.00040048689631378147
0.0002962340839626191
0.00040048689631378147
0.0009052266049787252
0.0006125519590863419
0.0003315795355047706
0.00044031831724809106
0.00040048689631378147
0.0007399898068074136
0.0003699949034037068
0.00040048689631378147
0.00018312369196688862
0.00015546986636212466
0.00018742214802317124
0.0003315795355047706
0.0004526133024893626
0.0003699949034037068
0.0004526133024893626
0.0004526133024893626
0.0004526133024893626
0.0004526133024893626
0.00040048689631378147
0.0005082991467351796
0.0004526133024893626
0.00030627597954317097
0.0004526133024893626
0.0004526133024893626
4.631841513860269e-05
0.0004526133024893626
0.0003315795355047706
0.0004526133024893626
0.00030627597954317097
0.00011844163301803296
0.00022015915862404553
0.0004526133024893626
0.00011015034053458379
0.00011763521569393963
7.431175602744074e-05
0.00040048689631378147
0.0004526133024893626
0.0004526133024893626
0.0002962340839626191
0.0002873765043180509
0.0004526133024893626
0.00040048689631378147
0.00040048689631378147
0.0004526133024893626
0.0004526133024893626
0.0003699949034037068
0.0004526133024893626
0.0004526133024893626
0.00040048689631378147
0.0004526133024893626
0.0004526133024893626
0.0004526133024893626
0.0004526133024893626
0.0004526133024893626
0.0004526133024893626
0.0005314841821050889
0.000123073910802446
0.00040048689631378147
0.0004526133024893626
0.0003178684972281256
0.0003178684972281256
0.0003178684972281256
3.4147413772777174e-05
0.0002962340839626191
0.0004526133024893626
0.00040048689631378147
5.607051264303916e-05
0.0004526133024893626
0.00019683473024353362
3.58963881285046e-05
9.844482131418384e-05
9.133887293529368e-05
0.0002075962725377058
3.890488961238731e-05
0.00024410767778703797
0.0002489611364191148
8.951200153558662e-05
0.00023525009814246976
0.00027228556479962665
0.000125948241853435
9.981217730483906e-05
0.0002489611364191148
0.0003699949034037068
0.00014725780576850767
0.00027945312932918943
0.00040048689631378147
0.0002541495733675898
0.0002273267231536083
0.0002047581052323951
0.0003699949034037068
0.00013985486543587568
0.00010629295616901631
0.0004526133024893626
0.00026574209105254443
0.0003178684972281256
0.00022015915862404553
0.0004526133024893626
0.00017520031697802714
0.0004526133024893626
0.0003699949034037068
0.0003483604901382003
0.00027228556479962665
0.0004526133024893626
0.00015125179781503466
0.000109362872525801
0.0004526133024893626
0.00010480374893751542
0.00012693129516801348
0.00016307254786845918
7.530127698405191e-05
4.66579304226768e-05
0.0001005052928812328
0.00024410767778703797
0.00030627597954317097
0.00014725780576850767
0.0001697616218695208