0.03200223567456396
0.001335871307843654
0.0017354162817593733
0.0011319961854411944
0.0027914712341972807
0.00012696765191571146
0.00023541761883059254
5.085326481184253e-05
0.00023541761883059254
0.00015734110283379722
0.0006960505126475901
0.00022611825912414004
0.0006351062322277587
0.0001087344603789173
0.005968684057544202
0.0008378208964456624
6.92374837306865e-05
0.0003499672634569588
0.0001753380619303514
0.0001093280913286197
7.398452061405163e-05
6.210596557814892e-05
0.0010355457804280235
0.0013868986487020718
8.452089332939422e-05
8.01007155922244e-06
4.071924764618507e-05
7.197812605178919e-05
0.00023522558744159183
0.00022227538678155125
5.155805968817833e-05
0.00017911237855106836
0.0003067806393763432
0.0016364642717343909
0.0015277719261363367
0.0007244165021306025
5.954077153427354e-05
3.143459029916357e-05
7.125160527832101e-05
6.980030002150895e-05
0.0002560575825935785
0.00019048054027911396
0.0019861678050871823
0.0010807746724212839
0.00014615630506245207
0.0007342268258659836
8.613653097936245e-05
6.458962744713377e-05
4.495493030942561e-05
0.003625161920171461
8.09671198940164e-05
0.00012146673318156366
0.0010401825060159737
0.001732996188597646
5.7529603839408486e-05
1.6934851499657833e-05
9.260310878769015e-05
0.00014544578775561694
0.00041585113816601
2.1810579635995973e-05
0.0001857631016359157
0.0005442873240692296
0.00014535187083455545
2.359150468653795e-05
4.242944328429861e-05
0.0004106715905659558
4.750806009198604e-05
0.0054688102555286765
0.0001894610571564476
6.76977474588679e-05
0.000315486276365168
0.002461297075919015
0.0003301036790035476
7.833286041302346e-05
0.0006304854269047577
0.00023979713924405415
2.154467021970458e-05
0.0001350894775798642
0.000483625846074028
0.00011504515932807105
7.624175766487805e-05
0.00039460609997232516
0.00016409234613377267
4.261820564878708e-05
0.00020311986821230742
0.00010568099182072032
0.00019258323536494278
9.115915095996352e-05
0.01695006855580266
0.0005638074145427058
0.0018672478786447577
0.0037555764856457897
0.00019392771700748929
0.0004890287161751896
0.002085680179748153
0.0023905172643961655
0.004776707406724028
0.00012574043010592912
6.260096230842852e-05
9.187392613169636e-05
0.0018259304176548063
0.0006868265091930053
0.0001984222846232293
8.357031735140957e-05
0.0007671053352414158
0.001059576726610627
0.00042487142305264625
0.0005814074833382218
0.0006144488982322741
0.00034607918872402974
5.9471028813233206e-05
0.0009510726527102787
0.0011770880941529625
3.400399692692937e-05
0.0001206496857951616
0.0005343968279501988
7.885266375220894e-05
0.0001559315130811256
0.0008901691957180659
3.601281117060993e-05
0.0015930323172672362
0.00033066568882147626
0.0024981168045923375
9.524806999088371e-05
8.027718770900588e-05
0.00034993473849428654
7.79657565405628e-05
1.3921170729449527e-05
0.00020830512710187229
0.003345367866261196
1.5995139122619822e-05
2.444556795945807e-05
0.00038358670290033196
0.00041661025420374457
3.5226997273573446e-05
0.00021486141345567074
2.4546984782774253e-05
1.806197043995473e-05
0.00034492872512655146
0.0003590660984767124
0.0001359773335792543
0.003107057984336877
0.00020045978148113162
0.00014035848836999095
0.00026349591878481926
0.00016628063676232105
0.0017170662729825135
0.0005757929844991375
0.00033067845876942907
0.0002269575757660903
0.0006249153813056168
7.46205518207063e-05
0.00023692425751877116
0.0002367727197034051
0.0011585898485051106
0.0005262862793111065
8.651768233916088e-05
0.0003789095001527766
0.00012745039498910003
0.0002833849196290574
8.39953692245773e-05
0.0002704831032575881
5.016094483829565e-05
0.0009462319650265072
0.00047652753191570406
0.0002560575825935785
0.0007725458092845105
0.00012917079552688136
0.00013829071865745224
0.00027448457538207084
0.00016048836716800628
0.00014348998961351503
0.0001396006000430179
0.0006249153813056168
0.00030816028728886347
0.0004444314438131903
0.00025426632405921263
0.00047083523766118507
0.0001643943012429994
0.0004270254303075891
0.00011826876082799079
0.0002152420633568564
0.00025898415974428315
6.914535932872612e-05
2.791051382584628e-05
5.263965092235067e-05
0.0003264933378225505
0.00013039690470070093
0.0004445507735631025
9.878150593866451e-05
0.0001350894775798642
9.524806999088371e-05
0.00010359170507911246
6.819950642939435e-05
0.0002044067347864903
9.828982439519186e-05
0.000163481243933854
7.506250136622982e-05
8.452089332939422e-05
0.0001888278327777965
5.337769276827263e-05
0.00011110786095329758
0.00017564279776560764
0.0001350894775798642
0.0003118630261622512
0.00015408014364443173
0.00011454844656064663
0.0002043389542398366
0.00013736530183860107
0.00030713876443026387
0.00018487018136318717
0.0001835567064664959
0.0001258164778551465
0.0004146610580460535
0.0004170154202548411
0.00011215270578826882
6.988036231237155e-05
0.00013736530183860107
3.714714019234601e-05
0.0002365579912566268
8.894871727569106e-05
0.00020202229249487508
0.00017911237855106836
0.00015408014364443173
0.0002707705800214528
2.5894439426039606e-05
0.00018487018136318717
0.00011353417358302994
0.00013101884116069302
7.531748129611329e-05
6.92374837306865e-05
0.00020830512710187229
0.00019904304461600616
0.00025542426474938406
0.0005231225668647398
0.00020940090006452684
0.00047083523766118507
6.458962744713377e-05
3.665819560877416e-05
0.0013259203077835564
0.0001010970123427719
4.007010947501097e-05
9.80106614339966e-05
6.225828786899474e-05
7.331639121754832e-05
0.00010281431978534214
4.6096906219150746e-05
0.00011749929061953519
0.00046566613764714894
0.0002532270127267207
0.00011985412225914937
3.5936050961755496e-05
6.36162985484819e-05
5.8327877242826475e-05
3.186259874727501e-05
6.602073580070953e-05
0.00016533284441073813
0.00014947305344832425
0.000327069251615321
0.00013204147160141905
0.00020623223875271333
7.938827902846984e-05
0.0026908523460000932
0.00012236056171960398
1.9823676271077735e-05
6.450641543597476e-05
5.605482194186808e-05
0.00013219073999800335
0.00016696848815464605
0.00044772331092423777
0.00019258323536494278
6.975209060397474e-05
0.00021055860368940268
0.00014947305344832425
0.00028909899748763096
1.7314049806920487e-05
5.984434974611874e-05
9.025203335253993e-05
2.2092286304496825e-05
7.478784741450897e-05
5.528612283851835e-05
4.02305677453125e-05
0.0001350894775798642
6.398055649047929e-05
0.00012154728415846682
8.73988242267749e-05
0.0001350894775798642
0.00046224043093329517
0.0001127725827126431
8.351788860711547e-05
3.781072995717185e-05
0.000362385270746304
0.00021202693939564713
9.985516018699119e-05
0.00013615072340448687
8.59445653822683e-05
0.00013736530183860107
0.0004999774950224201
0.001215640698763332
0.000581268579870966
0.00035475412914313367
0.00017064863248757113
6.860230775176354e-05
0.00011689204128690093
4.473634819151031e-05
0.00012024571925815007
0.00019049613998176743
0.00013269536307733746
8.92184573068692e-05
3.321012132579493e-05
0.00039584532659580344
3.4152653391554946e-05
0.0001784369146137384
0.00013101884116069302
0.0007552512061058928
0.00010601386230951974
4.655785002864205e-05
4.297228269113415e-05
6.813557826216344e-05
0.0005054850617138595
0.000181192635373152
0.0001646907452292425
0.0001236120017830618
0.00013781088919754454
8.423825906717411e-05
7.938827902846984e-05
5.489691507641417e-05
3.734155479458058e-05
5.354191220290925e-05
0.00010979383015282834
7.380380783934872e-05
0.0002528675861593662
0.0001129550729730387
0.000498385265422965
2.9365044757799078e-05
0.00013822035268201786
0.0013370553250677134
0.00011633094903558946
5.0827838443252035e-05
0.00010507824826928307
5.954077153427354e-05
0.0002663637853049192
0.00027809069063308706
0.0002560575825935785
0.00012328612017684887
7.36195088014245e-05
0.0001924453361394584
0.00020830512710187229
0.00011110786095329758
0.0029963530564787342
4.750806009198604e-05
7.65931575531957e-05
0.00012328612017684887
7.628751215091017e-05
1.2122698081228174e-05
0.00012672187089697806
0.000408618542115806
7.398452061405163e-05
9.865152499308129e-05
0.00020623223875271333
9.667368231216529e-05
6.458962744713377e-05
3.273185801739847e-05
0.00024657224035369774
7.727343656701591e-05
0.00011823937910583519
5.489691507641417e-05
0.00016023884576696028
0.00031764244033027987
8.566009098392282e-05
0.00011985412225914937
7.407074000332149e-05
0.00011110786095329758
0.00012222783979729034
0.00023541761883059254
0.0001010970123427719
9.501612018397208e-05
0.00011367663429386856
4.2410865698987934e-05
4.958681904664358e-05
0.0001396006000430179
0.0001127725827126431
0.00010383055461324788
0.0005506803458081756
0.00032411088075691555
0.00013239399646284338
0.0003569532601372371
0.00019183543108940146
0.00016360357756290032
0.00010797698585114394
5.5095568372000716e-05
0.00019657964879038372
0.00012024571925815007
0.00014190165165725346
0.00018225377475422982
0.0008878142473686194
0.00018080907716687186
4.110609547786561e-05
9.746938757613317e-05
0.00011823937910583519
0.00013736530183860107
0.0002951081906341228
3.199369457914541e-05
5.510005552355988e-05
0.0003584285239688266
3.8120878832439026e-05
0.00020830512710187229
0.002141502274598071
0.00014743473659278777
4.213994194598132e-05
0.00011985412225914937
0.0001335868767683598
0.00021055860368940268
0.0007722949708797329
9.952152230800308e-05
0.0014244128785935572
1.952514940002386e-05
5.786763047690652e-05
7.095082582862673e-05
7.733894584973223e-05
0.00010383055461324788
0.00016943260945955803
0.00013393578020910344
7.899105986034177e-05
0.00014581969310706617
3.186259874727501e-05
3.916643020651173e-05
4.1570159190580263e-05
0.0002642854028201917
0.00025892851409648246
1.9637587826219404e-05
0.00023266189807117892
0.00010709480617729338
4.72858927242503e-05
4.273887504630411e-05
0.0007081190384210771
0.0044729347577812575
0.00018875500691224758
5.263965092235067e-05
0.00016964346279595174
0.00020830512710187229
0.00023541761883059254
0.00023541761883059254
0.00041796697868081025
5.6882877495857046e-05
0.00014348998961351503
0.0001924453361394584
5.266474942594452e-06
0.0001335868767683598
0.0002111139986949021
0.00012901283087194952
8.92184573068692e-05
0.00022916985196333293
6.659981109161042e-05
0.00018032206883839208
0.00020785079595290128
6.304854269047577e-05
9.266138977336919e-05
0.0006469159529793894
9.004745916765422e-05
5.792772233082827e-05
8.59445653822683e-05
0.00011633094903558946
3.690190391967436e-05
0.0002365579912566268
4.268780829278867e-05
4.3838334099906475e-05
0.00017311914841296148
0.00014535187083455545
0.00023541761883059254
0.000724770541492608
0.004943769995442443
0.00011376575499171409
0.00027480887762793265
0.00034492872512655146
0.0002857442099726511
0.0004582460122435786
3.3173840769334364e-05
4.1758944303557734e-05
0.0001747976484535498
0.00011317932272343738
5.8292566160450346e-05
3.942633187610447e-05
0.0004189104482228312
6.966116311346838e-05
0.00021365529589498908
2.219993703053681e-05
0.0004752584436182972
0.00037626401675592376
0.0001067679594848858
7.880982120708384e-05
0.0009416704753223701
0.0002464200416749132
0.0001010970123427719
0.00020741129856383195
0.002391568855173188
0.0006437981738855674
4.3838334099906475e-05
0.0002857442099726511
0.0002924514738810629
0.0004106715905659558
0.0003275471029017325
0.0014421496119026425
0.00016476112560310843
0.0011135811827909967
0.0002989461068966485
0.00010780815288526648
0.00017246436256327573
0.0002595593915430223
0.00011110786095329758
0.00013219073999800335
9.016103441919604e-05
6.868265091930053e-05
9.500214037109467e-05
0.00020246480465981514
0.00020307793501608956
8.92184573068692e-05
7.938827902846984e-05
0.0003152347448078492
6.952267265827176e-05
5.9752734022265184e-05
2.9002104693649588e-05
0.0003082153004421221
0.00012901283087194952
8.73988242267749e-05
0.00023541761883059254
0.0001625636273512456
8.825011477387845e-05
0.00023541761883059254
0.0003749762310826509
0.00022902263191099036
0.001630733718358368
0.0006021367713176082
0.0021187585694753324
4.04835599470082e-05
0.00017246436256327573
0.00027014237750296266
0.00015408014364443173
0.0005011131807175242
8.162403366460712e-05
0.00015877655805693967
0.0003595623667774481
0.0013797149005062058
8.826266430856226e-05
7.526709641470102e-05
3.347293770635898e-05
8.318884462285469e-05
3.916643020651173e-05
0.0001568273618992487
0.000461651062434564
0.000151896670480207
0.0002885448852501895
0.00030909374626806365
0.0003063726302127828
0.00019927730578130504
0.00013005090188099647
0.00023975559598484809
0.00027014237750296266
0.00011451131595549518
9.566841443507388e-05
0.0006707705882925044
0.00021015649653856615
0.00031111694784574786
0.0003926809559834091
0.0002486100577094168
0.00015620704262967524
8.485888656859722e-05
0.00045579575479981764
0.00022815088364775324
0.001171218141680064
0.00037380759753764163
0.002479992666161072
0.0001941454008401034
0.0002060479527579016
0.0001359773335792543
8.39953692245773e-05
0.00011110786095329758
0.00046838079404162044
0.0001278546169463612
0.0010183973584157928
0.001196312659271112
0.0027079666523243395
0.001849291802652733
4.051576138615561e-05
4.6440775408978924e-05
0.002064128166659835
0.00302819290133526
0.008004199040240146
0.0037666819012894806
0.00031860646345344726
6.659981109161042e-05
7.274266845827092e-05
0.00023541761883059254
5.37337135653205e-05
0.00011458492598166647
0.00020830512710187229
0.00016533284441073813
0.00012696765191571146
0.0003816484909121648
0.0006926272772895611
0.0007906855108112708
0.00015930323172672363
6.559685479717182e-05
0.00011968869949223749
0.0004997757621607025
0.0006488826175437065
0.0002471958437017158
0.000301865040158363
0.000543577906119456
0.00019372654562906973
9.520614823128399e-05
6.210596557814892e-05
0.00023541761883059254
0.00013781088919754454
0.00023541761883059254
0.00023541761883059254
0.00018647657465488185
0.00023541761883059254
0.00014374420384702198
0.0001568273618992487
0.00047083523766118507
0.00010675538553654527
0.00012637497600589872
0.00013000940632001962
0.00023541761883059254
0.00011480209732208865
0.00047083523766118507
7.937594406264885e-05
8.318884462285469e-05
0.00024049143851630013
5.178887885207921e-05
5.927198024880241e-05
0.0004966557808003872
0.00022227538678155125
6.550942058034651e-05
3.4073077093445035e-05
2.231529180423932e-05
0.0009306475922847157
4.981932644532626e-05
0.00022361997938408757
0.000108525862597166
8.318884462285469e-05
6.166861612476546e-05
0.00042200432748638243
9.357232557999397e-05
0.00014139924548214357
0.0006073960624940467
0.00017869011435541282
4.208422591452096e-05
0.00023541761883059254
6.67934383841799e-05
0.00020741129856383195
0.00015930323172672363
6.618670698097798e-05
0.00014548533691654183
0.0001010970123427719
0.00013219073999800335
0.00013225954055886478
0.00015451312046859818
9.63092093719615e-05
0.00040483559947008196
3.9951374086383124e-05
4.5664377171368236e-05
6.286918059832714e-05
6.11855688221653e-05
0.00046224043093329517
8.724231854398389e-05
0.0011770880941529625
6.11855688221653e-05
4.750806009198604e-05
5.050557312371877e-05
0.00023541761883059254
0.00047790969518017086
0.00014570628904824932
0.0002857442099726511
8.318884462285469e-05
0.00010902308387177368
0.0009585069368147109
0.00019829178421988084
0.0002704831032575881
0.00014162380768421544
0.0002560203742634476
0.002255451654252862
0.00017564279776560764
0.0001635346258076605
0.00019313883524632927
0.00031860646345344726
0.00014470115012955468
4.1570159190580263e-05
0.00020830512710187229
8.162403366460712e-05
0.0003501741966479032
0.0006534803599751585
3.273185801739847e-05
7.091587352383418e-05
4.4125057386939224e-05
0.0003365328018316024
0.0002445143580875948
0.00022580128924410304
0.0003713660371397839
0.00011795018095199057
0.00016479722913447724
4.254952411430051e-05
8.349431520492924e-05
0.00017849134362882233
0.00015460700389389185
0.00023541761883059254
0.00023541761883059254
0.00016533284441073813
0.00023541761883059254
0.00013101884116069302
0.0001571755376324114
0.00010675538553654527
0.00012696765191571146
1.8365189457333574e-05
0.00010366858461628653
0.00023541761883059254
6.16050104187283e-05
0.00023541761883059254
0.0002764407053640357
0.00013721492600759523
0.00010568099182072032
0.00010924798901200708
0.00011633094903558946
0.0007394774074461415
8.481887453304078e-05
0.0004894422468784159
0.0002997464240550677
0.0001924453361394584
6.609726140662694e-05
9.687809664516101e-05
0.00019269995091881356
0.0003568738292274768
0.00016125600718111017
0.00010655021339985921
0.00019971032037398239
2.8646973259918543e-05
0.000108525862597166
5.191527730662394e-05
4.354751448987327e-05
8.318884462285469e-05
5.954077153427354e-05
6.980030002150895e-05
0.00031860646345344726
7.65931575531957e-05
0.0001762593637510052
3.714714019234601e-05
0.00013932232622693676
0.00020830512710187229
0.00023541761883059254
7.526709641470102e-05
7.648844600415607e-05
5.120407485268952e-05
0.00020830512710187229
8.651768233916088e-05
2.8173631109798078e-05
0.0001230692596003295
5.8547599255202556e-05
0.00016963774906608156
0.00015358771540650496
0.00020830512710187229
0.00020830512710187229
0.00023541761883059254
0.0001129268223363511
0.00023541761883059254
0.00023541761883059254
0.00016533284441073813
7.867055141689861e-05
0.0002480278557790366
0.00010507824826928307
7.387130695378299e-05
0.0002701789551597284
6.602073580070953e-05
0.00023541761883059254
0.0001330776472096495
0.00026001881264003923
8.290081143549545e-05
6.550942058034651e-05
5.2949365584782395e-05
9.24923492314701e-05
0.00023541761883059254
0.00023541761883059254
3.9687972031324424e-05
0.00047083523766118507
0.0001747976484535498
3.5226997273573446e-05
0.00023541761883059254
8.287001923647228e-05
0.00014987321202753384
0.00024049143851630013
0.00010527930184470134
0.00023541761883059254
4.0050357796112194e-05
7.592450781175583e-05
7.335866634445532e-05
0.00023541761883059254
0.00010507824826928307
2.186561826572394e-05
0.0001776108389964768
0.00023541761883059254
0.00023541761883059254
0.00017925820206679554
0.00023541761883059254
0.00015930323172672363
0.00014307806652872205
8.894871727569106e-05
0.00047083523766118507
0.00047083523766118507
0.0002621964726803247
0.00043633736326685087
5.77063828043205e-05
0.00014122770593429136
0.00015408014364443173
0.0002934346653778213
0.00013967355008592615
0.00022902263191099036
0.00015296945537800113
8.826266430856226e-05
0.00024572456098797966
4.6440775408978924e-05
8.74918158642397e-05
3.0593891075600226e-05
0.00015422694328212953
0.00016698359596044977
0.00036450754950845965
7.055202926803182e-05
0.00023249891860655105
0.0002571007551590419
0.0002006437793531826
9.643150782233166e-05
0.00011218177112176345
0.0001353852900107264
0.001412505712983555
0.001412505712983555
0.000445765682308152
0.00015734110283379722
0.0001023795881434213
0.0002643814799960067
0.00015930323172672363
0.00014162380768421544
0.0016479233318141477
3.3173840769334364e-05
9.501612018397208e-05
0.00015536663655623761
4.011320465486379e-05
7.380380783934872e-05
0.00047083523766118507
0.0001924453361394584
0.000543577906119456
0.00015460700389389185
0.0002643814799960067
0.0001877232449338004
0.0001924453361394584
0.0003031376914503162
0.00013219073999800335
0.0008514099099435207
0.000181192635373152
8.987217650363996e-05
2.483900127596306e-05
5.7401048661044325e-05
5.528612283851835e-05
0.00023541761883059254
0.00023541761883059254
0.00020830512710187229
0.00020830512710187229
7.213622131254738e-05
0.00036679333172227657
0.0001924453361394584
3.766645216292311e-05
0.00019269995091881356
6.585433729244301e-05
0.00017303959436201487
0.0001127725827126431
0.00023541761883059254
4.772851940026943e-05
0.000181192635373152
0.00023541761883059254
0.0001272161636373883
0.00019204318694518387
0.0008162403366460711
6.287021505296456e-05
5.8730089515598156e-05
0.0003495952969070996
8.68915834962424e-05
0.00011665575448565295
2.755002776177994e-05
5.812472965163776e-05
5.016094483829565e-05
0.00016533284441073813
5.8975090475995284e-05
2.9146283080225173e-05
7.187210192351099e-05
0.00026765537192060754
0.0005119458974627134
3.538725702980692e-05
0.0001350894775798642
2.607938094014019e-05
8.022640930972758e-05
0.00017187738897249968
0.00014061608665599408
0.00023541761883059254
8.204617306688634e-05
0.00020830512710187229
2.603353253336515e-05
0.0007062528564917776
3.204028623688976e-05
9.240751562809244e-05
9.76240321660711e-05
8.547775009260822e-05
0.00033066568882147626
0.0002021940246855438
0.00023541761883059254
6.257441497793347e-05
0.00020830512710187229
0.00020278815502718542
0.00023541761883059254
7.592450781175583e-05
6.035994252422591e-05
1.0529782383396764e-05
0.0001679907384491546
7.335866634445532e-05
4.502372958382711e-05
0.00020830512710187229
9.126035345910129e-05
0.00014947305344832425
0.00010979383015282834
0.00010797698585114394
0.00015408014364443173
4.981932644532626e-05
8.162403366460712e-05
0.00017184216359638905
0.00012949207987214157
5.994928481101354e-05
0.00010797698585114394
0.0012264404087189418
0.0002861911772467208
5.348427287315172e-05
0.0003726357934688935
8.086449412242367e-05
0.000362385270746304
0.000101379217134275
8.150478602919828e-05
0.0002130015415143802
6.860230775176354e-05
8.39953692245773e-05
0.0002640829432028381
0.00012145067984102459
6.906113671940832e-05
0.00041661025420374457
0.00015734110283379722
7.867055141689861e-05
0.00015454687313403183
0.00015930323172672363
0.0003848906722789168
9.437750345612379e-05
4.9305068283459016e-05
0.00011353417358302994
9.313322752942979e-05
8.566009098392282e-05
9.985516018699119e-05
3.890824407198925e-05
7.46205518207063e-05
0.00026765537192060754
0.00019904304461600616
8.992392721652029e-05
0.0001105722456770367
4.472399587681752e-05
4.9605571155807325e-05
0.00015930323172672363
6.860230775176354e-05
0.00021629420584790219
9.566841443507388e-05
2.9735514406616603e-05
0.0002471958437017158
6.352848806605597e-05
0.00017132018196784564
6.401439564839462e-05
0.00012609708538095153
0.00016147406861783442
0.00014987321202753384
0.00018423438977746014
7.46205518207063e-05
9.374405777066273e-05
9.748382462702098e-05
3.6251183214673585e-05
0.00029486947318557553
7.578442286257905e-05
0.0001127725827126431
0.0001598054963455325
0.00011633094903558946
0.0001129550729730387
0.00012024571925815007
0.0001679907384491546
0.00011633094903558946
6.287740151302076e-05
2.977038576713677e-05
9.016103441919604e-05
6.634768153866873e-05
0.00028441438747928523
5.647753648651935e-05
0.00014671733268891064
4.8183166247938494e-05
0.00023541761883059254
0.0002273532685877371
0.00014190165165725346
1.8517685000830373e-05
0.00021313300679577215
0.000724770541492608
0.00023541761883059254
0.00023541761883059254
0.00023541761883059254
0.00023541761883059254
9.417635754382366e-05
0.0004260030830287604
2.8764801919704243e-05
0.0004043224706121183
7.331639121754832e-05
0.00022221572190659516
0.0001835567064664959
0.00023541761883059254
0.00023541761883059254
0.00047083523766118507
0.00023541761883059254
0.00020830512710187229
0.00010507824826928307
0.00020830512710187229
5.812472965163776e-05
0.00015930323172672363
0.0001924453361394584
0.0001019778418163288
4.273887504630411e-05
0.00011823937910583519
6.210596557814892e-05
0.00023541761883059254
0.00023541761883059254
8.62549346570289e-05
5.5957086274985196e-05
4.1295666433487114e-05
0.00017246436256327573
6.761141366763709e-05
0.0002989461068966485
0.00023541761883059254
0.00023541761883059254
8.265008328533982e-05
0.00012311884492297164
0.0001559315130811256
0.00015930323172672363
0.000181192635373152
0.00023541761883059254
5.8327877242826475e-05
4.1295666433487114e-05
0.00013005090188099647
6.980030002150895e-05
0.00016518266573394846
0.00011968869949223749
0.00012236056171960398
0.0004146610580460535
9.634997545940678e-05
0.000181192635373152
0.00047083523766118507
0.0007063844844070847
0.00047083523766118507
0.0020695723507593083
0.00033798025837864236
8.537561658557734e-05
8.809513427339723e-05
0.00016533284441073813
5.050557312371877e-05
0.0001851768500083037
0.000158824066194634
3.814375607545508e-05
0.0003848906722789168
0.0001559315130811256
6.329653825914433e-05
0.00033066568882147626
7.990274817276625e-05
0.0006109128663498434
3.476133632913588e-05
4.8183166247938494e-05
0.0004052684327395926
0.0003196995101936582
5.7133501146453766e-05
8.955618927553418e-05
9.016103441919604e-05
0.0002764407053640357
0.00016533284441073813
0.00010675538553654527
0.00041661025420374457
7.398452061405163e-05
0.0003568738292274768
8.944799175363504e-05
6.860230775176354e-05
0.00020741129856383195
9.313322752942979e-05
0.00020830512710187229
0.00020830512710187229
0.00012459631635574126
0.00013219073999800335
0.00020830512710187229
0.00026023801431347986
0.00015734110283379722
1.103955612265025e-05
0.001630733718358368
0.00011302444608602118
0.0002890499263782203
0.0011770880941529625
0.00047083523766118507
0.00033066568882147626
0.00041661025420374457
0.00047083523766118507
0.0001272161636373883
0.00010750400478740679
5.155805968817833e-05
0.0010306018435994565
8.809513427339723e-05
0.0001065007707571901
5.1420736456332785e-05
0.00023541761883059254
6.759605167572848e-05
5.8975090475995284e-05
0.00023541761883059254
0.0001965282617410395
0.0002836953859937055
0.00030816028728886347
0.00011110786095329758
0.0007062528564917776
0.00047083523766118507
0.00047083523766118507
0.00012421193115629784
0.00023541761883059254
0.00023541761883059254
0.00023541761883059254
0.00016698359596044977
0.00018626645505885958
0.00023594375864030947
6.868265091930053e-05
0.00023541761883059254
0.00016533284441073813
0.00019392771700748929
0.00012696765191571146
9.126035345910129e-05
0.0006409553830678411
0.00017311914841296148
3.733332438574426e-05
7.045399454714689e-05
9.748382462702098e-05
8.162403366460712e-05
7.592450781175583e-05
8.011942288348014e-05
0.00023541761883059254
0.0001425241802759581
0.00015536663655623761
5.893640045274541e-05
5.105652127668257e-05
8.239861456723862e-05
2.607938094014019e-05
1.764711846607045e-05
0.00020830512710187229
0.00023541761883059254
4.750806009198604e-05
6.073336659078183e-05
0.00013519210335145697
0.00015930323172672363
0.00010924798901200708
6.304854269047577e-05
0.0001350894775798642
9.865152499308129e-05
0.000181192635373152
8.39953692245773e-05
4.1758944303557734e-05
8.481887453304078e-05
7.037133289830072e-05
9.357232557999397e-05
5.940730545228715e-05
5.1054318387260806e-05
0.00023541761883059254
9.565999307567669e-05
9.748382462702098e-05
4.413133215428113e-05
0.00012459631635574126
5.489691507641417e-05
0.00022386165546211888
9.016103441919604e-05
5.8730089515598156e-05
0.00013507118875148133
6.460239823452183e-05
0.00015460700389389185
0.00017246436256327573
0.00011403293857620862
6.724174972412312e-05
4.593696306584818e-05
0.0001924453361394584
0.00013822035268201786
0.00012024571925815007
9.112688737711491e-05
0.00016324806732921423
9.849507593837733e-05
6.073336659078183e-05
4.655785002864205e-05
2.8366349409533675e-05
0.00010370564928191598
0.00023541761883059254
0.0003483801159189862
2.534480428356875e-05
0.00022902263191099036
0.00012949207987214157
0.00013101884116069302
0.0004260030830287604
0.0001828412207376131
0.00043368965063714915
8.011942288348014e-05
5.37337135653205e-05
0.00019792266329790172
0.0002932655648701933
0.0001456639853493428
0.00030713876443026387
4.7829996537838346e-05
0.00012949207987214157
8.39953692245773e-05
0.00010311611937635667
0.00017246436256327573
0.0009244808618665903
0.0009244808618665903
0.00015408014364443173
0.00010370564928191598
0.00016533284441073813
8.84046006791181e-05
2.7010507590770408e-05
1.6229011089706336e-05
0.0006249153813056168
0.000597892213793297
0.0002412993715903232
0.000154674179064535
0.0001492411036414126
0.00014427244262509476
0.0001924453361394584
0.000181192635373152
8.39953692245773e-05
9.634997545940678e-05
4.848192925187232e-05
0.0001965282617410395
0.0001023795881434213
0.00023541761883059254
0.000181192635373152
7.46205518207063e-05
8.239861456723862e-05
0.00011968869949223749
0.00012459631635574126
0.00012024571925815007
5.1054318387260806e-05
0.00023541761883059254
0.0001623897857797614
0.00015408014364443173
6.450641543597476e-05
0.00014446381405794223
1.761150414809725e-05
7.0446016592389e-05
4.472399587681752e-05
7.938827902846984e-05
6.550942058034651e-05
0.00014184848485380644
0.00011995818799797784
0.0003082153004421221
0.00010568099182072032
0.000181192635373152
7.429428038469202e-05
0.00014947305344832425
4.783156963485698e-05
0.0001188146109045743
6.92374837306865e-05
0.00017869011435541282
2.0201492321883976e-05
8.39953692245773e-05
0.00041661025420374457
7.037133289830072e-05
5.893640045274541e-05
0.0002890696650344098
0.0001082598571865076
0.00023541761883059254
6.035634030935135e-05
7.1886621471615016e-06
2.0235588355537845e-05
2.391578481742849e-05
3.309379304020442e-05
5.5957086274985196e-05
5.77063828043205e-05
7.937594406264885e-05
8.39953692245773e-05
0.0001095111062959589
0.00010568099182072032
6.401439564839462e-05
2.2477465154712804e-05
2.8963861165414136e-05
0.000655094205803465
0.00013689053018865193
5.77063828043205e-05
6.352848806605597e-05
0.00010455157459949913
3.5226997273573446e-05
4.593696306584818e-05
0.00020940090006452684
4.213994194598132e-05
0.00010311611937635667
7.548988671308788e-05
6.202447584583497e-05
0.00017692527142798583
9.865152499308129e-05
0.0002763515846661902
0.0028368790291771486
0.00026825546326041355
9.865152499308129e-05
0.00020940090006452684
0.0006181874925361273
0.000157918952767052
0.0002857442099726511
0.00022195356184215485
0.00041570159190580257
7.879560311865709e-05
5.1054318387260806e-05
0.00013000940632001962
8.424998400393248e-05
0.0004005971144174007
0.00023541761883059254
0.0001065007707571901
9.963865289065252e-05
0.00013000940632001962
1.9862470086608488e-05
0.0001359773335792543
0.00023541761883059254
3.546192324921319e-05
0.00021595397170228787
0.00010428400898740764
6.257441497793347e-05
0.0002704831032575881
7.65931575531957e-05
0.00014947305344832425
0.0001065007707571901
7.274266845827092e-05
0.0001924453361394584
3.7957543132531974e-05
4.7188751728061895e-05
0.00018423438977746014
6.401439564839462e-05
0.00031468220566759444
8.162403366460712e-05
0.00018631789673444676
9.31157000572841e-05
5.8547599255202556e-05
0.0002643814799960067
6.759605167572848e-05
0.00032047769153392057
0.0004146610580460535
0.00010507824826928307
5.673939394152258e-05
0.00011823937910583519
5.155805968817833e-05
2.1534132744840613e-05
6.450641543597476e-05
0.00015930323172672363
6.67934383841799e-05
4.297228269113415e-05
0.00020830512710187229
9.313322752942979e-05
0.0002539353038314229
1.8365189457333574e-05
7.9412033097317e-05
7.79657565405628e-05
0.00020830512710187229
0.00020830512710187229
0.0001105722456770367
6.706386581510339e-05
0.000315837905534104
5.8975090475995284e-05
0.0005650581452629419
0.00013219073999800335
0.00015611550638253418
0.00012146673318156366
0.00013822035268201786
0.0001559315130811256
9.303671376875246e-05
0.00016963774906608156
2.6265201039552366e-05
5.337769276827263e-05
7.721885042714364e-05
0.00013822035268201786
0.00013699525103583283
0.00021343904146394334
7.628751215091017e-05
0.0016533284441073812
0.0016197521126246363
0.0002376292218091486
0.00014844199747342628
9.748382462702098e-05
0.00016533284441073813
0.00012057266499610927
0.00012705697613211195
6.966116311346838e-05
9.524806999088371e-05
0.00020940090006452684
5.337769276827263e-05
0.0002989461068966485
9.437750345612379e-05
8.73988242267749e-05
0.00027448457538207084
5.812472965163776e-05
0.0002989461068966485
0.0001223711376443306
0.00013219073999800335
0.00014535187083455545
0.00013822035268201786
6.329653825914433e-05
0.00018423438977746014
0.00010902308387177368
4.6725949692205204e-05
0.0001010970123427719
0.00017246436256327573
6.814615418689007e-05
0.0004052684327395926
0.00018835271508764733
7.46205518207063e-05
0.00022902263191099036
0.00012949207987214157
0.00020537855137019314
0.0001082598571865076
0.00012459631635574126
5.41299285932538e-05
3.476133632913588e-05
0.00026489418165265673
8.92184573068692e-05
5.940730545228715e-05
9.524806999088371e-05
0.0001557458319198718
0.00016479722913447724
4.783156963485698e-05
0.00011036504871218816
0.00023541761883059254
9.016103441919604e-05
0.00013732933292930657
0.00011451131595549518
0.00011633094903558946
8.74918158642397e-05
4.914491219759593e-05
0.00023541761883059254
0.0001515167193711563
6.92374837306865e-05
0.00016324806732921423
0.00011823937910583519
0.00011376575499171409
7.592450781175583e-05
5.7830669847439974e-05
2.3393081394998493e-05
0.00012802879129678924
8.566009098392282e-05
2.5527159193630403e-05
5.41299285932538e-05
0.00020830512710187229
0.00012949207987214157
8.651979718100743e-05
0.00012421193115629784
6.352848806605597e-05
0.00013219073999800335
0.00028441438747928523
9.748382462702098e-05
0.00014671733268891064
5.085326481184253e-05
7.592450781175583e-05
0.00014535187083455545
4.7829996537838346e-05
2.6639510664983123e-05
0.00010383055461324788
0.00026203768232138604
5.300693115475987e-05
3.916643020651173e-05
9.417635754382366e-05
4.981932644532626e-05
4.750806009198604e-05
0.0008332205084074891
0.00023541761883059254
3.251272547024912e-05
0.00023541761883059254
0.0002701789551597284
0.00013219073999800335
2.8366349409533675e-05
5.984434974611874e-05
0.00011451131595549518
0.00015056909644846814
0.00020119159744531016
0.0003032910370283157
0.00012134390781408285
0.0001105722456770367
0.00012637497600589872
0.0001784369146137384
8.68915834962424e-05
0.00019971032037398239
0.00023541761883059254
0.00020830512710187229
9.187392613169636e-05
0.00012459631635574126
0.00010527930184470134
8.351788860711547e-05
2.104211295726048e-05
0.0002764407053640357
0.00037378894906722374
0.00011823937910583519
9.985516018699119e-05
0.00021595397170228787
5.994928481101354e-05
6.352848806605597e-05
0.0005667698392581148
0.0003568738292274768
0.002328858826168866
0.0002763515846661902
0.00013822035268201786
0.00019730304998616258
0.0001330776472096495
0.00014481930582707067
0.00010101114624743754
0.0001623897857797614
0.000270649642966269
4.9605571155807325e-05
6.410831256945616e-05
7.104433559859073e-05
7.398452061405163e-05
4.881201608303555e-05
0.00041661025420374457
0.00014074266579660143
0.00010271105886130282
4.325884116958044e-05
6.724174972412312e-05
9.211719488873007e-05
0.0001924453361394584
3.7642274112117034e-05
4.948066582447543e-05
5.451154193588684e-05
9.187392613169636e-05
0.00014427244262509476
2.0076259999341622e-05
0.00023541761883059254
0.00023541761883059254
9.558779624182502e-05
7.526709641470102e-05
9.437750345612379e-05
0.00023594375864030947
6.602073580070953e-05
0.00010979383015282834
0.0002701789551597284
0.0001215455346132847
7.885266375220894e-05
0.0008332205084074891
0.00023541761883059254
0.00020830512710187229
0.00023541761883059254
0.00047083523766118507
7.139653745152894e-05
0.00011823937910583519
3.0179971262112956e-05
0.00011633094903558946
7.335866634445532e-05
0.0002907037416691109
8.73988242267749e-05
0.00023541761883059254
8.92184573068692e-05
0.00011795018095199057
0.0001924453361394584
8.39953692245773e-05
0.00023541761883059254
0.00014535187083455545
0.00011823937910583519
0.00023541761883059254
7.28319926746714e-05
0.00013822035268201786
0.0001095111062959589
0.00024049143851630013
0.00014535187083455545
9.865152499308129e-05
0.00020830512710187229
4.337300238557998e-05
0.00014162380768421544
0.0006448203642211105
6.304854269047577e-05
3.339671919208995e-05
5.673939394152258e-05
4.3399048708630576e-05
3.38463225026816e-05
0.0001222571790437974
8.162403366460712e-05
0.00010797698585114394
3.866947292486612e-05
5.120407485268952e-05
0.00012802879129678924
0.00024259348236727098
8.239861456723862e-05
4.750806009198604e-05
0.00016324806732921423
8.829806055088558e-05
9.865152499308129e-05
4.6096906219150746e-05
7.79657565405628e-05
6.92374837306865e-05
3.295222512062169e-05
7.79657565405628e-05
0.00015930323172672363
4.473634819151031e-05
5.300693115475987e-05
0.00017303959436201487
3.251272547024912e-05
0.0002907037416691109
0.00015408014364443173
0.00012949207987214157
7.78164881439785e-05
0.00011709519851040511
3.34516847423724e-05
7.79657565405628e-05
5.451154193588684e-05
3.229481372356689e-05
8.829806055088558e-05
0.00023541761883059254
9.774251877960738e-05
0.0001924453361394584
5.984434974611874e-05
0.00010797698585114394
0.00014947305344832425
0.0001350894775798642
0.00012024571925815007
0.00011633094903558946
9.211719488873007e-05
6.602073580070953e-05
0.00010370564928191598
0.00023541761883059254
5.0616201164953786e-05
6.868265091930053e-05
5.812472965163776e-05
7.823814282042056e-05
0.00012459631635574126
6.352848806605597e-05
5.300693115475987e-05
0.00014535187083455545
3.362087486206156e-05
5.77063828043205e-05
9.634997545940678e-05
0.00023541761883059254
0.00011110786095329758
0.00013627115652432688
0.0001127725827126431
6.602073580070953e-05
0.0001095111062959589
0.00014162380768421544
2.294653380124682e-05
7.398452061405163e-05
0.00010383055461324788
0.00015408014364443173
8.92184573068692e-05
0.0002832476153684309
3.339671919208995e-05
5.489691507641417e-05
1.3016766266682575e-05
3.499347384942866e-05
0.00021699524354315287
0.0001023795881434213
0.00030813317658390845
4.7188751728061895e-05
0.00015877655805693967
6.073336659078183e-05
3.857842031793769e-05
7.592450781175583e-05
5.984434974611874e-05
0.0001127725827126431
7.867055141689861e-05
6.998694769885731e-05
4.848192925187232e-05
0.00015408014364443173
5.455960514351549e-05
0.00024332935430395117
2.4268175105012926e-05
0.00020741129856383195
9.748382462702098e-05
0.00014162380768421544
0.0001127725827126431
0.0001924453361394584
4.593696306584818e-05
0.00017246436256327573
0.0002448721009938213
0.0001306425434696198
0.0007448020188808319
1.0529782383396764e-05
9.417635754382366e-05
5.3752002393703396e-05
5.227578729974957e-05
0.0002127046855732482
0.00011443126822636522
8.829806055088558e-05
0.00010507824826928307
0.00023541761883059254
0.00038090295574713434
0.00011376575499171409
4.102308653344317e-05
8.651979718100743e-05
0.0004444314438131903
5.3752002393703396e-05
0.00012696765191571146
2.104211295726048e-05
2.7978543137492598e-05
0.00023541761883059254
2.3294223454398964e-05
0.00023541761883059254
6.653882360482475e-05
2.9365044757799078e-05
8.829806055088558e-05
6.998694769885731e-05
0.00014671733268891064
8.086449412242367e-05
0.00015877655805693967
1.1924632385280034e-05
0.00011451131595549518
5.786763047690652e-05
7.628751215091017e-05
0.00047083523766118507
0.00023541761883059254
0.00016172898824484735
0.000181192635373152
8.259133286697423e-05
5.120407485268952e-05
0.00017741362998498125
0.00012236056171960398
7.879560311865709e-05
5.729246299083323e-05
5.8547599255202556e-05
0.000181192635373152
0.00020830512710187229
0.00012696765191571146
7.398452061405163e-05
0.00023541761883059254
1.9862470086608488e-05
6.998694769885731e-05
3.865175097347296e-05
0.0001682290586824032
4.268780829278867e-05
0.00014535187083455545
0.00019971032037398239
8.829806055088558e-05
0.00010767066372420306
9.187392613169636e-05
0.0007697813445578336
0.00015408014364443173
0.00012696765191571146
0.00023541761883059254
0.00017246436256327573
9.417635754382366e-05
7.037133289830072e-05
0.00014162380768421544
0.00012891684807340244
4.815460468598075e-05
4.655785002864205e-05
0.00023541761883059254
4.5413669433211976e-05
5.120407485268952e-05
0.000138474967461373
4.5325777859751434e-05
0.0001723663828921603
0.00047083523766118507
0.0001924453361394584
0.00010902308387177368
0.00012609708538095153
0.00023541761883059254
0.0001559315130811256
0.00019971032037398239
0.00023541761883059254
4.373123653144788e-05
4.593696306584818e-05
8.481887453304078e-05
3.0386383653321175e-05
0.00012949207987214157
0.00017246436256327573
5.479810041433314e-05
8.481887453304078e-05
6.653882360482475e-05
3.7892211431289525e-05
3.890824407198925e-05
6.0286332498054634e-05
2.8566750573226883e-05
0.000181192635373152
6.372519749455001e-05
8.011942288348014e-05
0.00016637768924570939
5.528612283851835e-05
0.00014427244262509476
0.00013327962460692226
8.566009098392282e-05
0.00017246436256327573
7.831529752763271e-05
8.011942288348014e-05
0.00014190165165725346
0.00011823937910583519
4.240538787912943e-05
0.00023541761883059254
0.00015408014364443173
4.212499200196624e-05
0.00018626645505885958
0.00023541761883059254
4.297228269113415e-05
9.634997545940678e-05
0.0001010970123427719
7.037133289830072e-05
6.11855688221653e-05
0.00023541761883059254
0.00019961647081447425
0.00012459631635574126
0.00013822035268201786
2.4802785577903663e-05
9.865152499308129e-05
0.00014796904122810325
0.00015877655805693967
7.727343656701591e-05
7.037133289830072e-05
7.235057506477734e-05
7.037133289830072e-05
0.00011823937910583519
0.00013822035268201786
4.3838334099906475e-05
3.4073077093445035e-05
0.00014535187083455545
0.00010101114624743754
8.73988242267749e-05
7.79657565405628e-05
7.335866634445532e-05
5.940730545228715e-05
9.865152499308129e-05
3.916643020651173e-05
0.00015408014364443173
1.952514940002386e-05
7.095082582862673e-05
0.000111441420577038
5.984434974611874e-05
7.867055141689861e-05
0.00012236056171960398
2.1699524354315288e-05
8.829806055088558e-05
7.235057506477734e-05
3.814375607545508e-05
0.00012459631635574126
1.4734100113186353e-05
5.8547599255202556e-05
4.6440775408978924e-05
2.791051382584628e-05
0.00010780815288526648
0.0001105722456770367
7.938827902846984e-05
0.0001747976484535498
0.00013219073999800335
6.602073580070953e-05
2.5894439426039606e-05
0.0010370564928191596
0.0002643814799960067
0.0007062528564917776
0.0001023795881434213
0.00020741129856383195
0.00033066568882147626
0.0010415256355093615
0.0005714884199453022
0.00019496764925404196
0.00016324806732921423
0.00015877655805693967
7.727343656701591e-05
0.00016533284441073813
3.2078109250372394e-05
0.00017303959436201487
6.653882360482475e-05
5.812472965163776e-05
2.8366349409533675e-05
0.00013219073999800335
6.352848806605597e-05
5.7133501146453766e-05
0.0001924453361394584
0.00011218177112176345
0.00023541761883059254
7.713110468449916e-05
0.0007665777440717123
4.748154616624451e-05
8.287001923647228e-05
6.164306008842444e-05
6.0286332498054634e-05
1.3095567698403612e-05
0.00010383055461324788
4.6786162789996986e-05
0.0001623897857797614
0.00023266189807117892
7.79657565405628e-05
2.8173631109798078e-05
6.653882360482475e-05
0.00050530659372433
7.937594406264885e-05
7.285314452412466e-05
5.77063828043205e-05
0.0001559315130811256
8.481887453304078e-05
0.00010153896750804478
7.991853199494936e-05
4.507427577842473e-05
0.0001095111062959589
9.985516018699119e-05
7.095082582862673e-05
0.00012696765191571146
4.7829996537838346e-05
0.00014162380768421544
3.4073077093445035e-05
0.00015408014364443173
0.00014947305344832425
0.00013101884116069302
7.213622131254738e-05
0.0002211444913540734
6.304854269047577e-05
0.000362385270746304
6.073336659078183e-05
9.417635754382366e-05
5.263965092235067e-05
7.727343656701591e-05
4.5630176729550646e-05
5.528612283851835e-05
3.251272547024912e-05
0.00023541761883059254
0.00023647875821167038
2.186561826572394e-05
1.6002807784861133e-05
9.417635754382366e-05
6.11855688221653e-05
6.602073580070953e-05
4.1570159190580263e-05
0.00023541761883059254
8.09671198940164e-05
7.628751215091017e-05
7.79657565405628e-05
3.818281552021555e-05
5.3752002393703396e-05
4.750806009198604e-05
6.202447584583497e-05
9.524806999088371e-05
4.354751448987327e-05
0.00014535187083455545
8.086449412242367e-05
0.00017246436256327573
0.00041661025420374457
4.914491219759593e-05
2.4623768984594332e-05
0.000111441420577038
0.0001023795881434213
0.00012696765191571146
0.00022221572190659516
3.865175097347296e-05
0.00023541761883059254
0.00013417198763045253
0.00011110786095329758
9.31157000572841e-05
5.263965092235067e-05
0.00011823937910583519
9.524806999088371e-05
0.00023541761883059254
0.00023541761883059254
0.00023541761883059254
0.00023541761883059254
2.1369437523152055e-05
0.00020940090006452684
4.7188751728061895e-05
6.352848806605597e-05
7.037133289830072e-05
8.510909091228386e-05
6.11855688221653e-05
0.00011451131595549518
7.46205518207063e-05
3.453056835970416e-05
4.1846591841906625e-05
2.4623768984594332e-05
9.985516018699119e-05
0.00021015649653856615
0.00023541761883059254
9.985516018699119e-05
0.0001065007707571901
6.67934383841799e-05
4.1112410749843645e-05
4.815460468598075e-05
4.102308653344317e-05
0.00023541761883059254
0.0007618059114942687
0.00047083523766118507
0.00023541761883059254
0.0001696215515165177
0.00014348998961351503
3.080250520936415e-05
0.00010170652962368506
9.016103441919604e-05
5.050557312371877e-05
7.79657565405628e-05
6.450641543597476e-05
0.00016963774906608156
0.0002907037416691109
0.00012949207987214157
4.413133215428113e-05
0.00015408014364443173
6.602073580070953e-05
7.095082582862673e-05
6.352848806605597e-05
0.00012696765191571146
6.92374837306865e-05
4.5630176729550646e-05
0.00011110786095329758
0.0007704007182221587
6.304854269047577e-05
6.92374837306865e-05
0.00019730304998616258
7.398452061405163e-05
6.813557826216344e-05
2.7784423347693907e-05
0.00023541761883059254
0.00014671733268891064
7.727343656701591e-05
6.706386581510339e-05
0.0004240943726652039
8.011942288348014e-05
0.00020830512710187229
0.0001127725827126431
0.00023541761883059254
0.00023541761883059254
5.812472965163776e-05
7.65931575531957e-05
7.867055141689861e-05
7.46205518207063e-05
7.095082582862673e-05
6.76926450053632e-05
4.3838334099906475e-05
7.139653745152894e-05
0.0001010970123427719
3.865175097347296e-05
9.76240321660711e-05
7.213622131254738e-05
0.0018833409506447403
0.0011770880941529625
0.0002255451654252862
0.0002047591762868426
0.00014535187083455545
3.5936050961755496e-05
0.00016533284441073813
0.0001065007707571901
0.00016533284441073813
0.00011823937910583519
0.0001127725827126431
0.00012024571925815007
3.0593891075600226e-05
0.0003884762396164247
0.00039942064074796477
0.0001924453361394584
0.00047083523766118507
0.0002907037416691109
0.00011451131595549518
0.00020830512710187229
0.00012024571925815007
2.2368174095755156e-05
0.00011215270578826882
6.257441497793347e-05
4.442654153564076e-05
3.5226997273573446e-05
0.00013822035268201786
0.0001350894775798642
0.0001023795881434213
0.0001924453361394584
5.489691507641417e-05
0.00047083523766118507
9.865152499308129e-05
6.035994252422591e-05
0.00019351924630792424
9.303671376875246e-05
3.229481372356689e-05
0.00010370564928191598
8.086449412242367e-05
4.848192925187232e-05
4.624617461573505e-05
6.602073580070953e-05
0.000115412765608641
2.2706834716605988e-05
0.0006613313776429525
0.00047083523766118507
0.00014162380768421544
2.104211295726048e-05
0.00016533284441073813
0.00013219073999800335
0.00023541761883059254
0.00014162380768421544
9.494480738871648e-05
4.047117671107569e-05
0.00023541761883059254
0.00023541761883059254
0.00023541761883059254
9.313322752942979e-05
0.00023541761883059254
6.352848806605597e-05
2.3334591106778946e-05
1.4873052505718213e-05
0.0001003218896765913
0.00047083523766118507
0.00034492872512655146
0.0001396006000430179
0.00013822035268201786
4.750806009198604e-05
0.0001065007707571901
0.00014535187083455545
1.4896852564956364e-05
7.037133289830072e-05
8.566009098392282e-05
1.8978771566265987e-05
5.300693115475987e-05
0.0001065007707571901
8.239861456723862e-05
0.00020830512710187229
7.65931575531957e-05
3.814375607545508e-05
0.00020830512710187229
0.00012024571925815007
0.00012705697613211195
0.00014535187083455545
0.00018032206883839208
0.00016533284441073813
0.0002491926327114825
0.00043190794340457574
0.0003684687795549203
0.00023541761883059254
0.0001095111062959589
0.00023541761883059254
0.00014947305344832425
0.0001924453361394584
0.00023541761883059254
0.00012705697613211195
2.4091583123969247e-05
0.00012696765191571146
0.00023541761883059254
0.0001127725827126431
5.227578729974957e-05
9.634997545940678e-05
0.00047083523766118507
6.813557826216344e-05
8.651979718100743e-05
0.00010370564928191598
0.00010507824826928307
7.529788534851163e-05
0.00010278102687460911
0.00011110786095329758
5.567924230194715e-05
0.00017659612110177116
1.6872067054984595e-05
4.948066582447543e-05
9.748382462702098e-05
0.00024049143851630013
0.00013736530183860107
0.00018225377475422982
0.00014535187083455545
8.162403366460712e-05
0.0002832476153684309
0.00010797698585114394
0.00017132018196784564
4.914491219759593e-05
6.287021505296456e-05
6.550942058034651e-05
0.000181192635373152
4.881201608303555e-05
0.00014535187083455545
7.727343656701591e-05
1.975953715661109e-05
0.00022777352343526748
4.354751448987327e-05
0.00010170652962368506
7.28319926746714e-05
3.839692885162624e-05
5.3752002393703396e-05
7.526709641470102e-05
3.9687972031324424e-05
0.0005337769276827263
0.000181192635373152
7.78164881439785e-05
0.000181192635373152
3.612394087990946e-05
0.00023541761883059254
0.00017303959436201487
0.00047083523766118507
7.153903326436103e-05
0.0001924453361394584
0.00012024571925815007
1.8517685000830373e-05
5.984434974611874e-05
0.0001065007707571901
2.836969697076129e-05
3.476133632913588e-05
9.187392613169636e-05
0.00010797698585114394
0.00011633094903558946
0.00014535187083455545
0.00023541761883059254
0.00014885192883568385
0.00013822035268201786
0.0001065007707571901
0.00014535187083455545
0.00020830512710187229
0.00016533284441073813
0.000181192635373152
0.00023541761883059254
0.00023541761883059254
5.337769276827263e-05
0.00023541761883059254
0.00023541761883059254
0.00023541761883059254
0.00023541761883059254
0.00023541761883059254
0.00015408014364443173
7.213622131254738e-05
5.77063828043205e-05
8.73988242267749e-05
5.451154193588684e-05
4.750806009198604e-05
3.5936050961755496e-05
8.011942288348014e-05
7.727343656701591e-05
7.79657565405628e-05
0.00034492872512655146
7.398452061405163e-05
3.453056835970416e-05
0.000254459253149067
4.914491219759593e-05
7.46205518207063e-05
0.00014535187083455545
0.00023541761883059254
5.050557312371877e-05
0.0002077124511920595
0.00011823937910583519
9.211719488873007e-05
0.00017246436256327573
7.526709641470102e-05
6.304854269047577e-05
0.0002047591762868426
3.890824407198925e-05
3.569826872576447e-05
4.3838334099906475e-05
5.812472965163776e-05
2.4623768984594332e-05
6.450641543597476e-05
0.00020830512710187229
0.00023541761883059254
0.000181192635373152
8.39953692245773e-05
0.00014162380768421544
3.7642274112117034e-05
0.00011451131595549518
7.938827902846984e-05
4.413133215428113e-05
0.00016533284441073813
8.73988242267749e-05
0.00017246436256327573
1.716616661616332e-05
6.653882360482475e-05
0.00020830512710187229
0.00023541761883059254
5.227578729974957e-05
4.655785002864205e-05
6.450641543597476e-05
0.00014535187083455545
0.00011451131595549518
2.8764801919704243e-05
0.00014162380768421544
0.000181192635373152
0.00012024571925815007
9.524806999088371e-05
0.00013822035268201786
0.00014535187083455545
7.411700936785089e-05
5.41299285932538e-05
5.155805968817833e-05
0.00023541761883059254
6.352848806605597e-05
0.000962226680697292
0.0011770880941529625
8.566009098392282e-05
0.00023541761883059254
0.0004146610580460535
0.00013822035268201786
2.4627680294768404e-05
0.00031860646345344726
5.528612283851835e-05
0.000181192635373152
3.865175097347296e-05
0.00013219073999800335
9.016103441919604e-05
9.313322752942979e-05
3.7957543132531974e-05
5.647753648651935e-05
0.00023541761883059254
0.00023541761883059254
0.00023541761883059254
6.500470316000981e-05
0.00047083523766118507
4.8183166247938494e-05
0.00017246436256327573
9.737416363306027e-05
0.0001924453361394584
0.0001350894775798642
0.00020830512710187229
0.00023541761883059254
6.550942058034651e-05
0.00023541761883059254
0.00023541761883059254
4.075239301459914e-05
4.075239301459914e-05
0.0001188146109045743
9.865152499308129e-05
0.00019971032037398239
6.164306008842444e-05
6.502545094049823e-05
1.9133682887014776e-05
6.304854269047577e-05
0.00012696765191571146
0.00023541761883059254
7.526709641470102e-05
7.164495142042734e-05
9.634997545940678e-05
0.0015882122016513992
3.942633187610447e-05
0.00015930323172672363
0.00023541761883059254
0.002650835722379135
4.325884116958044e-05
0.00019730304998616258
0.00023541761883059254
3.9687972031324424e-05
0.0001924453361394584
9.211719488873007e-05
0.00015930323172672363
0.0006347702108475254
4.948066582447543e-05
0.00010507824826928307
0.0001924453361394584
0.00015930323172672363
0.000181192635373152
0.00011633094903558946
0.0001010970123427719
9.634997545940678e-05
0.0001095111062959589
4.268780829278867e-05
0.00020830512710187229
1.1924632385280034e-05
0.00020830512710187229
0.00023541761883059254
0.00012459631635574126
0.00015408014364443173
0.0001862314001145682
9.896133164895086e-05
3.186259874727501e-05
2.0076259999341622e-05
0.00023541761883059254
0.00023541761883059254
0.00020830512710187229
0.0001023795881434213
0.00013822035268201786
7.937594406264885e-05
0.00015408014364443173
0.00014162380768421544
3.171958192482775e-05
0.00023541761883059254
5.489691507641417e-05
5.528612283851835e-05
6.210596557814892e-05
6.813557826216344e-05
0.00014162380768421544
5.812472965163776e-05
0.00013219073999800335
0.0001924453361394584
8.011942288348014e-05
0.00015930323172672363
8.086449412242367e-05
3.569826872576447e-05
0.000181192635373152
2.4268175105012926e-05
9.634997545940678e-05
0.00023541761883059254
4.143500961823614e-05
4.5413669433211976e-05
7.867055141689861e-05
0.00023541761883059254
8.92184573068692e-05
0.0001350894775798642
0.000181192635373152
2.1534132744840613e-05
9.313322752942979e-05
3.617528753238867e-05
7.274266845827092e-05
1.6872067054984595e-05
0.00013822035268201786
0.00017132018196784564
0.0001924453361394584
9.985516018699119e-05
9.313322752942979e-05
3.143510752648228e-05
0.00023541761883059254
1.6002807784861133e-05
2.759126217804704e-05
0.00014947305344832425
0.00023541761883059254
7.526709641470102e-05