8.314253923350801e-05
0.00045301770366863736
0.001144283654164374
0.0003368479936432564
0.00091822972374577
0.0001267124300910491
0.00026699249201167193
0.0018814232547150415
0.008498763748494795
0.001102193133974894
0.000331300934853472
0.0003744222635548014
0.0001781627594681553
0.00028487104126235667
0.00022524697560777023
0.0007454807860103626
0.0009800390104842977
0.001190803937534287
0.0007894670404487024
0.00019485903080999315
0.00013359125977660533
3.821909089903169e-05
0.00011780653577666215
3.218389020362938e-05
4.68629420354669e-05
0.0007789118027167551
0.0003702419487666614
0.00040839453034559705
0.0002841994470259488
0.036693381828370536
0.0033130093485347198
6.7673308443071e-05
0.0023457659561550025
0.003332772928581007
0.0006606965578990956
0.0007348522031361628
0.0008356136588840064
0.00015100590122287913
0.0001452547141480308
7.738630602981354e-05
9.588298950378178e-05
0.0021798197830505297
5.3842331489310255e-05
0.0018140851976758414
0.0006086270766208998
5.35494363868304e-05
9.534692870028409e-05
0.00052083462611341
0.00010181232414899377
0.0001960816204445714
0.0006276051465395683
0.0002881796061521425
0.0010602755308676088
1.599076841088344e-05
0.00010923699658458585
0.002539855809142653
0.0007060164438141944
0.0003398723174610475
0.0005690537472801088
0.0003714232679934965
8.48950756060924e-05
0.0024739762386910874
0.00012532124071428874
0.00022095004471382713
0.0004601807056188893
7.86970108364347e-05
0.0003744222635548014
0.00029301739431301243
0.00029997765265709736
4.1478207502990476e-05
0.00011114190843063476
0.00029544874909949464
0.00031870644837828256
0.00031053420115739505
7.751057228604832e-05
0.0002575499017857797
0.0001027272072117929
8.143802364839016e-05
0.0001267124300910491
3.366129396805619e-05
5.9081033885634965e-05
1.619058181548463e-05
0.0001850197002065821
0.00013852114407135452
0.00021184864705633882
0.00024343471096266014
0.00014493365285032328
6.655532290799158e-05
0.0006069965899724633
4.846693582222505e-05
9.05549207994204e-05
0.0027331727862157005
0.0014015213455639485
0.00017417301435382202
0.00010526869621125616
3.944783387358034e-05
0.0003022386427167002
0.0003744222635548014
9.731318874552376e-05
0.00012861172872672539
0.0003744222635548014
9.373597682664837e-05
0.0006715366645206986
4.554617541050207e-05
7.551749134562566e-05
0.00028248132019203197
0.00018687790055131059
0.00011278884740511832
0.0003744222635548014
0.00018212564690644076
0.0005343650391064213
0.0002400001582318007
4.458893938220364e-05
0.0008887479374810992
0.0030932091336782256
0.0007070401430842469
0.001051220302390654
0.0003256612425602082
0.00011076269320927046
0.0005259104917611876
7.886584327100469e-05
0.00034834602870764404
0.0001274267228585131
0.00027277303501211525
0.0003744222635548014
0.00010455697333739112
1.1564701296774734e-05
6.342313828539852e-05
1.599076841088344e-05
7.977896727397172e-05
3.1590460588972074e-05
0.00016603980754992175
0.0005098084761915713
0.0003276251790962808
8.772391350938013e-05
0.0005018217716337127
0.00043643685601938445
0.0010590246657212915
0.00023941858515754918
0.0007131926568271354
0.00010406655165383038
0.00016079073600369523
0.00010582732538094388
0.00011868098938050452
4.041981737827155e-05
2.5451822781165042e-05
0.0003744222635548014
0.001303590259762295
0.0004960056123018872
0.000331300934853472
0.0002629552458805938
9.311760414417906e-05
0.00040540946442170966
0.0001960816204445714
7.635546834349513e-05
0.00012861172872672539
0.00019460955690771563
0.00045511983173425035
0.00022667898203752515
0.00017173305742805488
0.0012252913872540648
0.003096135997409493
6.246558877940525e-05
0.0005550591006197464
0.0006205222017983257
0.00010027617382786886
0.000517101834831938
0.00015421712089486847
0.0005577848715212853
0.00030611366309143506
0.00012710721397219923
0.0006155691711092632
7.719511479471667e-05
0.00041037944740617547
0.00015504410612144593
0.00025722345745345077
0.00039635064274081414
0.00025418453874005313
0.0003246885078921155
9.962388452995306e-05
0.0006151112007559034
0.001809398621505517
0.00032771098975375757
2.317799606358259e-05
0.0008356136588840064
0.00043966783435852864
0.0010899114627640682
0.0006660874354437593
0.0003235202974965693
0.00041037944740617547
0.00042330930152377553
0.0004960056123018872
0.00030607657458192334
5.5286508703967295e-05
7.555966067917505e-05
0.00011035066204443724
0.0002119758876966993
2.2340628153857166e-05
0.0003269274664977657
0.0003744222635548014
4.38949260957548e-05
0.00038921911381543126
5.7154845126539363e-05
5.602712372561036e-05
0.00015513055044958144
6.13574274158519e-05
0.0001990441855035082
0.00011192277742011643
3.513689368841545e-05
0.00017671258847793482
0.00043966783435852864
0.00020233219665748777
0.00031763124009630804
0.00010266899691415923
0.00019573671241118154
0.00017671258847793482
6.902444317603857e-05
6.880144871878693e-05
0.00023974421015065996
6.64159230199687e-05
0.00018810171200016928
0.0004660597845647305
0.00012070760655316321
0.00025336538917946033
0.0005129424001523754
6.902444317603857e-05
0.0003161955790651636
0.0007226513544114403
0.0004440582902958395
0.0005550591006197464
0.00024941123023100744
0.00045972229373691167
0.00021983391717926432
0.0001251223510072805
0.00022667898203752515
3.5308107842723136e-05
0.0005858498551665523
0.0005560172728204451
0.00011472976152889464
0.00022755991586712518
8.236813091170828e-05
7.26273570740154e-05
1.9634638421499828e-05
9.046993107527586e-05
0.00030607657458192334
0.00045049395121554047
9.469720474789273e-05
0.0005737379548445381
0.0002742976389543118
0.0013521369843753433
0.00037363139028316074
0.00043577088447238274
0.00015504410612144593
0.0005508790758550429
0.00013928266983393123
0.00020233219665748777
0.00039743663424081653
0.0006085735012859121
0.0002985662782552623
0.0006926057203567726
0.00014612178797310195
0.00044935113786380497
0.00026756155830836886
7.631887824600252e-05
0.00010766243195739113
0.0002837967430105053
0.00030607657458192334
0.00034292907075923615
0.0001875950235080864
0.00021779895946940289
7.018911057283819e-05
0.0004204881209562616
0.00023609103250930413
0.0007293307086270035
0.0005641649446549583
0.0007062072573334343
0.00021983391717926432
5.697420825247134e-05
0.00045234965537637925
1.7745787487642827e-05
0.0003829398193872255
0.0002548534457170262
0.0003246885078921155
0.00018805498155165278
0.00042970877225876876
0.0001903600673918225
0.0004782890988710412
8.043638663927038e-05
0.0003866265780866065
0.00017671258847793482
0.0005259104917611876
0.0002932611085811378
0.00017462267528818982
0.0001688460312857526
8.310339786522637e-05
0.00010838372008838854
0.00011834350162074101
0.00018328819286321112
0.0003256612425602082
6.64159230199687e-05
0.0001878404130612316
0.0001511193213583501
0.0002742976389543118
0.000245058277450813
0.0007716703723603523
0.00022755991586712518
4.8328322260825815e-05
7.62946362673911e-05
0.0002566034700084956
7.832623034979254e-05
0.00031763124009630804
0.0003744222635548014
8.918718610278962e-05
0.00047644686014446206
0.00026718251955321065
5.3868401719152246e-05
0.000252527735869675
4.0021210532178525e-05
3.075112146431661e-05
0.00018173707584273776
0.00016628507846701602
0.00046669604493481586
0.0006069965899724633
0.0013331219062216488
0.00015271093668699025
0.00038921911381543126
0.00014037822114567637
0.0001251223510072805
0.0004452457128207493
0.00017817072749644526
0.0001610060683381985
7.607168766073902e-05
0.00012534385401264173
4.6384072556016495e-05
0.00015202854915814112
0.00015214337532147804
0.00029655323063468574
0.00023773088560904513
0.00022568887528298028
0.00010338736845517675
4.140528745422622e-05
4.140528745422622e-05
0.0002979545281246716
0.00015690128663489207
0.00017936026154683802
5.288398045968951e-05
5.6400764050424595e-05
0.00016079073600369523
7.607168766073902e-05
7.355268253237448e-05
9.877704280392315e-05
0.00016493966823909369
0.00010836689950505667
0.0004170129546153338
0.00019729487331795036
7.222861649003761e-05
0.00014978371262126832
0.0003744222635548014
0.00016947628529626564
0.000270693233772284
6.998370478202964e-05
0.00015690128663489207
0.00115271842460857
0.0006201764244857837
7.191535251394015e-05
0.0008256173846254432
0.0005735900101167934
6.354105521860934e-05
0.0001671227317768013
0.00017417301435382202
0.00010167381549602126
6.70218844615715e-05
0.0002592601745544159
0.00014189837150525264
0.00016806233825210465
0.00023117631025298225
0.00030311852298986654
7.018911057283819e-05
0.000169385196636167
3.803709480416968e-05
0.00035921114694184396
0.0001274267228585131
0.00031763124009630804
0.00019596058750297673
0.00015035694459692502
0.0003082425559079914
7.80592471204905e-05
7.555966067917505e-05
0.0009413552584189259
0.00020362464829798755
0.0007503800940323456
0.002172595513098417
0.0003622646369720348
0.0001970372945470595
0.0002059519499814336
0.00043019250758759503
0.00036413506621289337
0.00016079073600369523
9.129406149313496e-05
0.00010836689950505667
6.14740568770191e-05
0.0003744222635548014
0.00019460955690771563
0.0005067307783589207
0.0008645388184564275
0.00014302039305042613
0.0001688460312857526
0.00035954522524127514
8.421383843114724e-05
0.00021983391717926432
0.00025849032438520023
0.0003524680365740664
9.05549207994204e-05
0.0002742976389543118
0.000245058277450813
0.0002881796061521425
2.2866556602187122e-05
0.0010598794384834966
7.622963581429102e-05
0.00013223133576651273
0.0001274267228585131
0.00032771098975375757
0.0001628306212801041
0.0002548534457170262
0.00016079073600369523
0.0002742976389543118
1.1070531342864783e-05
6.066611140320552e-05
0.000169385196636167
0.00015881562004815402
6.955277456076004e-05
0.00014886302721580809
0.00015317592775489022
0.00023941858515754918
9.177968317954026e-05
8.256916257490983e-05
7.704036005237235e-05
2.5909258129446138e-05
0.00023773088560904513
3.777427175692107e-05
0.0002629552458805938
6.443869054153928e-05
0.00011766940730236573
0.0003622196831976816
0.0002662212916319663
0.000331300934853472
0.000561738069787413
5.9081033885634965e-05
0.0008174335970730513
0.0004544646846191585
0.0002881796061521425
0.00014043451744685326
0.0001218183395377642
0.00010406655165383038
0.00011430969025307873
0.0004138981052746837
3.349439157795568e-05
4.381435737278038e-05
0.0001174893455246888
0.00011598052913392474
0.00034834602870764404
0.0004413160951942469
9.164634272858408e-05
0.00026210337130498504
0.00018623520828835811
0.00015955793454794343
3.748163640806571e-05
2.4330360005275603e-05
0.0002102440604781308
5.383121597869557e-05
7.710856044743424e-05
0.00011161726803982306
5.366868944606617e-05
0.0002596394916997945
0.00024770748772472953
0.00021208730622470143
0.0007600961675383809
0.0007488445271096028
5.419186004419427e-05
0.00038925275498209505
0.0014043451744685325
0.0016719524734474301
0.00030903994751443453
0.0015859542264274522
4.8571745446453886e-05
2.4699017620607527e-05
8.793035695116304e-05
4.253229349023088e-05
0.00018320631759329874
0.00022524697560777023
0.00023069523733935677
0.0003064815291579411
0.0005067307783589207
9.046993107527586e-05
0.0003881677514467438
0.0002881796061521425
7.719511479471667e-05
5.6400764050424595e-05
0.00014650869715650622
0.00029956742524253665
0.00016276535286692854
0.00036599409335565244
0.00022404514124916774
0.0002985662782552623
0.000245058277450813
0.00011472976152889464
0.0002629552458805938
0.0002629552458805938
0.0007488445271096028
0.0006121531491638467
0.00020055234765573772
0.0003744222635548014
0.00015881562004815402
0.000245058277450813
0.0012124740919594661
0.00027800863641022253
0.0005485952779086236
0.0003744222635548014
0.00024997726406790797
0.0037531165915380043
0.00012049679028969464
0.00022524697560777023
0.0003193048485499069
0.0005690537472801088
8.982525248672458e-05
0.0012113137946540516
0.00013417172361516541
0.00810769245374273
0.0005736488076444732
0.0001339775663118227
0.0006711809265264725
0.0001349646494157191
0.00035342517695586965
3.477638728038002e-05
7.111736801015837e-05
0.00012075487899067826
0.00036425129381288153
0.00030607657458192334
4.800003164636014e-05
9.244504703081708e-05
0.0002698020237617395
3.5308107842723136e-05
9.023107792409465e-05
0.0005661605206189963
0.00031053420115739505
0.0005505971793882052
0.00011131142820518732
6.834568897287816e-05
0.0005463769407193223
0.00017586071390232608
0.001126234878038851
0.0004334675980202267
1.952049649356414e-05
0.0003744222635548014
0.0002714097932258276
0.0005641649446549583
0.00026461702960823826
0.006941657480809472
0.0002059519499814336
0.0004300352165910977
0.000735174832352439
0.00024503671820735824
0.00019124598494817938
0.0015379888282796895
0.0003500220337011119
0.0014408980307607125
0.0003744222635548014
0.0005505971793882052
0.0004170129546153338
0.0002059519499814336
0.00031656996481471374
0.00030607657458192334
4.670392378539509e-05
8.19062947740702e-05
0.0010742719306469218
0.004867489426212419
0.000331300934853472
0.0007488445271096028
0.00037107258044813196
0.0007131926568271354
0.004854702515312627
0.0004041580306531554
0.004867489426212419
0.0005343650391064213
0.000245058277450813
0.00024600306691785305
0.00023773088560904513
0.0006966920574152881
0.00034760999727174736
7.663338989412135e-05
0.0003744222635548014
0.0003744222635548014
0.0011114345842961773
8.609147646052098e-05
0.00023736197876100904
6.698878315591135e-05
4.381721218149874e-05
8.855559766201392e-05
8.48950756060924e-05
8.372124970503645e-05
3.5575682135105214e-05
0.0007961767420140328
6.524557080372718e-05
0.00017173305742805488
0.00036425129381288153
0.0002596394916997945
0.0008094060712852185
0.00010923699658458585
8.87811015637792e-05
0.0002019369487494835
0.00025722345745345077
0.00013819757220438037
0.00032987933647818737
0.00013049114160745435
0.0007670639160302543
0.0001274267228585131
0.0002196779260838248
0.00043966783435852864
0.0001274267228585131
0.00021485438612938438
0.00038249196989635875
0.0002881796061521425
4.865835447821076e-05
0.0003744222635548014
0.00016869550640557252
6.0266039753847236e-05
0.00015305683154571753
0.00027520579487514774
0.0002742976389543118
0.0002881796061521425
5.727692915445955e-05
0.00011284443764149014
0.00019460955690771563
0.0001229002959753012
9.99925508856991e-05
0.0006554219795075151
0.0004747239575220181
2.8010389708684107e-05
0.00010419010123242906
0.00013490101188086976
0.00026461702960823826
0.00010338736845517675
0.00014043451744685326
0.0001263016478268888
0.00038921911381543126
0.0006121531491638467
0.0003744222635548014
0.0001218183395377642
1.3279435349095106e-05
0.000403873897498967
0.0002629552458805938
0.00013230851480411913
0.0003744222635548014
0.00046513231836433776
8.256916257490983e-05
0.000576359212304285
0.0002742976389543118
5.869099544766429e-05
0.0002020790153265777
0.00022524697560777023
0.0009509235424361805
0.00042970877225876876
3.8316694947060676e-05
0.00014650869715650622
4.118406545585414e-05
0.00011472976152889464
0.0001671227317768013
0.0008887479374810992
8.48950756060924e-05
0.00015790304431688424
2.568012001745745e-05
0.00022262285641037465
0.00030607657458192334
0.0002881796061521425
0.00032987933647818737
0.0003744222635548014
0.0002881796061521425
0.00012075487899067826
0.00010473867740409609
0.0004623526205059645
9.95220927517541e-05
0.0002059519499814336
0.0002881796061521425
0.0003744222635548014
0.00020886873452381457
0.00011377995793356259
0.0003618797243011034
0.0002742976389543118
0.00042970877225876876
0.0010991695858963216
0.000662601869706944
0.0006307321814343924
0.0003744222635548014
0.00011101457257395988
0.00015041262481517006
0.00019460955690771563
0.00027889243576064267
0.0003744222635548014
0.00031763124009630804
0.0006684909271072052
0.00021332476783987765
0.0003303583076329232
0.0007488445271096028
0.00018212564690644076
0.00014978371262126832
0.0003125703036972872
0.000245058277450813
6.611566788325636e-05
0.0003744222635548014
0.00030607657458192334
0.0014976890542192057
0.00043966783435852864
0.000331300934853472
0.00013910554912152008
0.00010836689950505667
0.00047644686014446206
0.0004200133101820815
0.000249427617700524
6.000238839699782e-05
0.00014293808562095898
0.0005560172728204451
6.443869054153928e-05
0.00037525906778160094
5.227848666869556e-05
0.00011780653577666215
0.000403873897498967
0.0013321748708875186
0.00017586071390232608
0.00019124598494817938
0.0007640556804548315
9.80408102222857e-05
7.098314995057131e-05
0.00011284443764149014
0.00012981974584989726
0.0003744222635548014
0.00015148822820638616
0.00025336538917946033
0.00034346611485610977
0.00019124598494817938
5.753534127948881e-05
0.0001990441855035082
0.00013760289743757387
5.8418191819159056e-05
0.0002881796061521425
0.00017965050497344915
6.655532290799158e-05
0.002774115723035787
1.9792384121420933e-05
0.00011101457257395988
0.00038921911381543126
3.887969360462154e-05
0.00014978371262126832
0.00012708211043721868
0.0008645388184564275
7.816300818362808e-05
8.731133764409491e-05
0.0006352624801926161
0.00016808137117683107
0.00011131142820518732
0.00012443462250897144
0.0002881796061521425
0.00012000477679399563
0.00014812465624684988
0.0007094918575262631
0.0002752125220171109
0.000245058277450813
6.396282583124095e-05
0.00036448544139075853
8.12033456145261e-05
0.00012632075764672086
0.0003744222635548014
0.0003744222635548014
6.567909818235316e-05
9.203614112377785e-05
0.0009402749077582638
0.00014043451744685326
6.180798950288691e-05
0.00021332476783987765
0.00011667401123370396
0.00010836689950505667
0.000659501751537793
0.0008409762419125232
0.0002019369487494835
0.00010526729803893405
0.0003744222635548014
0.0002742976389543118
0.0003744222635548014
0.00011430969025307873
0.0007488445271096028
0.0002826345169289324
0.00010027617382786886
0.0002808690348937065
7.386218727487366e-05
0.0003283954909117658
0.000331300934853472
0.00021485438612938438
0.0003744222635548014
4.355979189388058e-05
0.0003744222635548014
0.00035872052309367605
0.0009509235424361805
0.0006597586729563747
0.0002102440604781308
0.00018856049939824059
0.0002471043927351248
0.000993902804560416
0.00017671258847793482
0.00079407810024077
0.0008238077999257345
0.00022524697560777023
0.0003744222635548014
0.0002742976389543118
0.00040470303564260927
0.000245058277450813
0.00019460955690771563
2.3433994206662093e-05
0.000331300934853472
0.00021983391717926432
0.0003744222635548014
9.024172624734639e-05
7.607168766073902e-05
0.0002356130715533243
0.00044935113786380497
0.0005485952779086236
0.00011766940730236573
0.00015828498240735687
9.665664452165163e-05
0.0002881796061521425
7.06586292322331e-05
0.00021056733171851457
0.0002742976389543118
9.550711389992834e-05
0.00010582732538094388
0.00011284443764149014
0.0001628306212801041
0.0009399147641975104
8.236813091170828e-05
5.2761660802452286e-05
2.6601780238831163e-05
0.00017936026154683802
9.05549207994204e-05
3.720575601327435e-05
0.0001251223510072805
0.0003744222635548014
0.0006445631583881532
0.00017173305742805488
0.00011497169590963437
1.3168477828726442e-05
0.00027247786569101705
0.0002102440604781308
0.00018805498155165278
0.0002313256813423027
0.0001441776569479502
0.00047546177121809025
8.236813091170828e-05
3.184924241585974e-05
0.00015317592775489022
0.0002742976389543118
0.00017936026154683802
0.00019460955690771563
0.0003744222635548014
0.0003744222635548014
0.000331300934853472
0.00015881562004815402
0.00021983391717926432
0.00011816206777126993
5.613406570083947e-05
0.000662601869706944
0.00011377995793356259
0.0002013412016305055
0.0003744222635548014
9.518003369591125e-05
2.953671818913879e-05
0.00027018290178150835
0.0004170129546153338
0.0003744222635548014
0.0007488445271096028
0.00031008821224289186
5.5286508703967295e-05
0.0003744222635548014
9.244504703081708e-05
8.855559766201392e-05
7.20700628907966e-05
0.00024012726319307115
0.00012963008727720794
0.0004960056123018872
0.00017173305742805488
0.0003443659058420839
8.54904000253959e-05
0.00015148822820638616
0.00018212564690644076
0.0014976890542192057
0.000490116554901626
0.0003697801881232683
6.438747544644493e-05
0.0007488445271096028
0.0005991348504850733
0.00014339750252919834
0.00011387835687405743
0.00021485438612938438
0.00015324076457897055
0.0001274267228585131
0.00014493365285032328
0.00014043451744685326
0.00019460955690771563
3.7931297342433525e-05
0.00018623520828835811
0.00019816543482277543
8.200102230595102e-05
0.0002059519499814336
5.41355637430174e-05
0.0002742976389543118
0.0003697801881232683
0.00034679366859427106
0.0011232667906644043
7.096497721142644e-05
9.340784757079019e-05
0.0001606541694292077
0.00011192277742011643
0.00012075487899067826
0.00014339750252919834
0.0002102440604781308
0.00030607657458192334
0.00037610996310330556
0.00025336538917946033
0.000331300934853472
0.000331300934853472
0.00027800863641022253
0.00030607657458192334
8.731133764409491e-05
0.0001240014030754718
0.0002629552458805938
0.00027935281243253717
0.00023138858269364904
0.0002019369487494835
0.000331300934853472
0.0002102440604781308
0.0002629552458805938
0.0008793356687170573
9.80408102222857e-05
0.00011868098938050452
0.0003619712843823567
0.00019816543482277543
0.00023533881460473146
0.0005485952779086236
5.6776662034402356e-05
0.0003700394004131642
0.00016709498761905168
0.0011232667906644043
0.0003744222635548014
6.14740568770191e-05
0.00024150975798135652
0.0004170129546153338
0.00021165465076188777
3.748163640806571e-05
0.0003417284448643908
0.0002881796061521425
0.0008594175445175375
7.160843282756517e-05
0.00014514592529099008
0.00036931093637436826
0.000924705241011929
0.00011446543114219421
0.00034679366859427106
0.00016079073600369523
0.00023736197876100904
0.00042330930152377553
9.731318874552376e-05
5.986852449030733e-05
0.00015215676915522494
0.0003064815291579411
0.00018805498155165278
9.046993107527586e-05
0.00022524697560777023
0.00018805498155165278
0.0003744222635548014
1.8965648671216763e-05
0.00027247786569101705
0.0002752125220171109
0.0002881796061521425
0.0007169875126459916
0.00021983391717926432
0.00019816543482277543
0.00019124598494817938
0.00023773088560904513
0.0009178380922311571
0.0014928313912763115
7.20888284739751e-05
0.0006935289307589467
0.00021485438612938438
0.0001251223510072805
0.00010259486185154387
0.00022524697560777023
0.00011205424745122072
0.0009730477845385781
0.00021104664320980914
0.0009528937202889241
0.0001875950235080864
0.00021983391717926432
6.354105521860934e-05
0.00014978371262126832
0.00021485438612938438
0.00019460955690771563
0.00011472976152889464
0.0003744222635548014
0.0003744222635548014
9.448493230722593e-05
0.00023117631025298225
0.001097190555817247
0.00014650869715650622
0.00011507068255897762
5.419186004419427e-05
0.00012075487899067826
0.0003064815291579411
0.0002480028061509436
6.538763738082137e-05
5.793499954529122e-05
1.9171304815774035e-05
3.295035895940953e-05
0.00013016228962364686
0.0001671227317768013
0.00026210337130498504
3.0518433569784846e-05
0.0002019369487494835
5.4554607002423057e-05
0.000331300934853472
0.0011232667906644043
0.00019124598494817938
7.422545912005919e-05
0.0003744222635548014
0.000576359212304285
0.0003744222635548014
8.546131237870701e-05
0.00029619355901332916
0.00022524697560777023
0.0009730477845385781
0.0006307321814343924
0.00019460955690771563
0.00011667401123370396
0.00018048345249469278
0.00021918268195965292
0.0001218183395377642
0.0001850197002065821
0.00010500332754552038
0.0001240014030754718
0.0002881796061521425
0.00017173305742805488
4.5120863123673196e-05
0.000245058277450813
9.37975117540432e-05
0.0007488445271096028
0.00031008821224289186
0.0002837967430105053
0.0003744222635548014
0.00017032998610320708
9.80408102222857e-05
0.00017671258847793482
0.00013230851480411913
0.00015893544651341622
0.00018602878006637174
0.00019816543482277543
0.00012954629064723067
0.00015881562004815402
0.00023773088560904513
0.00011738199089532858
0.00030607657458192334
5.697420825247134e-05
0.00016493966823909369
0.00013724778500836968
0.00010103950766328885
4.5749261669456555e-05
0.0002449507343787209
3.803709480416968e-05
4.5120863123673196e-05
0.00021821842800969223
0.00030607657458192334
0.00010419010123242906
6.699810717631158e-05
9.792333989142443e-05
0.0003744222635548014
0.0002742976389543118
4.7673464350142046e-05
0.00010623227995696169
9.877704280392315e-05
9.461996961523524e-05
0.0002742976389543118
0.00013230851480411913
6.537759319449104e-06
0.000245058277450813
2.7537300530903617e-05
8.372124970503645e-05
0.000331300934853472
0.0002733640810430689
0.00023773088560904513
0.0003700394004131642
0.001097190555817247
0.00021983391717926432
0.0004544646846191585
0.00011868098938050452
0.0002881796061521425
0.0003169425477853932
0.00015148822820638616
0.0001628306212801041
0.00034346611485610977
0.000410074133837269
0.0002629552458805938
3.320796150998435e-05
0.000490116554901626
0.00010766243195739113
0.0011285434803669826
0.000245058277450813
0.00023773088560904513
0.0003744222635548014
0.0009509235424361805
0.0001850197002065821
0.00025336538917946033
0.0004395260914695187
0.00011161726803982306
5.3116139978480844e-05
0.00023773088560904513
0.0001584712738926966
0.0003744222635548014
0.00040163542357301923
0.0004623526205059645
0.00035342517695586965
0.00010666238391993883
7.50518135563202e-05
3.8629993439304316e-05
7.50518135563202e-05
6.972310894016067e-05
0.00023351961892697546
0.00024600306691785305
0.0003744222635548014
0.00015955793454794343
0.00010481838003560022
0.00011192277742011643
0.0002773351410924512
0.00023321354868598737
0.00016079073600369523
0.0002442750901243983
0.00011894706630042875
8.032708471460385e-05
2.610195083749607e-05
0.0003342454635536026
0.00030607657458192334
0.00023773088560904513
0.0005151991722841646
6.572581827224811e-05
0.00024770748772472953
0.00023117631025298225
0.0009509235424361805
7.454807860103626e-05
0.00026947575746017377
0.00014043451744685326
0.0005710802021754674
0.00021983391717926432
0.00010582732538094388
0.0002881796061521425
0.00016176014874828465
3.574950517300906e-05
0.00011667401123370396
0.0003744222635548014
2.6370081918587768e-05
0.00040871679853652564
0.00018623520828835811
0.00029956742524253665
0.00037200420922641543
0.0002582744293815629
0.00011079328091231048
0.00022524697560777023
0.0002881796061521425
8.032708471460385e-05
0.00183645944749154
0.00020838020246485812
7.355268253237448e-05
0.0001098389630419124
0.0008039536800184761
0.0002019369487494835
0.0002881796061521425
9.877704280392315e-05
0.0002742976389543118
1.1144117748541778e-05
0.00045049395121554047
0.0003385333129244704
0.00014230272854042086
8.143802364839016e-05
0.00035342517695586965
4.419000894276543e-05
7.404838975333229e-05
0.00025336538917946033
0.0002881796061521425
0.0001011791667073191
0.00023609103250930413
0.0002919395662365713
3.6385380251565856e-05
0.00013359125977660533
0.00014978371262126832
0.00013359125977660533
5.136360360589645e-05
0.0002102440604781308
0.00010342036696638761
0.0005067307783589207
0.00022524697560777023
7.016758212604933e-05
2.896749977264561e-05
0.0007488445271096028
0.00022023887175528213
5.986852449030733e-05
0.00030607657458192334
0.0013870578615178934
0.00021165465076188777
9.600006329272028e-05
0.00021983391717926432
0.000331300934853472
0.0007522199262066111
0.0002019369487494835
7.658796387744511e-05
0.0003744222635548014
0.00030607657458192334
0.00017671258847793482
0.0002742976389543118
0.00023773088560904513
4.932371832948759e-05
3.1590460588972074e-05
0.00021000665509104076
0.00014339750252919834
0.0007246682642516163
0.0010604175974447032
0.00015881562004815402
8.533776720216342e-05
4.419000894276543e-05
0.00019460955690771563
0.00018805498155165278
0.00014037822114567637
2.190860609074937e-05
0.00026210337130498504
0.0001975540856078463
0.00021000665509104076
0.0006121531491638467
0.0002629552458805938
5.939024249881509e-05
0.00010181232414899377
7.061621568544627e-05
6.481504363860397e-05
3.117640377887593e-05
0.00030607657458192334
0.0001671227317768013
0.0001674424994100729
6.926057203567726e-05
0.00021983391717926432
0.00022822256882501805
0.00017173305742805488
0.000576359212304285
0.00025336538917946033
0.0002480028061509436
0.0003700394004131642
0.000331300934853472
0.00020518972370308774
0.00020684073393277522
0.0003744222635548014
0.00010500332754552038
0.0002629552458805938
0.0003342454635536026
0.00025116374911510935
0.00018805498155165278
0.00011868098938050452
0.00023773088560904513
0.00022214516925999687
0.0002064043461563608
0.00025336538917946033
0.00023334802246740793
0.0002629552458805938
0.00021485438612938438
0.00011497169590963437
0.0001262442496673242
0.0003687008879259036
0.0003654550186132926
0.00012981974584989726
0.00011569429134682452
0.00015504410612144593
0.000576359212304285
5.6776662034402356e-05
0.00012075487899067826
0.00035954522524127514
8.403116912605232e-05
0.0002059519499814336
0.00030607657458192334
0.00014011177135618528
0.00016079073600369523
0.0001274267228585131
0.00019816543482277543
0.00025336538917946033
0.00025336538917946033
5.4674231904576805e-05
0.00017462267528818982
0.000331300934853472
0.0004865659437276188
5.383121597869557e-05
0.00013900431820511127
0.00011355332406880471
5.49194815209562e-05
3.043135383104499e-05
0.0001638125895481404
0.00012861172872672539
0.00030607657458192334
8.372124970503645e-05
0.0007488445271096028
0.00017339683429713553
8.430539415718363e-05
8.731133764409491e-05
0.00011868098938050452
0.00023736197876100904
0.00011192277742011643
0.00018212564690644076
8.430539415718363e-05
0.00021983391717926432
0.00012133222280641104
0.00011377995793356259
0.00014978371262126832
0.0011232667906644043
0.0002629552458805938
0.0001218183395377642
0.00013230851480411913
0.00018811799003884313
0.00014445723298007522
0.00016079073600369523
8.200102230595102e-05
0.00029624931249369976
8.372124970503645e-05
0.00020838020246485812
0.00013230851480411913
0.008876220662875776
0.00035804216413782577
9.80408102222857e-05
0.0005259104917611876
0.0002714097932258276
5.240919001780011e-05
0.00025336538917946033
0.0007488445271096028
0.000331300934853472
7.710856044743424e-05
0.0003744222635548014
0.0003622646369720348
0.00030311852298986654
0.00017417301435382202
0.000331300934853472
6.31221248336621e-05
0.00031763124009630804
0.00011101457257395988
0.00027935281243253717
0.0003744222635548014
0.00017671258847793482
0.00013359125977660533
0.0008586652871402743
0.0006445631583881532
0.0001767600357710617
0.0003744222635548014
7.607168766073902e-05
0.00012075487899067826
0.0003342454635536026
8.143802364839016e-05
0.000662601869706944
0.00014812465624684988
8.088007437414233e-05
0.0003744222635548014
0.0002629552458805938
0.00015324076457897055
0.0005067307783589207
0.0003744222635548014
9.95220927517541e-05
6.744406555249593e-05
0.00010027617382786886
0.0002808690348937065
0.00043045738230260486
0.0002019369487494835
0.00020838020246485812
0.0003342454635536026
0.00023117631025298225
0.0002596394916997945
0.0003744222635548014
0.00011192277742011643
0.00030607657458192334
0.0002271713448034222
7.977896727397172e-05
0.00010209863258639926
0.00017339683429713553
5.62820104285842e-05
0.00010027617382786886
6.125917955183956e-05
2.454692061475729e-05
8.609147646052098e-05
0.0002881796061521425
0.00010027617382786886
0.0003744222635548014
8.48950756060924e-05
0.000331300934853472
0.00021485438612938438
0.00015324076457897055
0.00011472976152889464
0.0003744222635548014
0.00010500332754552038
9.588298950378178e-05
3.067871370792595e-05
0.000331300934853472
0.00010582732538094388
0.0002529161824715509
3.6114308245018804e-05
0.00011011943587764106
0.00039633086964555085
9.448493230722593e-05
0.0003744222635548014
0.00032987933647818737
7.50518135563202e-05
0.0003744222635548014
0.0005985464628938729
0.00021983391717926432
0.00011970929257877459
0.0001229002959753012
0.00017671258847793482
0.000245058277450813
0.0011232667906644043
0.00030607657458192334
0.00013578648774526073
9.463847083261229e-06
0.0002742976389543118
0.00011868098938050452
0.0005343650391064213
0.00019816543482277543
5.602712372561036e-05
0.000169385196636167
8.088007437414233e-05
0.000490116554901626
0.00019124598494817938
0.00021983391717926432
0.00039633086964555085
0.000331300934853472
0.00019816543482277543
0.0003744222635548014
0.0003744222635548014
0.00024098125414381155
7.92356369463483e-05
0.0003744222635548014
2.9209095909579528e-05
4.3577088447238275e-05
0.0001671227317768013
0.00019816543482277543
4.7348602373946366e-05
0.0003256612425602082
6.18819988441909e-05
7.50518135563202e-05
4.338742987454895e-05
0.0007784382276308625
0.0002867950050583967
0.00032622785401863587
0.00018805498155165278
0.0001218183395377642
5.3116139978480844e-05
0.0002148252984826955
0.00038249196989635875
0.0002177188879364851
0.00042970877225876876
0.0002059519499814336
9.244504703081708e-05
0.0001274267228585131
0.0007488445271096028
0.0003744222635548014
9.340784757079019e-05
0.00017960557347092198
0.00018212564690644076
0.000245058277450813
0.00025336538917946033
0.0003744222635548014
0.0002881796061521425
8.731133764409491e-05
5.565571410259366e-05
0.00010363703251778455
4.8201660505613956e-05
0.0002881796061521425
0.0001237639976883818
0.00025336538917946033
5.5286508703967295e-05
0.00023117631025298225
0.00021983391717926432
0.00034346611485610977
0.0002020790153265777
5.136360360589645e-05
0.00030607657458192334
0.0003744222635548014
0.00010027617382786886
0.00031763124009630804
0.00013760626100855545
4.381721218149874e-05
0.00010104954344567887
0.0005641649446549583
0.0003744222635548014
0.0001229002959753012
5.869099544766429e-05
8.004242106435705e-05
0.00023117631025298225
0.0003342454635536026
0.00015324076457897055
0.00010666238391993883
6.235280755775186e-05
0.00013623893284550853
9.95220927517541e-05
8.119984200741394e-05
4.030989284636354e-05
0.00030607657458192334
0.00014043451744685326
0.00016257558013258282
5.136360360589645e-05
7.160843282756517e-05
0.00019124598494817938
0.00012975332791138219
6.926057203567726e-05
0.00011868098938050452
0.00030737028438509545
0.00010910921400484611
6.834568897287816e-05
0.000331300934853472
0.0005259104917611876
8.54904000253959e-05
0.00043655668822047453
0.0001353389093575435
0.00014043451744685326
0.00025336538917946033
0.00026271639272941265
2.8248290293337374e-05
0.00011660677434299368
0.0002019369487494835
0.0001229002959753012
0.0003744222635548014
0.000169385196636167
0.00015504410612144593
0.0004119038999628672
0.00017936026154683802
0.00015324076457897055
0.0001251223510072805
0.00030607657458192334
0.00039633086964555085
6.64159230199687e-05
0.0002480028061509436
7.889566774716068e-05
0.0002629552458805938
0.0002742976389543118
0.00024150975798135652
0.000245058277450813
0.00010923699658458585
0.00030607657458192334
0.0002808690348937065
9.600006329272028e-05
0.00021165465076188777
4.3577088447238275e-05
7.404838975333229e-05
3.295035895940953e-05
0.00040470303564260927
0.00021983391717926432
0.0002102440604781308
0.00030607657458192334
0.00023773088560904513
5.13602400349149e-05
6.972310894016067e-05
0.000245058277450813
0.00019124598494817938
0.0003744222635548014
0.0007600961675383809
0.00087086507176911
0.0005097068914340524
0.00011472976152889464
0.000331300934853472
0.00010027617382786886
5.869099544766429e-05
0.00011011943587764106
0.00021983391717926432
0.00022524697560777023
0.00017417301435382202
0.00011205424745122072
0.00035342517695586965
0.000331300934853472
4.419000894276543e-05
0.00023117631025298225
1.7544782701876026e-05
8.143802364839016e-05
0.0001413172584644662
0.00018811799003884313
0.00014969782642610738
0.00011011943587764106
0.000576359212304285
0.0002742976389543118
0.00010766243195739113
0.00011011943587764106
0.0009509235424361805
3.834260963154807e-05
0.000245058277450813
0.00036425129381288153
0.000331300934853472
0.0001251223510072805
0.0011232667906644043
0.00022524697560777023
0.00022524697560777023
0.00011970929257877459
0.00013760626100855545
0.00079407810024077
4.236907132406641e-05
0.00011878048499763018
0.00013049114160745435
3.944783387358034e-05
0.00023117631025298225
0.000252527735869675
3.036411694033471e-05
0.00019124598494817938
0.00023117631025298225
0.00047546177121809025
0.0003744222635548014
0.00017173305742805488
0.0002629552458805938
0.000331300934853472
0.0048990533045864225
0.001729077636912855
0.0001098389630419124
0.0002059519499814336
0.0001709808000507918
0.00021339515523004078
0.00022524697560777023
0.00011284443764149014
0.0002881796061521425
0.00025336538917946033
7.663338989412135e-05
0.0002524884993346484
0.000245058277450813
0.00011667401123370396
0.000501368195330404
5.067618305271371e-05
0.00010836689950505667
6.0266039753847236e-05
1.5375560732158305e-05
5.6776662034402356e-05
0.000169385196636167
9.311760414417906e-05
0.00010836689950505667
0.0002881796061521425
0.0001903600673918225
0.00030607657458192334
0.00018805498155165278
9.024172624734639e-05
0.00017417301435382202
0.00010103950766328885
0.00014812465624684988
0.0002184739931691717
7.257296264549504e-05
6.955277456076004e-05
0.0007488445271096028
0.00018199833420961655
0.00010135236610542742
0.00022524697560777023
0.00016079073600369523
1.271981304100042e-05
9.311760414417906e-05
1.0351321863556555e-05
0.00010500332754552038
9.877704280392315e-05
0.00017586071390232608
2.568012001745745e-05
0.00012861172872672539
0.00023334802246740793
0.00010836689950505667
0.0003419616001015836
0.00017671258847793482
0.0003744222635548014
1.4145615041018451e-05
0.000245058277450813
0.0002881796061521425
0.00019124598494817938
0.00025336538917946033
9.311760414417906e-05
0.00018896986461445185
0.00014612178797310195
9.112136034768963e-05
0.0003744222635548014
0.0002742976389543118
0.00016493966823909369
4.67090002390044e-05
3.398723174610475e-05
0.0003744222635548014
9.112136034768963e-05
5.083690774801063e-05
0.00015324076457897055
0.00013105168565249252
0.001051220302390654
0.00010500332754552038
6.18819988441909e-05
0.00017173305742805488
0.000169385196636167
9.95220927517541e-05
0.00014189837150525264
9.80408102222857e-05
0.0003744222635548014
1.5375560732158305e-05
0.00011101457257395988
0.0001850197002065821
0.00013760626100855545
0.00013105168565249252
0.0001844221706310573
0.00019816543482277543
0.00020233219665748777
0.000245058277450813
0.00023117631025298225
5.602712372561036e-05
0.0002881796061521425
0.00023117631025298225
4.686798841332419e-05
0.00014016671792919428
0.00014612178797310195
0.00014812465624684988
0.00038249196989635875
0.00023773088560904513
6.438747544644493e-05
0.0002019369487494835
0.0003622646369720348
5.602712372561036e-05
0.00018224272069537926
6.79744634922095e-05
6.438747544644493e-05
0.00028986730570064657
0.000245058277450813
0.00030607657458192334
0.0002184739931691717
0.0007600961675383809
0.0024710575533496803
9.534692870028409e-05
3.372638890243969e-05
9.95220927517541e-05
0.00018805498155165278
0.00016079073600369523
0.0002019369487494835
0.00021165465076188777
0.0001850197002065821
0.0002102440604781308
0.00031981412915620474
0.00021983391717926432
0.000331300934853472
0.0001274267228585131
0.00010135236610542742
0.00022755991586712518
0.00012981974584989726
1.2905795024280866e-05
0.00010027617382786886
0.00010750880414777443
3.346663517611562e-05
0.00015722757005340034
4.236907132406641e-05
7.92356369463483e-05
0.00025336538917946033
4.253229349023088e-05
0.00017936026154683802
0.00020838020246485812
0.0002019369487494835
0.00011284443764149014
0.0001772431016569049
6.396282583124095e-05
0.00030607657458192334
7.607418960833935e-05
0.00021673379901011335
5.49194815209562e-05
0.0003700394004131642
0.0003744222635548014
0.0001501036271126404
0.00030607657458192334
0.00017462267528818982
2.4330360005275603e-05
0.0007488445271096028
0.000331300934853472
0.00017173305742805488
0.00014043451744685326
0.00014339750252919834
0.00017417301435382202
0.00020592032727927067
8.069706341557267e-06
0.0003744222635548014
0.00021983391717926432
0.00011057301740793459
0.0005485952779086236
0.0001606541694292077
0.0029953781084384114
0.00019124598494817938
0.00030607657458192334
0.0002019369487494835
0.00029624931249369976
0.0002019369487494835
0.00010338736845517675
0.001325203739413888
0.00010836689950505667
0.00038583518618017616
8.061978569272707e-05
0.00010411740998916352
0.00023117631025298225
0.00018355936635908052
6.18819988441909e-05
0.0001709808000507918
0.0001850197002065821
9.448493230722593e-05
0.00022976389163233534
0.00013536258937101958
0.00019816543482277543
0.00023117631025298225
6.926057203567726e-05
0.0002019369487494835
0.00010750880414777443
6.31221248336621e-05
7.168882451910182e-05
0.00011101457257395988
0.00011057301740793459
0.00023773088560904513
0.0002881796061521425
0.00015690128663489207
0.00023773088560904513
3.398723174610475e-05
4.6384072556016495e-05
0.0003744222635548014
0.0002102440604781308
0.0003126520327345123
6.386096970998138e-05
0.000576359212304285
0.00013490101188086976
0.00016493966823909369
0.000245058277450813
0.00034834602870764404
0.00015881562004815402
0.00015881562004815402
0.00021532486391478227
0.00011667401123370396
0.0016565046742673599
0.00012981974584989726
0.0002629552458805938
0.00014978371262126832
0.000245058277450813
0.0003744222635548014
0.00010836689950505667
0.0005641649446549583
0.00010419010123242906
0.0001903600673918225
0.00021983391717926432
0.00021983391717926432
0.00017671258847793482
0.00011738199089532858
0.0003744222635548014
0.00021983391717926432
0.00015526710057869753
6.438747544644493e-05
0.0003744222635548014
0.00018805498155165278
0.0003744222635548014
0.00025336538917946033
0.00010582732538094388
6.481504363860397e-05
8.143802364839016e-05
0.00030607657458192334
4.7673464350142046e-05
0.0007488445271096028
0.00025336538917946033
0.00021485438612938438
0.0002059519499814336
0.0002059519499814336
0.00019460955690771563
0.0001614936479360867
0.0002184739931691717
0.00019124598494817938
7.386218727487366e-05
6.834568897287816e-05
0.0014976890542192057
0.00017173305742805488
0.0002752125220171109
0.00021668584947011284
9.112136034768963e-05
7.20888284739751e-05
0.00014043451744685326
0.0002881796061521425
0.000501647973436915
0.00015409081081768934
0.00022524697560777023
0.0001584712738926966
0.0003744222635548014
0.00015955793454794343
0.000735174832352439
0.00019460955690771563
6.972310894016067e-05
0.000169385196636167
0.00021485438612938438
6.066611140320552e-05
0.00021983391717926432
0.00015324076457897055
0.0003744222635548014
0.00013359125977660533
0.00023117631025298225
0.00013135819636470633
0.0003744222635548014
0.00027800863641022253
0.0002742976389543118
0.0004960056123018872
0.0007600961675383809
0.00010582732538094388
0.00014650869715650622
0.00023773088560904513
4.999627544284955e-05
0.0002629552458805938
0.00017711119532402785
0.00013623893284550853
0.00017417301435382202
0.0002629552458805938
0.00017173305742805488
0.0001671227317768013
0.00018805498155165278
0.0002629552458805938
0.0003744222635548014
0.0003744222635548014
7.160843282756517e-05
0.00021485438612938438
0.0001218183395377642
0.00014812465624684988
0.00021983391717926432
0.00017173305742805488
0.0003744222635548014
0.0003744222635548014
9.244504703081708e-05
0.00022524697560777023
0.00011011943587764106
0.0002881796061521425
0.00030082852148360657
7.306089398655097e-05
0.00013900431820511127
0.0002102440604781308
0.0002629552458805938
6.438747544644493e-05
0.00010836689950505667
4.543426896068444e-05
9.80408102222857e-05
5.6400764050424595e-05
0.0002742976389543118
0.000336000221524521
0.0001850197002065821
5.9081033885634965e-05
5.602712372561036e-05
0.0003744222635548014
0.000331300934853472
5.383121597869557e-05
0.00023117631025298225
0.0001628306212801041
0.0004204881209562616
5.791817896195935e-05
0.000331300934853472
0.00023533881460473146
0.00022568887528298028
0.0003744222635548014
0.00010135236610542742
0.0002742976389543118
0.00017173305742805488
0.00021983391717926432
0.00011101457257395988
0.0003744222635548014
0.00015955793454794343
0.00011667401123370396
1.1564701296774734e-05
0.00014978371262126832
3.5575682135105214e-05
0.00010419010123242906
0.00010103950766328885
0.00032987933647818737
0.00010582732538094388
0.00019176597900756357
0.0002059519499814336
0.00021983391717926432
0.00013105168565249252
0.0001262638679348375
0.0001628306212801041
0.00019124598494817938
0.000576359212304285
5.7453676491854275e-05
0.00017671258847793482
0.00036425129381288153
0.0001850197002065821
0.000245058277450813
0.0002019369487494835
0.00023773088560904513
0.0001466305542905689
0.0001671227317768013
6.14740568770191e-05
0.00017173305742805488
9.80408102222857e-05
6.834568897287816e-05
1.787475258650453e-05
0.0003744222635548014
0.000331300934853472
7.710856044743424e-05
0.00022524697560777023
0.00011472976152889464
0.0006121531491638467
5.9081033885634965e-05
6.438747544644493e-05
0.00015324076457897055
0.00017339683429713553
0.0001251223510072805
0.0001218183395377642
0.0003744222635548014
7.816300818362808e-05
0.00013900431820511127
8.088007437414233e-05
0.0003744222635548014
0.0002548534457170262
0.00016079073600369523
5.947353315021438e-05
0.00025336538917946033
0.0002629552458805938
8.731133764409491e-05
6.066611140320552e-05
0.0003744222635548014
0.0002064043461563608
0.0002059519499814336
0.00017417301435382202
0.00023117631025298225
0.000331300934853472
0.00015148822820638616
0.0001990441855035082
0.00011667401123370396
0.00011766940730236573
4.4809028249833554e-05
0.000331300934853472
7.160843282756517e-05
0.00043019250758759503
9.177968317954026e-05
8.414139400229628e-05
0.0001671227317768013
0.0002742976389543118
0.00030607657458192334
0.00019460955690771563
4.999627544284955e-05
0.0003744222635548014
0.0002629552458805938
0.00018805498155165278
0.0003744222635548014
0.00011192277742011643
0.0002881796061521425
0.0003744222635548014
0.00010181232414899377
0.00010836689950505667
0.000403873897498967
5.205870499458176e-05
0.0001628306212801041
0.0003744222635548014
0.00030607657458192334
0.00022568887528298028
0.0002698020237617395
9.311760414417906e-05
5.3116139978480844e-05
0.0002837967430105053
0.000245058277450813
0.0003744222635548014
0.0003744222635548014
4.800003164636014e-05
0.0002742976389543118
0.0003744222635548014
0.0001158363579239187
0.000331300934853472
3.295035895940953e-05
0.00010750880414777443
0.0001262442496673242
0.00019460955690771563
0.00011868098938050452
0.0003744222635548014
0.00010923699658458585
0.00019460955690771563
0.0002881796061521425
0.00010027617382786886
0.00015690128663489207
5.602712372561036e-05
0.00030607657458192334
0.00015324076457897055
0.00019124598494817938
0.0002019369487494835
8.609147646052098e-05
0.00023117631025298225
0.00034346611485610977
0.0003077845855546316
0.0002742976389543118
7.355268253237448e-05
0.0003744222635548014
0.0002629552458805938
0.00014189837150525264
0.00014612178797310195
0.0002629552458805938
0.00015690128663489207
0.00013900431820511127
0.00012075487899067826
0.0002742976389543118
0.0002881796061521425
0.0003744222635548014
0.00014339750252919834
0.00023773088560904513
0.00010836689950505667
0.0002629552458805938
3.1053965590669666e-05
0.00014514592529099008
0.00014189837150525264
3.075112146431661e-05
0.00019124598494817938
0.0001628306212801041
0.0003744222635548014
0.0003744222635548014
0.0003744222635548014
8.855559766201392e-05
8.200102230595102e-05
0.00011192277742011643
0.0002881796061521425
0.00030607657458192334
0.00010338736845517675
0.00023773088560904513
9.659397926621554e-05
2.0000796132332607e-05
0.00017671258847793482
0.00018212564690644076
5.9081033885634965e-05
7.816300818362808e-05
9.244504703081708e-05
3.4249172878665705e-05
0.00014189837150525264
0.0001274267228585131
8.314253923350801e-05
0.0001970372945470595
0.00010181232414899377
0.0007488445271096028
0.00014189837150525264
0.00018212564690644076
0.00023773088560904513
0.000331300934853472
5.5286508703967295e-05
0.00038228016857553936
7.889566774716068e-05
8.855559766201392e-05
2.2557769481023663e-05
0.0002742976389543118
0.0002629552458805938
0.00011377995793356259
0.0004623526205059645
0.00014650869715650622
0.00030607657458192334
0.000331300934853472
0.00022524697560777023
9.112136034768963e-05
0.0002742976389543118
0.00010181232414899377
0.00017936026154683802
0.00023773088560904513
7.977896727397172e-05
0.00011868098938050452
5.4554607002423057e-05
0.00014812465624684988
9.046993107527586e-05
0.000245058277450813
8.982525248672458e-05
6.693327035223123e-05
9.80408102222857e-05
0.00019124598494817938
8.200102230595102e-05
0.00030607657458192334
0.00010500332754552038
0.00010500332754552038
0.00021485438612938438
0.00014189837150525264
0.00011011943587764106
8.731133764409491e-05
0.00017671258847793482
0.00011667401123370396
0.00014650869715650622
0.0002881796061521425
4.266888360108171e-05
0.0007888657376417815
0.00015881562004815402
0.0003744222635548014
0.0003744222635548014
0.00030607657458192334
0.00014339750252919834
0.00022384555484023286
0.00011284443764149014
0.00026210337130498504
7.06586292322331e-05
0.00016493966823909369
0.00023117631025298225
0.00022524697560777023
0.00030607657458192334
2.0209908689135773e-05
0.00014650869715650622
0.00014650869715650622
0.0002102440604781308
8.793035695116304e-05
0.0004884918638403123
7.710856044743424e-05
0.000245058277450813
0.00014978371262126832
0.00018805498155165278
0.00014812465624684988
4.6065857401460127e-05
0.0001279256516624819
0.00011101457257395988
0.00023773088560904513
0.0002059519499814336
0.0002881796061521425
7.763355028934876e-05
0.0003744222635548014
0.0007488445271096028
0.0016565046742673599
0.00015955793454794343
0.0007488445271096028
0.00047546177121809025
0.0007488445271096028
0.00038921911381543126
0.0002881796061521425
0.00013623893284550853
0.0003744222635548014
0.00011766940730236573
0.00010666238391993883
8.430539415718363e-05
5.986852449030733e-05
6.655532290799158e-05
0.0003744222635548014
0.0006121531491638467
0.000576359212304285
0.00021485438612938438
0.0002881796061521425
0.00011011943587764106
0.0003744222635548014
0.00014043451744685326
0.0002881796061521425
0.000331300934853472
5.9081033885634965e-05
0.00017671258847793482
0.00023773088560904513
7.11317184100136e-05
0.00015690128663489207
0.00019816543482277543
0.000331300934853472
0.00023117631025298225
0.0003744222635548014
0.00010750880414777443
0.000331300934853472
0.0001850197002065821
0.00013359125977660533
0.0002019369487494835
0.00035872052309367605
0.00013760626100855545
0.0003744222635548014
4.6384072556016495e-05
0.0001274267228585131
0.00011101457257395988
0.0002881796061521425
5.1710183483193806e-05
0.00014978371262126832
3.4249172878665705e-05
0.0002742976389543118
0.00015504410612144593
0.00013105168565249252
0.00022524697560777023
0.000331300934853472
0.0001850197002065821
0.00013900431820511127
0.0002742976389543118
0.000169385196636167
0.00025336538917946033
1.7344425275638397e-05
0.00021983391717926432
0.0006121531491638467
0.00018896986461445185
0.000662601869706944
0.00023334802246740793
0.000576359212304285
7.555966067917505e-05
7.92356369463483e-05
6.354105521860934e-05
3.916311517489627e-05
0.00030607657458192334
0.0003744222635548014
0.00015148822820638616
9.80408102222857e-05
0.00011970929257877459
0.000169385196636167
0.00012861172872672539
0.0003744222635548014
0.000245058277450813
0.00015690128663489207
8.918718610278962e-05
0.0003744222635548014
5.6776662034402356e-05
0.00010419010123242906
0.0003744222635548014
0.0003744222635548014
0.0002629552458805938
0.00015504410612144593
8.200102230595102e-05
0.0003744222635548014
0.0001671227317768013
0.0003744222635548014
0.0003744222635548014
0.0003744222635548014
0.0002881796061521425
0.00014498496678247744
0.00025336538917946033
0.00025336538917946033
0.00014189837150525264
0.00014650869715650622
0.00014189837150525264
0.00011472976152889464
0.0003700394004131642
0.0003744222635548014
1.8965648671216763e-05
5.6400764050424595e-05
0.0003744222635548014
0.0002881796061521425
0.00023773088560904513
0.0002629552458805938
0.00018489009406163416
0.00022667898203752515
0.000662601869706944
0.000662601869706944
0.000331300934853472
0.0002881796061521425
0.0001850197002065821
0.00027643254351983646
5.830338717149684e-05
1.0413987118992645e-05
3.4299834903280685e-05
0.00011667401123370396
8.609147646052098e-05
0.00011377995793356259
0.0003744222635548014
0.000331300934853472
0.00011970929257877459
0.00011660677434299368
0.00029633112841176944
0.00013359125977660533
0.00012861172872672539
7.763355028934876e-05
0.00023773088560904513
2.848710412623567e-05
3.4249172878665705e-05
0.0001850197002065821
8.982525248672458e-05
8.731133764409491e-05
0.00021983391717926432
0.0003744222635548014
0.00011569429134682452
0.00013359125977660533
5.0903645562330084e-05
0.0003744222635548014
0.00011472976152889464
0.0002102440604781308
4.954383034260177e-05
0.00015881562004815402
0.00014978371262126832
6.834568897287816e-05
0.0001218183395377642
0.0002752125220171109
5.3116139978480844e-05
0.0002742976389543118
0.00030607657458192334
0.00011766940730236573
0.0003744222635548014
0.0003744222635548014
9.518003369591125e-05
0.00014978371262126832
9.311760414417906e-05
3.8597557397358335e-05
8.473814264813282e-05
0.00015632601636725616
0.00014612178797310195
2.454692061475729e-05
7.306089398655097e-05
7.763355028934876e-05
0.00010338736845517675
7.710856044743424e-05
0.00034346611485610977
5.1710183483193806e-05
7.06586292322331e-05
6.354105521860934e-05
8.256916257490983e-05
0.0001709808000507918
5.649658058667475e-05
0.0001671227317768013
0.00011472976152889464
0.00011192277742011643
0.00030607657458192334
3.720575601327435e-05
3.2693818690410685e-05
0.00021983391717926432
0.0003744222635548014
0.0002881796061521425
0.0002881796061521425