7.276144746008768e-05
0.0005286058400084839
0.0008578422138067571
0.001260988987431432
0.000903478076000527
0.0004327256609950141
0.0005751936033077147
0.00032409303757907306
0.004513710328499062
0.002756719248468452
0.000857465752387038
0.0012790562428030886
0.00042892110690337853
0.00032767228555548056
0.00010949970319441207
6.682180324757923e-05
0.0001386140583028729
0.00016501702974791493
0.00011649058774493899
0.0010228385788083657
0.0028705636223403165
0.002432988909887694
0.0018025883415743195
0.00027927139051753616
0.00013314691025689333
0.00019333815661333657
7.640973399691946e-05
0.00020563949382170052
0.00026592979976289304
0.0005483487631520952
0.0004023218418675417
0.0006684016498401422
0.00020449662634551801
0.00011140132748100119
4.2507127361375784e-05
0.00018372855172125107
0.011597401660835342
0.007248376038022089
0.007697777931573215
0.0009304701503650684
0.0011086522388503274
0.00015468995984928941
0.0001465358014769611
0.00012889210440889104
0.00028993504152088353
0.0006156328997328781
8.112150933006408e-05
0.0001123686334724022
0.0009515949660970353
9.359222103383965e-05
0.0002556703321781026
3.9316975007350065e-05
8.910014226954061e-05
3.437291777726564e-05
0.00018550879679210956
0.0006411854128423347
5.667616981516771e-05
0.0008137261903514632
0.001368537520120701
0.0007537584931623893
0.0008533380491637031
0.0007044993420274345
0.00011900813439717158
0.00019471340382072225
0.0006404047764403917
0.00016237042021489338
0.0002592599286095672
0.005659969597685107
0.002137696615091578
0.001348511909638071
8.049315874591023e-05
8.99007939758714e-05
0.00014212262681553384
0.00022874832907237696
0.00017765328351941728
0.00010611912189458957
0.0003115878100283197
0.0007902299290743601
0.00019386595494394308
0.0002964718710585638
0.0010982262584667334
0.0003275727736184388
0.001505365850330928
0.0009665048446066544
0.0005398469203796298
3.966937813239053e-05
0.0006244109276004254
0.0019000490915002338
0.0002615548468986846
0.0007709602927033342
0.00021677898606071666
0.00017342270283286887
0.00017672330941709215
0.0001282157722012749
0.0001727719893608969
0.00020244259514236117
0.0006021244252856497
0.0001802370017325295
0.0007153696804772433
4.452652116796988e-05
0.00014322892496574475
0.00016457463033873486
0.00033733052640406037
9.806326958217021e-05
0.00016457463033873486
8.775579409456593e-05
8.709586680456253e-05
0.00038749318495582245
4.101168338342666e-05
0.00011649058774493899
0.00011601746988696707
0.00011169000505618489
7.106437955810539e-05
0.00011255340080748024
6.612535930817613e-05
0.0003371059004172066
0.00032767228555548056
4.2584992653084863e-05
0.00019657154556705994
0.00019871680691505304
0.0004470023248235991
0.00020576940758950445
9.87172455399308e-05
0.00017820028453908123
9.559777775567177e-05
0.0001796997035120335
0.00012418108706006877
4.031412191545608e-05
7.677079606480916e-05
9.530240291186546e-05
8.316843498172375e-05
0.00018399320373546835
0.00017031080817008434
0.00037600486616715486
0.00018117732964645434
0.0015459066399342463
0.0003982940385278678
0.00011121476908138694
7.691765903487047e-05
0.000564512193874098
0.0005868811057559099
0.00020140615142139216
0.00030121416518736873
0.00022722117231493863
0.00014855289748228628
0.0006579332834293954
0.0001943068148774762
0.00031154144611315556
0.00021529254500929595
0.002688877291599529
0.002665205679807985
8.13496511475781e-05
8.843260157882463e-05
0.00011468870722578039
0.000360474003465059
0.00018856979435948442
6.524008232591627e-05
0.00047504369224257297
0.00014763235931017948
5.721461427739024e-05
0.0011158563849608277
0.00012927966136790596
6.911527058155134e-05
0.0006289853985722883
0.00041695819614748523
4.6484113474962355e-05
0.00011805741054786908
0.00022456422516350854
6.021097072907754e-05
0.00015464843677628968
9.483632010089013e-05
9.88698357259318e-05
0.00013884282346336685
0.0003878389841037179
0.00024836217412013754
0.000141329717467948
6.628135385229417e-05
6.124561151853439e-05
0.0001773952282266488
0.00015696552411413765
0.00019917140785823874
0.00022722117231493863
6.98409281110494e-05
0.00011123673821485806
0.0003612983101011944
0.00010281974691085026
0.0001236725311947397
0.00010889784376772339
0.00015029064484207733
7.917394870709549e-05
9.688276207162974e-05
0.00020249764269579588
0.0010087911899451455
0.00037121260743503586
0.0011086522388503274
0.011250127092963405
0.026541455129993927
0.00042892110690337853
0.007720579924260815
9.18927202701865e-05
0.00011804613805239413
0.00013966992840872073
0.0009019270406014823
4.28732876193519e-05
6.755661230812548e-05
0.0001923856808108868
0.00013898606538249506
0.00016869315093940917
5.0125390801965914e-05
0.00013485119096380712
0.0002403114582536011
0.0001366761262005172
6.68941891854432e-05
0.00014552289492017535
0.000282659434935896
0.00010985737446823442
3.90216103581752e-05
0.0001513449559467367
0.00021899940638882414
2.569824917213615e-05
0.0001334683914963754
0.00028590720873559637
0.00024447310813483034
0.0001640643987029791
2.684820112762079e-05
8.344200943420875e-05
0.000148013624693891
0.000114956947326315
0.00020299863955971633
1.3994177544989005e-05
7.820480137499154e-05
0.0002403539569000126
0.0007201473552237872
0.0016870216261863431
0.00012042488505712993
0.0002381765058765251
0.0006761774593330305
0.00017136624485141708
0.00022135618655125318
0.00011804613805239413
8.26876410225328e-05
4.405048666737366e-05
0.0005364291224900556
0.00020804805220468145
0.00013108187260988768
0.00015943730752950478
0.00015464843677628968
0.0001465358014769611
0.0005059273331900324
6.865753713286828e-05
0.00046024584969096784
0.0001728876860509433
0.00016736720833938074
0.00012688229323160022
0.0002521977974862864
0.00014352491831962994
0.00018399320373546835
0.00015938562630736652
0.00012283327370369465
0.000360474003465059
0.00028993504152088353
0.00015464843677628968
5.9487242025713234e-05
9.05074065177826e-05
0.0003351263481436908
0.000222885491841343
4.0872519988196454e-05
0.00017684763770776466
7.311583982503445e-05
0.00022437210293935826
8.516276427635719e-05
4.944247575223472e-05
0.00020382091559606756
0.00028993504152088353
0.0003870679375829466
0.00012418108706006877
5.4567500258325895e-05
0.000244369415516122
0.0010622267897202108
5.9030693475725583e-05
8.775483965021957e-05
8.391113823817231e-05
8.644384302547165e-05
0.00019181575814972257
0.00022881658852965054
0.0002554882928290716
9.058866482322717e-05
0.00010949970319441207
3.948711864941238e-05
0.00021446055345168927
2.6889975598862356e-05
0.00011444680871393104
0.0004305850900185919
0.00012203510680989382
0.00012252462136125078
0.0026786016888008107
0.002029545290646185
0.00028312588652670807
9.775600171873941e-05
0.0009263088798772024
0.00021343701861289968
0.00011959154709857765
0.00012949330784688113
0.00015464843677628968
0.0001763842058170138
0.00017672330941709215
0.00015834789741419098
0.00017672330941709215
2.8836211093849553e-05
0.00022173044777006547
6.393858604990752e-05
4.90260826266325e-05
0.00010167904108581207
3.4166374833037795e-05
0.00020820534708999633
0.0003942457406839272
0.00015084020894683516
0.00046024584969096784
0.0004160961044093629
0.00032767228555548056
0.00014611979697262367
0.00016457463033873486
0.00015614318725898704
4.737625303873692e-05
0.00010583052349020829
0.00020231187437333195
0.00032767228555548056
0.00018802788887667448
0.0001923856808108868
0.00016736720833938074
0.0001482359355292819
6.086848680063505e-05
0.0003820486699845973
0.0003541722316436073
0.00011123673821485806
0.00016462977165114252
9.118103255654847e-05
6.8128271001732e-05
4.2931455155195705e-05
0.00017672330941709215
0.00012006877144781367
0.00011053175422834534
0.0002008094434582458
0.00015005565017990645
0.0001405950553823867
3.1605112931989e-05
0.0011086522388503274
5.1362898234943504e-05
0.00016191833109466586
0.0006080095107731294
0.0005524076137191865
0.00012771494994959974
9.23477884071504e-05
0.0001462559597008712
0.0001923856808108868
0.0003536952754155293
6.657345512844666e-05
0.0001892636749066642
3.4134361415193124e-05
0.000114956947326315
9.559777775567177e-05
7.368783615223022e-05
4.555870873350573e-05
0.00045727785378113256
9.8754797439544e-05
0.0001462559597008712
0.00026786016888008106
0.0001948263959634982
0.00020449662634551801
0.00015307105898616753
8.208605109125932e-05
7.860976402279356e-05
0.00015464843677628968
0.00010297732636051336
0.00016889153077031372
0.00016457463033873486
5.524076137191865e-05
0.0002521977974862864
0.00032767228555548056
0.00012203510680989382
9.937517303802502e-05
0.00022099738298936956
0.00022173044777006547
7.917394870709549e-05
0.00017672330941709215
9.23477884071504e-05
0.00021446055345168927
1.8117732964645432e-05
0.00023012292484548392
9.261383458497795e-05
7.106131340776692e-05
0.00023012292484548392
2.5228587641501865e-05
6.463983068395298e-05
7.952278591313477e-05
0.00018802788887667448
5.529221646524107e-05
0.00014807586830989621
5.251055201196462e-05
0.0003250452778774556
0.0002152873774794449
0.00032767228555548056
0.00048009823681585814
0.0002095250273266705
0.00021250345491904764
0.00020231187437333195
0.00014244263863156926
4.9031634791085106e-05
0.00015721952804558713
5.9812116675399576e-05
0.0001047868044294435
4.464877109275224e-05
3.948245925712077e-05
0.00017342270283286887
0.0001286198628580557
0.00019880696478283695
0.000221235790523923
9.31804004898342e-05
3.089957388116462e-05
0.0003942457406839272
0.0002681010785149526
8.453335455151693e-05
7.805136595005318e-05
0.0001971228703419636
0.00022437210293935826
0.0001943068148774762
7.519058938957598e-05
3.193874448981365e-05
6.794030519868919e-05
0.00014739797068768682
9.637003658791678e-05
0.0005043955949725728
0.0006553445711109611
5.154866655740744e-05
7.190461018656716e-05
0.00016354451845915747
0.00014757673368931396
7.668748372054152e-05
0.00017086554040291062
0.0004104302554562966
0.000288690942453833
0.0004221437111853315
0.00034805240966090124
7.989517905021627e-05
0.00011049869149468478
0.00013898606538249506
0.00024329676454553883
0.00011337127428962233
0.00015718020664416525
5.154866655740744e-05
8.401359431446411e-05
0.00024836217412013754
9.870614814280193e-05
0.00010204737265744502
4.61738942035752e-05
0.00010124882134789794
0.00015217121700158761
0.00015849665340372413
3.948711864941238e-05
0.0011086522388503274
0.00023012292484548392
2.663172635007209e-05
0.0002498878583043085
0.00010566443560248275
5.824529387246949e-05
9.957350963196695e-05
0.000147271172503455
0.00022173044777006547
0.00012359829552465847
0.0001923856808108868
0.0002458000166219086
4.7805128190087235e-05
0.00010949970319441207
0.00013774196631544455
0.0001385216826107256
0.0009830168566664417
0.0002195063622015233
0.00023068968875079643
0.000284446016387901
0.00025175768927674025
0.00010297732636051336
0.0001229000083109543
0.0001407145703951105
0.00031877125261473303
0.00010722084303657815
7.640973399691946e-05
9.74131979817491e-05
0.00010123980202773705
6.794030519868919e-05
0.00013024113462638498
0.00015696552411413765
0.00011049869149468478
0.00011123673821485806
5.709907606629302e-05
0.00011468870722578039
0.00016736720833938074
0.00017824849021242292
9.557274561326881e-05
4.5294332411613586e-05
4.237278673968506e-05
0.0003030638419086517
0.00044606541420347495
0.00029812551911407507
0.00011741918046351633
9.483632010089013e-05
0.00029223959394524733
0.0001923856808108868
0.00012549303812916303
0.00032767228555548056
0.00032555614699882236
0.00026216374521977536
7.640973399691946e-05
0.00022173044777006547
0.0003555190687617414
6.26866455561677e-05
0.0001810148130355652
0.00018642208445050464
0.00013731075366656405
6.702526962873815e-05
7.669248044102863e-05
8.26876410225328e-05
0.001638361427777403
0.00015464843677628968
4.08769626010392e-05
0.0003240139205641298
0.00016561163542282994
9.261383458497795e-05
1.1294390756487992e-05
3.834624022051431e-05
0.0001971228703419636
0.00021446055345168927
7.853272243677132e-05
0.00035413841415718244
0.00018802788887667448
0.0005455149154355731
0.0002480629230675984
0.00047815687892209963
0.0003704553383399118
4.4489463832125134e-05
0.00015696552411413765
0.00014709490437325533
9.87172455399308e-05
7.896491851424154e-05
0.00017956994624185224
0.00027519259534732044
0.00017159907137063467
8.049315874591023e-05
0.00011255340080748024
0.0005148866318025669
0.00027803692270346735
9.8754797439544e-05
0.00018802788887667448
0.00026786016888008106
2.9288025594141042e-05
0.0005528283349856902
0.0005509678652617782
0.0002472123787611736
0.00018183830514519102
8.579953568531734e-05
0.0001341072806225139
0.00013108187260988768
6.702526962873815e-05
0.00014249975769793237
3.339489087597741e-05
2.9743621012856617e-05
0.0001296299643047836
2.2915278518177092e-05
3.629928125590779e-05
7.468527206903582e-05
6.152414951361717e-05
0.00020231187437333195
0.0001236725311947397
0.00035538406784471144
0.00021446055345168927
0.00010297732636051336
7.208373096334905e-05
0.00012418108706006877
0.00020231187437333195
0.000360474003465059
0.0008698051245626506
0.00012450057069582671
0.0002521977974862864
5.3091403247558944e-05
0.0004419947659787391
0.001995574029930589
0.0002739081906028577
0.0001624664287067682
0.0003115878100283197
0.00015566869561562584
0.00011151635355086874
0.00013257356413548725
0.0001462559597008712
0.00010386260334277322
9.481533879596701e-05
5.99457128910531e-05
0.0001923856808108868
0.001396014395637668
7.534218342370526e-05
8.86976141133244e-05
0.0001802370017325295
0.0002713709175965435
0.00016438685264892288
7.377910951627163e-05
0.0003902568297502659
0.00011045337937759127
0.00020028191524937934
3.231991534197649e-05
0.00010254024918936195
0.00015948808238365833
0.00032767228555548056
0.0001282157722012749
5.102368632872251e-05
2.2674254857924464e-05
6.338170751016415e-05
0.00016191833109466586
7.326790073848055e-05
0.00032767228555548056
5.709907606629302e-05
0.00019944186927942954
6.225028534791336e-05
0.000114956947326315
7.534218342370526e-05
0.00026786016888008106
0.00010133491846218822
0.0002645014372327045
0.0005171186454716239
0.0002172935273116807
5.9023069026197065e-05
8.516276427635719e-05
9.118103255654847e-05
0.00010003710011993763
0.0003196929302495376
0.00030780585276473315
9.559777775567177e-05
0.0001104815227438373
0.00033287822342723894
0.00028993504152088353
0.0003944368512776011
7.534218342370526e-05
2.0701454427853742e-05
0.00020266983692437645
6.21202669932228e-05
6.748086504745372e-05
5.9030693475725583e-05
2.7045353812188382e-05
0.00014755821903254327
0.000222885491841343
6.711038180715483e-05
0.0002484379325950626
0.00044267465709762983
0.00025376458646320045
0.00021958241116804242
7.896491851424154e-05
5.170423687546918e-05
5.9416163404140975e-05
0.00014212262681553384
0.00012960556822565192
0.0001759802437713077
2.7592112026799058e-05
7.429516394711433e-05
5.323124081635608e-05
0.00013424100563810395
0.00036855222332379345
0.0007201473552237872
0.0007035728519755525
0.00023752184612128648
5.812329931081879e-05
0.002501013850541529
7.074608126305971e-05
0.00014009681370196226
0.000282256096937049
6.266747769452581e-05
0.00010759693896413946
8.516276427635719e-05
5.0018550059968814e-05
9.110420977444064e-05
2.472123787611736e-05
0.00032555614699882236
8.842381885388233e-05
0.0003154394581777737
0.00016736720833938074
0.00018399320373546835
0.0001407145703951105
0.000257398607055952
0.0001443454712269165
3.90216103581752e-05
0.00011804613805239413
9.060918349227628e-05
0.00018183830514519102
0.00010755509166398114
0.00011805741054786908
0.00015464843677628968
9.559777775567177e-05
0.0001482359355292819
0.00023012292484548392
0.00031854841948535367
0.00020119507139934603
0.00016349007995278581
0.0016071610132804863
0.00010722084303657815
0.0007565933924588592
0.000205210966577626
0.0005575817677543437
0.00032976934075854534
5.4750252892360335e-05
0.0001282157722012749
7.481615677288314e-05
5.6722304079364956e-05
4.229409774386674e-05
0.00016457463033873486
0.0001056775492332863
0.00016191833109466586
0.00010831095247117878
8.391113823817231e-05
8.910014226954061e-05
4.6796110516919825e-05
9.806326958217021e-05
0.00011764265746975856
0.00018399320373546835
0.0001236725311947397
8.203219935148956e-05
5.379846948206973e-05
0.00032767228555548056
0.00012042488505712993
0.00021478560902096633
0.0002964718710585638
0.00032767228555548056
0.0002521977974862864
0.0010330647473658344
0.0001935339687914733
0.0002244484703186494
0.00019875034607605004
0.0003457753721018866
0.0023194803321670682
0.0021428813510406485
2.6235251233537997e-05
0.0004552400527372332
9.296822694992471e-05
4.968758651901251e-05
0.0013898606538249507
0.00011440829426482527
0.0006126372865155979
7.749863699116448e-05
4.765120145593273e-05
3.9761392956567385e-05
4.575104869426647e-05
9.794821476367465e-05
7.481615677288314e-05
4.143670467249837e-05
0.00015499727398232896
0.0005873779676672063
0.00011361058615746931
0.000720948006930118
0.0006097038050415101
0.00023012292484548392
0.00041042954787323785
0.0001773952282266488
7.437472298351805e-05
7.917394870709549e-05
0.0019660337133328835
2.9743621012856617e-05
0.00034684540566573774
0.00010386260334277322
5.634812161108587e-05
0.0002964718710585638
0.00016237042021489338
0.0001802370017325295
0.0002990605833769979
0.00017167021307089658
9.393534437081306e-05
4.0568030718282574e-05
2.6235251233537997e-05
0.00032849910958323626
6.142537055396557e-05
6.904483597128351e-05
2.391646238312646e-05
0.00012304829902723435
0.00018260546040190515
0.0011597401660835341
0.00023012292484548392
6.179914776232924e-05
0.0001923856808108868
8.709586680456253e-05
9.261383458497795e-05
0.00016093230560581013
0.0001157886099846503
0.00020772520668554644
9.794821476367465e-05
8.329595276810284e-05
6.657345512844666e-05
0.0001386847139331722
9.118103255654847e-05
4.0367352189242994e-05
6.0612768381730335e-05
9.2124955277771e-05
0.00017342270283286887
4.1721004717104375e-05
8.793694908074785e-05
3.074973734973402e-05
6.480278411282596e-05
0.00020595465272102672
0.0001728876860509433
0.0001958964295273493
0.0002964718710585638
5.035153785534804e-05
4.61738942035752e-05
8.650863328154867e-05
0.00011846135594823714
0.0001104815227438373
0.00023611482109573816
4.6484113474962355e-05
9.637003658791678e-05
9.957350963196695e-05
0.00022722117231493863
9.261383458497795e-05
6.93423569665861e-05
0.00011715210237656417
3.645482967415703e-05
9.483632010089013e-05
0.00017342270283286887
0.00022937741445156078
4.375379201034633e-05
0.00023752184612128648
0.00024836217412013754
0.002029545290646185
0.0001923856808108868
0.00026786016888008106
0.00035913989248370447
0.00012787717209981504
0.00032767228555548056
0.00024004911840792907
4.6484113474962355e-05
0.0005575817677543437
0.00022173044777006547
6.351157731330084e-05
4.464877109275224e-05
0.00026786016888008106
0.0006553445711109611
0.0001296299643047836
0.0013106891422219223
5.8624632720498566e-05
0.00011468870722578039
7.208373096334905e-05
0.000257398607055952
0.00032767228555548056
0.001132634352075953
1.8424746335960852e-05
0.010157840852219898
4.21806740886227e-05
0.00012993709504958883
0.001638361427777403
5.597649330925073e-05
0.001260988987431432
0.00032767228555548056
0.0017396102491253013
0.007828246121063856
9.118103255654847e-05
0.00016191833109466586
0.0001923856808108868
0.0001056775492332863
2.024148921970275e-05
7.695146319118329e-05
0.0001923856808108868
0.0008709586680456252
0.00032767228555548056
0.00029626439231863203
2.2875524347133235e-05
0.00016180490743942182
7.534218342370526e-05
0.0009830168566664417
0.00016417210218251863
0.0002521977974862864
0.00026786016888008106
0.0010087911899451455
0.00032767228555548056
0.00032767228555548056
0.00010124882134789794
0.00026272368581505386
0.00031877125261473303
0.0001802370017325295
5.524076137191865e-05
4.90260826266325e-05
0.0013106891422219223
0.00013963569525876808
8.483080831765151e-05
0.00012164838227276941
0.0002521977974862864
0.0002540949687913546
0.00011785612147467776
8.516276427635719e-05
0.00022173044777006547
0.0003649451468183083
5.344378852195137e-05
0.00012164838227276941
5.812329931081879e-05
3.6849492671921704e-05
6.291246609476274e-05
0.00020231187437333195
0.0009204916993819357
7.126975593448811e-05
0.00020231187437333195
0.0001852276691699559
0.00022173044777006547
0.00010409545817265802
6.612535930817613e-05
0.0001482359355292819
0.00017672330941709215
8.090245371971091e-05
5.035153785534804e-05
0.00020804805220468145
0.0002854953803314651
8.287340934499675e-05
0.00028993504152088353
0.00032767228555548056
6.480278411282596e-05
0.00012949562905534143
0.00017672330941709215
6.308789163555474e-05
0.00012549303812916303
0.00023301475639906727
4.52537032588913e-05
8.401359431446411e-05
0.00022173044777006547
0.00017672330941709215
8.75175866866077e-05
4.871830858566503e-05
0.0003679864074709367
0.0002778415037549339
0.00032767228555548056
0.00020595465272102672
0.0025735266414202715
0.00027803692270346735
5.451483948638582e-05
5.6722304079364956e-05
3.9859326882376194e-05
0.00026935491936277837
0.0005964208943485108
0.000445770983682686
0.0004289976784265867
0.00032767228555548056
0.00017031080817008434
0.00014212262681553384
0.00026786016888008106
0.00011049869149468478
0.0011597401660835341
0.00032767228555548056
0.00017031080817008434
0.00014322892496574475
0.00015696552411413765
0.00013774196631544455
5.240268403062082e-05
0.00011805741054786908
6.657564468544779e-05
4.742552024176008e-05
5.196338230599456e-05
0.00015721952804558713
2.9743621012856617e-05
3.5024203425490566e-05
9.118103255654847e-05
5.035153785534804e-05
8.579953568531734e-05
0.00010003710011993763
0.0006379523295346333
8.209116100496141e-05
0.00030485190252075504
8.516276427635719e-05
5.9416163404140975e-05
4.1721004717104375e-05
3.527684116340276e-05
0.00032767228555548056
0.00012177781516117005
0.00024004911840792907
0.00021446055345168927
0.00017672330941709215
6.133282298255643e-05
0.00019972036538534
0.00011922828007954055
0.000530294256541949
0.00011805741054786908
0.0001443454712269165
9.559777775567177e-05
0.00012549303812916303
0.00020231187437333195
7.534218342370526e-05
3.3532511899891e-05
0.00030563893598767783
0.00032767228555548056
0.00010476251366333525
0.00031677592281223916
7.640973399691946e-05
7.225966202023888e-05
5.6722304079364956e-05
0.00032767228555548056
0.00028679333326701536
4.8383492197868326e-05
0.0002521977974862864
0.00020231187437333195
0.00018399320373546835
0.00020804805220468145
0.00020804805220468145
0.00017031080817008434
7.157132216054441e-05
0.00028993504152088353
0.00017824849021242292
9.71534074387381e-05
8.86976141133244e-05
0.00011601746988696707
0.0002564315444025498
4.9254696602976846e-05
0.00032767228555548056
0.00020567215818940472
8.174503997639291e-05
0.00014709490437325533
5.170423687546918e-05
0.00021677898606071666
0.00019274007317583356
0.0001923856808108868
0.0013106891422219223
4.742552024176008e-05
9.870614814280193e-05
0.00015464843677628968
7.749863699116448e-05
0.0002521977974862864
9.794821476367465e-05
6.101755340494691e-05
0.0001462559597008712
0.00024004911840792907
0.00022133732854881492
0.00024407021361978764
0.00012164838227276941
0.0001341072806225139
0.0002612876004136876
0.00045590516278274236
0.00011805741054786908
0.00011468870722578039
0.00020804805220468145
0.00013568545879827175
8.453335455151693e-05
0.0002632673822836978
0.0002451581739554255
0.00014253951186897623
6.293607570512927e-05
5.5658151459962344e-05
0.00020804805220468145
0.0001728876860509433
0.00010851871566627412
0.00021446055345168927
0.0001624664287067682
0.00016457463033873486
0.000360474003465059
0.00032767228555548056
0.00032767228555548056
0.00012702315462660168
0.00020804805220468145
9.18927202701865e-05
0.00011151635355086874
0.00012011116800093126
0.00012177781516117005
0.0019660337133328835
0.0001250909835426745
0.00016064033302654393
0.0006553445711109611
4.031412191545608e-05
3.707891273828602e-05
0.00014755821903254327
0.00010070307571069608
8.26876410225328e-05
4.115388151790089e-05
7.326790073848055e-05
0.00010871046723813991
0.00028993504152088353
6.840365552587534e-05
0.00010759693896413946
0.00037605577775334895
0.00010851871566627412
9.548594997716316e-05
0.0005043955949725728
1.8610877576488763e-05
0.00011151635355086874
0.00015822385239624203
8.99007939758714e-05
0.00022173044777006547
9.794821476367465e-05
0.00013774196631544455
1.993192451642961e-05
0.0001407145703951105
0.00024004911840792907
0.00020804805220468145
0.00032767228555548056
0.0003612983101011944
0.0019660337133328835
2.577433327870372e-05
0.00016180490743942182
0.0002779721307649901
0.00015904557182626954
6.560863251636558e-05
0.0001443454712269165
0.0001971228703419636
6.0715272834013605e-05
7.062131123280842e-05
6.80227645737734e-05
4.6155081327231083e-05
0.00027438295275190416
0.00014156294326335403
0.00011691119274169258
0.00018967264020178026
0.00020804805220468145
0.0001443454712269165
9.340121736937552e-05
6.887098315772228e-05
0.00039772069240646176
0.0001493651630533541
8.775579409456593e-05
0.0001465358014769611
0.00021089258307358007
9.74131979817491e-05
0.00020231187437333195
5.709907606629302e-05
0.00024004911840792907
0.00012261755996458937
0.00019274007317583356
0.00010949970319441207
0.00013108187260988768
0.0001923856808108868
0.00012164838227276941
9.8754797439544e-05
0.00011468870722578039
0.0002746215073331281
0.00017031080817008434
5.9030693475725583e-05
0.00013108187260988768
7.481615677288314e-05
0.00020231187437333195
0.00023012292484548392
0.00026786016888008106
8.644384302547165e-05
0.00016191833109466586
0.0001802370017325295
6.568092145376347e-05
0.00026786016888008106
7.924832670186207e-05
0.00026786016888008106
0.00016191833109466586
0.00020804805220468145
0.0002779721307649901
6.480278411282596e-05
0.00026786016888008106
0.0015131867849177184
0.00016237042021489338
7.001406934928616e-05
0.0003383527819509339
4.454786883171948e-05
0.0001482359355292819
0.00015029064484207733
0.00032767228555548056
8.26876410225328e-05
6.021097072907754e-05
8.032016651327196e-05
0.00023012292484548392
0.00014335911841990324
8.090245371971091e-05
0.0001802370017325295
0.00011255340080748024
0.00017031080817008434
0.00028911010976375036
0.00048659352909107765
9.957350963196695e-05
0.00026695268661792564
0.00011195298661850146
0.00023012292484548392
0.001000369021485383
4.031412191545608e-05
0.00012081224465636836
8.99007939758714e-05
0.00024004911840792907
0.00012011116800093126
0.00017672330941709215
0.00013568545879827175
4.742552024176008e-05
0.000183785440540373
5.6722304079364956e-05
8.401359431446411e-05
0.00010059753569967302
0.0002521977974862864
0.00021827000103330358
9.483632010089013e-05
0.0002209630454876746
0.00014519712502363116
9.05074065177826e-05
2.3483836092703266e-05
0.0001282157722012749
2.5987419009917766e-05
0.0002521977974862864
0.00024004911840792907
5.415547623558939e-05
0.00017159907137063467
3.355519090357742e-05
0.00012450057069582671
0.00011468870722578039
0.00015511271062640755
0.00026786016888008106
0.00012164838227276941
0.00022722117231493863
0.00010618280649511789
6.568092145376347e-05
8.644384302547165e-05
0.0010441621646725358
9.794821476367465e-05
0.0002095250273266705
7.58733421228722e-05
0.0001236061893805868
0.00011049869149468478
9.8754797439544e-05
5.1362898234943504e-05
6.101755340494691e-05
0.0001923856808108868
6.416120718957386e-05
0.0002585211843773459
0.00018399320373546835
5.977374371688932e-05
4.90260826266325e-05
0.00032767228555548056
0.0003534466188341843
9.047852816667779e-05
0.0003534466188341843
0.0001407145703951105
0.00015464843677628968
0.00011121476908138694
0.00034671178483293056
0.00011361058615746931
0.00032767228555548056
0.00020595465272102672
3.1898442432480936e-05
9.637003658791678e-05
9.637003658791678e-05
0.0002521977974862864
5.379846948206973e-05
0.0001923856808108868
0.000251733414714517
5.170423687546918e-05
0.00032767228555548056
0.00032360981487884364
7.078147163167702e-05
0.0001056775492332863
2.193870991255489e-05
0.0005575817677543437
0.00012418108706006877
7.481615677288314e-05
8.991856933657965e-05
6.904483597128351e-05
7.58733421228722e-05
5.204772908632901e-05
9.637003658791678e-05
0.00010851871566627412
6.93423569665861e-05
5.1124156586379504e-05
1.4829821277375042e-05
0.0006433816603550679
7.519058938957598e-05
0.00018802788887667448
0.00026786016888008106
5.74784736631575e-05
0.00012261755996458937
9.71534074387381e-05
5.863279255331968e-05
0.00032767228555548056
0.00010949970319441207
0.00020231187437333195
0.0002521977974862864
4.601249023232491e-05
2.577433327870372e-05
8.978497312092612e-05
0.00010812559644502359
0.00019274007317583356
0.0005798700830417671
0.00011361058615746931
4.6484113474962355e-05
0.00012549303812916303
5.634812161108587e-05
6.840365552587534e-05
0.00010386260334277322
0.00017419173360912505
0.00012164838227276941
0.00016782227647634462
6.568092145376347e-05
7.640973399691946e-05
6.3210225863978e-05
0.00011922828007954055
0.0002564315444025498
0.00013963569525876808
0.00012042194145815508
0.00032767228555548056
6.840365552587534e-05
0.00012164838227276941
0.00032266527499194347
0.00021446055345168927
0.00028993504152088353
4.375379201034633e-05
0.00011361058615746931
0.00011049869149468478
0.00010949970319441207
0.00010949970319441207
3.1133739123125166e-05
9.559777775567177e-05
7.481615677288314e-05
0.00018399320373546835
0.0002682145612450278
0.00017136624485141708
0.0001465358014769611
4.93586227699654e-05
0.00026786016888008106
0.00023012292484548392
0.00018399320373546835
0.0005519796112064051
0.00021236561299023578
5.588735483833271e-05
0.00021703743133254824
0.00015242595126037752
7.311583982503445e-05
0.0003942457406839272
0.0002651471282709745
0.0001021062144192663
9.483632010089013e-05
3.319523464303979e-05
6.351157731330084e-05
5.722340435696552e-05
7.311583982503445e-05
0.00010409545817265802
8.453335455151693e-05
0.0006126372865155979
4.28732876193519e-05
3.066641149127821e-05
4.454786883171948e-05
0.000197509594879088
9.794821476367465e-05
0.00032767228555548056
7.126975593448811e-05
0.00018802788887667448
0.00010902967897277164
5.9023069026197065e-05
9.334462857529057e-05
0.00010548256826416134
5.379846948206973e-05
0.00023012292484548392
4.0592605053723344e-05
6.393858604990752e-05
0.00022303270710173748
0.0011597401660835341
0.000288690942453833
0.0001923856808108868
8.929754218550448e-05
4.3165209685113806e-05
3.9214219156586183e-05
0.00017419173360912505
8.118521010744669e-05
8.277633608039718e-05
7.176245915981497e-05
8.329595276810284e-05
0.00018236206511309695
0.00028993504152088353
0.0008891620823862119
6.43689703846692e-05
0.0001971228703419636
7.126975593448811e-05
0.00028993504152088353
4.258292247867485e-05
0.00028993504152088353
0.0001282157722012749
0.00012683738630413772
5.1362898234943504e-05
0.00011691119274169258
0.00018802788887667448
2.772281166057458e-05
6.657345512844666e-05
0.00011468870722578039
0.00032849910958323626
0.0005043955949725728
0.0002132164543846388
0.0002480629230675984
0.00014963231354576628
4.844138103581487e-05
0.0002564315444025498
0.00017672330941709215
2.227393441585974e-05
3.5373040631529853e-05
0.00015242595126037752
0.00020140615142139216
0.00026786016888008106
0.00016064033302654393
5.3610421518289074e-05
0.0001482359355292819
3.1605112931989e-05
0.00018399320373546835
8.032016651327196e-05
6.225028534791336e-05
8.516276427635719e-05
1.8610877576488763e-05
0.00015464843677628968
0.00011151635355086874
0.00035480602373499654
4.0592605053723344e-05
9.986346702817169e-05
0.00011440829426482527
3.0434243400317524e-05
0.0001482359355292819
4.494745338896088e-05
7.952278591313477e-05
0.00013257356413548725
0.0004046237487466639
0.00010851871566627412
0.00016237042021489338
0.00034684540566573774
0.00017031080817008434
0.0001462559597008712
4.61738942035752e-05
6.524008232591627e-05
0.00013898606538249506
0.00018802788887667448
0.00013568545879827175
6.43689703846692e-05
0.00032767228555548056
0.00014352491831962994
0.00015696552411413765
7.377910951627163e-05
7.58733421228722e-05
5.6722304079364956e-05
3.4025215125217865e-05
0.00020231187437333195
0.00013971838709583178
0.00024836217412013754
0.00015068436684741052
9.261383458497795e-05
8.910014226954061e-05
8.344200943420875e-05
3.3532511899891e-05
6.141663685184732e-05
7.534218342370526e-05
0.00020804805220468145
0.00019336244981161177
0.00042178516614716015
8.208605109125932e-05
5.0701295201915255e-05
0.00011804613805239413
4.968758651901251e-05
0.0001798015879517428
8.149103604494345e-05
0.00015834789741419098
3.834624022051431e-05
6.904483597128351e-05
6.840365552587534e-05
7.326790073848055e-05
0.00015242595126037752
7.805136595005318e-05
0.00014253951186897623
0.0002651471282709745
0.0001405950553823867
0.000288690942453833
0.00013731075366656405
0.00020804805220468145
0.005892923715361784
0.00043022036665592457
0.00016191833109466586
4.696767218540653e-05
0.00012164838227276941
3.2560283656596245e-05
0.0006865537683328203
0.0013161952221367214
0.000720948006930118
0.0003115878100283197
8.579953568531734e-05
0.0002042124288385326
0.00024004911840792907
0.00037147581973557165
0.00032767228555548056
0.00026786016888008106
3.2560283656596245e-05
0.00018399320373546835
0.00045087193452623205
5.274128413208067e-05
0.0001443454712269165
0.00011255340080748024
0.00020231187437333195
0.0008035805066402431
0.00032767228555548056
0.0002113550984665726
8.51658449573497e-05
0.00032767228555548056
0.00023012292484548392
0.0001066082271923194
0.0001229000083109543
0.00028993504152088353
2.997285644552655e-05
0.00028993504152088353
0.00016457463033873486
4.0872519988196454e-05
8.978497312092612e-05
0.00010949970319441207
1.5706544487354263e-05
0.0005798700830417671
0.0004046237487466639
0.00015242595126037752
6.524008232591627e-05
0.0001802370017325295
1.535415921296183e-05
8.090245371971091e-05
8.185125038748885e-05
0.0002392484667015983
0.00015685687662634473
7.225966202023888e-05
0.00021899940638882414
0.00024836217412013754
5.9023069026197065e-05
0.00016457463033873486
7.326790073848055e-05
0.0004160961044093629
4.229409774386674e-05
0.00013731075366656405
0.00010851871566627412
0.0002521977974862864
0.0003847713616217736
0.00018802788887667448
9.05074065177826e-05
0.00011269624322217174
3.1133739123125166e-05
0.00017342270283286887
0.00032767228555548056
0.00010124882134789794
0.00023012292484548392
0.00016180490743942182
0.00022937741445156078
8.842381885388233e-05
0.0002535064760095763
2.8165442837098743e-05
5.634812161108587e-05
0.00017820028453908123
6.308789163555474e-05
0.00013898606538249506
0.001638361427777403
0.0026213782844438445
0.0001004047217291229
9.806326958217021e-05
0.00024004911840792907
8.842381885388233e-05
8.391113823817231e-05
6.702526962873815e-05
0.00024004911840792907
7.58733421228722e-05
0.0001482359355292819
3.948711864941238e-05
0.00010949970319441207
8.401359431446411e-05
0.00011468870722578039
0.0002042124288385326
0.00032767228555548056
0.0009830168566664417
4.8383492197868326e-05
0.00022510680161496048
8.842381885388233e-05
0.0004160961044093629
0.00010476251366333525
0.00020804805220468145
4.968758651901251e-05
5.487659055038083e-05
2.663172635007209e-05
0.00026786016888008106
0.0003507335782250778
0.0006651913433101964
0.00017032552855271438
1.4656158180124642e-05
0.0001971228703419636
5.99457128910531e-05
0.00028993504152088353
0.00010755509166398114
0.00012617578327110948
6.840365552587534e-05
0.0016071610132804863
0.0005974410577918017
7.860976402279356e-05
9.05074065177826e-05
0.00010476251366333525
0.00017031080817008434
4.115388151790089e-05
0.0001282157722012749
0.00010755509166398114
0.00010297732636051336
0.00022173044777006547
0.0001482359355292819
0.00013496173009490745
8.989490677792176e-05
0.00032767228555548056
6.612535930817613e-05
0.00017342270283286887
0.00028911010976375036
9.118103255654847e-05
2.3242757470736598e-05
3.30442275970799e-05
0.0002198037022154417
5.204772908632901e-05
8.644384302547165e-05
3.0434243400317524e-05
2.2875524347133235e-05
3.0434243400317524e-05
8.842381885388233e-05
0.0008032377738329832
6.854649794056684e-05
0.00023382238548338516
0.00011344460815872991
6.840365552587534e-05
0.0002521977974862864
5.634812161108587e-05
0.00019119555551134354
0.00028993504152088353
0.00028993504152088353
7.078147163167702e-05
5.524076137191865e-05
0.0001971228703419636
0.00012533495538905162
0.0001517466842457444
5.74784736631575e-05
0.00011255340080748024
3.39163410510783e-05
9.118103255654847e-05
0.0001341072806225139
4.968758651901251e-05
6.794030519868919e-05
0.00022173044777006547
0.00010386260334277322
2.247372669448044e-05
0.0003291492606774697
0.001638361427777403
0.0001983760779245284
5.487659055038083e-05
0.0001923856808108868
0.0014496752076044177
0.0013106891422219223
0.00032767228555548056
0.00032767228555548056
9.957350963196695e-05
0.00011962423335079915
0.00046024584969096784
0.00010386260334277322
0.0001624664287067682
0.00011151635355086874
0.00010386260334277322
7.276144746008768e-05
3.5785661080272206e-05
0.00016736720833938074
4.742552024176008e-05
8.032016651327196e-05
6.657345512844666e-05
0.00010476251366333525
0.00012164838227276941
0.00024004911840792907
0.00016457463033873486
7.860976402279356e-05
0.00012164838227276941
0.00023012292484548392
0.00012042488505712993
0.0001482359355292819
0.0001407145703951105
0.0001229000083109543
6.562960814058164e-05
7.917394870709549e-05
0.00010755509166398114
0.0001482359355292819
6.794030519868919e-05
0.0001443454712269165
0.00032767228555548056
8.909573766343896e-05
6.480278411282596e-05
9.305438788244382e-05
8.329595276810284e-05
6.524008232591627e-05
0.0001923856808108868
4.774297498858158e-05
9.334462857529057e-05
7.276144746008768e-05
2.451304131331625e-05
0.00026786016888008106
3.231991534197649e-05
0.00015068436684741052
0.00014352491831962994
0.00024004911840792907
0.00014755821903254327
0.00012549303812916303
6.021097072907754e-05
0.00015464599967222236
0.00017031080817008434
5.6722304079364956e-05
0.0001482359355292819
0.00015938562630736652
0.0001021062144192663
0.0001482359355292819
5.9812116675399576e-05
0.0003291492606774697
0.00012549303812916303
7.58733421228722e-05
0.00015696552411413765
7.695146319118329e-05
3.020306116409209e-05
8.910014226954061e-05
0.0001296299643047836
0.00015696552411413765
1.7686520315764927e-05
0.00015242595126037752
6.954546521939065e-05
9.261383458497795e-05
9.296822694992471e-05
0.0004046237487466639
0.00021446055345168927
0.00044346089554013094
0.0001923856808108868
5.863279255331968e-05
0.0001282157722012749
0.00013731075366656405
0.0001407145703951105
2.247372669448044e-05
6.393858604990752e-05
0.00013898606538249506
7.481615677288314e-05
0.00024004911840792907
0.0001296299643047836
6.93423569665861e-05
0.00023012292484548392
0.00017129722819887906
0.0001229000083109543
0.0005788134871577296
7.924832670186207e-05
0.00022173044777006547
0.0009145557075622651
0.0001066082271923194
0.00015242595126037752
0.00016457463033873486
0.00015029064484207733
8.287340934499675e-05
0.000183785440540373
0.0001971228703419636
0.00022173044777006547
2.0701454427853742e-05
0.00011361058615746931
0.0001802370017325295
0.00015068436684741052
0.0001923856808108868
0.00020231187437333195
8.775579409456593e-05
6.393858604990752e-05
1.8985060044767846e-05
7.078147163167702e-05
8.910014226954061e-05
0.00032767228555548056
0.00012122553676346067
0.00026786016888008106
3.5024203425490566e-05
0.00015242595126037752
9.483632010089013e-05
0.0001802370017325295
8.579953568531734e-05
0.00032767228555548056
0.00016682215362208043
7.695146319118329e-05
0.00028993504152088353
9.4085365645683e-05
0.00015029064484207733
0.00024004911840792907
0.00016736720833938074
7.078147163167702e-05
4.8383492197868326e-05
0.00016736720833938074
8.579953568531734e-05
9.118103255654847e-05
0.00010812559644502359
0.00017031080817008434
0.00017820028453908123
0.00010831095247117878
5.0018550059968814e-05
8.644384302547165e-05
0.0006011625793683093
0.00013731075366656405
6.416120718957386e-05
4.2006797157232054e-05
0.00026786016888008106
0.00033808872966651526
3.089957388116462e-05
0.00013945234042488707
0.00020804805220468145
0.00022173044777006547
0.00013731075366656405
0.0001341072806225139
8.579953568531734e-05
0.0019203929472634326
0.00012683738630413772
0.00032767228555548056
3.9214219156586183e-05
0.00015464843677628968
0.00032767228555548056
0.00021446055345168927
0.0002521977974862864
0.0002521977974862864
0.0001407145703951105
0.0001407145703951105
0.0001443454712269165
0.00012549303812916303
0.0001296299643047836
0.00032767228555548056
0.00018399320373546835
5.197483801983553e-05
8.329595276810284e-05
0.00010851871566627412
5.560738454069347e-05
4.774297498858158e-05
3.8942680764144445e-05
8.208605109125932e-05
3.280171790957837e-05
5.634812161108587e-05
9.334462857529057e-05
0.00026786016888008106
2.684820112762079e-05
2.4930233659928693e-05
0.0001157886099846503
6.612535930817613e-05
0.00011468870722578039
5.379846948206973e-05
4.555870873350573e-05
0.00026786016888008106
8.775579409456593e-05
0.0013106891422219223
0.00015938562630736652
0.00023012292484548392
8.978497312092612e-05
8.978497312092612e-05
0.0001653752820450656
0.00015834789741419098
0.0001971228703419636
5.786053372107466e-05
0.0010714406755203242
0.00031443905609117426
0.0005798700830417671
0.0004160961044093629
0.0002682145612450278
0.0003679864074709367
0.0003534466188341843
0.0002592599286095672
0.0017396102491253013
0.00016191833109466586
0.0003514876384559668
0.001021864849020506
0.0003942457406839272
0.00017159907137063467
0.0007884914813678544
0.0004154504133710929
0.0009830168566664417
0.0007565933924588592
0.0009830168566664417
0.00032266527499194347
0.00017956994624185224
0.00016659190553620568
0.0004816995402285197
0.0008035805066402431
0.0004023218418675417
0.00023923212357548752
0.0006553445711109611
5.3091403247558944e-05
0.00014755821903254327
0.00013108187260988768
0.0001282157722012749
0.00032767228555548056
0.0004046237487466639
6.854649794056684e-05
8.174503997639291e-05
0.00013731075366656405
0.00021446055345168927
0.0011506146242274196
0.0013106891422219223
0.0005559442615299802
0.0008515540408504217
0.0013466997656762078
0.00015390292638236657
0.0003942457406839272
0.0004639453103288691
4.806229165072022e-05
9.637003658791678e-05
8.516276427635719e-05
0.00020804805220468145
0.00012418108706006877
0.00020244259514236117
0.0001971228703419636
0.00012450057069582671
3.6041865481674524e-05
6.904483597128351e-05
0.00031877125261473303
0.00045087193452623205
0.0014402947104475744
0.0009830168566664417
0.00011444680871393104
4.138816804019859e-05
0.00012042488505712993
8.775579409456593e-05
3.231991534197649e-05
0.00032767228555548056
0.00012549303812916303
0.00028993504152088353
0.0002521977974862864
0.0005357203377601621
7.805136595005318e-05
6.142537055396557e-05
4.9031634791085106e-05
0.0001157886099846503
0.00011922828007954055
0.0003198246815769582
0.00034062161634016867
8.910014226954061e-05
0.00017031080817008434
0.00017551158818913186
0.00042892110690337853
5.786053372107466e-05
9.794821476367465e-05
0.00015005565017990645
0.00023012292484548392
7.860976402279356e-05
9.71534074387381e-05
0.00011049869149468478
9.71534074387381e-05
8.208605109125932e-05
7.481615677288314e-05
3.5740281012192716e-05
0.00013568545879827175
4.464877109275224e-05
0.00028993504152088353
0.00011361058615746931
0.00021446055345168927
9.118103255654847e-05
0.00012549303812916303
0.00032767228555548056
0.0007573974196322297
0.00042957495876203873
0.0002132164543846388
0.00023382238548338516
0.0006553445711109611
0.0005357203377601621
0.0006553445711109611
0.00029511534513098535
0.0009199660186773417
9.957350963196695e-05
5.863279255331968e-05
0.00012683738630413772
5.379846948206973e-05
3.231991534197649e-05
0.0001021062144192663
0.00025376458646320045
0.00032767228555548056
0.00032767228555548056
0.00032767228555548056
0.0006553445711109611
0.00014156294326335403
0.00017684763770776466
0.0004160961044093629
0.00013136184290752693
0.0002779721307649901
0.00010851871566627412
0.00016736720833938074
7.259856251181558e-05
0.0002964718710585638
5.9030693475725583e-05
0.00032767228555548056
8.775579409456593e-05
0.00020231187437333195
0.00022173044777006547
0.0005357203377601621
0.0001407145703951105
0.00013108187260988768
0.0001229000083109543
0.00022173044777006547
3.136891588114891e-05
4.031412191545608e-05
4.586543255788674e-05
0.00032767228555548056
0.0001971228703419636
4.742552024176008e-05
0.00024004911840792907
0.00028993504152088353
0.00011151635355086874
3.231991534197649e-05
6.524008232591627e-05
7.479070097978608e-05
0.0006553445711109611
0.0005798700830417671
0.00042892110690337853
0.00034062161634016867
0.00019119555551134354
0.0003238366621893317
0.0009830168566664417
0.00023012292484548392
1.3286442294125398e-05
0.0001407145703951105
0.00015242595126037752
0.00032767228555548056
0.00012418108706006877
6.702526962873815e-05
0.00026786016888008106
8.910014226954061e-05
0.0005357203377601621
0.00024836217412013754
0.00015938562630736652
0.00018550879679210956
0.0002521977974862864
4.968758651901251e-05
0.00018802788887667448
0.0006553445711109611
0.00022173044777006547
0.00023012292484548392
0.00023012292484548392
6.480278411282596e-05
8.579953568531734e-05
6.560343581915674e-05
5.3091403247558944e-05
0.000360474003465059
0.0005043955949725728
9.05074065177826e-05
8.99007939758714e-05
0.00010851871566627412
6.480278411282596e-05
7.029752769119335e-05
0.0001443454712269165
3.9214219156586183e-05
0.00017820028453908123
6.351157731330084e-05
5.344378852195137e-05
5.415547623558939e-05
0.00011468870722578039
0.00011805741054786908
0.0006553445711109611
0.0010714406755203242
0.000368700024932863
0.0002308543895735499
0.0007565933924588592
0.0006553445711109611
0.0003347344166787615
0.0006553445711109611
6.887098315772228e-05
0.00032767228555548056
0.0008698051245626506
0.0005043955949725728
0.0008869217910802619
0.0006553445711109611
0.0003347344166787615
7.640973399691946e-05
0.00026786016888008106
0.0009830168566664417
0.0008698051245626506
0.00028993504152088353
7.326790073848055e-05
0.00021446055345168927
7.534218342370526e-05
8.458819548773347e-05
8.579953568531734e-05
5.0028654769922366e-05
0.00019917140785823874
0.00023012292484548392
0.0001971228703419636
0.00032767228555548056
6.524008232591627e-05
0.00010949970319441207
0.00032767228555548056
0.00022173044777006547
0.0001004047217291229
0.00010949970319441207
5.8576051188282084e-05
0.0003967521558490568
0.00020231187437333195
0.0002521977974862864
8.453335455151693e-05
0.00011049869149468478
0.00012774876743602457
0.0001443454712269165
0.00017159907137063467
0.00020804805220468145
0.00021446055345168927
0.00013898606538249506
9.483632010089013e-05
3.0434243400317524e-05
4.968758651901251e-05
0.00016457463033873486
0.00016457463033873486
0.00034684540566573774
0.00020804805220468145
0.00018802788887667448
0.0001407145703951105
0.0002521977974862864
0.00032767228555548056
0.00015610273190010636
0.00017343135495635097
3.328782234272389e-05
0.00030631864325779895
0.0001341072806225139
0.00032767228555548056
0.00032767228555548056
0.00017672330941709215
9.680916015847956e-05
0.00034062161634016867
0.0002746215073331281
0.00020231187437333195
0.00014249975769793237
0.00017551158818913186
0.0002521977974862864
0.00023012292484548392
0.00011255340080748024
0.00032767228555548056
0.00029626439231863203
0.0003198246815769582
0.00029626439231863203
0.00026786016888008106
0.0002521977974862864
0.00021446055345168927
9.559777775567177e-05
0.00020804805220468145
0.00014249975769793237
0.0001056775492332863
0.00018802788887667448
0.00015242595126037752
0.00024004911840792907
0.0002521977974862864
0.0001802370017325295
7.481615677288314e-05
0.00021446055345168927
0.0006553445711109611
2.207487264080246e-05
0.0005043955949725728
0.0005357203377601621
0.00024084977011425986
8.978497312092612e-05
6.794030519868919e-05
0.00016457463033873486
0.0002521977974862864
0.00022303270710173748
8.149103604494345e-05
0.00028993504152088353
0.00023012292484548392
5.170423687546918e-05
0.00020804805220468145
0.0001971228703419636
0.00020804805220468145
0.00013731075366656405
7.481615677288314e-05
0.00013731075366656405
0.0001157886099846503
0.00021446055345168927
0.00032767228555548056
8.449632851129624e-05
0.0004046237487466639
0.0005798700830417671
0.00028993504152088353
0.00022173044777006547
8.453335455151693e-05
0.00010949970319441207
0.00021446055345168927
0.00016736720833938074
0.00032767228555548056
9.559777775567177e-05
0.00023012292484548392
0.00023012292484548392
0.00032767228555548056
6.568092145376347e-05
9.637003658791678e-05
0.00023012292484548392
0.00026786016888008106
0.00032767228555548056
0.00013898606538249506
3.553065670388346e-05
9.957350963196695e-05
7.860976402279356e-05
8.391113823817231e-05
3.5785661080272206e-05
9.261383458497795e-05
0.00032767228555548056
0.0001971228703419636
0.0002521977974862864
0.00032767228555548056
0.0002521977974862864
0.0001443454712269165
0.0001296299643047836
0.00020231187437333195
0.0001802370017325295
0.00024004911840792907
0.00012164838227276941
0.0001021062144192663
9.334462857529057e-05
0.00032767228555548056
0.00018399320373546835
0.00032767228555548056
0.00021446055345168927
0.0001407145703951105
0.00032767228555548056
0.00013731075366656405
5.786053372107466e-05
0.00021446055345168927
0.00032767228555548056
0.00026786016888008106
6.702526962873815e-05
0.0001971228703419636
0.00026786016888008106
8.978497312092612e-05
0.00012549303812916303
0.00020231187437333195
0.0002521977974862864
0.00032767228555548056
0.00013898606538249506
0.00032767228555548056
9.8754797439544e-05
0.00032767228555548056
0.00032767228555548056
2.3893186403317203e-05
0.0001296299643047836
0.00015242595126037752
0.00026786016888008106
0.00032767228555548056
0.00011922828007954055
0.00026786016888008106
0.00013731075366656405
0.0002521977974862864
0.0001021062144192663