0.0007877100708281516
0.0017001852138233248
0.035252040167913216
0.0024090708035724136
0.002464883781868294
0.00018531313873633952
0.002252003444023202
0.00018531313873633952
9.221739827938956e-05
3.612553914147373e-05
0.00010967003105974328
0.00027855704700598816
0.00017745486924104144
0.0002474752885498297
0.0002548608153268052
0.00014588010076621312
4.623042778388418e-05
0.0002580000168496215
8.683454664430808e-05
0.0001778988805522589
4.030619234947974e-05
4.8444980183417246e-05
0.0006515195167305647
6.623015509270183e-05
6.756325697953256e-05
0.0001578133616551454
7.228241706656315e-05
0.00013525325085035728
3.144843009437163e-05
0.0001228099026031399
0.00040421899375805824
0.0012585792301054066
7.753213953518635e-05
6.934564167582626e-05
5.695203367204699e-05
5.6201046105942977e-05
3.272268539475453e-05
0.00010437317746246749
2.0005015605651448e-05
0.0029933274118628703
0.00015096453157980666
0.0007649443837809033
4.356988976489438e-05
0.00022409213119487903
3.059068236225831e-05
0.00018843014965789617
6.814530131380296e-05
0.0005259467938562375
5.1243492145897755e-05
0.0005882424475602171
9.975305280413465e-05
0.0004629049445877338
0.00019635869562273549
7.626429991622044e-05
1.2823291811532328e-05
5.222674995560715e-05
0.00021326698808381853
7.09718514821931e-05
5.2790507064522716e-05
4.435474317080298e-05
3.7375938112996295e-05
5.2790507064522716e-05
0.0003714545979699902
0.004358757583725377
6.630963420225695e-05
0.0002020068043995092
0.000659119439685936
0.0007808680204859661
3.3493609800856335e-05
4.143623142083371e-05
0.00012385382947633112
0.0011766035536595137
0.0008250703684691524
0.00016122476939791895
0.00023532071073190274
5.939406925195913e-05
0.0012730783101613187
1.0308407526081198e-05
8.746051614069216e-05
0.0007173213970564387
0.0008386883500523156
7.379229162904418e-05
8.602146015434484e-05
0.0021222743549107696
0.002212459391376904
5.824330099704612e-05
0.001044534999112143
9.00765949037457e-05
0.00037062627747267904
0.005197131204498228
8.889234373629963e-05
2.3274336254398824e-05
6.762662542517864e-05
0.00016397106176618844
0.00023532071073190274
0.00014262898479603734
0.00016397106176618844
0.00012539835390725364
4.336945023993789e-05
2.449672027131387e-05
9.013960588825686e-05
0.00027802151472427724
0.00011356660265625147
5.2044187817547795e-05
0.00010633806944836811
0.00018531313873633952
0.00018531313873633952
9.491090389590933e-05
0.008919195426992373
0.00012019828251034903
0.00010515844103172825
0.00036441307437826945
5.799103635473522e-05
0.00015159529686330803
3.846987543459698e-05
0.00021890400128317373
5.450150881686014e-05
0.00011852312498173284
0.0003213967350010433
6.950537868106931e-05
1.8039713170642097e-05
8.620360249585478e-05
4.321307678790688e-05
0.0031441101554233624
0.0006507233504049718
0.004294774112672814
0.004706756498269233
0.00038240819518607476
5.5915255553758096e-05
3.096368431920301e-05
0.00012049133277250624
0.00012128690782588625
5.58501963257882e-05
3.739130678980022e-05
0.0006787918530804858
0.001003186831258029
5.156689802932203e-05
0.00012170163518141661
5.877517201771267e-05
0.00213162380296045
0.0033327084351252
0.002623536988259015
0.00500491928309879
0.0016678182486270555
0.0001737023215607448
0.0029958645235414415
0.0005681877287522025
9.72386880043574e-05
0.003190142083451044
0.000673383210391504
0.01136986709828998
1.7475072729532095e-05
0.001111878832418037
0.0014825051098907162
0.0004919131852985653
0.002061877433040066
0.00036117226973047037
0.0009013960588825685
0.00037619506172176085
0.0018201275300529522
8.68511607803724e-05
0.00013864776700761643
0.00020467840317209184
0.0006553682019657675
0.0004125351842345762
8.11077293666769e-05
0.00018531313873633952
5.3634124455498094e-05
0.00018314392444411908
9.47098791379282e-05
0.0003704503815245146
6.746046755360611e-05
1.3190541684553623e-05
0.0005679212566848239
6.879752891810576e-05
0.0005023027558850992
7.413258403467381e-05
0.0005440129655542163
0.00018531313873633952
6.611843917054107e-05
0.0007572283422464319
0.00037062627747267904
6.0715112039134654e-05
1.2592201024893708e-05
0.00021283770627596264
0.0006059469882045819
0.0034568959135036063
0.00042788695438811204
0.00034324888093783813
0.00037845333655433936
0.00016117980392150395
0.00018614843335158993
0.00010001514399112647
8.318866020456985e-05
0.00020718115710416854
6.365391550806593e-05
0.00028396062834241194
0.00010235569423417556
4.973222565169271e-05
6.994227446582338e-05
3.3642660733010596e-05
5.3634124455498094e-05
0.0003355428251617807
0.00012405070278999643
0.0001506141659656328
7.274020886343215e-05
5.257763533353772e-05
4.0537954187719535e-05
6.879752891810576e-05
0.00011605585823393993
0.002530645766982666
0.0005316903472418406
0.0013377801943008953
1.6821330366505298e-05
0.0003529810660978541
0.0005574084142920397
0.0004243024575583757
0.002865687180824959
0.0010880259311084326
0.0008827037294916807
0.00013289830171277697
0.00014815390622716605
6.271389397133029e-05
7.418596210206758e-05
4.816330171091821e-05
9.941971767733952e-05
0.00012868715004591146
1.7475072729532095e-05
5.5007562052765776e-05
0.00022464505859525705
8.387288333063714e-05
0.0013315639693638527
0.00023709664170575717
0.0001949899329041917
0.001619655693447858
0.00022270230342423216
0.00010242547582143094
0.0003351011779547292
8.782938139045344e-05
7.737057215595995e-05
1.9085192030609914e-05
0.00014776966951435562
0.00022831410014455375
6.676667592629222e-05
0.00032974893059165526
0.0007310256957738704
0.00011504951826362321
0.0004542664106250059
0.0003448144099834191
0.00011953063597786955
0.000682592272083101
0.00014370191889745732
5.878812944122341e-05
9.567809259209197e-05
4.344990841183471e-05
0.0020704588812873372
7.331146581065288e-05
0.0004898024065127741
0.0005015934156290145
0.00012605158230545146
0.0003741080822044632
0.00034930220193982344
3.8529543975952936e-05
7.049573693911776e-05
0.00027802151472427724
0.00010887848191059698
8.356642498338551e-05
0.0001761904371247531
0.0035737292790009386
0.00040727511184829144
9.797350091710445e-05
0.00015509062126605906
0.003279421235323769
9.994483085573515e-05
0.00015517566920254802
0.0004919131852985653
0.0004497626033638376
0.0003279421235323769
0.001520612918698501
0.0027267614469206184
0.00021448903440636052
0.00034385621179987616
0.0009661288271393268
0.000142366355843864
0.00010968392565906749
7.473595456408868e-05
0.0001618118031036916
0.005205944852944219
0.00014736349079723675
7.68478318994913e-05
0.00023567451396366563
0.0010788601138231654
5.647719790738926e-05
4.5358604649999674e-05
5.965504764574372e-05
0.00013014467008099436
0.00019835531751162322
0.0002466443811884578
0.0006422217659257541
0.0009151197267372113
0.00033384462379004823
0.0003666404756746249
9.162611525328014e-05
0.0001808004611556584
4.2909723510397134e-05
0.00010001514399112647
6.8870728928795e-05
9.438027781023513e-05
0.0005647534047071455
0.00016397106176618844
0.00015168717157402245
9.27412182563412e-05
0.00013575837061609715
0.00029944880202294357
0.00015846753157508156
2.923726758998623e-05
0.0006558842470647538
0.0006558842470647538
0.0004373025807034608
0.00042258008420021753
0.00018372155396234802
0.00018607605418499462
0.0001419437029643862
0.00010728489896306847
0.0002852579695920747
3.655667701991443e-05
0.00018578210591521803
0.0005435870382124971
0.00011647644556934635
0.0003979014987741214
0.0002570072019221929
0.00033218816363568267
0.0004077279157236123
0.00012003009363390869
0.0005450150881686014
0.00012128690782588625
5.774557053686546e-05
0.00021267613889673623
0.00045796088803987665
0.00010393877768100359
0.00018930708556160798
0.00014254018614246302
0.00025143019961697315
3.20789662985533e-05
7.232018446226336e-05
0.00022058365859561814
0.00010945200064158686
6.676892475800964e-05
0.00020295835011116444
9.163007533147831e-05
0.00014659533750244953
0.00011415705007227688
9.013960588825686e-05
0.00019738995428113463
4.565903841383784e-05
0.00031441101554233625
0.0005618390820152676
7.584358578701122e-05
5.4362694150697655e-05
0.0001934264303898999
7.998340568622513e-05
0.00014609260302207965
0.00011661438552516394
0.016544962236340333
0.0021577202276463307
5.282251052502719e-05
0.00022492860427694757
0.00011348717385219237
1.1598207270947045e-05
9.994483085573515e-05
0.00016542839993390285
7.584358578701122e-05
0.00016326746883759134
0.0005130836812585734
0.00018531313873633952
0.0002176051862216865
6.114979672754011e-05
0.00015148674705114546
3.9485074125458815e-05
0.00011647644556934635
8.599648507623642e-05
0.00012882730222161476
5.878812944122341e-05
0.0001641780009623803
7.737057215595995e-05
0.0003435640614925978
0.00013887148337632014
0.0006932388350380821
0.000368232737980802
0.0001354600935686265
4.969101315089609e-05
8.32883476114896e-05
0.000284732711687728
0.00016397106176618844
0.00036617746649218665
1.2596892934088135e-05
8.317924022247022e-05
0.00019103122877770897
0.0001332136542882927
5.539403822544011e-05
0.00010170583872355844
6.94385105262173e-05
0.00018263615365535137
0.00022036265056770996
0.0001808473900561436
0.00011845522237637644
0.00031901420834510436
0.00015509062126605906
2.049275517319768e-05
0.00047398259992480706
0.00019096174652419778
0.00016544296827181136
0.00016233935107205785
0.00026005290856349233
5.320942656899066e-05
6.331435478594727e-05
6.499664430139724e-05
4.003004602664924e-05
6.570679571898968e-05
2.8627788045914872e-05
0.0013234271994712228
0.0014711728824861345
0.00022296336571681587
0.000494500856451565
0.00021800603526744055
0.002173909579272975
0.00010586106305380204
5.053176562110268e-05
4.445729086209318e-05
0.0007149634480212017
9.698694515124286e-05
5.406476236490562e-05
8.163373441879567e-05
0.00011865681184415151
0.00016522849570679306
0.00016397106176618844
0.0001825524527721249
8.891458172418636e-05
3.765146527159284e-05
0.00042940090045251954
3.312734210059739e-05
0.0003638607234776587
0.00023066737724540117
0.00021456979792613693
0.00014262898479603734
0.0013625377204215035
0.0010860669649287772
7.423287970753913e-05
0.000578353988668915
9.31054015215288e-05
3.294028424109813e-05
8.38339636807573e-05
4.964011159327412e-05
8.994729007147481e-05
1.3891241143479628e-05
0.00018531313873633952
0.00018531313873633952
9.994483085573515e-05
0.00017839493497937616
0.00013575837061609715
5.210003598793326e-05
0.000602500814085569
3.757034745843258e-05
4.728952030594474e-05
0.00011390406734409398
7.022988525190845e-05
5.3634124455498094e-05
0.00014271594798350093
0.00012963923036372064
4.783835770334279e-05
7.958029975482428e-05
4.1057691113559234e-05
0.00012746939839535824
9.10448673968275e-05
2.4912494303129367e-05
0.00012625425274969326
0.0001314851637298551
0.003759894142602474
0.0006515195167305647
0.00012746939839535824
0.00025861080748756433
5.8238222784673177e-05
0.00018278338509957213
3.8423241018783674e-05
8.163373441879567e-05
0.00022157615290176045
0.00020161477581347008
0.0016667667950016965
0.00016999198495643405
3.450811935563712e-05
5.58501963257882e-05
4.4047609281188273e-05
4.852342404549992e-05
0.00012385382947633112
6.306741951614888e-05
5.8571852875887487e-05
0.00013895503180687228
5.539403822544011e-05
0.0002062675921172881
0.001630178600794297
0.000900487558725592
5.632011061627687e-05
0.00027519011567242306
5.2205470931913846e-05
5.320942656899066e-05
8.208900048119015e-05
4.4413720445099245e-05
8.877093129092352e-05
0.00020468719481668373
0.00047398259992480706
3.812965285541378e-05
0.0011282586274505278
0.00015077669452231158
0.00012058331489728916
0.0002115591926895742
0.00010945200064158686
0.00029983449256720546
0.0001894549073163925
5.7309368633312694e-05
5.8238222784673177e-05
2.0005015605651448e-05
9.157196222205954e-05
9.632660342183642e-05
0.00015012765817290952
0.0003050250874167561
0.00034221465797230145
4.344990841183471e-05
6.8870728928795e-05
0.00016542839993390285
0.00019517842071261143
0.0002160653839395344
0.00010994650312683716
9.06546621453971e-05
0.0003132969468508366
0.00019670366137080041
0.0004190176864852856
5.5292656025626073e-05
0.00019282011918124383
0.0001927554014416447
0.00012147074109608284
3.354767368440148e-05
0.00022137687488713256
2.617391475286015e-05
0.0002720233895325385
9.307421667579497e-05
0.00012889994180082792
4.019004294470093e-05
9.217355470124268e-05
2.6642730857658542e-05
7.515822529881544e-05
1.7765488178039697e-05
7.669795169707985e-05
1.5028138983373032e-05
8.006009205329849e-05
8.058990196075197e-05
3.21094640960425e-05
4.591381928586333e-05
5.4944539605729445e-05
0.0002559296638753463
0.0021633505413181644
0.0002911273407786458
0.00022409213119487903
0.00016542839993390285
9.621380398931689e-05
3.58451528400269e-05
4.816330171091821e-05
0.00011148168285840793
6.588056848219627e-05
5.771229292367522e-05
6.425180048054823e-05
9.30973450175953e-05
7.939579729035153e-05
0.00016397106176618844
2.7025302791813025e-05
2.6642730857658542e-05
0.0001769896343316453
7.860275388558406e-05
6.879752891810576e-05
0.00035866069852821933
5.924782499060088e-05
0.0001663773204091397
0.00015148674705114546
0.00013014467008099436
6.548356907816771e-05
4.710753741447404e-05
0.00020811255387420506
9.41286631789821e-05
0.0001603948314927665
7.09718514821931e-05
0.0001293672755058739
3.714545979699902e-05
7.765529117321386e-05
0.00013014467008099436
2.7914479534634106e-05
0.0003279421235323769
8.605953903024917e-05
0.00027108113987862697
0.0001536929640751347
4.0188308901365243e-05
6.544537078950906e-05
0.00023098228214746185
0.0001436743997811275
0.00011441629364594606
5.000757199556324e-05
0.00013148669846405937
0.00010888912696192507
0.00013575837061609715
0.00015916059950964856
1.6435645466231886e-05
3.317119995932156e-05
3.3493609800856335e-05
2.885614646183761e-05
8.345068509199558e-05
8.163373441879567e-05
0.0002329528911386927
9.465354278080399e-05
0.00037062627747267904
0.0002140739219752514
0.00012730783101613186
9.465354278080399e-05
0.000548380874533875
0.0003590085146491013
0.00013011046954386948
0.00011452135383086593
0.0007066130612171106
0.00018982180779181866
0.0002100526638593402
6.029165744864458e-05
2.279941513786552e-05
0.00013711678224205968
0.0002302083455867736
0.00025325741914378907
4.703542047849772e-05
0.00017471466835401953
0.00010633806944836811
0.00011766035536595137
0.0002129155544465793
0.00012128690782588625
4.710753741447404e-05
4.595686248898376e-05
0.00034942933670803906
0.00013055834566665775
8.058990196075197e-05
7.765529117321386e-05
0.0037564128574362108
0.007027812184373696
0.00014065908115477836
0.00016326746883759134
0.00022120034322988292
0.00013803247742254847
0.0002950334721484383
0.0003273445719289053
2.9153045950261554e-05
0.0003353358547230292
0.00029232869273229314
0.0001225092474814028
0.00037062627747267904
0.0003686942188049707
0.00013869128335165253
5.9851831682480785e-05
0.0009637235924507596
0.00037619506172176085
7.53070829828164e-05
0.0007729638133296885
0.0007332809513492498
5.8095971530683355e-05
0.00015916059950964856
6.009004111624399e-05
0.00021870999817755793
9.816805618426358e-05
0.00031826957754032967
0.00023890844548680746
0.0001352963239816848
0.00022883258729189211
0.0001495872360726894
4.444196353769782e-05
8.38339636807573e-05
6.572402564483015e-05
0.000276520664103728
4.783835770334279e-05
6.676667592629222e-05
0.00015148674705114546
8.085082499376428e-05
0.0003283560019247606
0.0001825524527721249
0.00034984206456276865
7.183719989056375e-05
6.37152038317013e-05
8.504320238790107e-05
4.8543540931107476e-05
7.958029975482428e-05
5.774557053686546e-05
0.00013621117449141802
1.7874086200530043e-05
0.0003279421235323769
7.860275388558406e-05
0.00018531313873633952
0.00012539835390725364
4.78073427336016e-05
0.00011926906311080811
9.150781613926041e-05
3.792823075865729e-05
9.899011541993188e-05
0.00014776966951435562
6.137212299680033e-05
8.403438820363432e-05
0.00012581856940658247
0.00016397106176618844
0.00023532071073190274
0.00018531313873633952
8.656843938551283e-05
0.00010880259311084325
5.196938884050179e-05
9.994483085573515e-05
0.00023913629668085621
0.0002889798102655093
0.0001419437029643862
3.450811935563712e-05
0.00012049133277250624
2.4912494303129367e-05
3.921616317068114e-05
0.0001314440883338443
7.09718514821931e-05
5.873888598832344e-05
0.0005978998632751048
0.00021800603526744055
0.00016397106176618844
0.00036689878036524063
2.37566976904105e-05
0.00027519011567242306
0.00013014467008099436
5.016241529826223e-05
0.0002043301396439013
4.610869913969478e-05
0.00012730783101613186
0.0001004707722534131
0.00010900301763372028
1.739033355822958e-05
5.965504764574372e-05
0.0004962851998017086
8.058990196075197e-05
0.00025461566203226373
0.0004142755447849143
0.001562297167765155
0.000686941332059815
0.0013117684941295075
0.00018531313873633952
0.00018324417187806194
0.00013621117449141802
0.0003223596078430079
0.0005539212877151123
0.00011371724406134937
3.5178962218088025e-05
0.00013590673537674415
0.00011619194306136671
0.00011766035536595137
0.00029983449256720546
0.00018531313873633952
0.00011766035536595137
0.0001352963239816848
0.0002623815484220765
0.0005559394162090185
7.765529117321386e-05
0.00011315079016756364
3.06273118703507e-05
0.0002497529089711266
7.78167789112221e-05
9.551561438885449e-05
0.00022876954034815102
0.0005068189278275649
8.620360249585478e-05
0.0004903909608287115
5.9423198310912075e-05
9.491090389590933e-05
0.00017531559795207918
0.0004239678367302664
0.0001217545133040434
3.0319059372661605e-05
0.0006059469882045819
2.1916591082464104e-05
0.0001802792117765137
8.462367707582968e-05
7.789916095698698e-05
0.0004919131852985653
0.001111878832418037
0.00012972305105140734
0.00013014467008099436
0.001822025381133921
0.0003371442716038621
0.0004540306786799257
0.00016117980392150395
0.00035780718933242433
0.00012613483903229776
0.0002631692504785933
0.0001802792117765137
0.0007412525549453581
0.00018201746783357188
0.00014995240285129837
0.00027041881766477055
0.0003775895309643388
9.777561656351471e-05
0.00012128690782588625
7.077413558674974e-05
0.0001408211346955845
7.765529117321386e-05
5.695203367204699e-05
0.00029990480570259674
0.0003069444607823648
0.00016999198495643405
0.00012579372037748652
0.00013223687834108214
5.631321420306277e-05
0.0009129885082748098
0.00011845522237637644
7.78167789112221e-05
3.689614581452209e-05
8.67160455391444e-05
7.173213970564387e-05
0.00013874567286263102
7.15650983066168e-05
4.623042778388418e-05
3.714545979699902e-05
0.0002669075699878965
6.192691473816556e-05
0.00016069836750052166
0.00012498377342121242
0.00025325741914378907
0.0006558842470647538
0.00037156148842899334
0.00277411945274902
0.001969327711664891
0.0007412525549453581
0.00037215210836998925
0.00018376387122210418
0.00018531313873633952
7.331146581065288e-05
0.00014448990513275464
0.00012128690782588625
7.173213970564387e-05
8.403438820363432e-05
0.0006561299945326737
8.374343860390232e-05
0.0001675505889773646
0.00012963923036372064
6.765278337038815e-05
6.501322714087308e-05
0.00012972305105140734
0.0001113493195613087
3.473381865772323e-05
0.00018531313873633952
0.00018531313873633952
0.0001800824810607453
0.00018531313873633952
0.00013440985054231339
0.00012229959345508022
0.00018732137763458553
9.687614245604101e-05
3.144843009437163e-05
0.00011953063597786955
0.00033247303165088033
9.632660342183642e-05
0.0007574337352557272
0.002575274699869473
5.152345135559822e-05
0.00022879289974866133
0.00018531313873633952
0.0005099759548693021
0.00013337187258627954
6.486152552570367e-05
1.9162429294116566e-05
5.4615949786048656e-05
5.539403822544011e-05
0.00012504008637103983
0.00011766035536595137
0.00018531313873633952
0.00018531313873633952
0.00018531313873633952
0.00018531313873633952
0.00017754186258184704
0.00016397106176618844
0.00023874089926447282
0.00016397106176618844
4.852342404549992e-05
2.9241027830954816e-05
6.249188671060621e-05
9.595113193192571e-05
0.00022492860427694757
0.0009265656936816975
7.584358578701122e-05
8.38339636807573e-05
2.0094154450682622e-05
7.765529117321386e-05
3.442381561209967e-05
5.695203367204699e-05
0.00011647644556934635
9.925954902408401e-05
0.00020065846517788497
8.345068509199558e-05
0.00010064302105320445
0.00015748538123036026
9.013960588825686e-05
0.00013432908660116995
9.013960588825686e-05
0.00017910544880155995
6.306741951614888e-05
9.157196222205954e-05
0.0003323642293526407
0.0001001404512489133
3.0025531634581902e-05
5.631321420306277e-05
0.00022904270766173186
8.620360249585478e-05
0.0002302083455867736
0.00015150510329963192
0.00011148168285840793
3.772840039840947e-05
0.0003154658120012263
7.584358578701122e-05
0.00025079670781450727
0.0001874756601318186
1.6950973120593074e-05
0.00016542839993390285
0.0001619069654376924
0.0001562054425607214
8.605953903024917e-05
8.403438820363432e-05
0.00010633806944836811
0.00015117018820647832
8.153306230338681e-05
2.2943011771693734e-05
7.078520835767635e-05
9.421507482894808e-05
5.873888598832344e-05
6.544537078950906e-05
5.05017010998773e-05
3.427919556051492e-05
2.898388926371597e-05
6.425180048054823e-05
0.00010193197893090308
0.0001001404512489133
0.000472001980245407
0.00019633611236852716
4.639282908378818e-05
6.241822832691275e-05
0.00010880259311084325
0.0005708637919340037
0.00022883258729189211
0.00011441629364594606
0.00016397106176618844
0.00035483794536642386
0.0002175972427777629
0.0002146952949198504
8.877093129092352e-05
7.022988525190845e-05
0.00013014467008099436
0.00010393877768100359
0.00022626607768505872
0.00018531313873633952
0.00011262642840612555
0.00018531313873633952
3.5918599945281874e-05
0.0001433691002572414
7.331146581065288e-05
0.00025388682402893573
0.0002725075440843007
0.00011240209221188595
0.0002338175513777895
5.1243492145897755e-05
0.00011148168285840793
4.098425093181877e-05
0.00014557027213649978
0.00011262642840612555
9.139169254978607e-05
6.742885432077243e-05
4.710753741447404e-05
0.00017492103228138433
0.0002095088432426428
3.661709027630524e-05
5.509146262321252e-05
0.00037488100712824594
0.00024548849198720134
0.00020003028798225295
9.994483085573515e-05
0.00012710716652703408
7.257198862123088e-05
3.894958047849349e-05
2.9435287835636055e-05
4.930693639869566e-05
0.00011764848951204342
7.09718514821931e-05
6.0051063269163805e-05
0.00018698404509086175
3.5205283673896126e-05
8.153306230338681e-05
0.0004077279157236123
0.00012539835390725364
0.00018531313873633952
8.09059015518458e-05
0.00010900301763372028
0.00030579593679270925
0.00047200695861436846
0.0005077736480578715
4.172534254599779e-05
8.061238469895948e-05
0.0012118939764091637
0.0006558842470647538
0.0002176051862216865
4.172534254599779e-05
0.00013575837061609715
0.0002982653087696759
1.294295577712136e-05
8.673890047987579e-05
0.00010393877768100359
0.00010193197893090308
0.00011441629364594606
0.00037062627747267904
0.00029653033613869526
0.00020156025094197108
0.0002797690978632935
0.00011219042705451706
0.0001762166579649703
0.00017754186258184704
0.0002889548351874008
0.0008198553088309422
0.00018314392444411908
7.765529117321386e-05
2.341517220432319e-05
0.00012539835390725364
0.00011386164814087363
7.765529117321386e-05
3.921616317068114e-05
3.185760191585065e-05
0.0011713020307289493
8.403438820363432e-05
7.897014825091763e-05
0.0002869285588225755
0.0003279421235323769
0.0004399902745358162
0.00020161477581347008
3.3826391685194076e-05
8.486309262567272e-05
0.001003186831258029
5.58501963257882e-05
6.028246335204786e-05
5.7260676915432965e-05
0.00016397106176618844
0.00025079670781450727
5.8149104651389756e-05
0.0001957333146777054
1.6821330366505298e-05
4.2909723510397134e-05
6.742885432077243e-05
8.058990196075197e-05
5.545910680304657e-05
5.000757199556324e-05
4.4228266612428746e-05
0.00013432908660116995
0.00026453475161585086
2.0005015605651448e-05
0.00011148168285840793
0.00011747777197664687
0.00015117018820647832
5.934876968165406e-05
2.7729553401523285e-05
5.442899146592316e-05
0.00015233209441736144
0.00022883258729189211
2.7181347075348828e-05
6.248217702428857e-05
0.00011184760838726022
9.807819216574231e-05
4.9256556504785204e-05
0.00030579593679270925
5.368444664201103e-05
8.271419996695143e-05
0.0003824587418688128
0.0003144843009437163
3.4051961255289014e-05
3.792823075865729e-05
0.00010800303764166333
0.0002302083455867736
0.00068105587245709
0.00017938965011357795
0.00035114942625954224
0.00010633806944836811
0.00018531313873633952
0.00015148674705114546
0.00025143019961697315
0.0004628290741937875
6.306741951614888e-05
0.0002663127938727706
0.0011968285242192759
0.00022157615290176045
0.0001717820307462989
0.00025798945522870925
6.832465619453035e-05
0.00011452135383086593
7.497620142564919e-05
0.0001691319584259704
0.00028264522448684425
4.04767413594231e-05
0.0002671438513565947
4.201719410181716e-05
0.0002852579695920747
0.00045446024115343637
0.00016397106176618844
4.351944855555258e-05
0.00011605585823393993
0.00010421627385515422
0.0001927554014416447
0.00017910544880155995
8.287246284166742e-05
0.00045446024115343637
0.0005559394162090185
0.00045446024115343637
0.00018614843335158993
8.803751754171198e-05
7.860275388558406e-05
0.00026193427631267084
7.36571096004731e-05
7.958029975482428e-05
0.002951479111791392
5.3268878149477484e-05
0.00014262898479603734
0.00013432908660116995
7.251167776317405e-05
9.631827839580028e-05
0.00013014467008099436
0.00020003028798225295
5.156689802932203e-05
4.4973645035737407e-05
0.0004127851735086346
9.751984071130962e-05
0.00010872538830139531
0.00011148168285840793
6.029165744864458e-05
6.810558724570901e-05
0.0001404597705038169
4.143623142083371e-05
6.290928470329123e-05
8.38339636807573e-05
0.00021993439743195865
6.249188671060621e-05
9.994483085573515e-05
0.0004218171341443
8.287246284166742e-05
0.00021068965575572534
9.442720746838341e-05
3.473875795171807e-05
3.236236062073832e-05
7.809580383451665e-05
5.406476236490562e-05
0.0004045731259246346
3.473875795171807e-05
0.0002602893401619887
7.497620142564919e-05
0.00034324888093783813
0.00011315079016756364
0.00017754186258184704
0.00031901420834510436
0.00016326746883759134
8.058990196075197e-05
0.00016012018410659697
5.196938884050179e-05
0.00010233920158604592
9.994483085573515e-05
0.00018531313873633952
8.620360249585478e-05
0.00011165854146273044
0.00011321361067510677
5.362225860159013e-05
4.852342404549992e-05
0.0001450233555263481
5.6783301328125736e-05
8.061238469895948e-05
0.0001534722303911824
0.00017485568616455843
0.00022713320531250294
3.9991702843112564e-05
9.41286631789821e-05
8.877093129092352e-05
0.00013014467008099436
0.00040727511184829144
0.0002369104447527529
0.00016346411171512103
0.00011797534726279391
0.00023532071073190274
0.0005140144038443858
4.321307678790688e-05
0.00022883258729189211
0.0002203658504928501
6.425180048054823e-05
6.137212299680033e-05
9.482029696108757e-05
0.00028396062834241194
0.00012605158230545146
2.1261798353798216e-05
8.287246284166742e-05
7.67361151955912e-05
9.631827839580028e-05
4.67635102755579e-05
0.00029553933902871124
0.00010405627693710253
0.00018087497234593375
0.00018531313873633952
0.0001802792117765137
0.000148889323536126
6.63188636934181e-05
9.851311300957041e-05
9.084919791228224e-05
0.0002809195410076338
1.995061056082693e-05
7.584358578701122e-05
7.274020886343215e-05
7.331146581065288e-05
0.00011148168285840793
9.631827839580028e-05
0.00013759505783621153
5.965504764574372e-05
0.00037062627747267904
0.0002481425999008543
0.00010726824891099619
0.00014262898479603734
3.186734959883956e-05
0.00034984206456276865
0.00012091857704843921
9.465354278080399e-05
6.425180048054823e-05
0.00025387103122748904
0.00016397106176618844
4.67635102755579e-05
8.877093129092352e-05
0.00025861080748756433
0.00010405627693710253
0.00018531313873633952
0.0002715167412321943
0.00011078807645088022
4.852342404549992e-05
0.0004398687948639173
0.00043107261400721764
0.0003118163330430108
3.689614581452209e-05
3.147714102772915e-05
2.6562291458559938e-05
0.00024176970588225594
8.058990196075197e-05
5.631321420306277e-05
1.0843245595145079e-05
0.00010812952472981125
6.0827151095609906e-05
0.00012539835390725364
0.00018531313873633952
1.5678473492832573e-05
0.00013575837061609715
0.00011441629364594606
4.9256556504785204e-05
9.567671540668558e-05
9.307421667579497e-05
0.00018531313873633952
0.00018614843335158993
9.084919791228224e-05
0.00014262898479603734
0.00014666342484527206
3.250661357043654e-05
4.7455451947954666e-05
5.873888598832344e-05
0.00014262898479603734
3.5215007016684794e-05
6.0850817590708306e-05
0.00012730783101613186
9.377676687096884e-05
0.00018531313873633952
0.00013575837061609715
0.00034942933670803906
0.00031826957754032967
6.166109529711446e-05
4.4973645035737407e-05
4.7190138905117565e-05
6.373469919767912e-05
8.38339636807573e-05
0.0001047544216213214
0.00012782798947271823
0.00017025980627644507
5.924782499060088e-05
2.2331708292546088e-05
5.848205566190963e-05
6.950537868106931e-05
5.636191487683764e-05
0.00013014467008099436
9.631827839580028e-05
0.0010095187852517803
0.00039405245203828163
7.413258403467381e-05
2.559296638753463e-05
9.307421667579497e-05
0.00018314392444411908
1.5763173435314912e-05
0.0001117003926515764
0.00025079670781450727
0.00016397106176618844
0.00016397106176618844
0.00016397106176618844
0.00016397106176618844
3.3380150416304435e-05
5.657539508378182e-05
0.00015148674705114546
7.331146581065288e-05
8.620360249585478e-05
5.976531798893477e-05
4.3730049535073115e-05
0.00041473477493420615
0.0005883017768297568
0.0002852579695920747
0.0001415704167153527
0.00011018292524642505
8.046367422230135e-05
0.00010988907921145889
8.208900048119015e-05
0.00042788695438811204
0.00018531313873633952
0.0003121688308113076
0.00023874089926447282
0.0004865828612841506
7.626429991622044e-05
5.156689802932203e-05
0.00011417819580758948
0.00037062627747267904
3.186734959883956e-05
0.00015148674705114546
0.00016397106176618844
8.87025317206398e-05
3.5530976356079393e-05
0.00041473477493420615
0.0005030037820845437
0.00022296336571681587
0.00016542839993390285
0.00017240720499170955
0.0005585019632578821
8.703889711110516e-05
9.307421667579497e-05
0.0004919131852985653
6.29542820554583e-05
3.779067880226441e-05
4.321307678790688e-05
7.173213970564387e-05
0.0003741080822044632
3.450811935563712e-05
0.00023761840062944378
6.306741951614888e-05
0.00017754186258184704
0.0011212517682399339
0.0001352963239816848
0.0001689396426091883
0.00013575837061609715
0.00011849564998120177
0.00013337187258627954
0.00014238008418011747
2.628881766676886e-05
4.086602792878026e-05
8.746051614069216e-05
7.67361151955912e-05
3.2292047485347e-05
6.365391550806593e-05
1.8414277400118274e-05
0.00018531313873633952
0.0009325178161733703
0.00019645070723450312
0.0002222864543104659
8.163373441879567e-05
0.00013148669846405937
9.35270205511158e-05
2.2486822517868703e-05
8.116967553602893e-05
7.524362294739335e-05
0.00012972305105140734
0.00017839493497937616
0.0007574337352557272
0.0013117684941295075
0.0002671438513565947
7.331146581065288e-05
2.987895082598387e-05
0.0005559394162090185
0.0001676679273615146
0.00017661172701381633
0.0006059469882045819
1.756587627809069e-05
0.005302036146790091
0.0001902694295274418
5.2790507064522716e-05
0.0002792226500273849
0.00016692231189502412
6.588056848219627e-05
0.0001004707722534131
0.00013353335185258445
6.810558724570901e-05
7.951270874053873e-05
6.486152552570367e-05
0.00018531313873633952
0.0002663127938727706
0.00021914449744009896
0.00012730783101613186
0.00028352979486379715
9.56146854672032e-05
2.1870999817755794e-05
0.0001849832858913434
0.00014262898479603734
0.00011766035536595137
0.00015148674705114546
0.00015148674705114546
0.00010632367307392394
0.00018531313873633952
0.00010628689845907249
5.582895906926821e-05
0.00023532071073190274
0.00022388181100194992
0.00040613415065787566
4.78073427336016e-05
6.306741951614888e-05
0.00015148674705114546
0.00018531313873633952
0.00018531313873633952
0.00033720627663565785
4.816504397198005e-05
0.00010405627693710253
0.0002474470038047024
0.00012123368143905358
0.0003000454319733794
0.00018531313873633952
0.00018531313873633952
7.09718514821931e-05
5.7260676915432965e-05
5.539403822544011e-05
0.00013055834566665775
6.0850817590708306e-05
0.0001534722303911824
0.00020335814856220683
5.4944539605729445e-05
2.0528845556779617e-05
0.00023098228214746185
8.889234373629963e-05
5.16357234181495e-05
0.00020310945922314859
6.29542820554583e-06
0.00014666342484527206
6.728532146602119e-05
7.584358578701122e-05
2.7000759410415834e-05
5.118593277506926e-05
5.631321420306277e-05
0.0004249799623910851
6.192691473816556e-05
6.12546237407014e-05
5.15309208886459e-05
0.0004706414214638055
9.31054015215288e-05
2.754573131160626e-05
5.483501552987164e-05
0.00013014467008099436
7.497620142564919e-05
3.497113723291169e-05
4.4663416585092176e-05
1.9523950958629163e-05
0.00010633806944836811
4.1149809740455116e-05
3.10351338405096e-05
7.243862160778236e-06
0.00015933674799419782
0.00037062627747267904
0.00030249153751534815
0.0004898024065127741
0.0004919131852985653
9.994483085573515e-05
0.00011605585823393993
0.00010633806944836811
5.4944539605729445e-05
0.00018531313873633952
0.00012539835390725364
5.965504764574372e-05
8.765779897603959e-05
8.620360249585478e-05
8.746051614069216e-05
2.474470038047024e-05
0.0001927554014416447
9.013960588825686e-05
8.877093129092352e-05
7.022988525190845e-05
0.000659803192295876
7.968687437567982e-05
8.627058616098416e-05
0.00011449022200996916
9.687614245604101e-05
0.00010900301763372028
4.201719410181716e-05
0.00017910544880155995
0.0002849145965367627
7.67361151955912e-05
7.958029975482428e-05
0.00016397106176618844
7.022988525190845e-05
5.873888598832344e-05
7.897014825091763e-05
0.0001326377273868362
0.00015148674705114546
0.0006214954555368208
0.00018531313873633952
0.00013575837061609715
3.036768527402071e-05
0.00018531313873633952
0.00016397106176618844
7.584358578701122e-05
7.497620142564919e-05
4.201719410181716e-05
4.465814640114178e-05
0.0005309051005090786
0.00029516916651617673
0.0011713020307289493
0.00013014467008099436
1.4099147387823551e-05
0.000138260332051864
3.689614581452209e-05
0.00010848027669339505
3.185760191585065e-05
0.0001283158651942132
0.0001952395095862916
0.00014666342484527206
9.442720746838341e-05
0.00011378469227597188
6.893529373347564e-05
0.00015148674705114546
0.0003121688308113076
8.345068509199558e-05
0.00011629820930277951
0.00021993439743195865
0.0002451961675726816
3.816340733665639e-05
3.4051961255289014e-05
6.373469919767912e-05
5.3285461715317084e-05
0.00011148168285840793
4.2909723510397134e-05
8.955272440077997e-05
0.00018531313873633952
0.00019615638433148462
4.6905282957450696e-05
7.951270874053873e-05
0.00018531313873633952
5.156689802932203e-05
2.1686491190290158e-05
0.00012539835390725364
3.921616317068114e-05
0.00023043388675310667
8.462367707582968e-05
3.8685286077979976e-05
5.582895906926821e-05
6.676030083260887e-05
5.3124582917119876e-05
6.855839112102984e-05
2.311521389194209e-05
0.00011747777197664687
9.372326553643285e-05
0.00018531313873633952
4.343789917941954e-05
0.00018531313873633952
4.4663416585092176e-05
0.00018248145328682972
0.00012539835390725364
4.341727332215404e-05
3.664883437561238e-05
0.00018531313873633952
0.00019096174652419778
2.232907320057089e-05
7.737057215595995e-05
0.00016397106176618844
8.116967553602893e-05
5.196938884050179e-05
8.163373441879567e-05
8.746051614069216e-05
0.00013014467008099436
5.118593277506926e-05
0.0001665766952229792
0.00015148674705114546
0.00010405627693710253
0.0004919131852985653
6.306741951614888e-05
2.37566976904105e-05
8.948257146861557e-05
0.00012128690782588625
0.00010001514399112647
0.00014662293162130577
4.445729086209318e-05
0.0001047544216213214
0.00012128690782588625
0.00014262898479603734
9.465354278080399e-05
5.830609190052311e-05
6.172065927836451e-05
0.00018900531587291082
0.00037488100712824594
3.20789662985533e-05
6.365391550806593e-05
6.166109529711446e-05
6.548356907816771e-05
0.00018531313873633952
0.0002425738156517725
7.939579729035153e-05
6.365391550806593e-05
0.00018531313873633952
0.00013901075736213862
8.772308349286445e-05
9.632660342183642e-05
0.00016542839993390285
0.00042788695438811204
0.001111878832418037
8.877093129092352e-05
0.0003121688308113076
0.00024261712022749963
2.279941513786552e-05
6.931603351872519e-05
0.00025150189104227187
2.885614646183761e-05
4.8887808281757356e-05
0.00014262898479603734
0.00011766035536595137
9.217355470124268e-05
3.186734959883956e-05
4.542459895614112e-05
0.00036628784888823816
7.288261487565389e-05
5.58501963257882e-05
0.0005559394162090185
8.746051614069216e-05
0.00018531313873633952
0.00012539835390725364
4.058483776801446e-05
0.00012128690782588625
0.00017754186258184704
0.00014262898479603734
0.00037062627747267904
8.620360249585478e-05
8.229961948091023e-05
7.530045396095273e-05
5.924782499060088e-05
4.542459895614112e-05
8.877093129092352e-05
3.5678986995875234e-05
0.0002602893401619887
7.958029975482428e-05
0.00013014467008099436
9.465354278080399e-05
9.482057689664323e-05
8.521865964847883e-05
1.814299715530772e-05
2.9047985765341677e-05
7.899625431291613e-05
0.00010313379605864406
2.525085054993865e-05
0.00013575837061609715
0.00015837152119356815
0.00023211642309641108
0.00018531313873633952
3.714545979699902e-05
0.00016618211467632035
8.271419996695143e-05
0.00011766035536595137
7.09718514821931e-05
0.00015148674705114546
2.4076146892306683e-05
0.0003638607234776587
0.0005774557053686546
9.013960588825686e-05
1.5219679471279281e-05
0.00013014467008099436
4.783835770334279e-05
3.10351338405096e-05
2.7000759410415834e-05
0.00011378469227597188
4.5753908069630206e-05
9.157196222205954e-05
0.0004239678367302664
3.779067880226441e-05
0.00012539835390725364
0.00015148674705114546
0.00028214334644635815
3.792823075865729e-05
0.00011766035536595137
0.00015148674705114546
0.00037488100712824594
2.2956909642931666e-05
7.224756595797008e-05
0.00018531313873633952
0.00042788695438811204
0.0008198553088309422
0.00045446024115343637
0.00016397106176618844
6.810558724570901e-05
0.00018531313873633952
0.0005705159391841494
0.00011452135383086593
5.3634124455498094e-05
0.00019263655679160055
0.00018248145328682972
0.00014826516806934763
0.00018531313873633952
0.00012128690782588625
4.623042778388418e-05
3.790574802044979e-05
0.0013117684941295075
0.00016924735415165936
0.00018434710940248535
0.0006269917695362681
0.00045785981111029766
0.0005440129655542163
0.0002522696780645955
0.0002697154172830897
0.0002852579695920747
0.0001550642790703727
0.00014262898479603734
0.00018531313873633952
0.00018531313873633952
0.0001231730733406777
0.00017754186258184704
0.00018531313873633952
0.00012128690782588625
0.0024090708035724136
6.137212299680033e-05
8.38339636807573e-05
9.994483085573515e-05
0.00011849564998120177
0.00013575837061609715
8.163373441879567e-05
6.676667592629222e-05
2.2956909642931666e-05
5.965504764574372e-05
0.0006507233504049718
0.00014262898479603734
1.882573263579642e-05
4.477636220038999e-05
0.00025079670781450727
0.00010193197893090308
5.18778526074814e-05
5.2790507064522716e-05
0.00011441629364594606
0.00017531559795207918
0.00011766035536595137
4.231183853791484e-05
5.257763533353772e-05
2.7729553401523285e-05
4.7455451947954666e-05
0.00012539835390725364
0.0001495872360726894
6.425180048054823e-05
5.9423198310912075e-05
7.765529117321386e-05
7.67361151955912e-05
0.00012539835390725364
2.7914479534634106e-05
2.279941513786552e-05
6.720492527115669e-05
3.0425408795354153e-05
4.5753908069630206e-05
3.442381561209967e-05
9.188193561105209e-05
0.00023532071073190274
0.00020811255387420506
7.860275388558406e-05
0.00010880259311084325
0.00011441629364594606
7.67361151955912e-05
0.0001419437029643862
0.001764858818009263
9.5026790761642e-05
0.00012539835390725364
7.897014825091763e-05
0.00015148674705114546
5.873888598832344e-05
3.739680901817235e-05
0.00022296336571681587
0.00010633806944836811
0.00010880259311084325
0.0002176051862216865
0.00017741897268321193
0.00019275375025755646
3.5441224357974644e-05
0.00012539835390725364
0.00030297349410229093
3.414182527381032e-05
0.00013014467008099436
0.00012128690782588625
0.00018531313873633952
9.307421667579497e-05
0.0002602893401619887
0.00018531313873633952
9.994483085573515e-05
9.465354278080399e-05
0.00010633806944836811
3.312734210059739e-05
0.00018531313873633952
0.00018531313873633952
0.00018531313873633952
0.00018531313873633952
0.0003279421235323769
4.260932982423942e-05
0.00018531313873633952
0.00018531313873633952
7.030285569071667e-05
0.00031901420834510436
6.765278337038815e-05
0.00016397106176618844
6.306741951614888e-05
0.00012010212653832761
5.733099005082428e-05
4.042541249688214e-05
6.501322714087308e-05
3.2292047485347e-05
4.683034440864638e-05
0.0002425738156517725
0.00014826516806934763
2.7181347075348828e-05
5.8238222784673177e-05
0.0002435090266080868
7.530045396095273e-05
0.00013096713815633542
0.00010880259311084325
2.828769754189091e-05
0.00011766035536595137
0.0008198553088309422
4.686857046047778e-05
0.00013014467008099436
9.157196222205954e-05
0.00023678474179635853
5.000757199556324e-05
0.00016999198495643405
7.632681467331278e-05
6.425180048054823e-05
0.00013014467008099436
2.2956909642931666e-05
5.450150881686014e-05
0.00015148674705114546
0.00025461566203226373
0.00015148674705114546
5.545910680304657e-05
0.00015148674705114546
4.172534254599779e-05
0.0028841621398668334
0.00012128690782588625
0.0002100859705090858
0.00015720550777116813
9.013960588825686e-05
0.00015720550777116813
9.807819216574231e-05
5.362225860159013e-05
4.1149809740455116e-05
0.0001047544216213214
0.00012385382947633112
0.00010237186555013852
6.765278337038815e-05
0.00010313379605864406
3.427919556051492e-05
2.963078124543321e-05
4.143623142083371e-05
8.163373441879567e-05
7.860275388558406e-05
7.497620142564919e-05
4.321307678790688e-05
7.331146581065288e-05
0.00030297349410229093
6.879752891810576e-05
0.00012539835390725364
0.0003529810660978541
0.00012385382947633112
0.00010633806944836811
6.720492527115669e-05
9.157196222205954e-05
0.00010352435806691136
0.00014776966951435562
0.00015720550777116813
0.00017754186258184704
0.00016397106176618844
9.438027781023513e-05
0.00011441629364594606
4.477636220038999e-05
5.6783301328125736e-05
7.251167776317405e-05
4.710753741447404e-05
0.00025079670781450727
5.58501963257882e-05
4.608677735062134e-05
0.00012170163518141661
8.38339636807573e-05
5.406476236490562e-05
0.00012128690782588625
6.306741951614888e-05
0.00011441629364594606
0.0002160653839395344
7.251167776317405e-05
0.00011766035536595137
0.00011747777197664687
5.406476236490562e-05
0.001111878832418037
0.0002140739219752514
0.00016306612460677362
0.00017240720499170955
4.030619234947974e-05
7.022988525190845e-05
0.0006507233504049718
5.257763533353772e-05
7.331146581065288e-05
0.0004334697153982639
0.00018531313873633952
2.343428523023889e-05
9.307421667579497e-05
0.00012128690782588625
0.00015720550777116813
0.00012605158230545146
0.00011148168285840793
5.4944539605729445e-05
8.955272440077997e-05
6.855839112102984e-05
0.00012796483193767315
0.00025079670781450727
3.473875795171807e-05
6.0827151095609906e-05
6.306741951614888e-05
5.6396589551294204e-05
3.479462181284113e-05
0.00010237186555013852
5.222674995560715e-05
5.116960079302296e-05
0.00012850360096109645
0.00010880259311084325
0.00011148168285840793
0.00018531313873633952
6.994227446582338e-05
0.0001237235019023512
6.839824541359655e-05
7.958029975482428e-05
0.0003279421235323769
0.00011452135383086593
6.249188671060621e-05
9.465354278080399e-05
0.0013117684941295075
0.00015148674705114546
5.887057567127211e-05
5.774557053686546e-05
6.192691473816556e-05
0.00014662293162130577
4.67635102755579e-05
5.7260676915432965e-05
0.0004919131852985653
8.746051614069216e-05
4.1149809740455116e-05
9.994483085573515e-05
2.5421433305406813e-05
9.157196222205954e-05
5.6783301328125736e-05
0.0001450233555263481
0.0003511369070878356
6.548356907816771e-05
1.618118031036916e-05
8.620360249585478e-05
5.3634124455498094e-05
0.00013575837061609715
9.465354278080399e-05
3.0025531634581902e-05
0.00020811255387420506
0.00020811255387420506
0.00016397106176618844
4.962977451204201e-05
4.7513395380821e-05
3.186734959883956e-05
5.0777364805787146e-05
9.307421667579497e-05
7.765529117321386e-05
9.013960588825686e-05
0.00012128690782588625
0.00010848027669339505
3.287129093246377e-05
9.704684809099984e-05
2.2114133306214373e-05
0.00016397106176618844
0.00014262898479603734
0.00010880259311084325
5.539403822544011e-05
6.879752891810576e-05
4.816330171091821e-05
8.499599247821702e-05
0.00012128690782588625
5.23772108106607e-05
0.00018614843335158993
5.873888598832344e-05
4.3828899488019795e-05
0.00018531313873633952
0.00014262898479603734
0.00013014467008099436
0.00010994650312683716
8.058990196075197e-05
0.00029983449256720546
0.001111878832418037
2.6113374977803574e-05
0.00016397106176618844
0.00020811255387420506
2.4076146892306683e-05
0.00022883258729189211
0.00010726824891099619
5.539403822544011e-05
0.00018531313873633952
9.307421667579497e-05
4.7455451947954666e-05
0.00012498377342121242
3.497113723291169e-05
4.435474317080298e-05
0.00012498377342121242
0.00011148168285840793
5.4944539605729445e-05
0.00015148674705114546
7.860275388558406e-05
7.331146581065288e-05
9.307421667579497e-05
6.588056848219627e-05
3.186734959883956e-05
3.7650226980476366e-05
0.00018614843335158993
0.00011148168285840793
0.00012539835390725364
9.307421667579497e-05
6.029165744864458e-05
0.00018531313873633952
0.00014262898479603734
0.00018531313873633952
0.00010633806944836811
3.9756354370269365e-05
6.810558724570901e-05
5.7260676915432965e-05
6.425180048054823e-05
5.320942656899066e-05
0.00013485770864154486
9.465354278080399e-05
3.3642660733010596e-05
0.00016397106176618844
0.00016397106176618844
8.163373441879567e-05
6.611843917054107e-05
0.00015168717157402245
7.958029975482428e-05
3.0425408795354153e-05
9.150781613926041e-05
0.00018531313873633952
3.3826391685194076e-05
8.287246284166742e-05
7.860275388558406e-05
3.5441224357974644e-05
0.0008995034777016163
5.039006273549277e-05
0.00037062627747267904
0.00010405627693710253
4.542459895614112e-05
4.3828899488019795e-05
9.013960588825686e-05
6.354942142568963e-05
0.00018531313873633952
7.789916095698698e-05
3.3602462635578346e-05
6.947751590343614e-05
0.00014995240285129837
4.852342404549992e-05
5.406476236490562e-05
0.00012128690782588625
1.9807732770304025e-05
0.00010313379605864406
0.00011766035536595137
0.00020003028798225295
0.00020386395786180616
5.3634124455498094e-05
3.739680901817235e-05
0.00013014467008099436
0.00011766035536595137
5.8238222784673177e-05
9.013960588825686e-05
0.00016233935107205785
9.777561656351471e-05
0.0002852579695920747
4.260932982423942e-05
5.774557053686546e-05
0.0001070369609876257
7.280698713342874e-05
0.00018531313873633952
0.00012539835390725364
0.0008198553088309422
9.631827839580028e-05
7.860275388558406e-05
3.06273118703507e-05
8.271419996695143e-05
3.5748172401060086e-05
7.022988525190845e-05
3.4686418215657756e-05
6.137212299680033e-05
4.5098774660561596e-05
6.901623871127424e-05
0.00013575837061609715
0.00018531313873633952
8.746051614069216e-05
4.852342404549992e-05
0.00010880259311084325
6.548356907816771e-05
8.38339636807573e-05
6.676667592629222e-05
0.00012128690782588625
8.38339636807573e-05
0.00018531313873633952
4.67635102755579e-05
0.00010633806944836811
9.807819216574231e-05
0.00013575837061609715
0.00011766035536595137
9.157196222205954e-05
8.163373441879567e-05
4.1939523135527484e-05
3.3602462635578346e-05
5.116960079302296e-05
3.812965285541378e-05
4.003004602664924e-05
4.477636220038999e-05
7.958029975482428e-05
0.000225493873302808
0.0013056311173301192
0.00018531313873633952
1.599185532198762e-05
0.0006059469882045819
0.00011148168285840793
0.00012009013807994773
5.7260676915432965e-05
6.611843917054107e-05
0.00018531313873633952
6.425180048054823e-05
0.00013575837061609715
0.00010405627693710253
7.173213970564387e-05
4.78073427336016e-05
1.605473204802125e-05
0.00011766035536595137
0.00015117018820647832
5.000757199556324e-05
6.425180048054823e-05
6.810558724570901e-05
0.0002852579695920747
6.810558724570901e-05
0.00020431676173712703
0.00023495554395329375
8.620360249585478e-05
0.00014262898479603734
0.00012539835390725364
0.00033715530780386037
0.00013096713815633542
7.958029975482428e-05
8.38339636807573e-05
8.877093129092352e-05
9.631827839580028e-05
0.00011219042705451706
0.00011148168285840793
0.00015148674705114546
4.8924450030975804e-05
0.00010880259311084325
9.013960588825686e-05
0.00012539835390725364
0.00018531313873633952
5.774557053686546e-05
3.056076604208811e-05
6.192691473816556e-05
5.406476236490562e-05
4.445729086209318e-05
0.0001450233555263481
5.2790507064522716e-05
0.00015148674705114546
3.442381561209967e-05
0.00012730783101613186
5.156689802932203e-05
0.0001419437029643862
6.676030083260887e-05
0.00013014467008099436
9.307421667579497e-05
0.00013242447632404983
0.00018531313873633952
0.00018531313873633952
0.00013575837061609715
0.00018531313873633952
0.001111878832418037
0.00012128690782588625
9.704684809099984e-05
0.00014029053082667371
8.830586350690816e-05
5.116960079302296e-05
2.474470038047024e-05
0.00016924735415165936
0.00014238008418011747
0.0001419437029643862
0.00025079670781450727
0.00013926985385784665
2.156764654024604e-05
5.3634124455498094e-05
0.0003279421235323769
2.156764654024604e-05
6.810558724570901e-05
5.58501963257882e-05
3.390194624118615e-05
8.462367707582968e-05
9.307421667579497e-05
3.3380150416304435e-05
8.620360249585478e-05
6.810558724570901e-05
0.00010633806944836811
9.150781613926041e-05
0.00010994650312683716
0.00015148674705114546
7.765529117321386e-05
0.00025079670781450727
9.150781613926041e-05
6.192691473816556e-05
0.00014262898479603734
8.620360249585478e-05
3.1241088512144284e-05
0.00014666342484527206
9.421507482894808e-05
6.611843917054107e-05
5.23772108106607e-05
6.879752891810576e-05
0.00010633806944836811
0.00012972305105140734
5.116960079302296e-05
0.00016397106176618844
3.8423241018783674e-05
0.00016618211467632035
5.3285461715317084e-05
0.00017754186258184704
6.425180048054823e-05
0.00018087497234593375
5.156689802932203e-05
6.742885432077243e-05
6.611843917054107e-05
5.4944539605729445e-05
5.8238222784673177e-05
3.5678986995875234e-05
0.00015148674705114546
0.00018531313873633952
0.00018531313873633952
6.192691473816556e-05
9.013960588825686e-05
7.251167776317405e-05
0.00012165430219121981
0.00011766035536595137
0.00015168717157402245
0.00030297349410229093
0.00016397106176618844
0.00018531313873633952
5.3634124455498094e-05
0.0001419437029643862
6.137212299680033e-05
5.657539508378182e-05
3.287129093246377e-05
0.00010405627693710253
0.00013014467008099436
4.445729086209318e-05
5.924782499060088e-05
7.497620142564919e-05
8.061238469895948e-05
1.7475072729532095e-05
2.3595069452558783e-05
7.173213970564387e-05
0.00025079670781450727
9.851311300957041e-05
0.00018531313873633952
8.746051614069216e-05
5.039006273549277e-05
6.137212299680033e-05
7.183719989056375e-05
7.860275388558406e-05
8.163373441879567e-05
0.00018531313873633952
2.963078124543321e-05
1.8278338509957214e-05
5.924782499060088e-05
5.58501963257882e-05
3.450811935563712e-05
0.00014262898479603734
2.2956909642931666e-05
3.272268539475453e-05
4.374199963551159e-05
8.006009205329849e-05
0.00013014467008099436
8.38339636807573e-05
0.00010880259311084325
8.271419996695143e-05
7.67361151955912e-05
0.00016397106176618844
0.00011441629364594606
0.00012539835390725364
7.765529117321386e-05
3.186734959883956e-05
4.8887808281757356e-05
2.8100523052971488e-05
0.00013014467008099436
3.473875795171807e-05
3.1241088512144284e-05
0.00013014467008099436
0.00015148674705114546
5.976531798893477e-05
0.00020787755536200717
3.2292047485347e-05
0.00012539835390725364
6.810558724570901e-05
0.00010193197893090308
5.873888598832344e-05
0.00014262898479603734
9.807819216574231e-05
7.958029975482428e-05
3.739680901817235e-05
0.00010405627693710253
0.00018930708556160798
4.283416672390143e-05
4.1149809740455116e-05
4.030619234947974e-05
4.78073427336016e-05
0.00010193197893090308
8.499599247821702e-05
4.172534254599779e-05
8.263719393481878e-05
6.676667592629222e-05
0.00018531313873633952
7.022988525190845e-05
0.00010078012547098554
9.994483085573515e-05
0.00018531313873633952
2.3274336254398824e-05
5.3124582917119876e-05
0.00012128690782588625
3.473875795171807e-05
5.406476236490562e-05
7.860275388558406e-05
4.414149210801661e-05
7.584358578701122e-05
3.0025531634581902e-05
2.6642730857658542e-05
8.38339636807573e-05
9.994483085573515e-05
6.306741951614888e-05
5.389771485487067e-06
0.00010880259311084325
2.628881766676886e-05
2.866549502541214e-05
3.8423241018783674e-05
6.676667592629222e-05
8.403438820363432e-05
0.0005408376353295411
8.739020300530086e-05
1.1317364880529478e-05
4.058483776801446e-05
0.0003153204452795335
0.00014262898479603734
6.676030083260887e-05
0.00018531313873633952
0.00022883258729189211
0.00012385382947633112
3.06273118703507e-05
0.00013014467008099436
2.2486822517868703e-05
7.251167776317405e-05
0.00015148674705114546
0.00014262898479603734
0.00012128690782588625
5.320942656899066e-05
0.00030297349410229093
0.00018531313873633952
8.542805050807049e-05
4.67635102755579e-05
0.00010880259311084325
0.00010119185339855775
0.0002043301396439013
0.00010193197893090308
5.976531798893477e-05
0.00012539835390725364
5.406476236490562e-05
6.611843917054107e-05
0.00014262898479603734
6.611843917054107e-05
0.00018531313873633952
1.6950973120593074e-05
7.765529117321386e-05
8.061238469895948e-05
0.0008646302927414248
6.315163577213083e-05
0.00011078807645088022
0.00015148674705114546
0.00022713320531250294
0.00030297349410229093
0.00022883258729189211
0.00031901420834510436
0.0012427930380729292
0.00012539835390725364
0.0003279421235323769
0.00016397106176618844
0.00016117980392150395
5.774557053686546e-05
0.00013575837061609715
0.00018531313873633952
0.00018531313873633952
6.137212299680033e-05
0.00016117980392150395
4.9256556504785204e-05
0.00042788695438811204
0.001147797432363319
0.001147797432363319
0.0003279421235323769
0.00011356660265625147
0.00013575837061609715
0.00018531313873633952
7.584358578701122e-05
0.00018531313873633952
0.00010880259311084325
0.00037062627747267904
8.271419996695143e-05
0.00015148674705114546
0.00029990480570259674
0.00021718949589709767
0.00016397106176618844
0.00021321338372176245
0.0006558842470647538
0.0001549071702544485
0.0002271229947807056
0.00018531313873633952
0.00018531313873633952
0.0001676679273615146
4.003004602664924e-05
0.00010193197893090308
9.631827839580028e-05
0.00010662362557394361
0.0001762166579649703
0.00018531313873633952
0.00030297349410229093
0.0010872538830139532
0.0007253091176467678
0.0003249629923349755
0.0012971919711543766
1.4079272487172368e-05
3.876606976759317e-05
0.00016542839993390285
8.287246284166742e-05
0.0004916091967633591
7.022988525190845e-05
7.958029975482428e-05
0.00018531313873633952
0.00018531313873633952
0.00015148674705114546
6.879752891810576e-05
0.006744807615051274
0.007310100702665889
8.38339636807573e-05
0.0003041357554780495
0.00018531313873633952
9.56146854672032e-05
0.0005720814682297303
0.0015136180683875732
0.00034324888093783813
6.950537868106931e-05
0.00018531313873633952
7.173213970564387e-05
0.0005440129655542163
0.00029324586324261154
7.632681467331278e-05
6.289686018874326e-05
5.016241529826223e-05
1.506141659656328e-05
5.774557053686546e-05
0.00045446024115343637
0.00018531313873633952
0.00018531313873633952
5.924782499060088e-05
8.154075005162634e-05
0.0006410037355544168
0.00037062627747267904
0.00037062627747267904
0.00012539835390725364
0.00010633806944836811
0.00016397106176618844
0.0003529810660978541
0.00021267613889673623
0.00018531313873633952
3.714545979699902e-05
0.00010078012547098554
4.321307678790688e-05
0.0002329658735196416
0.00014662293162130577
0.00022753075736103368
0.00018531313873633952
2.311521389194209e-05
0.00010633806944836811
0.00012539835390725364
0.00013014467008099436
3.20789662985533e-05
9.465354278080399e-05
0.00015148674705114546
0.00018531313873633952
5.23772108106607e-05
6.306741951614888e-05
7.584358578701122e-05
7.232018446226336e-05
0.00010900301763372028
8.271419996695143e-05
3.186734959883956e-05
0.0001287291705311914
0.00037062627747267904
0.0002176051862216865
5.873888598832344e-05
7.09718514821931e-05
3.4686418215657756e-05
9.551561438885449e-05
0.00020030002777887666
5.0777364805787146e-05
3.7650226980476366e-05
9.013960588825686e-05
1.4217799205587902e-05
3.0025531634581902e-05
3.473875795171807e-05
5.450150881686014e-05
0.00018531313873633952
0.00018531313873633952
0.00013575837061609715
9.631827839580028e-05
7.497620142564919e-05
0.00016397106176618844
0.00015148674705114546
0.00013575837061609715
0.00018531313873633952
4.2909723510397134e-05
0.00012539835390725364
4.5098774660561596e-05
8.683454664430808e-06
5.196938884050179e-05
0.00012128690782588625
5.647719790738926e-05
3.3826391685194076e-05
6.548356907816771e-05
0.00013575837061609715
6.742885432077243e-05
3.894958047849349e-05
3.186734959883956e-05
4.3828899488019795e-05
3.250661357043654e-05
4.058483776801446e-05
0.00020811255387420506
3.790574802044979e-05
8.058990196075197e-05
0.0003371442716038621
2.441183109947911e-05
7.251167776317405e-05
9.465354278080399e-05
0.00018531313873633952
0.00018531313873633952
2.4082521985990026e-05
7.329766875122477e-05
0.00011356660265625147
8.387904627105497e-05
5.222674995560715e-05
0.00013353335185258445
0.0002852579695920747
5.606390716949444e-05
0.00018531313873633952
0.00014262898479603734
1.7475072729532095e-05
6.676667592629222e-05
0.00016397106176618844
0.00011766035536595137
1.9383034883796586e-05
7.413258403467381e-05
5.695203367204699e-05
5.58501963257882e-05
5.000757199556324e-05
4.852342404549992e-05
0.00010812952472981125
4.143623142083371e-05
0.00013575837061609715
4.030619234947974e-05
2.4082521985990026e-05
0.00011441629364594606
0.00018531313873633952
0.00016397106176618844
0.00040727511184829144
0.00014262898479603734
0.00015148674705114546
0.00018531313873633952
0.00016397106176618844
0.0007412525549453581
8.877093129092352e-05
2.2642722135021354e-05
0.00011766035536595137
0.00014262898479603734
0.00016397106176618844
0.00015148674705114546
0.00013223687834108214
0.00016397106176618844
0.00010880259311084325
0.00039043401024298305
0.0005559394162090185
0.00015148674705114546
0.00018531313873633952
0.00016397106176618844
1.669223118950241e-05
8.345068509199558e-05
4.414149210801661e-05
0.00013014467008099436
4.2909723510397134e-05
0.00018531313873633952
4.477636220038999e-05
0.00016397106176618844
9.994483085573515e-05
2.7363000160396716e-05
2.217737158540149e-05
0.00014262898479603734
0.00011766035536595137
6.742885432077243e-05
0.00016397106176618844
8.058990196075197e-05
0.00016397106176618844
0.00015148674705114546
0.0004919131852985653
0.00018531313873633952
0.00013014467008099436
0.00013575837061609715
0.00018531313873633952
0.00016397106176618844
0.00018531313873633952
0.00018531313873633952
0.00018531313873633952
0.00018531313873633952
0.00018531313873633952
0.00010880259311084325
8.271419996695143e-05
0.00011148168285840793
0.00011766035536595137
0.00018531313873633952
0.00011766035536595137
0.00018531313873633952
8.877093129092352e-05
0.00011262642840612555
6.192691473816556e-05
6.544537078950906e-05
6.365391550806593e-05
0.00015148674705114546
7.584358578701122e-05
0.00012539835390725364
8.38339636807573e-05
0.00037062627747267904
0.00012539835390725364
5.873888598832344e-05
7.765529117321386e-05
0.0002302083455867736
3.894958047849349e-05
3.4051961255289014e-05
0.00010405627693710253
2.9047985765341677e-05
0.00015148674705114546
4.351944855555258e-05
0.00010880259311084325
5.000757199556324e-05
0.0002715167412321943
0.00013575837061609715
6.0850817590708306e-05
0.0003279421235323769
0.0002852579695920747
0.00018531313873633952
9.994483085573515e-05
0.0007131449239801867
2.6821224740767117e-05
4.351944855555258e-05
5.4944539605729445e-05
6.137212299680033e-05
3.3602462635578346e-05
0.0006059469882045819
0.0006864977618756763
0.00014826516806934763
0.0004438546564546176
0.0006138889215647296
0.00011441629364594606
0.00018531313873633952
0.00016397106176618844
0.00014262898479603734
9.807819216574231e-05
5.156689802932203e-05
0.00014262898479603734
6.192691473816556e-05
2.4912494303129367e-05
0.00018531313873633952
5.039006273549277e-05
4.003004602664924e-05
0.00037062627747267904
0.00012385382947633112
0.0002724156900423121
0.00015148674705114546
0.0003279421235323769
1.7874086200530043e-05
7.584358578701122e-05
6.137212299680033e-05
4.5098774660561596e-05
0.00014262898479603734
0.00013575837061609715
7.843232634136228e-05
0.00019645070723450312
4.231183853791484e-05
0.00015148674705114546
3.5918599945281874e-05
5.4944539605729445e-05
4.67635102755579e-05
9.307421667579497e-05
7.765529117321386e-05
7.251167776317405e-05
0.00014262898479603734
0.00012539835390725364
0.00010633806944836811
5.4944539605729445e-05
0.00012498377342121242
4.030619234947974e-05
6.192691473816556e-05
6.611843917054107e-05
3.144843009437163e-05
8.38339636807573e-05
0.00018531313873633952
0.00015148674705114546
0.00018531313873633952
0.0007616181517759029
0.00016397106176618844
0.0007412525549453581
7.232018446226336e-05
0.00018531313873633952
0.00018531313873633952
0.00018531313873633952
0.00018531313873633952
9.807819216574231e-05
0.00014262898479603734
0.00013014467008099436
0.00016542839993390285
7.958029975482428e-05
7.413258403467381e-05
0.00018531313873633952
4.351944855555258e-05
0.00018531313873633952
0.00018531313873633952
0.00011766035536595137
0.00016397106176618844
0.00031441101554233625
9.631827839580028e-05
0.00015148674705114546
6.249188671060621e-05
0.00010405627693710253
4.8887808281757356e-05
9.807819216574231e-05
6.486152552570367e-05
0.00018531313873633952
0.0002425738156517725
0.00011766035536595137
6.029165744864458e-05
5.196938884050179e-05
9.807819216574231e-05
0.00015148674705114546
0.00016397106176618844
2.279941513786552e-05
2.6113374977803574e-05
8.746051614069216e-05
0.00013575837061609715
9.994483085573515e-05
0.00010633806944836811
3.20789662985533e-05
4.2909723510397134e-05
0.00013575837061609715
8.058990196075197e-05
4.8887808281757356e-05
0.00018531313873633952
7.173213970564387e-05
0.00018531313873633952
0.00011148168285840793
0.00018531313873633952
0.00016117980392150395
4.351944855555258e-05
0.00013014467008099436
0.00013575837061609715
0.00037062627747267904
0.00014262898479603734
3.2292047485347e-05
0.00011441629364594606
0.0005883017768297568
2.474470038047024e-05
0.00016397106176618844
0.00015148674705114546
0.00045446024115343637
4.3828899488019795e-05
0.0004659317470392832
0.00012128690782588625
0.00018531313873633952
0.00037619506172176085
3.739680901817235e-05
0.00018531313873633952
9.994483085573515e-05
6.810558724570901e-05
0.00015148674705114546
0.00012128690782588625
0.0008918534628672635
9.013960588825686e-05
0.00011766035536595137
0.00013575837061609715
0.00013575837061609715
0.00018531313873633952
0.00011766035536595137
9.307421667579497e-05
4.086602792878026e-05
0.00015148674705114546
0.00018531313873633952
3.315943184670905e-05
7.022988525190845e-05
0.00016397106176618844
7.67361151955912e-05
0.00013575837061609715
6.742885432077243e-05
0.00015148674705114546
0.00011148168285840793
0.00016397106176618844
0.00018531313873633952
1.9523950958629163e-05
0.00016397106176618844
0.00010405627693710253
5.976531798893477e-05
6.365391550806593e-05
0.00015148674705114546
0.00018531313873633952
8.38339636807573e-05
6.742885432077243e-05
5.000757199556324e-05
1.855081912546662e-05
0.0003279421235323769
0.00018531313873633952
0.00018531313873633952
0.00037062627747267904
0.0003279421235323769
3.8423241018783674e-05
0.00018531313873633952
4.608677735062134e-05
0.00010078012547098554
0.00012539835390725364
6.544537078950906e-05
0.00011148168285840793
8.271419996695143e-05
0.00015720550777116813
3.0025531634581902e-05
4.231183853791484e-05
0.00037062627747267904
0.00012539835390725364
0.00011766035536595137
0.00018531313873633952
7.413258403467381e-05
0.00018531313873633952
0.00018531313873633952
0.00018531313873633952
0.00016397106176618844
0.00018531313873633952
0.00016397106176618844
0.00018531313873633952
5.016241529826223e-05
9.631827839580028e-05
5.7260676915432965e-05
0.00018531313873633952
0.00016397106176618844
0.00018531313873633952
0.00010633806944836811
0.00013575837061609715
4.445729086209318e-05
4.78073427336016e-05
8.163373441879567e-05
0.00012128690782588625
0.00018531313873633952
7.860275388558406e-05
5.3634124455498094e-05
2.5081207649131115e-05
2.9241027830954816e-05
7.584358578701122e-05
0.00010193197893090308
0.00018531313873633952
0.00015148674705114546
6.810558724570901e-05
6.192691473816556e-05
0.00018531313873633952
0.00018531313873633952
9.631827839580028e-05
0.00018531313873633952
9.307421667579497e-05
0.00013014467008099436
9.184117868081058e-06
6.0827151095609906e-05
0.00015148674705114546
5.156689802932203e-05
1.293711859036383e-05
0.00016397106176618844
0.00037062627747267904
0.00018314392444411908
0.00016397106176618844
7.958029975482428e-05
0.00018531313873633952
0.00018531313873633952
7.251167776317405e-05
0.0005559394162090185
5.4944539605729445e-05
5.6783301328125736e-05
0.00029983449256720546
0.00018531313873633952
0.00011441629364594606
6.486152552570367e-05
0.00013926985385784665
0.00012128690782588625
0.00016397106176618844
0.00016397106176618844
0.00016397106176618844
4.445729086209318e-05
8.746051614069216e-05
0.00016397106176618844
0.00018531313873633952
8.499599247821702e-05
8.746051614069216e-05
0.00012128690782588625
0.00018531313873633952
4.003004602664924e-05
0.00018531313873633952
0.00016397106176618844
0.00018531313873633952
0.00011148168285840793
5.6783301328125736e-05
7.09718514821931e-05
0.00015148674705114546
0.00018531313873633952
0.00014262898479603734
4.445729086209318e-05
0.00013014467008099436
0.00013014467008099436
0.00011766035536595137
0.00018531313873633952
9.013960588825686e-05
5.58501963257882e-05
6.029165744864458e-05
0.00018531313873633952
0.00013575837061609715
5.450150881686014e-05
5.7260676915432965e-05
5.23772108106607e-05
9.807819216574231e-05
9.816805618426358e-05
1.4646836110522098e-05
6.879752891810576e-05
9.307421667579497e-05
1.5803382826847928e-05
0.00010193197893090308
7.765529117321386e-05
0.00015148674705114546
3.9756354370269365e-05
4.67635102755579e-05
6.306741951614888e-05
3.714545979699902e-05
7.022988525190845e-05
0.00016397106176618844
2.9047985765341677e-05
4.086602792878026e-05
9.013960588825686e-05
0.00018531313873633952
3.3602462635578346e-05
3.894958047849349e-05
4.2909723510397134e-05
7.67361151955912e-05
3.616009223113168e-05
0.00010405627693710253
8.38339636807573e-05
5.8238222784673177e-05
3.664883437561238e-05
0.00018531313873633952
0.00011441629364594606
2.0969761567763742e-05
0.00018531313873633952
0.00016397106176618844
8.38339636807573e-05
5.0777364805787146e-05
6.676667592629222e-05