0.17119506986475544
0.01744827322707837
0.006154071138929116
0.0006322791054368817
0.0019465716792918303
8.442767268179312e-05
0.00016562811921462772
0.0010738778461615805
0.002659754098676625
0.00030765152447093845
0.0009643712848057421
0.0003260896045160184
0.0003491308873313674
0.0015348901612609314
0.0051955301189745935
0.001695066704425335
0.00012907957114955985
0.0003055493898580071
0.011371033497203906
0.0008466500656994556
0.00047429770986767423
0.001222506790649846
0.00010730046117104785
0.00025390465172499597
0.00035774441342532686
0.00014798643359411836
0.00285109040444837
8.828159541223117e-05
0.0005066239397671042
3.0575464490117286e-05
0.0305102921492967
0.0014849158933995588
0.00047305920504171013
0.0011055027909547615
0.00015840377148925428
0.00020440718421774776
4.297996488517492e-05
4.6149400200822387e-05
0.0007624730196247541
0.00011541394647306784
9.09036571715708e-05
0.004101133232023184
0.00047429770986767423
0.0055436744860803385
0.00017812244012932867
0.0008688212897670625
2.6371085829041366e-05
5.425669309382627e-05
0.000446853285847874
0.0006594070710179091
0.0002255927877359656
0.00022083749228617028
0.00016101037959764954
0.0002800835393776456
6.631321278204658e-05
0.0004812766911026362
0.02529116421747527
0.0009434745929325311
0.0005192878058596862
6.190299343870714e-05
6.937386011831716e-05
0.00020391625791822083
0.0001987058859162591
0.0024136977726186425
0.005498215046325615
0.003916227088409438
6.611673396101599e-05
0.00016013448642206605
0.00019303240146510461
0.00020753917905263128
0.00012420688842731161
0.00016933429353951438
0.0006278728621984575
0.003917329668537881
0.0003412466390892208
0.0004496271678266472
0.0003555806828076802
0.0008700061494232591
0.001605804849962984
0.0007422185884249419
0.0001801185539780099
0.0003412466390892208
0.0006322791054368817
0.0004187971915190463
0.0005886998349192811
0.0006322791054368817
8.732191361784614e-05
0.00012011865656030596
0.0006322791054368817
0.0006322791054368817
0.0006322791054368817
0.0006322791054368817
0.00012940921500988414
0.0006322791054368817
0.0005594610126299197
0.0074112116789164986
0.0004187971915190463
0.0007638734746450178
0.0004097415088576833
0.00013021162566123328
0.0002347337071576879
0.00017939224634241642
2.5637627039244873e-05
0.00015697294804166195
0.0003126236951251854
4.295936857243538e-05
0.0004077819074992767
3.124651369241778e-05
0.000580004099615506
0.00025866501007665424
0.00042213141762410876
0.0031011909537828836
6.954667657167821e-05
0.0004125681009357124
0.00014336055220274093
0.00034773338285839107
0.00040141072679423617
0.0002769468489200987
0.001039403181696295
0.0005120656352058767
0.011679430075750983
3.3774929317806945e-05
4.296395632707444e-05
0.0004902098231525891
0.0004440470661568518
0.0002860372660176782
0.0006322791054368817
0.00036765736736444184
0.0002558150268768219
0.0006820134684180669
0.0007264571590394293
0.00024215238634647644
0.00011312256778215218
0.0002860372660176782
0.00014190169126003174
0.0003477867834592133
0.0001668027420934174
0.00016933245183594616
3.957249965087278e-05
0.00010756630929129988
0.00035463387982355
0.0001232199027271356
0.001248880258001227
0.0006322791054368817
0.0006322791054368817
0.00023714885493383712
1.9288056236847277e-05
6.67120056040198e-05
0.0006353418908859041
0.00029076177898930666
0.0006848354191533009
0.00021745958688516303
0.0006322791054368817
0.00010589031514765068
0.0004440470661568518
8.832142778727468e-05
0.00033869602858607614
8.79294195424379e-06
0.000442608523241437
0.0001859564058688467
8.21723479423459e-05
0.001159396834502394
0.00044353056016991195
6.470460750494207e-05
0.006322791054368817
3.3120535420228005e-05
0.00012588779310929708
0.0001921378534915821
3.9945694719639405e-05
6.72741205892837e-05
0.000401451212490746
3.074838796745088e-05
4.527708556109874e-05
0.0003834455657381176
0.00017115163710256138
0.0006001497471306259
0.0006322791054368817
0.00021682742844928698
0.0004017268842976744
0.0003412466390892208
0.0018561448667494488
0.0012645582108737634
0.0006955735669184266
0.00042413501029815633
0.00012173490846076927
0.0003886349467557923
0.00034100673420903345
0.00026944217249133843
0.00024474645151139495
0.0006955735669184266
0.00041382482701599554
0.0001523713485699334
0.000401451212490746
0.000886584699558875
0.0003903826371253191
0.00047429770986767423
0.0004511855754719312
0.0006322791054368817
0.0006322791054368817
0.00022700422802038317
0.00022433491815541088
0.00013712048791818013
0.00017324981388138066
0.007498534264976196
0.0008036427373381185
0.00019078003860323125
0.0006322791054368817
0.0001595547441791834
6.282858798468027e-05
0.00013658050295256108
0.00012092367430315248
0.00013943283114064962
8.732191361784614e-05
0.0006322791054368817
0.00017218059856281368
0.0006322791054368817
0.00013712048791818013
0.0006322791054368817
0.00016692776189814072
0.0008768956417785512
7.462275095051898e-05
0.0006057639022053585
0.0010337303179276279
0.00048664291982295757
0.00031756454431835704
0.0010376958952631565
0.0006322791054368817
0.0010337303179276279
0.0002192239104446378
0.0002681886414020714
0.00047305920504171013
0.00031335748071911783
3.600437164211492e-05
0.0002534768797468172
9.524279967005662e-05
8.557581855128069e-05
0.00026020995411666405
6.190299343870714e-05
0.00042785287418040937
0.0001004317210744186
0.00014651485863121524
0.0002649559462985441
0.0006322791054368817
0.00023082789294613567
0.0006322791054368817
0.00027496869065225126
0.0006322791054368817
0.0003191094883583668
6.586594122133418e-05
0.0012645582108737634
0.0006322791054368817
0.00038021531962022584
5.7835867408312845e-05
0.00021718395700079097
0.00030288195110267927
0.00048664291982295757
0.0016552993080639821
0.0004440470661568518
5.378315464564994e-05
0.0002213042616207185
0.00012588779310929708
0.0001801185539780099
0.0008276496540319911
0.00024215238634647644
0.0008675474144664428
0.00019691143969241385
0.00048664291982295757
0.000448625999476429
0.00023391778102615525
0.00024650505995093565
7.962468843843719e-06
0.0003327327898483363
0.00047924166980075884
0.0020022608621237475
0.005168651589638139
0.0003008732096402236
0.00010665762084322186
0.00018498304199264797
0.0002914003615214836
0.00030337207915327735
0.001204353637472238
0.0005594610126299197
0.00013472108624566922
9.845571984620693e-05
0.00024215238634647644
0.00011849053962795124
0.000802902424981492
0.0003903826371253191
0.00027504540062380824
0.0002941223544276806
0.0005204199082333281
0.00011541394647306784
0.00018446624894944213
0.0002941223544276806
0.00013472108624566922
0.00020058213976014905
0.0008880941323137036
0.00041382482701599554
0.0005986134942752071
0.00024510491157629454
0.00015828999860349112
0.00029908399965095263
0.00041142420334452435
7.462275095051898e-05
0.00021313173858128823
9.212523257956345e-05
5.1388795620349554e-05
0.00011983708415891822
4.650166787765799e-05
0.0001665838788863826
0.00013035778819107813
0.00020689421018451473
0.00034100673420903345
0.00022854400731132343
0.00010437386906619581
0.00011851004164663429
0.0002838355230250261
0.000378003342607563
0.00013199224966857948
0.00018302533863982591
0.0004601277165914345
0.0003903826371253191
0.0006322791054368817
0.000250135032718737
0.0005594610126299197
0.00015773589353935323
0.00011464991182264939
0.0008083265174740153
0.0002262766261237693
0.0003346378569177056
7.886794676967662e-05
0.00047924166980075884
0.00042785287418040937
0.0006322791054368817
0.0025291164217475267
0.0003628201426147151
0.00016187092273696002
0.00017594366151513961
0.0003191094883583668
0.00010881627931071256
0.0004894929030227899
3.8460803548030714e-05
0.0007037746460605585
0.00036626477199376995
0.0002042114382877096
0.00011091092994944543
0.0003550347813734473
0.0003346378569177056
8.272864425243593e-05
0.00016885534536358624
0.000584592086735007
0.000380369892771612
9.651620073255231e-05
0.00032866762777552936
0.00036765736736444184
0.00022445119340897446
0.0006455485865568069
0.001647599718354312
0.0004440470661568518
0.0011189220252598394
0.0006322791054368817
0.0006678322214632401
0.0001921378534915821
0.0003229531255256991
0.0005168651589638139
0.00016433670663395708
1.952907105776111e-05
0.00020041412357651233
4.7702301533088576e-05
0.000250135032718737
0.0006322791054368817
0.00022182185989889086
0.0002649559462985441
0.0006322791054368817
0.0002529366467849719
0.0001890016713037815
9.780522673764834e-05
8.466622591797308e-05
0.0006322791054368817
0.00035639008617505504
0.0002151828621856023
0.0002969723376275129
3.955662874356205e-05
9.911026589747082e-05
0.00025877449867580874
0.0018352463212639874
0.0004232547563746733
0.00013242239311834675
0.0030288195110267932
0.00038606480293020923
5.884429817385449e-05
8.526469273984044e-05
0.0001734733027444427
0.0003416741811480218
6.511771494720678e-05
9.398464928645533e-05
0.0003627710229094575
6.856024395909007e-05
9.09036571715708e-05
5.244018717669689e-05
0.0004183181901568734
7.182340127123894e-05
0.0003550347813734473
5.062375401304611e-05
8.500017710344453e-05
0.00026360253885899485
0.0041840688204877316
0.0002996694302158553
0.0001775224705848522
0.00012255245578814727
8.71749928055198e-05
0.0003464996277627613
5.33461551455283e-05
0.0005138427204253692
0.00019840181932942732
0.000290002049807753
0.0010160057612370863
0.00030755179996464995
0.004425953738058172
0.0008823670632830418
0.00758734926524258
0.0031613955271844085
0.0004440470661568518
0.0012645582108737634
0.000897251998952858
3.591170063561947e-05
0.00021890363794924736
0.00039074109719021866
0.0002800835393776456
0.0006322791054368817
0.0008880941323137036
0.00048664291982295757
0.00041507835810526255
0.0013247797314927209
0.0008126833967927492
7.654635446591176e-05
0.00016692776189814072
0.00012588779310929708
0.000177004622890306
0.0002146433141606006
0.00018299693406985984
5.723148733895536e-05
0.00024023731312061193
0.0002151828621856023
0.00011017884126289778
0.0004440470661568518
0.0005363772828041428
7.302193164595806e-05
8.58930756130737e-05
0.00035463387982355
0.0002681886414020714
0.00010244560321862064
0.0011419096036872696
0.00018796929857291066
0.00023237283698614552
0.00010872979344258152
0.00010238416005722557
6.517889409553907e-05
0.0002984108805429276
0.00010344710509225737
0.0003712289733498897
0.0013321411984705555
3.168075429785085e-05
0.00016191561435072583
0.00011695889051307763
8.894934080535974e-05
0.000401451212490746
0.00011852689426922674
0.00014640581763767575
0.00018316863083830807
2.208035694681867e-05
0.00035639008617505504
8.732191361784614e-05
0.00012380598687741429
0.0004100483937806587
0.00015724576548875518
0.0002474061961416473
0.0002715239787232212
0.0004902098231525891
0.0003602371079560198
0.0006210344421365581
0.000624877855414683
6.992024956892918e-05
0.0009226553998939499
8.595992977034984e-05
0.00025519206153910064
0.0003191094883583668
0.00019822053179494164
6.155059367970653e-05
9.780522673764834e-05
6.470460750494207e-05
0.0003719128117376934
0.00015839391135824278
6.282858798468027e-05
0.0001859564058688467
0.000401451212490746
0.0001746438272356923
0.00011924813780844228
0.0001004317210744186
0.0005582407807124004
0.0013640269368361338
7.496140179205884e-05
0.00012759603076955032
0.0001706233195446104
4.297996488517492e-05
0.0006322791054368817
0.00024474645151139495
0.0006322791054368817
3.809283714248335e-05
0.00032835545692387104
0.0008466500656994556
0.00011215519076013582
0.0003555806828076802
0.0003712289733498897
0.00022700422802038317
0.00012472954266228663
0.00021038455470870815
7.88765192715263e-05
6.236477133114331e-05
0.000293415680212945
0.00013651221340963408
0.00013472108624566922
0.00014538088949465333
0.00017324981388138066
0.000223426642923937
0.00020391625791822083
0.0001859564058688467
0.0001422101611242958
0.00014954199982547631
6.443905285865307e-05
0.0002474061961416473
0.0002474061961416473
0.00023391778102615525
1.562325684620889e-05
0.00018299693406985984
9.092242770364656e-05
2.4715693221523228e-05
8.3417436869599e-05
0.00030755179996464995
9.7122553642176e-05
0.00011017884126289778
6.856024395909007e-05
0.0008355905834376727
0.0018602420560585385
0.0009051065044950771
0.0002112915172670114
0.00010385756117193723
8.673665137222136e-05
7.91364775881941e-05
0.0005336145708134956
0.0008965415774662306
0.0007344993128508526
6.077830102633409e-05
0.00031756454431835704
0.0002016011012746129
0.00011389139371600726
0.0002467528306338231
0.0005365023058552393
0.00014829415932913936
0.000242552077642498
0.0006322791054368817
0.00048664291982295757
0.00020219746950500021
0.0001818073143431416
0.0006322791054368817
0.0005594610126299197
0.0006322791054368817
7.986294544186361e-05
0.0011278157914374639
0.0006395581327486141
0.00023237283698614552
5.87261634263021e-05
0.0001746438272356923
0.0005236395282214872
4.046546863714904e-05
0.0001177399669838562
0.00011931976068462006
0.00043436791400158195
4.2213141762410876e-05
0.00013712048791818013
0.0001917551415878872
9.715873668894808e-05
0.00019537054859510933
0.00011695889051307763
0.0017537912835571025
0.00213115943821126
0.0003124389277073415
0.0002112915172670114
0.00011464991182264939
6.72741205892837e-05
0.0002255927877359656
7.828040179964686e-05
0.00018446624894944213
2.667307757276415e-05
0.00011164815614248006
0.00010945181897462368
0.00010730046117104785
0.00024215238634647644
0.0002588184300197683
0.0001400867762836848
0.0006322791054368817
0.00017192835870443287
0.00013109816511125874
0.0002213042616207185
0.00046320072993228116
0.0006322791054368817
0.0006322791054368817
0.0002649559462985441
0.00023006385829571724
0.0005118699586338313
9.151266931991296e-05
5.127525407848975e-05
0.00023962083490037942
0.00010177001052772317
0.0002255927877359656
7.832782063704672e-05
8.050518979882477e-05
0.00035639008617505504
0.0002649559462985441
0.00014744084375748102
0.0005274627279639698
0.00018920225501337567
4.5314600994555866e-05
0.00014436586419382892
0.00037096555442457207
0.0002681886414020714
0.000401451212490746
0.0002860372660176782
0.0001631162480061564
0.0001336919531220508
6.856024395909007e-05
0.00029488168751496205
0.0001430955427737337
5.7835867408312845e-05
0.00014538088949465333
0.0004891681565380721
2.9627510411658573e-05
0.00379367463262129
0.00025877449867580874
0.00016013448642206605
5.564258729938024e-05
0.0012506751635936852
8.442767268179312e-05
0.00032618938032774456
0.0001631162480061564
0.0013896021897968434
0.00040416325873700765
0.0005278309845454189
0.0010777686899653537
0.0011136869200496693
0.0025291164217475267
0.0031613955271844085
0.0031613955271844085
0.00012504397892308
0.00013199224966857948
0.0001358312566832962
0.00030755179996464995
0.0005594610126299197
0.00046320072993228116
0.0003055493898580071
0.00027496869065225126
4.7396215851180495e-05
0.0012858283797409894
0.00039163910318523363
0.0006322791054368817
0.0001859564058688467
0.0013321411984705555
2.2108753838836317e-05
0.00012092367430315248
0.00011742060269947028
0.0004440470661568518
0.0025291164217475267
0.0025291164217475267
0.0001332294766673751
0.0016056429071769447
0.00012504397892308
0.00042785287418040937
3.3774929317806945e-05
7.654635446591176e-05
0.00015665564127409343
0.0001413783367660521
0.0005624040138888344
4.6163620334524754e-05
0.00020625113741635516
5.43482674193364e-05
0.0007261915449981744
0.0003712289733498897
0.0002112915172670114
0.0001332294766673751
0.0001655594814131051
4.108617397117295e-05
0.00011302882446273009
0.0002808021608075082
0.00019537054859510933
0.00034385671740886573
0.0003628201426147151
0.00030288195110267927
0.00031756454431835704
0.0002785301944792242
0.00027089446559758304
0.00017324981388138066
0.0002681886414020714
0.0002860372660176782
0.00026578801773060023
0.00014436586419382892
0.000401451212490746
0.0001655594814131051
0.00010449884710481292
0.00019691143969241385
0.00035463387982355
0.00015344781403702856
0.0006322791054368817
0.00034100673420903345
8.673665137222136e-05
0.00023237283698614552
0.00022778278743201453
0.0002860372660176782
0.0002822166885664852
0.00020391625791822083
0.00041382482701599554
0.0002860372660176782
0.00010519227735435407
0.00018796929857291066
0.00042785287418040937
0.0003903826371253191
0.0006322791054368817
0.00016101037959764954
0.00032383122870145167
0.00035188732303027923
0.00013564668079164233
0.0004303657243712046
0.0005236395282214872
0.0012645582108737634
0.00013516597519358406
0.000177004622890306
3.555254028107395e-05
0.0005594610126299197
0.00014336055220274093
0.00046320072993228116
7.779045731001285e-05
0.0003903826371253191
0.0004440470661568518
6.052971504207181e-05
0.0002558150268768219
0.0003579592820538602
0.0001036130142211084
9.460112750668784e-05
0.00020041412357651233
0.00024151556939647434
6.007591605833805e-05
0.00021718395700079097
6.544524735472948e-05
0.00017870840795461277
0.00011215519076013582
0.00016433076212687503
5.18065071105542e-05
0.0011136869200496693
7.886794676967662e-05
0.0007100695627468946
8.557581855128069e-05
0.0001921378534915821
0.000442608523241437
0.00011541394647306784
0.0004392174529130272
0.00018746800462961146
0.0006322791054368817
0.00013021162566123328
0.0001595547441791834
6.0985482791116655e-05
0.00027316100590512216
0.0005041826774310561
0.0004440470661568518
0.0003550347813734473
0.0006110987797160142
0.0001890016713037815
3.412805335240852e-05
0.00014431674448857126
0.0008138800847498541
0.0002529366467849719
0.00017192835870443287
0.0005168651589638139
0.0017292406814242388
0.0006572662393675679
0.00014848616881375646
0.0006322791054368817
3.9945694719639405e-05
0.0001890016713037815
7.054245939577888e-05
0.0003477867834592133
0.00018125840397822346
0.001579149514151759
9.09036571715708e-05
0.00018746800462961146
0.00015611003225015336
0.0003903826371253191
0.0002558150268768219
0.00014436586419382892
0.0004511855754719312
0.00048664291982295757
0.0007204742159120396
0.0005578692176065401
8.673665137222136e-05
5.7835867408312845e-05
0.00013289400886530011
8.990082906475659e-05
0.000591074943702821
0.0002569439781017478
0.00016072854746762368
0.00010244560321862064
5.607759538006791e-05
0.00016933429353951438
6.905230247637431e-05
0.0018912119457487615
0.00027886566228129924
0.0006151035999292999
0.0001553202533420721
0.00010589031514765068
0.00017887220671266343
0.0003229531255256991
0.0005097273843740959
0.00027620920990549725
0.0008581117980530346
6.825610670481704e-05
0.00017230926318668828
0.0003053100315831695
0.00045505811872991603
8.161103476120585e-05
0.00021038455470870815
0.00023237283698614552
0.00019822053179494164
4.97343629811852e-05
0.00011852689426922674
1.5092361853699579e-05
0.0010337303179276279
0.0002681886414020714
0.00012105943008414363
0.0001921378534915821
0.0005168651589638139
0.00027886566228129924
0.00013564668079164233
8.139217155417109e-05
9.783363130761442e-05
0.0002769468489200987
6.613393977647577e-05
0.00034100673420903345
0.00013614095885847307
0.0011067974936966529
0.0004440470661568518
8.284088480236965e-05
0.00010945181897462368
9.524279967005662e-05
8.050518979882477e-05
3.740853223482908e-05
0.0002151828621856023
0.0003712289733498897
0.00010730046117104785
0.00010945181897462368
0.00041382482701599554
0.0001978624982543639
0.00032863311968378393
3.772615509000408e-05
0.0002112915172670114
0.00019696599495926193
0.00024474645151139495
0.0012645582108737634
0.00048693963384307707
0.00027496869065225126
0.00019537054859510933
0.00020939859575952314
5.33461551455283e-05
0.00019055805979081823
0.0001430955427737337
0.001807302601403699
0.0004270943081359208
0.00075026387353848
0.0004511855754719312
0.00013472108624566922
0.0004270943081359208
0.00010109873475250011
6.236477133114331e-05
0.00011852689426922674
0.0001284606801063423
0.00010730046117104785
0.00010244560321862064
0.00013792947345634316
5.695305295789344e-05
0.0004017268842976744
0.00027504540062380824
0.00040783251583644166
0.0001284606801063423
0.0002278045389309027
0.0005770697323653392
0.0004616242500632956
0.0005720745320353564
0.00014744084375748102
0.0005175489973516175
0.0004683300967504601
0.00021922203252562763
0.0003903826371253191
0.0001655594814131051
0.00032145709493524736
0.0004179953884192517
0.0006820134684180669
0.0002618197641107436
8.909752154376376e-05
0.00010244560321862064
0.00014538088949465333
0.00013021162566123328
0.00013021162566123328
5.87261634263021e-05
0.0005720745320353564
0.00012337641531691155
5.324196362790907e-05
5.4563405736970334e-05
0.0003124389277073415
0.00015387475002109853
0.000106593022124769
0.00011017884126289778
8.442767268179312e-05
0.0002558150268768219
5.564258729938024e-05
0.00042785287418040937
0.00013752270031190412
6.329446148154492e-05
0.0001523893301724057
7.154777138686686e-05
2.2108753838836317e-05
7.182340127123894e-05
5.9255020823317145e-05
0.0003346378569177056
1.8389629125010903e-05
0.00014640581763767575
0.00013658050295256108
0.00035188732303027923
0.00024474645151139495
4.570880146226469e-05
0.0003346378569177056
0.00019840181932942732
6.007591605833805e-05
9.621116299238084e-05
0.00013658050295256108
0.00020354002105544633
0.0002467528306338231
0.00010955587592517646
0.00012933250503832712
6.236477133114331e-05
0.00046320072993228116
0.00018922368201668404
0.00012504397892308
2.5515451488637253e-05
0.00011541394647306784
0.00017594366151513961
0.00012588779310929708
0.00041382482701599554
0.0005594610126299197
0.00015387475002109853
0.00012472954266228663
0.0002255927877359656
0.00010589031514765068
0.00017324981388138066
0.00015277469492900355
3.699660839852959e-05
0.00020215059784528915
0.00030902331467293296
0.00014954199982547631
9.092242770364656e-05
0.0003229531255256991
0.0007256402852294302
0.00012504397892308
0.0001631162480061564
0.0006057639022053585
0.0002785301944792242
0.0001400867762836848
0.0002474061961416473
0.0002558150268768219
0.00011091092994944543
0.0002192239104446378
9.845571984620693e-05
0.0005499373813045025
0.00034100673420903345
0.0002529366467849719
0.0002112915172670114
0.00012092367430315248
5.6514412231365045e-05
0.0002969723376275129
0.00016072854746762368
9.09036571715708e-05
0.00015277469492900355
0.00018746800462961146
0.00046320072993228116
0.0002151828621856023
0.00027662692008601067
2.5637627039244873e-05
0.0002785301944792242
0.000442608523241437
0.00028572839901016986
6.807047942923654e-05
0.00039907566285013804
0.0005168651589638139
7.545231018000817e-05
0.00042785287418040937
6.0985482791116655e-05
0.0002822166885664852
0.00010881627931071256
0.00022929982364529878
0.000177316939911775
7.619466508620285e-05
0.0001177399669838562
0.00011041874614308514
0.000290002049807753
0.0003974117718325182
0.006948010948984218
0.0005594610126299197
0.00023017172105554287
9.461184100834202e-05
0.00047429770986767423
0.0012645582108737634
0.0001680608924770187
0.0011189220252598394
3.809283714248335e-05
2.6620981813954535e-05
5.18065071105542e-05
5.349416270353252e-05
0.00046320072993228116
0.00010945181897462368
0.0005069537594936344
0.0005116300537536438
0.0007424579466997794
0.0004694674143153758
0.00025877449867580874
9.715873668894808e-05
0.0002347337071576879
0.0006322791054368817
0.00023863952136924012
7.832782063704672e-05
0.0006322791054368817
0.0002860372660176782
3.772615509000408e-05
0.00014640581763767575
7.398839594082725e-05
0.00010277759124069911
0.00043436791400158195
0.0008557057483608187
0.0003055493898580071
0.00011164815614248006
0.00032863311968378393
0.00010449884710481292
0.0003712289733498897
5.857834196866552e-05
0.00019374176711011454
0.000380369892771612
4.5314600994555866e-05
5.695305295789344e-05
4.3365485689857394e-05
0.0002558150268768219
0.00010730046117104785
1.4797679188165449e-05
0.00012933250503832712
0.0002860372660176782
0.00021718395700079097
0.00011312256778215218
0.0002822166885664852
0.0002928116352753515
0.0005168651589638139
0.0006322791054368817
0.00019537054859510933
0.0003124389277073415
0.00013199224966857948
0.00011464991182264939
0.00010380996397156997
0.00012173490846076927
0.0001987058859162591
0.0002984108805429276
0.0001621133144282729
0.00014336055220274093
0.0014201391254937891
9.976891571253451e-05
0.0002529366467849719
0.00031678782271648556
0.0002860372660176782
0.0003712289733498897
0.0002681886414020714
0.0003124389277073415
0.0002213042616207185
0.00019702498123427367
6.236477133114331e-05
0.0006322791054368817
0.00013199224966857948
0.00046320072993228116
0.00013752270031190412
9.976891571253451e-05
7.832782063704672e-05
0.0002715239787232212
0.0003903826371253191
0.0007042011214730637
0.00016823278614020375
0.000290002049807753
0.00030288195110267927
0.00032863311968378393
0.00014848616881375646
7.358772483071369e-05
0.00018299693406985984
0.0001859564058688467
0.00017192835870443287
0.00010730046117104785
0.00013752270031190412
0.00015611003225015336
0.00018922368201668404
2.7281702868485167e-05
4.183181901568734e-05
5.87261634263021e-05
0.00024215238634647644
6.954667657167821e-05
0.00018299693406985984
0.00034100673420903345
9.336117979254854e-05
0.0001746438272356923
0.0001680608924770187
0.000290002049807753
0.0001668027420934174
9.911026589747082e-05
0.0003550347813734473
7.94108642642224e-05
0.00013199224966857948
0.000223426642923937
0.00031756454431835704
0.00034100673420903345
9.651620073255231e-05
2.7254291229033033e-05
2.861574366947768e-05
3.555254028107395e-05
0.000177316939911775
0.0005168651589638139
0.00013943283114064962
9.092242770364656e-05
9.780522673764834e-05
7.779045731001285e-05
0.001896837316310645
0.0016783830378897591
0.0010660958660535808
0.00014640581763767575
0.0025291164217475267
0.00034100673420903345
0.0012645582108737634
0.0012645582108737634
0.0012645582108737634
0.00010801269645086915
7.00433881418424e-05
0.0002822166885664852
0.00023962083490037942
0.00011541394647306784
0.00018302533863982591
0.00011164815614248006
6.758298759679203e-05
0.0001004317210744186
0.00010519227735435407
9.09036571715708e-05
7.672390701851428e-05
7.672390701851428e-05
0.0004303657243712046
5.962406890422114e-05
0.00025877449867580874
0.00020041412357651233
0.00020391625791822083
2.5964390292984306e-05
0.0002151828621856023
7.205405815654364e-05
0.00046320072993228116
0.0006322791054368817
0.0006322791054368817
6.470460750494207e-05
0.0002822166885664852
0.00011164815614248006
0.0002529366467849719
9.274138860614302e-05
0.0002192239104446378
3.448236836408579e-05
7.307401084187587e-05
0.0007256402852294302
6.470460750494207e-05
0.0006322791054368817
0.0002278045389309027
0.0002784306470717536
0.0006322791054368817
0.0006322791054368817
0.00010945181897462368
8.442767268179312e-05
0.00035741681590922554
0.0005594610126299197
5.1388795620349554e-05
4.610448668100178e-05
3.8460803548030714e-05
6.369975075074975e-05
0.0005644333771329704
0.001896837316310645
0.00020571210167226217
0.0015526469920548525
0.0006322791054368817
8.216835331697854e-05
0.00046320072993228116
0.00048664291982295757
0.00048664291982295757
0.0016783830378897591
0.001706233195446104
0.0025291164217475267
0.0025291164217475267
0.0006322791054368817
0.0006322791054368817
0.0012645582108737634
0.0006322791054368817
0.0006322791054368817
0.0006322791054368817
0.00017939224634241642
0.00024215238634647644
0.00011164815614248006
0.0006322791054368817
0.001141109678314836
0.00048664291982295757
0.0006322791054368817
0.0001655594814131051
0.0004440470661568518
0.0006322791054368817
0.00013564668079164233
0.0006322791054368817
0.0006322791054368817
0.0006322791054368817
0.0006322791054368817
0.00013472108624566922
0.0001631162480061564
0.0012645582108737634
0.00015839391135824278
0.0006322791054368817
0.004425953738058172
5.349416270353252e-05
0.0006322791054368817
0.0012645582108737634
0.0006322791054368817
0.0006322791054368817
0.0005594610126299197
0.0006322791054368817
0.0012645582108737634
0.0006322791054368817
0.0006322791054368817
0.0012645582108737634
0.0006322791054368817
0.0008880941323137036
0.0006322791054368817
0.0015505954768914418
0.0006322791054368817
0.0006322791054368817
6.376241014559902e-05
0.0006322791054368817
0.0006322791054368817
0.0006322791054368817
0.0006322791054368817
0.0006322791054368817
0.0006322791054368817
0.0004187971915190463
0.0006322791054368817
0.0006322791054368817
0.0006322791054368817
0.00015277469492900355
0.00046320072993228116
0.0006322791054368817
0.0006322791054368817
0.0001890016713037815
0.0001284606801063423
0.0005168651589638139
0.00014236476937864027
0.0006322791054368817
0.0006322791054368817
0.0006322791054368817
0.00034100673420903345
0.0006322791054368817
0.0006322791054368817
0.0010337303179276279
0.0008880941323137036
0.0006322791054368817
0.0002474061961416473
0.0006322791054368817
0.0006322791054368817
0.000401451212490746
0.0006322791054368817
0.00012588779310929708
9.336117979254854e-05
0.0006322791054368817
0.0001549864461239406
6.517889409553907e-05