0.0014296011487416735
0.000865494414151822
0.0042561402357763215
0.00592122755833396
0.021294738356912635
0.009333555500046808
0.011249742598515525
0.00756591692511307
0.003366966835418114
0.005599608705203974
0.0010925618386234282
0.0015409449567097932
0.00044155891094056765
0.0016011182131293446
0.0030384989659223223
0.0011368312253522478
0.0002715923711473079
0.000498084029341968
0.00013284531241368643
0.0008946903905115638
0.0009256052185893442
0.0032883946328158627
0.0018515926902801718
0.0011636142025642328
0.0036943312058355477
0.000819725257705275
0.003233526665547015
0.0019655072602382823
0.00013579618557365395
0.0003439053147778668
0.0020406699183874435
0.0008240603317535672
0.002604776652977295
0.0014467760382513063
0.005300101681757851
0.0003261063876201089
0.0008253404456237442
0.0013811905871740134
0.002604776652977295
0.0070024811318633055
0.0033936387988746258
0.0007931289862403728
0.001819656547991057
0.0009569766998773555
0.001121870270396107
0.0019012567352827373
0.003827906799509422
0.00296061377916698
0.002890088798486349
0.001908849091474911
0.002414712724868184
0.0014907429805767279
0.0012818229968321038
0.003320331096229606
0.002397719327641683
0.0003693321007146845
0.00044945334413074343
0.0016857706802014198
0.00035110864733283413
0.0026495269712273136
0.005262858539794105
0.0064380340440297265
0.002649353465643406
0.0010294142105094469
0.0030384989659223223
0.001409973243147399
0.004472228941730183
0.002948260890357423
0.0023818130708426746
0.0021910491435351725
0.004716433048128203
0.0064380340440297265
0.0064380340440297265
0.0006630458955461892
0.000535427800769277
0.0006275255290523238
0.0023472407381682435
0.001159672467049197
0.0006209704085184145
0.0036943312058355477
0.0006350146913373067
0.0009256052185893442
0.0005078715016708815
0.0005665676253587141
0.0006209704085184145
0.0006540319182953411
0.00022833433047298753
0.0011751755042356219
0.0005360652088185539
0.002232196171867322
0.0003559732902930459
0.0006397373958834194
0.0005843962187673824
0.0004067376895837175
0.0013624235998090086
0.0012312770186434295
0.0004891333458905573
0.0006350146913373067
0.00017906414797460012
0.001863323461686701
0.0006071081301725374
0.001555592583341135
0.004521405348503511
0.0013258494100579763
0.0013811905871740134
0.0014907429805767279
0.0020201801012508683
0.0011368312253522478
0.0003841377466553618
0.0010782033567004628
0.00030513138534786846
0.00033724210203749404
0.0047007020169424875
0.0034722212788673504
0.0006033503844423475
0.001015873639299551
0.0004939459551596486
0.0014699716319637656
0.0005064085137049745
0.00013284531241368643
0.00010952687749020534
0.0013531621493821447
0.0012478617049955685
0.000979647654705671
0.0005709969933527112
0.0017915051642945498
0.0007614126039856064
8.388725433315026e-05
0.00041821927575860313
0.0032883946328158627
0.0016061088273194245
0.0006733933670836228
0.0025469414415252682
0.0008141393920505408
0.001878284416642842
0.0015119256696454907
0.0007336735872392892
0.0019893148962861627
0.002604776652977295
0.0016857706802014198
0.0010570206676317002
0.001555592583341135
0.0009133097861817113
0.001940312855111435
0.0015409449567097932
0.0008253404456237442
0.0010925618386234282
0.00173733202708724
0.0017242068214097352
0.00025442564450605195
0.003817698182949822
0.002994832052226679
0.00317910775035534
0.0015570539460609697
0.0010211903519315962
0.00148030688958349
0.0025984334541936994
0.007949959713675217
0.0008713557484999861
0.0018485688713192445
0.002819946486294798
0.002851885102924106
0.0023901210477583297
0.002994832052226679
0.0001872480955733869
0.0017506202829658264
0.0003439053147778668
0.00040293771811997063
0.001308020816649308
0.002604776652977295
0.005696580852739133
0.0016732595335775897
0.0016984298911679495
0.0009133097861817113
0.0036150585866941655
0.0026659184848123497
0.0003225818676534863
0.0032883946328158627
0.001878284416642842
0.0020232761881226976
0.0030840245957105324
0.0002577322648890796
0.0003475009176326523
0.00046944814763364866
0.0015012818918557305
0.0030670726412983956
0.0034484136428194704
0.0003475009176326523
0.0030453528437365475
0.00017906414797460012
0.0036943312058355477
0.005696580852739133
0.005696580852739133
0.0016857706802014198
0.0011071156800286502
0.0024920734742564206
0.005696580852739133
0.003129385150535303
0.0033462298442678887
0.003541257543892581
0.005696580852739133
0.004087683035558483
0.0012395372206325619
0.0064380340440297265
0.0038730274303395173
0.002519155701599926
0.0007285184406731714
0.0010782033567004628
0.0064380340440297265
0.0064380340440297265
0.002634910782083235
0.00021234463301657777
0.0023195664136461866
0.0013258494100579763
0.003233526665547015
0.0017112407130541758
0.004521405348503511
0.0004857175234920891
0.001893457590792641
0.0064380340440297265
0.0006733933670836228
0.0014197421771809005
0.002799804352601987
0.0009318063422869956
0.00044155891094056765
0.0012149455435227076
0.00022482806802499603
0.002604776652977295
0.0025469414415252682
0.0016486678564677354
0.00017798664514652294
0.0006071081301725374
0.0010853585060684608