0.02380318921841795
0.022903015833208043
0.0005677679000082205
0.0016846939410307049
0.004790269104257282
0.002287184785696785
0.0006267782726862028
4.441216224996099e-05
0.0003881922659000692
0.0015321498469499388
0.0007736103480686489
0.00010812953220281064
4.1611449275391696e-05
0.00010599603000771976
0.00596756860949312
0.000113263460560118
0.000250310499145679
0.0011486009706906802
0.0045028296417826165
0.0014503445068606282
0.0006828218482255879
8.783489775164173e-05
0.00019915203458260126
1.0084151244478528e-05
7.219269499123897e-05
0.0006401454827114887
0.0004004230669291974
0.00016031354304244313
0.00039775441360374826
8.244218277782396e-05
0.0001617367161456067
0.000312044396741765
0.00022261521202650818
0.00013300220614366508
0.0003896342988673138
0.0003161744689793631
0.0010762767507952015
0.00292135067208608
0.0004269739941329228
0.00019865263674668775
0.00042930014521947433
9.894872153728823e-05
0.00018006824261006948
0.00015093142833051397
7.646903661726658e-05
0.0007083582173105878
0.00015513526740320978
0.00013973765023465935
0.0005790570642700289
3.916670890487171e-05
0.0005189354519078728
0.0003836191900785564
0.00017745269093630777
6.63848932475862e-05
0.0002704202644227411
0.0007321641790885555
0.021858141346943683
9.717325657798458e-05
0.0002741956180347173
0.00013915210752263042
0.0003534694099387422
0.00022261521202650818
3.357272153149989e-05
0.0005790570642700289
0.0003820384388130472
0.0012760758318974955
0.0005451983280618175
0.0007646144205934086
0.00014888450749299476
0.00045294881923708697
0.00022354726154776028
8.775263157548813e-05
0.00017489400361033443
0.004806821372833666
0.0002206048486960539
0.0003820384388130472
0.00028023258137107286
0.00037490322506715317
0.00018548045966443804
0.00041003215471262905
4.858344656961259e-05
0.00010812953220281064
0.0004686303446629639
0.0004270903926624824
0.0001418773398746395
0.00014294904910604905
0.000109573660523967
0.00023459452435497797
0.0003500332051875745
0.0035726711667792067
0.00010884938142875647
0.0003820384388130472
0.00012434469847115556
0.00027329429361352443
0.0007236250519909161
5.908838418279513e-05
0.00013425650566747097
0.00016753567134919218
0.0007083582173105878
0.0002304644521173799
0.00035577556265910243
0.000121909620235904
0.00017453136499381646
0.00036181252599545806
0.0003896342988673138
0.000718218972348398
0.00019117259154316645
0.0004751691416185849
0.00021135580304646498
0.0007169221120406588
0.0005790570642700289
5.757216289824528e-05
0.00015196839522836029
0.00010845832258786187
2.4768994138143454e-05
0.00040647655001876216
0.00014787424393764432
0.002561843964797537
0.00014687257847423947
0.0004820780737843977
0.0003546725497164403
0.0003189896783801078
0.0006388694549625143
0.0007524157376327938
0.0001382217075664261
0.00016715598094652003
0.0005189354519078728
0.00021174333581838286
0.00026568383910473785
0.00034934412558664836
0.0019418896261630956
7.880763585657198e-05
0.00013258859862651834
0.00019434651315596916
5.4347441136806866e-05
0.0004664470227259986
0.00022845252309862464
0.00025774633880609624
3.053366936065652e-05
0.006392069661454651
3.1683515935732865e-05
0.00016753567134919218
0.0003353208923216404
0.0021346533759546145
6.040832378663687e-05
7.40915195219379e-05
0.0002968368243897511
0.0001761663941817111
0.0003041951566508933
0.0005206662916535098
0.0004981232259558639
0.0005154926776121925
0.00016061043978485935
0.0002712894214515809
0.00041800874312932987
0.00016061043978485935
0.0017203824463351692
0.0002603331458267549
0.0012300964641378872
0.0013950682377293947
0.0008071654223795045
0.0006150482320689436
0.0001435221608387688
3.4478844889417405e-05
0.00018410389448035268
0.0008635064253001937
0.0002901376297660296
0.00013457195832528588
0.0004734304240551898
9.58727463119226e-05
0.00020501607735631453
0.0008681761087755698
0.00015230126870853167
0.00030805435424292865
0.0007115511253182049
0.0010459488272693649
3.615277419595396e-05
0.00028023258137107286
5.537922806383579e-05
9.458644955732594e-05
0.0010519123527261592
0.0002625071714888491
0.00010942952585030603
0.00020520843357332402
0.00016720349725173194
0.00031165957826267504
0.0021001992311254465
0.0011625568647744956
0.00020833164820103313
0.00047933435822813345
0.00015142984863151127
0.0005406476610140532
9.458644955732594e-05
9.981819893276948e-05
4.431628813709634e-05
4.226556236912652e-05
0.0002741956180347173
0.0008103913080334127
0.0004560620309177318
0.00028017984220488496
5.664176294204096e-05
7.726293269221173e-05
0.0007083582173105878
0.0005137807430621492
0.001949379632366262
0.00020501607735631453
8.595572672480707e-05
9.205975241020541e-05
0.0007481892692490609
0.0001930424103018345
0.0003081402943574047
7.791489456566876e-05
0.0002655773338260073
1.526683468032826e-05
0.00022261521202650818
0.00020400517969021236
0.0005134720234443096
0.00024560207202659425
0.0003014664822681096
0.0001319070524420763
0.0007083582173105878
0.00019115360514835214
0.0001594948391900539
0.0002388748135645259
0.0031338913634310138
0.00017625019007192272
0.0007083582173105878
0.0002712894214515809
0.004974771196456437
0.00014103526740212306
0.0010179788502914441
0.0005369065211263787
6.631285177655932e-05
0.00028337130021926127
6.185245210779322e-05
0.0011461153164391417
0.00032045475818891103
0.0002968368243897511
0.0004158971750212586
0.0005934099684240153
0.0007763845318001384
0.000146043115550655
0.0012476915250637757
5.2509385205063046e-05
0.00015407014717870235
0.0004100957994238701
6.112875862239441e-05
0.0007569067254196745
0.0014167164346211756
0.00036817596660508476
0.00021747060766295166
0.0004414641042940311
0.0006267782726862028
0.00046361838343743236
0.0005790570642700289
0.000600634600393796
0.00022954478249635648
0.000109573660523967
0.00036510778887663756
0.000217053784616047
0.00023459452435497797
0.0002629780881815398
0.00044975591122946995
0.00039775441360374826
0.00043735550728348757
0.00033507134269838436
0.00015093142833051397
0.0002367152120275949
0.0004974771196456437
0.0005189354519078728
0.0004958654837615449
0.0008138682643547428
0.0007083582173105878
0.00035577556265910243
0.0005206662916535098
0.00026568383910473785
6.563673150632881e-05
0.0005790570642700289
0.00010647824249375238
8.75156420084384e-06
0.0001178495595075609
0.0003500332051875745
0.00013457195832528588
0.00010812953220281064
0.00018139814355715462
0.0003161744689793631
2.4737180384322056e-05
4.4334068714555035e-05
0.00010116329907682099
0.0001761663941817111
0.00010884938142875647
0.0002038240175617354
0.00023459452435497797
6.730456286860962e-05
0.0005425788429031618
0.0002760927251349478
0.00023459452435497797
0.0006794232288556305
0.00010812953220281064
0.00032489660539437696
0.00021174333581838286
0.0013729860493989182
0.0005815045949301766
0.00036181252599545806
0.00012508224322303865
0.00026914391665057175
0.000293323280442768
0.00021002513038992246
0.0005790570642700289
0.0007363519332101695
0.00047933435822813345
0.0003295126865051576
0.0007083582173105878
0.0005189354519078728
0.0008747110145669751
0.00044905798746086833
0.00013016339119399772
0.00028659602198069967
0.00018410731344499167
0.0002078010300801058
0.0005189354519078728
0.00023219790353878135
0.00012181272793811166
0.0007498064501343063
6.529263384985437e-05
0.0003189896783801078
0.00014990351802776625
0.00012021141097049101
0.0004777496271290518
0.0005822883988501038
0.00011891064555547583
0.0007083582173105878
9.58727463119226e-05
0.0004004230669291974
0.0007763845318001384
0.0007915735900018953
5.762372139702016e-06
0.00033707583974327486
2.9552863446214492e-05
0.0002376796036935975
0.00010145012016779522
0.0001276118812617515
0.0004132161472937915
0.0015752266365590926
0.0012632523355137996
0.0002591799196379028
7.324825615000384e-05
0.0005054745715449766
0.000250310499145679
0.00039775441360374826
8.65516519551426e-05
0.00020954860739672552
0.0018298807698202604
0.00040642151997498567
0.0005347077405639234
0.000312044396741765
0.0003472704435102279
0.00013664714680676222
0.00037524672966911596
0.0009636626387091561
0.0006359761800463186
0.00015252214740404545
0.0005790570642700289
0.0007236250519909161
0.00028337130021926127
0.0007083582173105878
0.00016402212740220909
0.0001870133787769414
0.0002998070360555325
0.0004974771196456437
0.0013491316622498964
0.0008817244867334373
0.00014990351802776625
4.4602772629335955e-05
0.0003393262834304814
0.0005451983280618175
3.357272153149989e-05
0.0005867863570614544
0.00047933435822813345
0.00018548045966443804
0.00011421208710040718
0.00027401370719896885
0.000397765795879555
0.00028017984220488496
0.00032805668798806514
0.0020218982861799064
1.9245635478831798e-05
0.00040647655001876216
9.485370676013571e-05
0.00047933435822813345
0.000586646560885536
0.0004958654837615449
0.00024560207202659425
0.0002897889299883167
0.0002603331458267549
1.851806085330895e-05
0.0002794753004693187
0.00028337130021926127
0.0001135167136583853
0.0007083582173105878
0.0006300753911697674
0.0013399400073192283
0.0003500332051875745
0.00014888450749299476
0.0003445580328059249
0.00036181252599545806
0.000150737785645582
0.0005189354519078728
0.00035577556265910243
0.00015729486894014075
0.0001471106455576493
0.0001039005150400529
0.00017489400361033443
0.0001242563101384844
0.00010599603000771976
9.458644955732594e-05
9.716689313922519e-05
0.0001723897605927429
0.00030045849418866214
0.00022647440961854348
0.0005790570642700289
0.0007083582173105878
0.0001930424103018345
8.046556662745306e-05
0.0002629780881815398
0.0004686303446629639
0.00032058938842715646
0.0005451983280618175
0.00022452899373043416
0.00021525687976536596
0.00021002513038992246
0.000293323280442768
0.0007582118573174649
9.268298518687538e-05
0.0007083582173105878
0.0001067029088986488
6.283201569474719e-05
0.0002134869970664614
0.00013278866691300364
7.30215577753275e-05
0.00011401550772943294
0.0009613642745667331
0.0005418953599666476
0.00022471722649551658
0.0005189354519078728
0.0003443171737445347
0.00028991159282541827
0.00034141092411279394
6.233779292564714e-05
0.00046361838343743236
0.0004560620309177318
0.00010048882742270318
0.00039775441360374826
6.32496634167237e-05
0.0002270334273167706
0.00073087636762867
0.0007083582173105878
8.595572672480707e-05
0.0002066621878474238
0.0009554992542581036
0.0006686239237860801
0.0007655723928812586
0.0007809803471639863
0.00035194225301987567
8.964756315919269e-05
8.775263157548813e-05
0.0004609289042347598
0.0009423771516308975
0.0005369065211263787
0.00019865263674668775
2.0602364987207338e-05
5.072506008389761e-05
0.00012434469847115556
0.0008747110145669751
8.952183805995479e-05
1.4772096045698782e-05
6.781296530729672e-05
0.0002137683626425888
0.0002527372857724883
0.0004654058022096293
0.00022954478249635648
5.571866031550667e-05
7.643400658565077e-05
0.00032804425480441817
0.0006735869811913025
0.00024107478381443903
0.00041666329640206625
7.964876273527649e-05
0.0001711573411481032
0.0001767154969896169
0.00022452899373043416
0.00016031354304244313
7.964876273527649e-05
0.00032045475818891103
0.00035577556265910243
0.00028397653682204403
0.0002134869970664614
5.167229099896015e-05
0.0002638141048841526
0.00037276893041545317
0.0007364155779214107
0.0008074317499517153
0.0006686344607937469
0.0004414641042940311
0.00023877685834554078
6.184295096080515e-05
0.0004734304240551898
0.0002673538702819617
6.282514344205983e-05
3.425446346941596e-05
0.00026206398557239186
0.00039660548023226293
4.384975352842007e-05
7.40915195219379e-05
0.0004912041440531885
0.0007083582173105878
0.0004091480581925367
0.0001077877907345535
0.000109573660523967
0.0006497932107887539
0.00022647440961854348
0.00022261521202650818
0.0012476915250637757
8.715060989690871e-05
3.714618179417081e-05
0.0003393262834304814
0.0001628738745720588
0.0005790570642700289
0.0005451983280618175
0.00018410389448035268
0.00031588011394325716
6.579240097678399e-05
0.0005790570642700289
4.052342714541604e-05
8.360174862586597e-05
8.700459719730705e-05
0.00024560207202659425
0.00020483488915447394
0.0004886216237161763
0.0003820384388130472
0.00023459452435497797
0.0001295899598189514
0.0001651816932502511
0.00032489660539437696
0.00014705083821273454
3.315642588827966e-05
0.0004158971750212586
0.00013278866691300364
0.00023459452435497797
0.0005441944306714639
0.0005189354519078728
0.0005936736487795022
0.0002134869970664614
0.00012021141097049101
0.000341451214597683
0.00021002513038992246
0.0004777496271290518
7.463017026326946e-05
0.00012343613273192939
0.0001956578812445398
0.0004886216237161763
0.00029776901498598953
0.00024560207202659425
5.309917515685099e-05
0.00036181252599545806
0.0001594948391900539
4.812846332749265e-05
0.00013158480195356797
0.0007083582173105878
0.00013973765023465935
8.616743917092545e-05
0.0002527372857724883
0.0002712894214515809
0.0002629780881815398
3.8631466346105866e-05
0.00014198826841102202
0.00019115360514835214
3.31924466237931e-05
0.0009927218191322425
0.00024560207202659425
0.00024331666076999185
0.00033090727304408086
0.0007083582173105878
0.00010529337131441905
0.0007083582173105878
0.0007810505744382731
0.0005451983280618175
0.00014489446499415834
0.0003445580328059249
0.0001897094768271958
0.00044905798746086833
0.0005790570642700289
0.0009949542392912875
8.244218277782396e-05
0.00015196839522836029
9.160100808196956e-05
0.00017733627485822014
0.00032045475818891103
0.00016061043978485935
0.0001276118812617515
0.0019101921940652361
1.6608698052816492e-05
0.00024331666076999185
4.7426853380067854e-05
6.336703187146573e-05
0.00024331666076999185
0.00024793274188077244
4.1204729974414676e-05
0.00033431723039687345
0.0013908551503122972
0.00033431723039687345
0.00031027053480641955
0.00014990351802776625
0.00010048882742270318
0.0002629780881815398
0.0005259561763630796
0.00026568383910473785
0.0007115511253182049
0.0007083582173105878
0.000217053784616047
0.0005054745715449766
0.00032045475818891103
0.00014103526740212306
0.002186777536417438
0.0001454428041615137
4.2878405062612363e-05
0.0003896342988673138
0.0007083582173105878
0.00061491216063043
0.0004974771196456437
0.00039775441360374826
0.0003161744689793631
5.9930858703632374e-05
0.0003295126865051576
0.00046085861549085915
0.000107414058987036
0.00014888450749299476
0.00036279628711430924
0.00013729860493989183
0.0006267782726862028
1.823825430838434e-05
0.0001382217075664261
0.00013158480195356797
0.0006891160656118498
0.0019130600552946708
0.000209189765453873
0.0001956578812445398
0.0006786525668609628
0.00016402212740220909
4.384975352842007e-05
0.00012565028688411967
0.00015694274611294118
2.945578416156185e-05
0.00020833164820103313
0.0006267782726862028
2.988252105306423e-05
0.00022940710985179974
0.0006199865635422714
0.00047933435822813345
8.535273102819848e-05
8.65516519551426e-05
0.000312044396741765
7.249020255431722e-05
0.00043735550728348757
0.00014445461368724647
0.00073087636762867
2.6254692602531523e-05
0.0001897094768271958
0.00019434651315596916
1.4292801687537454e-05
0.0006009169883773243
0.0006786525668609628
0.0004234866716367657
0.00017235443020873604
0.00022354726154776028
0.00010153417913902112
0.00022073205214701556
0.0001045948827269365
6.730456286860962e-05
7.308292254736678e-05
0.00062408879348353
0.0001284451857655373
0.00027717539697820324
0.00010884938142875647
5.5259809903732974e-05
0.0005171692817782287
3.665998002228342e-05
0.0001899435611093196
0.000107414058987036
0.00015729486894014075
0.0001155341737234705
7.96608138330405e-05
0.00033431723039687345
0.00017915479304743607
0.0003500332051875745
6.562679287221227e-05
0.00035589476652064057
5.7171206750149816e-05
0.00026845326056318934
9.907597655257381e-05
0.00024107478381443903
0.00012565028688411967
0.0005189354519078728
9.95773398713793e-05
0.0002560436114430924
0.000113263460560118
4.925477241035749e-05
5.453887360874266e-05
8.700459719730705e-05
0.00014294904910604905
0.0003445580328059249
0.00015729486894014075
0.0007034217919589224
0.00015452586538442347
0.0004970252405539376
5.4347441136806866e-05
9.019199312421182e-05
6.36827894826559e-05
0.00036302803831536026
0.000226526921120236
0.00013367693514098084
0.0001841105542614576
7.646903661726658e-05
0.00024107478381443903
5.20969905165957e-05
4.063654007863467e-05
0.0003820384388130472
0.00043735550728348757
0.000312044396741765
0.00024331666076999185
0.0002742926973193699
0.00016873055452129384
0.00025774633880609624
0.0001651816932502511
0.00013278866691300364
0.00013016339119399772
0.0001940961329500346
0.00012100934610512009
0.0006267782726862028
0.00036181252599545806
0.0003423146822962064
7.626107370202272e-05
0.00025521516637949914
0.001447818077263759
0.0003709609193288761
0.0001242563101384844
0.0003709609193288761
0.00023208310442059466
0.00010184165819709316
0.0004654058022096293
0.0007083582173105878
0.0009455129939728778
0.0004158971750212586
0.00027717539697820324
0.00012262163133904994
0.00012343613273192939
0.00017271648869473583
0.00010048882742270318
0.000312044396741765
9.78289406222699e-05
0.000226526921120236
0.0002968368243897511
0.000600634600393796
0.00014787424393764432
2.3014938102551352e-05
0.00036817596660508476
0.00014391773755003228
0.00033431723039687345
0.00011177363077388014
3.983040691652025e-05
8.715060989690871e-05
0.0002527372857724883
9.717325657798458e-05
0.00035577556265910243
6.935148370612883e-05
0.00030045849418866214
0.0003274666241954633
6.529263384985437e-05
0.00024042282194098203
0.00017191145344961414
9.617681652814693e-05
0.00024107478381443903
0.0004158971750212586
0.00020339267256249682
0.0001382217075664261
0.00039775441360374826
0.00028397653682204403
0.0007732390164182887
6.714544306299978e-05
0.0001059840274018015
0.0002764434151328522
0.000434107569232094
0.00014587936598469875
0.00014587936598469875
8.418584402590252e-05
0.0004826060257545863
0.00030045849418866214
0.0002712894214515809
0.00036817596660508476
0.00026845326056318934
0.0006337585178832401
0.000217053784616047
0.00033507134269838436
8.947247058446183e-05
0.00014103526740212306
0.0001617367161456067
0.00028659602198069967
0.00019963639786553896
0.00032489660539437696
4.4334068714555035e-05
0.00012100934610512009
0.0001319070524420763
9.78289406222699e-05
0.00024107478381443903
0.00035577556265910243
0.00016993769311919357
0.00013359669422766948
0.0002527372857724883
0.0003820384388130472
0.0007083582173105878
0.00024559996814659744
0.00043735550728348757
0.00014787424393764432
9.716689313922519e-05
0.00014587936598469875
0.000982408288106377
3.395422909908536e-05
0.0001651816932502511
0.0005189354519078728
0.00016993769311919357
0.0003445580328059249
0.00012591401333894017
0.00021887854956427697
5.898170048247503e-05
0.00047933435822813345
0.0002712894214515809
4.3502298598653525e-05
0.00015301457973059283
0.00024560207202659425
5.389389536727675e-05
0.00037490322506715317
3.7444616138655696e-05
0.00014498040510863445
4.815153789574882e-05
0.00011251618832564947
6.986882511732968e-05
9.981819893276948e-05
0.0003823072102967043
7.463017026326946e-05
0.00036181252599545806
5.875006335730757e-05
0.00032489660539437696
0.00024793274188077244
0.000113263460560118
6.629429931325917e-05
9.915137005806573e-05
0.00025521516637949914
0.0001242563101384844
5.964831372297455e-05
0.00014103526740212306
0.0005451983280618175
0.0002002115334645987
0.00022261521202650818
0.0005790570642700289
0.0002712894214515809
0.0003820384388130472
0.0001761663941817111
3.8631466346105866e-05
0.0001826632012288916
4.063654007863467e-05
9.58727463119226e-05
5.165201841172394e-05
0.0002474098084311729
0.00018548045966443804
7.959228611518026e-05
0.00025608841094826225
9.458644955732594e-05
0.00018410389448035268
0.00042613797743031
0.0003445580328059249
0.0003896342988673138
0.0003445580328059249
0.0001135167136583853
0.0001045948827269365
9.458644955732594e-05
0.00020179135559487613
1.8459742687945263e-05
0.00025774633880609624
8.775263157548813e-05
0.0001711573411481032
0.0001651816932502511
9.78289406222699e-05
2.835753375202339e-05
0.00039775441360374826
0.00017430121979381742
0.00012343613273192939
0.0002527372857724883
0.00016753567134919218
5.4347441136806866e-05
0.00046361838343743236
0.0001617367161456067
0.000109573660523967
0.0007083582173105878
0.00013973765023465935
0.00033431723039687345
0.00015361953849695305
6.679834711383474e-05
0.00036181252599545806
2.512296427426367e-05
0.0001991546797427586
4.858344656961259e-05
8.835774849480845e-05
0.0003445580328059249
0.0007363519332101695
0.0010378709038157455
0.0004200502607798449
0.00040647655001876216
9.58727463119226e-05
0.00011477239124817824
0.0002858980982120981
0.0008406977441132187
0.0005451983280618175
9.019199312421182e-05
0.0004974771196456437
0.00015196839522836029
0.00030045849418866214
5.5259809903732974e-05
0.00036181252599545806
7.17610804193844e-05
0.00011251618832564947
8.015677152122157e-05
0.00023459452435497797
2.4101849463969304e-05
4.1204729974414676e-05
0.0003289620048839199
0.0003992727957310779
0.0007437982256423174
0.0021476260845055147
0.00014286927021241538
0.00010599603000771976
0.0001868733159388042
0.00019141782189262724
0.00016402212740220909
0.0003161744689793631
0.00046918904870995595
6.380594063087575e-05
0.000586646560885536
0.0001711573411481032
0.00015142984863151127
0.0004158971750212586
9.118570113955104e-05
0.0005092082909854658
0.00010048882742270318
0.00032045475818891103
0.0002388748135645259
7.463017026326946e-05
7.903049516047424e-05
0.00011630091898603531
0.0003737466318776084
7.30215577753275e-05
0.00028991159282541827
0.0012194296500562865
0.00011630091898603531
9.848829798568434e-05
0.0001955954523538181
0.000293323280442768
0.00014103526740212306
0.0001170726921223026
0.0001068841813212944
0.0004540490798417888
0.0002527372857724883
9.890409632362159e-05
0.0006853575692958739
0.0004234866716367657
0.00022845252309862464
0.0002712894214515809
0.00030045849418866214
0.0002712894214515809
4.988876473540954e-05
0.00024107478381443903
8.302053765931064e-05
0.00020833164820103313
0.0001039005150400529
0.0002002115334645987
0.0002712894214515809
0.0011581141285400577
0.0007955088272074965
7.680976924847653e-05
0.00013729860493989183
0.00015513526740320978
0.00020642043982868039
8.715060989690871e-05
0.0007083582173105878
0.00020833164820103313
0.00015621011488765464
0.00036817596660508476
0.00012343613273192939
0.00023459452435497797
0.0007083582173105878
0.0001741204068252285
0.00047933435822813345
0.00021525687976536596
0.0002854577448277501
0.00043735550728348757
0.0004974771196456437
7.847137305647059e-05
0.0002968368243897511
0.0009272367668748647
0.00019865263674668775
0.00020368331639418632
0.0011296971211382037
0.0002603331458267549
0.00020928094053772128
0.00028991159282541827
0.0007083582173105878
9.373048228230431e-05
6.088773374296387e-05
0.00039775441360374826
0.00030944413922745956
9.522784068987526e-05
0.00020179135559487613
0.0003820384388130472
0.0001354738399916619
0.0005936736487795022
0.00024331666076999185
0.0001295899598189514
4.32605505799101e-05
0.00045294881923708697
0.0002629780881815398
4.812846332749265e-05
9.203090837831592e-05
0.00043735550728348757
0.00010048882742270318
0.00036817596660508476
7.791489456566876e-05
0.0007083582173105878
0.001948171494336569
0.0014167164346211756
0.00040647655001876216
2.3363664228924274e-05
0.000700066410375149
0.0009241630627287859
0.000586646560885536
8.302053765931064e-05
8.783489775164173e-05
0.0014996129002686127
0.0004650227459097982
0.00036817596660508476
0.00042613797743031
0.0003161744689793631
0.00010529337131441905
0.00043735550728348757
0.00024793274188077244
0.00027717539697820324
0.00014888450749299476
0.0005731920439613993
0.00028659602198069967
0.0007083582173105878
0.00021769876285751295
0.0001382217075664261
0.00012508224322303865
8.775263157548813e-05
0.00037490322506715317
0.0003393262834304814
0.00015729486894014075
0.0005104303327589983
0.0004234866716367657
8.046556662745306e-05
0.0002712894214515809
0.0003500332051875745
0.00036181252599545806
0.0004974771196456437
2.3014938102551352e-05
2.8722479723641816e-05
0.0018544735337497295
4.517175895226286e-05
0.0001663527972563873
0.0002341453842446052
0.0002820705348042461
6.883640637836889e-05
0.0002527372857724883
0.0003445580328059249
0.00011630091898603531
0.00036817596660508476
0.0002134869970664614
0.00047933435822813345
0.00043735550728348757
0.0014329801099034983
0.0007444225374649738
0.00017489400361033443
0.00024793274188077244
0.0007083582173105878
0.00032045475818891103
0.001090396656123635
0.0003390914105280087
9.458644955732594e-05
0.0006249949446030994
3.2058938842715644e-05
0.00030045849418866214
3.381670672259841e-05
0.0002002115334645987
0.00044975591122946995
0.00014103526740212306
0.0001628738745720588
0.0003896342988673138
0.00017363522175511395
0.00011251618832564947
0.0001897094768271958
0.0003500332051875745
0.0007083582173105878
0.00028337130021926127
0.00018274324370120613
0.00011941884917718025
0.0005451983280618175
0.00012262163133904994
0.0003393262834304814
0.00044975591122946995
0.00028337130021926127
0.00020501607735631453
0.00044975591122946995
0.0001077877907345535
0.0005790570642700289
0.0002066621878474238
0.00014587936598469875
0.0001363826860641789
0.00011251618832564947
9.143089910645664e-05
0.00022261521202650818
0.0007083582173105878
0.0007083582173105878
0.00017363522175511395
0.0002629780881815398
0.0003295126865051576
0.0005790570642700289
0.0005189354519078728
0.0002002115334645987
3.5106228327719056e-05
0.0003896342988673138
0.0004974771196456437
0.00047933435822813345
0.0004974771196456437
0.0005790570642700289
0.00037490322506715317
0.00032804425480441817
2.9088560832302745e-05
0.00014391773755003228
0.0002638141048841526
0.0002603331458267549
0.0004974771196456437
0.0007083582173105878
0.0003327055945127746
0.0002629780881815398
0.0005451983280618175
0.0006267782726862028
0.00035980617727358877
0.00019711411834785563
0.0005189354519078728
0.0005189354519078728
0.00030045849418866214
0.00020833164820103313
0.0005451983280618175
3.0564379311197205e-05
0.0002134869970664614
0.0001178495595075609
0.00027717539697820324
0.00018006824261006948
0.00010153417913902112
0.00021887854956427697
0.0008317943500425172
0.0007236250519909161
0.0005731920439613993
0.00022452899373043416
4.559285056977552e-05
0.00020501607735631453
4.858344656961259e-05
0.00044975591122946995
0.00028659602198069967
0.00012021141097049101
0.0006607267730010044
0.00012370490421558645
0.00015361953849695305
0.00025860230608111784
0.000700066410375149
0.00028991159282541827
0.00014077690120795026
0.00124817758696706
0.0014167164346211756
0.0007437982256423174
0.0001039005150400529
0.00028991159282541827
0.0001067029088986488
0.00010184165819709316
0.00019115360514835214
0.0003295126865051576
0.0001868733159388042
0.00021174333581838286
0.0005189354519078728
0.00032045475818891103
6.336703187146573e-05
0.0009361331902252951
0.00018555735632337967
0.0002367152120275949
0.00091258546995268
0.00019261567341033212
0.0002325113729548991
8.360174862586597e-05
6.380594063087575e-05
0.00015407014717870235
0.00015838971387286164
3.31924466237931e-05
0.000113263460560118
0.0002629780881815398
0.0003820384388130472
0.0006267782726862028
0.0006409095163778221
0.00030045849418866214
0.00040647655001876216
6.040832378663687e-05
0.00033431723039687345
0.00047933435822813345
0.000293323280442768
0.00047933435822813345
0.00024331666076999185
0.00013729860493989183
0.000217053784616047
0.00016402212740220909
0.0006267782726862028
0.000107414058987036
0.00011986171740726475
0.0004158971750212586
0.00047933435822813345
0.00032489660539437696
0.00046361838343743236
0.0003500332051875745
0.00013258859862651834
0.00023459452435497797
0.0004974771196456437
3.78389045527951e-05
0.00027717539697820324
4.858344656961259e-05
0.00010884938142875647
0.00046361838343743236
0.00016873055452129384
0.00019865263674668775
0.0001617367161456067
0.00027717539697820324
0.0001711573411481032
0.0002304644521173799
7.249020255431722e-05
0.0002968368243897511
0.00037490322506715317
0.0002002115334645987
0.000217053784616047
0.00032045475818891103
0.00036817596660508476
0.0005790570642700289
0.0007083582173105878
0.00014294904910604905
0.00015093142833051397
0.00043735550728348757
0.00014489446499415834
0.00015301457973059283
0.00013457195832528588
0.00011477239124817824
8.418584402590252e-05
5.8040135608409505e-05
0.00014687257847423947
0.00043735550728348757
0.00016993769311919357
0.00039775441360374826
0.00017489400361033443
0.0004158971750212586
0.0001787532012023697
0.0002712894214515809
0.0002761658313921864
0.000974689816183131
0.00028659602198069967
0.0001787532012023697
0.0002603331458267549
0.00040647655001876216
0.00030805435424292865
0.0004974771196456437
6.986882511732968e-05
0.0007083582173105878
0.00015838971387286164
0.00010812953220281064
0.00026032678238799544
0.0005154926776121925
8.595572672480707e-05
4.023278331372653e-05
8.304349026408246e-06
0.00014687257847423947
0.00012370490421558645
0.0007083582173105878
0.0006267782726862028
0.0002105867426288381
0.0005189354519078728
4.475216855582366e-05
0.0003295126865051576
0.00013278866691300364
0.000312044396741765
0.0006267782726862028
0.00013278866691300364
0.00010884938142875647
0.00024331666076999185
0.00012930115304055892
0.00011030242434802695
0.00022845252309862464
0.00022845252309862464
0.0002712894214515809
0.0004158971750212586
0.00047933435822813345
0.0005451983280618175
0.00011941884917718025
2.9088560832302745e-05
0.00011941884917718025
0.000250310499145679
0.00024560207202659425
0.00040647655001876216
0.0003161744689793631
0.0012476915250637757
0.0001940961329500346
0.0005790570642700289
0.0002066621878474238
4.815153789574882e-05
0.0005790570642700289
0.00037490322506715317
0.00015093142833051397
0.00013367693514098084
0.00011477239124817824
0.0002968368243897511
0.00030045849418866214
0.0007083582173105878
0.002125074651931763
0.002125074651931763
5.480274143979377e-05
0.0004158971750212586
0.0007083582173105878
0.0007083582173105878
0.0005061916635638815
0.0002066621878474238
0.0002741956180347173
0.0004158971750212586
0.00024331666076999185
0.0007083582173105878
0.0001908848336646951
0.000107414058987036
0.00040647655001876216
0.0007083582173105878
0.00020833164820103313
0.0002002115334645987
0.00023459452435497797
0.0006574419631438021
0.0003445580328059249
6.33145203697732e-05