0.00039674696052034394
0.0015634304135439627
0.00044614570295292184
0.002756439235141342
0.0011462519344984515
0.001289448814428387
0.00012683893168750527
0.0004474020403344932
0.004310854939950798
0.0034491938168317317
0.0005636879907901751
5.389833502715171e-05
9.854418896744778e-05
0.00021559334010860684
0.000451119355246569
0.0015910806949801053
0.00048300984360487797
0.000974698453949271
0.0002791004130872426
0.0002790393062236627
0.00038399562231306
0.0004579523747834191
0.0005859172285360925
0.00020020719775233126
0.00018585997395978402
0.0009598916594287751
0.0002769345158835558
6.28359650701795e-05
0.00038399562231306
0.0010888765812504407
0.0008546790799768844
0.0010741506971156478
0.00048286255494914385
0.0005635882266009325
0.005109310060239777
0.000251343860280718
0.0004651120277264597
0.00037292573793817625
0.0006370562568550009
5.827284325273344e-05
0.00016076025162972075
0.00012347839440121882
0.0029736289256950084
6.877181211740524e-05
0.0015361563847092145
0.00011744080863073976
0.0002465956204114323
0.0003020623054713742
0.00014344039888162293
0.0004169514586605229
0.00012022127484041417
0.00014459838294894554
0.0003051703597022852
0.0001540735808190967
0.0005636879907901751
0.003519602751238842
0.0002623908654562702
0.0016661048885742969
0.0001290754992676229
0.0010314747301936429
8.977069316644392e-05
0.0006370562568550009
0.00013667155213079442
0.00021882487892792345
0.00035731329738985027
0.000309875491360922
0.00035771722793025374
0.002405082348169878
0.0035653158065421004
0.00012683893168750527
0.0003629588604168135
0.00019042966345840428
9.037381749689855e-05
0.00040448435594363734
0.0013506883868109514
0.0015017098613631058
0.0012237831006850241
0.0022959427756353737
0.00035771722793025374
0.0001361710969387129
0.00038324375742574795
0.00046670041860591037
0.000780787190197868
0.000138561745817551
0.00018262789228515132
0.0002295037882632094
0.0003435831925956969
0.0001010488137665679
0.00019101726183649054
0.0003311160898788113
0.00012074250692492516
0.0005404298530617417
0.006214543987978783
0.0021933684663454534
0.0003904111456169698
0.0006295990870787959
0.006649108850049662
0.001149731272277244
8.564239145640744e-05
0.0003435831925956969
0.00029634458035681976
8.739198556489474e-05
1.5206391397317588e-05
0.0001595906481976543
9.775386682662313e-05
0.0007375182309966372
0.0025017087519631376
0.00023130866665323641
0.00012347839440121882
0.0007719514349226566
0.0006370562568550009
0.0003224952552351168
0.00044882414468150317
0.0006370562568550009
0.00023650722529609597
0.00011125300915318402
0.0013389808253696093
0.00026072965574598916
0.0003286973284218623
0.0021072946280847387
0.0002863227255812968
0.00029235543984434427
0.00020845738847252837
4.08250055151296e-05
0.000998246873361288
7.20883467982714e-05
0.0007560747442792535
6.303576968418029e-05
0.00022087835302484637
0.0004520155695431532
0.00019578562879459487
0.0007913937885696909
9.985430093977338e-05
0.0001873613896811631
0.0004169514586605229
0.00014751197906754852
0.00026072965574598916
0.0005207703063993192
0.0002903938351636865
0.00013208867038019587
8.680556836628922e-05
0.00019851359308371616
0.00038324375742574795
0.00030134371302876876
0.00014545661286309745
0.00019475583105134234
6.663361126881571e-05
0.00011517189532170844
5.6507467198054386e-05
0.0006626407353971237
0.0003838517492887675
0.0004517642474366802
0.0002019283419120892
7.837819900550649e-05
0.00010464225149519584
0.000180058629901138
8.649584523247921e-05
0.00016557834394949515
0.00012074250692492516
6.296519015571781e-05
0.00025712015169452647
0.0002881984054879556
0.0005040498295195023
0.00027147792860813874
5.227914583283573e-05
0.00027704620208540253
0.000180058629901138
7.78651437152131e-05
0.00035537719612740667
0.00010436637590717322
0.0005905399813981346
0.0016950386007886968
3.5417919462591266e-05
0.0009073971510420338
0.0010455361518444768
0.0002532131442638735
0.0005207703063993192
3.280485420323578e-05
0.0008621709879901596
0.0002109806958006017
0.00046670041860591037
0.0004474020403344932
0.00014444370529030734
0.0001389715923150189
0.000702583882325979
0.00038051679506251584
0.0005984321929086709
0.0003454258100714686
0.00020101957560651024
0.0004552393952109976
0.000134373023014632
0.00015392897607518908
0.00010955129565967146
8.222764262803436e-05
0.00035771722793025374
0.00016434866421093116
0.0003435831925956969
0.0005540924041708051
0.0007664875148514959
0.0003158651478902973
0.0004822807548891622
0.00029634458035681976
0.0007864475668073775
0.002244202645618003
0.0002133807276726239
0.0005004310720168973
0.00015533118286219236
7.837819900550649e-05
0.00038324375742574795
0.0003141798253508975
0.0004310854939950798
0.0004310854939950798
0.0002465956204114323
0.0001894350219779917
0.00010070369161048705
3.886757225597205e-06
0.0004778812411876591
0.0031495465674567175
0.0019201467307925675
0.0006370562568550009
0.00013080281436899478
4.4728446817359956e-05
0.0004310854939950798
7.891962235280312e-05
7.891962235280312e-05
0.00013667155213079442
9.165374418752177e-05
0.00019042966345840428
3.098070579026126e-05
0.001691063972370525
0.0008739198556489473
0.00042394820822120373
0.0001791057781159636
0.00014418814126574813
0.0004310854939950798
0.0013347890348503308
0.000198399193684728
0.00035771722793025374
0.0003435831925956969
0.00025888530477032057
0.00011182840296333513
9.037381749689855e-05
0.0001561574380395736
0.0005207703063993192
0.0006507863616491544
0.00017750959756592706
0.000490319724725349
0.00028063461466661295
5.902986577098545e-05
0.00015892765875985532
0.00017061183424075103
0.00021483013942312956
0.0005763968109759112
0.00039333215254108435
0.00016933066768218263
0.00022729724214001505
0.00017834197197868026
0.0005207703063993192
6.948579615750946e-05
0.00028063461466661295
0.00013815649452930947
0.00028063461466661295
0.00024927546060189373
4.645282669735836e-05
0.0007208834679827141
0.00017061368985921336
0.0003747227793623262
3.403011401409065e-05
0.0003504144681502286
0.00016076025162972075
4.176506283490632e-05
0.0006399277729525168
0.00017789720469615583
0.0005636879907901751
2.985135950324069e-05
0.00010746346686957816
0.000619750982721844
0.00017096588906096165
0.00012754535889091236
0.0006954062809123776
0.00027704620208540253
0.00027704620208540253
0.0002735754638171573
9.037381749689855e-05
0.00017727299456582677
0.0001276960054683576
8.201213550808945e-05
7.571186070084823e-05
4.8469040678832854e-05
0.001343322594722378
0.00029173627138316205
0.000125671930140359
0.000138561745817551
0.0019652231356441763
0.0005636879907901751
4.429688281604171e-05
0.00027021492653087086
0.0012726065871648666
0.00012755546224300468
7.455226864222342e-05
0.00010779667005430342
4.8469040678832854e-05
0.0003740337742696671
0.00024578502155347433
0.001147518941316047
0.000633694283458899
0.0004310854939950798
4.1396598390648055e-05
0.00023103228636355477
0.00028063461466661295
0.0001210596329442698
8.046634571207997e-05
0.00015392897607518908
0.0025886251599299007
0.0006564746367837705
7.306841073542695e-05
0.0002878872048520698
0.0005339156139401324
0.001080351779406828
0.0003747227793623262
0.0005636879907901751
0.001951855647392315
0.00010253892847224166
0.00012856007584726323
0.00020910723036889536
0.000297109650545175
0.002244202645618003
0.0006786948215203467
5.96212440813859e-05
0.0008672346597857958
0.0005041890342292378
0.0014750364619932745
0.0007311228221151511
0.00014751197906754852
0.0007761353470842579
5.2197928441391925e-05
0.0002465956204114323
0.00019065335156153348
0.0003191812963953086
0.0003243334924307423
0.00040448435594363734
0.0001955804392581749
0.00010739838007891667
0.00014444370529030734
0.00044253593720264555
0.0002735754638171573
5.688307531262746e-05
0.0006370562568550009
0.0003435831925956969
0.00025887102981029343
0.001264436313508541
0.0019334712548081659
0.00035771722793025374
0.00017478397112978948
0.002559711091810067
0.0002735754638171573
0.00027112145249069566
0.000138561745817551
0.00013481452145319462
0.00015728951336147553
0.00046847231411872083
0.00024143127747457192
8.046634571207997e-05
0.00046670041860591037
0.0007154344558605075
5.96212440813859e-05
0.00024143127747457192
0.00016784249459329898
0.00039333215254108435
0.0009766375717828195
0.0005392580858127785
6.674155175589694e-05
0.00044566447581776254
0.0001719124550322738
0.00027147792860813874
0.0011476285205219983
0.0003253931808245772
0.0004474020403344932
0.0005207703063993192
0.0008948040806689864
0.0001719124550322738
0.0005636879907901751
0.00024398195592403938
0.00013951965311183136
0.0006370562568550009
0.002057445514439479
0.00025262203441641973
0.0010495634618250809
0.0004474020403344932
0.0006370562568550009
0.00018990985819790514
0.00010739838007891667
0.0016066799287307975
0.00039333215254108435
2.629061508162646e-05
0.00014647930713402313
0.0003523224258922193
0.00012856007584726323
0.0005636879907901751
0.0003504144681502286
0.00016434866421093116
0.00022511473113515855
0.00021910259131934293
0.00021680866494644895
0.0014001012558177313
0.00048796391184807876
0.0012071563873728595
0.0004336173298928979
0.00013208867038019587
0.00010022025667278558
0.00020372516181663925
0.0002843489618654277
0.00016681035733896575
0.0005874487310765464
0.00012683893168750527
0.00015843382757263318
0.00030965887670420016
0.00011456718023440221
5.650128669295656e-05
9.775386682662313e-05
6.721604464221736e-05
4.928640407332172e-05
0.0012463773030094685
0.00022425196772667602
0.00019701404937189266
9.985908828178025e-05
4.0624857551511074e-05
0.0002784638397396408
0.00020044051334557116
0.0003504144681502286
0.0006370562568550009
0.003879769445955718
0.0006370562568550009
0.0005073557267500211
0.00040448435594363734
0.0003253931808245772
0.00021851997315603812
0.0003199638864762584
0.0004474020403344932
0.00010739838007891667
8.111344251239133e-05
0.00019358954090524017
9.159047495668383e-05
0.00046670041860591037
9.131394614257566e-05
0.0001997181765635605
4.5188271105061145e-05
0.0004474020403344932
8.111344251239133e-05
0.0003311160898788113
0.00010739838007891667
0.00029634458035681976
0.0005207703063993192
0.00026379792952323033
3.886757225597205e-06
5.011067907159041e-05
0.0004310854939950798
0.0005636879907901751
0.0005005813080755606
9.160938730852422e-05
0.0001829195617244975
0.00011101129168433329
0.0004310854939950798
0.00010070369161048705
0.00015067185651438438
0.00015892765875985532
5.011012833639279e-05
0.0003191812963953086
0.0001303096699557505
0.00012183730674365888
0.0003051703597022852
0.001205374852115075
0.0002465956204114323
0.00022952570410439966
0.00011027877641752237
0.0004273395399884422
0.00020643925113613342
0.00040448435594363734
0.000150373118415523
0.00046670041860591037
0.00031479954353939794
0.0004985509212037875
0.00020643925113613342
0.00021266040463783397
0.00020545693644502191
0.00012598874210772916
0.00024398195592403938
0.0007480675485393342
0.0002735754638171573
0.00029634458035681976
0.00022250601830636803
0.0002520249147597511
0.0003435831925956969
0.00016784249459329898
0.0002023810552871784
0.00037171994791956804
0.00023568513447772994
0.00014751197906754852
0.00027704620208540253
0.000248301768400672
0.0009334008372118207
0.000490319724725349
0.0005636879907901751
0.0002036779360205765
0.00015843382757263318
0.0010415406127986383
0.00028063461466661295
0.0008948040806689864
0.0005686979237308554
0.0001829195617244975
5.902092754044925e-05
6.663361126881571e-05
0.000490319724725349
8.506556150780716e-05
0.00011940543801296276
0.0007036287781482708
0.0006370562568550009
0.0004841048269269363
0.00029219314499274947
0.00038324375742574795
0.00012022127484041417
0.00010669036383631195
0.00038399562231306
0.0004139458598737379
0.0001561574380395736
0.0002577478238139853
0.00010052271449076717
0.00014215087845096267
0.0004310854939950798
0.00022511473113515855
0.00033866133536436527
0.00029173627138316205
0.0001748185297582003
6.711804247415655e-05
0.00011101129168433329
0.0007008289363004572
0.0004211535305203964
0.00023103228636355477
0.00022088024513237456
5.698862968698722e-05
0.0008835209805294983
7.164231124638544e-05
0.00017596333945706847
0.0001873613896811631
0.00040448435594363734
0.00013134269958126177
0.0003123148760791472
0.00010459429467669274
0.00038324375742574795
0.00031686765514526635
0.0002936784431918923
0.0002735754638171573
0.00011784256723886497
0.00010390472850100076
0.00046670041860591037
0.0005207703063993192
1.761213208127914e-05
0.00022088024513237456
0.0003504144681502286
0.00017865664869492513
0.0003740337742696671
0.0004376497578558469
0.0003504144681502286
0.0012046956434934944
0.0002669578069700662
0.00040448435594363734
0.00036867753233021147
0.0006370562568550009
8.910318144747681e-05
0.00018564255982642715
0.0004474020403344932
0.00020507785694448333
0.00027112145249069566
0.00016933066768218263
0.0008948040806689864
0.000180058629901138
6.615138704700535e-05
0.0007940543723348646
0.0005620841690434894
0.0004273395399884422
0.0005207703063993192
0.0009334008372118207
0.0001561574380395736
4.1396598390648055e-05
0.00012328492456895398
7.837819900550649e-05
0.00023103228636355477
0.00036556141105757554
0.00039333215254108435
6.330328606596837e-05
5.694140389092447e-05
0.00012265467013814773
4.7754315459122634e-05
0.00015533118286219236
0.00021652348870986247
0.000309875491360922
0.00012768046626109231
8.798166972853424e-05
0.00017455879370841524
0.00019358954090524017
0.00018688418254827943
0.0006370562568550009
0.00021680866494644895
0.00013761242973577567
0.00017455879370841524
5.177706095406412e-05
9.406656526015005e-05
3.9871487583891805e-05
0.00028063461466661295
9.532667578076674e-05
0.0003253931808245772
0.00020918858935338547
0.0003123148760791472
0.00020726634860178695
0.0003453912363232736
0.0015733286101643374
0.0014936650937083672
7.730359044955839e-05
0.0003412273797184267
0.0002465956204114323
0.000490319724725349
0.00011403357919235453
0.00033716619558805635
0.00014647930713402313
0.0007154344558605075
0.0002669578069700662
0.0005636879907901751
0.00038324375742574795
0.0006295990870787959
0.00048796391184807876
0.0003504144681502286
0.0004169514586605229
0.0003504144681502286
0.0005759934334695901
0.0001648492886695416
0.00016557235452900352
0.00039333215254108435
0.0009305488581392144
0.000198399193684728
0.0005386241589986635
0.0003936933209320897
0.00018585997395978402
6.877181211740524e-05
0.00020545693644502191
0.0004169514586605229
6.28359650701795e-05
0.0003504144681502286
0.0002644979736802293
0.00013298951014621195
0.00024927546060189373
0.00021882487892792345
0.00039333215254108435
0.0004169514586605229
7.824688366026396e-05
0.0011273759815803501
0.0001680630114097459
0.00021388266249071694
0.00023894062059382954
0.0002669578069700662
0.000125671930140359
0.00041091387289004383
0.00019199781115653
0.0006370562568550009
0.00039333215254108435
0.0007866643050821687
0.0013224340232445557
0.0010236821391552803
0.000490319724725349
0.00010253892847224166
0.000150373118415523
0.00027021492653087086
0.0008932832434746256
0.0001162859504556818
0.0001311954327281351
0.00030785795215037816
0.00013815649452930947
0.00014014426563359382
0.0005404298530617417
0.0020830812255972766
0.0004931912408228646
0.0009019965246145232
0.0002639450091856027
0.0010943018552686291
0.0006370562568550009
0.00013716956468947788
6.098704411014499e-05
0.0005118410695776402
0.0019111687705650028
0.00029634458035681976
0.00026417734076039173
0.00027021492653087086
0.0003435831925956969
0.00029634458035681976
0.0006689289428759812
3.2090515428174445e-05
0.00016681035733896575
5.258123016325292e-05
0.00011101129168433329
5.902092754044925e-05
0.0001595906481976543
6.858478234473894e-05
0.0002466829278841031
0.0008948040806689864
0.00046825703538909365
2.4200358083300786e-05
8.335369615880335e-05
0.00022729724214001505
9.612542751049875e-05
0.000490319724725349
9.098039814610516e-05
0.0006370562568550009
0.0018491124280051972
0.0003006655082048411
0.00046670041860591037
0.0003311160898788113
0.00017361113673257844
0.0002109806958006017
0.0003629588604168135
0.0001719124550322738
0.00036556141105757554
0.0006370562568550009
0.00022729724214001505
0.0008645952164638667
5.4758892886067925e-05
6.107292487234948e-05
0.000260619339911501
0.00021622232828716152
0.00076799124462612
0.0006370562568550009
0.0003472222734651569
0.00017750959756592706
0.00038324375742574795
0.0007008289363004572
0.0005636879907901751
0.00012022127484041417
0.0004417604902647491
1.0837902086527752e-05
2.5831330777537973e-05
7.164231124638544e-05
0.00019192480323471317
0.00019550773365324626
0.0002945044706997951
7.891962235280312e-05
0.00022729724214001505
0.0002881984054879556
4.645282669735836e-05
0.0030436707300291084
0.0002019283419120892
0.0003191812963953086
2.3877157729561317e-05
0.00027021492653087086
0.00029295861426804627
8.166907651066053e-05
0.00012514532701889014
0.00014444370529030734
0.00010811116414358076
0.0003253931808245772
9.210830379965987e-05
0.0003504144681502286
0.00024398195592403938
0.0011336004646887872
0.0034627949789333774
0.00018585997395978402
0.0003787789813796796
0.0004939135776048753
6.519347975272497e-05
0.001691063972370525
0.00012856007584726323
0.0001276960054683576
0.00020545693644502191
5.76638968216528e-05
9.576034969581924e-05
0.00038324375742574795
0.0002119265777356339
0.0002548476962732328
0.00013038695950544994
0.00013389808253696093
0.0001561574380395736
0.00022511473113515855
0.0003158651478902973
0.00024398195592403938
0.00010739838007891667
6.567134979063088e-05
0.0003970271861674323
0.0004169514586605229
0.0002735754638171573
0.0004778812411876591
0.0017866223377534453
0.00047033282630075027
0.00038324375742574795
0.00031185349119621663
0.00019199781115653
0.00046670041860591037
0.0007866643050821687
0.00016933066768218263
0.0003253931808245772
0.0003740337742696671
0.000490319724725349
0.0002548476962732328
0.00014545661286309745
4.335160834611101e-05
0.00017361113673257844
0.00015392897607518908
0.0003435831925956969
0.002516664031768122
0.004092394066012173
0.00010951778577213585
8.50641618551336e-05
0.00023412851769454682
0.00014647930713402313
5.418951043263876e-05
0.004629817656259037
0.002333502093029552
0.0031852812842750045
0.00014444370529030734
0.0004169514586605229
0.0006564746367837705
0.00029634458035681976
0.00034645470869321257
0.0002790393062236627
0.0002176575613589535
0.0002354450658641906
0.00026962904290638923
0.0004753014827178996
1.5741297538929452e-05
5.43088968518823e-05
0.00012347839440121882
0.0003504144681502286
0.00021622232828716152
0.00016308481340090094
0.00035771722793025374
0.0001919383135208449
0.0002588625159929901
3.705714199502563e-05
0.00017478397112978948
3.2618785990474906e-05
0.00027704620208540253
0.00010811116414358076
0.00010186258090831962
0.0001873613896811631
0.0005207703063993192
0.0001807476349937971
0.0001485548252725875
0.00030785795215037816
0.0002821996957804502
0.0009181028164175986
0.0004310854939950798
0.0006006215932569938
0.00033375902745955203
0.0003412273797184267
0.0001565937853241758
0.00024861715862545085
0.0001342360849483131
0.00021680866494644895
0.0005207703063993192
0.00012347839440121882
0.00020643925113613342
5.7827166663309103e-05
4.685300877558814e-05
0.0001404863085389826
0.00021680866494644895
0.00024530934027629545
0.0005196563729036699
9.661289274420663e-05
0.0006753441934054757
0.0009183680290969457
0.00021680866494644895
0.00026379792952323033
0.0015317741524954642
8.739198556489474e-05
0.0004474020403344932
0.00014540712203649857
0.0003311160898788113
0.00020372516181663925
6.384023313054616e-05
0.00018888440924660343
4.4867058706717326e-05
0.00025887102981029343
0.00024143127747457192
0.0001843795577491593
0.00027704620208540253
0.00020104542898153433
0.00029634458035681976
5.902092754044925e-05
0.0002621759566946842
0.000643041006518883
0.0006622321797576226
0.000540175889703414
0.0005636879907901751
0.0006370562568550009
0.0047419404339458775
0.0004072168929122081
4.4474301174038957e-05
8.660939548394499e-05
0.00016434866421093116
0.0003006655082048411
0.002065731336939597
7.891962235280312e-05
0.000309875491360922
0.00018147943020840676
0.0004169514586605229
0.0007664875148514959
5.011012833639279e-05
0.00017322735434660628
0.00020726634860178695
0.00022055755283504475
7.466385180669175e-05
0.00011942241796465595
0.0002881984054879556
4.4410850303816734e-05
0.0006370562568550009
6.007455541068735e-05
0.00039333215254108435
0.00035771722793025374
0.0006507863616491544
0.0004778812411876591
0.0003504144681502286
0.0003336207146779315
0.0002036779360205765
0.0008033884952217657
9.66019687209756e-05
0.0001843795577491593
0.00037292573793817625
0.0002809726170779652
0.00025831330777537976
0.00010052271449076717
0.00020104542898153433
0.0003336207146779315
0.00021846565664376122
0.0021046585574338874
6.957402350410222e-05
0.00016194292352696962
0.0005636879907901751
0.00011038361956487436
0.0006954062809123776
0.00037171994791956804
0.000619750982721844
0.00016557235452900352
0.0003311160898788113
0.00029219314499274947
0.0006370562568550009
0.00035771722793025374
0.00013389808253696093
0.000490319724725349
0.00035731329738985027
0.00039333215254108435
0.00031479954353939794
7.057259726501986e-05
0.00020910723036889536
0.0006370562568550009
0.0003123148760791472
0.002333502093029552
0.0004169514586605229
0.0003199638864762584
0.000148287426005445
0.0002520249147597511
0.0004590514082087993
0.00029219314499274947
0.0001147518941316047
0.00035036066408398455
0.00014751197906754852
7.891962235280312e-05
0.0002176575613589535
0.000180058629901138
0.00026379792952323033
0.00013208867038019587
8.022628857043611e-06
0.000490319724725349
0.0002881984054879556
3.053646243617474e-05
0.000490319724725349
0.00029634458035681976
0.00015892765875985532
6.237069823924332e-05
0.0004273395399884422
0.00037776881849320686
0.0005719600546846004
0.00020104542898153433
8.200712581158746e-05
0.0005636879907901751
0.00030566419088950736
0.00038324375742574795
5.558571299253845e-05
0.0001843795577491593
0.0002520249147597511
0.00010390472850100076
0.0006370562568550009
0.00018075308442024458
0.00036556141105757554
6.682738608560762e-05
0.006370562568550009
0.00014960804822716772
0.00048286255494914385
0.00021483013942312956
0.00021910259131934293
0.0005004310720168973
0.00013667155213079442
0.00035454598913165354
0.0009218977887457965
0.0008948040806689864
0.0005763968109759112
0.0004474020403344932
0.00010253892847224166
0.00013298951014621195
0.00023894062059382954
8.001084885895574e-05
0.00031479954353939794
0.00018850789521053851
0.0001441766935965428
7.62397821623417e-05
0.0003051703597022852
0.0002639450091856027
0.00015283209544475368
0.00040448435594363734
6.948579615750946e-05
0.00011073153105808905
0.0005612692293332259
0.0006370562568550009
0.00047877194459296294
6.330328606596837e-05
0.00019684666046604484
0.000309875491360922
8.622238213282827e-05
0.00011942241796465595
0.00023894062059382954
0.0003504144681502286
3.100827142138684e-05
4.391681943188142e-05
0.0001952055728084849
0.00012347839440121882
8.917098598934013e-05
8.798166972853424e-05
0.00011399312361633711
0.00013754362423481047
4.3693131328752245e-05
0.00013038695950544994
6.144625538836858e-05
0.00022729724214001505
0.00013134269958126177
0.00036556141105757554
0.00015392897607518908
0.00012598874210772916
0.00021288791917665738
0.00019042966345840428
0.00020872207051230669
0.00010321962556806671
7.891962235280312e-05
0.00012856007584726323
0.00017322735434660628
0.00018318094991336766
0.000490319724725349
0.0006370562568550009
0.00022511473113515855
0.0002465956204114323
9.037381749689855e-05
0.0006370562568550009
0.00046670041860591037
0.00016933066768218263
0.00023650722529609597
0.0006370562568550009
0.00036556141105757554
0.0002466829278841031
0.0004474020403344932
0.00027021492653087086
0.00023650722529609597
0.00022511473113515855
0.00021882487892792345
4.4082995613371554e-05
0.00013481452145319462
0.0005636879907901751
0.00020723474179396421
8.798166972853424e-05
0.000980639449450698
0.00022952570410439966
0.00018147943020840676
0.0001680630114097459
0.0005636879907901751
0.0007242938324237158
0.0005636879907901751
0.00040448435594363734
5.650128669295656e-05
9.66019687209756e-05
0.0005636879907901751
0.000490319724725349
0.0001759071945370677
0.00017750959756592706
0.000490319724725349
0.0002669578069700662
8.977069316644392e-05
0.00027021492653087086
0.0001311954327281351
7.309228997814376e-05
0.0001276960054683576
0.0002669578069700662
0.00022498341578991598
0.00022088024513237456
0.0007008289363004572
0.00046670041860591037
0.00019358954090524017
0.00020726634860178695
8.506556150780716e-05
0.0004778812411876591
0.00043244465657432305
0.0002019283419120892
0.0006370562568550009
9.282127991321358e-05
0.0002623908654562702
9.854418896744778e-05
0.00026779616507392187
0.00023412851769454682
0.00023568513447772994
0.0010415406127986383
0.000490319724725349
8.857465746214362e-05
0.00021680866494644895
0.0005636879907901751
7.62397821623417e-05
3.0412782794635176e-05
0.00021680866494644895
3.727613432111171e-05
0.00040448435594363734
0.00017322735434660628
0.0002669578069700662
6.957402350410222e-05
8.111344251239133e-05
0.000148287426005445
0.00010052271449076717
0.00012430857931272542
0.00022297631429199374
0.00012856007584726323
0.00027704620208540253
0.0004169514586605229
0.0006370562568550009
0.0003438249100645476
0.00014647930713402313
0.00017322735434660628
0.0012741125137100018
0.0019111687705650028
0.0002023810552871784
0.0006370562568550009
0.0004931912408228646
0.00039333215254108435
0.00022088024513237456
0.00014960804822716772
0.0001561574380395736
0.00031479954353939794
9.9199596842364e-05
2.2594135552530573e-05
0.000180058629901138
5.3044717226500815e-05
0.0007311228221151511
0.00021288791917665738
7.891962235280312e-05
0.0003687591154983186
6.907824726465473e-05
0.00019449084758877468
0.00024143127747457192
0.00013667155213079442
0.0003504144681502286
0.00011784256723886497
8.660939548394499e-05
4.3304697741972494e-05
0.000180058629901138
0.00033114470905800704
0.000490319724725349
0.0005207703063993192
0.0001276960054683576
0.0001873613896811631
0.00015067185651438438
6.80602280281813e-05
0.00039333215254108435
0.00012943125799649505
0.00016194292352696962
0.00011212598386333801
0.00014960804822716772
0.0003435831925956969
0.0005636879907901751
8.564239145640744e-05
0.00029634458035681976
0.00019684666046604484
0.0003311160898788113
2.68746046029264e-05
9.531588133381611e-05
0.00029634458035681976
9.724542379438734e-05
0.00031479954353939794
0.00031686765514526635
8.300810445834514e-06
1.3285165588259446e-05
0.00012183730674365888
0.00046670041860591037
0.00036556141105757554
0.00023650722529609597
5.827284325273344e-05
0.00013761242973577567
1.3285165588259446e-05
0.00021483013942312956
7.783953100523427e-05
0.00012183730674365888
0.00016557235452900352
6.471775745257336e-05
0.00029634458035681976
6.663361126881571e-05
0.0002036779360205765
0.000490319724725349
0.0003137828840300782
0.00019042966345840428
0.00020726634860178695
6.007455541068735e-05
0.00022729724214001505
0.0007008289363004572
0.00015392897607518908
0.0003687591154983186
0.0001759071945370677
0.00022297631429199374
0.0002325719009113636
0.00015892765875985532
0.0008765794349782485
0.00046670041860591037
0.0001829195617244975
8.506556150780716e-05
0.0004310854939950798
4.3283945814878835e-05
0.00014785921221996515
0.0003740337742696671
0.00039333215254108435
0.00036556141105757554
5.100623911526508e-05
0.00021288791917665738
0.00013951965311183136
6.007455541068735e-05
0.000540175889703414
0.0002520249147597511
0.00014244651332948074
0.00024205241346346814
0.0004169514586605229
6.567134979063088e-05
9.726506924193778e-05
0.00024398195592403938
0.00016194292352696962
2.985135950324069e-05
8.278917197474758e-05
0.00023412851769454682
0.0003100746851509731
8.622238213282827e-05
5.232112574759792e-05
0.00021882487892792345
0.00028063461466661295
0.00021882487892792345
0.00015392897607518908
0.00023894062059382954
0.00010253892847224166
0.00014444370529030734
0.00035454598913165354
0.00015503734257548655
0.0003311160898788113
0.000309875491360922
4.1383628066778666e-05
0.0006370562568550009
9.66019687209756e-05
0.00015503734257548655
0.00022088024513237456
4.024750230830839e-05
0.0006370562568550009
0.0001303096699557505
0.000490319724725349
0.0001843795577491593
0.00036556141105757554
0.00046670041860591037
0.0005636879907901751
0.0003311160898788113
0.00027704620208540253
0.0002036779360205765
0.00014344039888162293
0.0005207703063993192
0.00010186258090831962
0.0003253931808245772
0.00016194292352696962
0.0007242938324237158
3.801119306411818e-05
0.00040448435594363734
0.0006370562568550009
0.0006370562568550009
0.0006370562568550009
0.0004474020403344932
0.00028063461466661295
0.00014014426563359382
0.00012430857931272542
5.6062991931669005e-05
0.00027704620208540253
0.00038324375742574795
0.0003740337742696671
0.0005207703063993192
3.226887481690573e-05
6.144625538836858e-05
0.0001759071945370677
0.0007154344558605075
0.00021882487892792345
0.00023412851769454682
0.0005636879907901751
0.00014344039888162293
6.237069823924332e-05
0.00014960804822716772
0.000309875491360922
0.000180058629901138
0.00019358954090524017
5.432773940353157e-05
0.00038324375742574795
0.00040448435594363734
0.0001517464650703325
0.00046670041860591037
0.00026379792952323033
0.00014960804822716772
0.00012347839440121882
0.00023412851769454682
0.00016313895923126994
9.724542379438734e-05
4.9697464914641645e-05
0.00011399312361633711
0.00035771722793025374
0.0005636879907901751
0.0003006655082048411
0.0004985509212037875
8.739198556489474e-05
0.0001873613896811631
0.0005207703063993192
0.0002520249147597511
0.00041091387289004383
0.0002318020936374592
0.0001493277036133835
9.058007003502408e-05
0.00040448435594363734
9.66019687209756e-05
0.000490319724725349
0.00013481452145319462
9.985908828178025e-05
0.00011942241796465595
0.000490319724725349
0.0006370562568550009
0.00035771722793025374
0.00017727299456582677
9.724542379438734e-05
0.0006370562568550009
0.00013761242973577567
0.0005404298530617417
0.0005636879907901751
8.798166972853424e-05
0.00014751197906754852
0.0005636879907901751
0.000643041006518883
0.000180058629901138
0.00022729724214001505
4.3693131328752245e-05
0.00011862954509170401
0.00018888440924660343
0.00026379792952323033
6.877181211740524e-05
9.282127991321358e-05
0.0007480675485393342
0.0003311160898788113
0.00040448435594363734
0.0006370562568550009
0.00020020719775233126
0.000309875491360922
0.00033716619558805635
0.000138561745817551
0.0002843489618654277
0.0004310854939950798
1.0268825266239732e-05
0.0001952055728084849
9.098039814610516e-05
0.0006370562568550009
0.00026072965574598916
0.00027021492653087086
0.00012265467013814773
0.0001595906481976543
0.00022952570410439966
0.0001680630114097459
0.0002036779360205765
0.0002577478238139853
0.0003740337742696671
0.00011551614318177738
0.00013573896430406937
0.0001011905276435892
0.0002036779360205765
0.00023412851769454682
0.0003051703597022852
0.000490319724725349
0.0002548476962732328
0.0003740337742696671
0.0005207703063993192
0.00010739838007891667
0.00017852183690342778
0.0001873613896811631
0.00024334032753717402
9.789281439729743e-05
0.00013667155213079442
8.680556836628922e-05
0.000490319724725349
0.0005636879907901751
0.0004310854939950798
0.0006370562568550009
0.0006622321797576226
0.0012741125137100018
0.0004474020403344932
0.0006370562568550009
0.00036556141105757554
0.0003740337742696671
0.0002577478238139853
0.00020020719775233126
0.0006370562568550009
0.0005636879907901751
0.0004310854939950798
0.0006370562568550009
0.00027704620208540253
0.0003253931808245772
0.0006370562568550009
0.00022952570410439966
0.00014960804822716772
0.000309875491360922
0.0005636879907901751
0.0005636879907901751
0.00010321962556806671
0.0011712334368509094
0.0005157373650968214
4.214787711695137e-05
2.570823213600449e-05
9.985908828178025e-05
0.00027704620208540253
8.335369615880335e-05
5.827284325273344e-05
0.0008340517866948287
0.00011833973171061803
0.0009334008372118207
0.0001857224027805371
0.0007311228221151511
8.857465746214362e-05
0.0005339156139401324
0.00020545693644502191
0.0004474020403344932
0.00010332532311015189
0.0001680630114097459
0.0005207703063993192
0.0003253931808245772
0.0006370562568550009
0.0005207703063993192
0.0006370562568550009
0.00022729724214001505
0.00021483013942312956
0.00022511473113515855
3.8751392119804775e-05
0.0005843862899854989
0.00012430857931272542
0.00018585997395978402
0.00012856007584726323
8.680556836628922e-05
0.00019192480323471317
0.00012848832734189928
0.00018888440924660343
0.00033716619558805635
4.3693131328752245e-05
0.000309875491360922
0.00026962904290638923
0.000859562275161369
0.0003253931808245772
0.00019684666046604484
0.00016557235452900352
0.00011174891162832256
0.00024927546060189373
8.056071001036304e-05
3.0193356678341356e-05
0.0002669578069700662
7.946382937992766e-05
0.00019708837793489556
0.00014751197906754852
0.0005636879907901751
0.0004933658557682062
0.0004906186805525909
0.00029219314499274947
4.119031438246012e-05
0.0001162859504556818
0.00028063461466661295
0.0007154344558605075
0.0003006655082048411
0.00019851359308371616
0.00046670041860591037
0.0010415406127986383
0.000277123491635102
0.00012875305317256732
0.0005207703063993192
0.0001952055728084849
0.00024143127747457192
0.0002109806958006017
0.0008311386062562077
0.00013298951014621195
9.66019687209756e-05
0.00020910723036889536
0.00017865664869492513
3.9871487583891805e-05
9.789281439729743e-05
0.00022088024513237456
7.730359044955839e-05
0.00014344039888162293
0.0002520249147597511
0.00023412851769454682
0.00011249170789495799
0.0003051703597022852
0.00012430857931272542
2.6822115237359994e-05
8.166907651066053e-05
5.9169865855309017e-05
0.00015503734257548655
0.00017061368985921336
0.00013667155213079442
4.100356290579373e-05
0.00015392897607518908
7.783953100523427e-05
0.0006370562568550009
0.0003199638864762584
0.000490319724725349
7.67703498577535e-05
8.111344251239133e-05
7.362611767494878e-05
0.0006370562568550009
0.0006370562568550009
0.00023894062059382954
0.00022088024513237456
0.000180058629901138
0.0003740337742696671
0.00011212598386333801
0.00031479954353939794
0.0001311954327281351
6.519347975272497e-05
4.7657940666908056e-05
7.62397821623417e-05
0.0003491175874168305
0.0003740337742696671
0.0003311160898788113
2.985135950324069e-05
0.000490319724725349
0.00011862954509170401
0.00018585997395978402
0.00026072965574598916
0.0005636879907901751
0.00028063461466661295
0.0006370562568550009
0.0004219613916012034
0.0002318020936374592
0.0006370562568550009
0.0004474020403344932
0.00039333215254108435
0.00031479954353939794
0.0002577478238139853
0.00023412851769454682
3.764302561950727e-05
0.00020910723036889536
0.0006370562568550009
0.0001719124550322738
0.000490319724725349
0.0001952055728084849
0.0006370562568550009
0.00028063461466661295
9.220408846417747e-05
1.3730104794153372e-05
6.05298164721349e-05
0.00046670041860591037
2.1641972907439418e-05
0.00029219314499274947
0.00031479954353939794
0.00026072965574598916
0.00014545661286309745
0.0005636879907901751
0.00013208867038019587
0.00029634458035681976
0.00035771722793025374
6.144625538836858e-05
0.00015392897607518908
2.7487828334954345e-05
7.466385180669175e-05
0.00033716619558805635
3.9496803887833046e-05
0.0004310854939950798
0.0003504144681502286
4.8469040678832854e-05
0.0006370562568550009
0.0001485548252725875
0.0002881984054879556
0.0005636879907901751
0.00021288791917665738
0.00019042966345840428
8.300810445834514e-06
0.0004474020403344932
0.00010955129565967146
0.0002843489618654277
0.00028063461466661295
0.0003504144681502286
0.0004169514586605229
0.00014751197906754852
6.907824726465473e-05