0.00012634263526101858
7.648905793331295e-05
0.012518547100456917
0.0013906241224866463
0.03581000638189548
0.001291555938339368
0.002492216588529463
0.0014284721847172951
0.001516096617948985
0.002689069505238428
0.00025701016199024127
0.010470581628134749
0.00056896861599392
0.00056896861599392
0.005970046654125463
0.0002848806505123345
0.00038313682964733235
0.000890612930824303
0.0003702907259134997
0.0005065569074432161
0.0006714385882121388
3.1242116689078786e-05
0.00014156795850356875
0.001374772722761212
0.0007264331647165809
4.696142519804674e-05
0.0004229088513455174
0.0001254985489413797
0.0007476479800407192
0.009392595150926284
0.0014628022453818384
0.0003101116647861425
0.0007905066469368482
0.00041405484988876577
0.00021826519133088523
0.0008693298771310622
0.003880024557290535
0.00019955978839164302
0.00027255419805365176
0.00012786048574880938
0.0006078602152627851
0.0004827820053124857
0.00041424897468159084
0.001982158570947532
3.8102621572873936e-05
7.324679843049435e-05
6.670232456997482e-05
0.004266604951194138
0.0015733336019109444
0.00017147736595020518
0.0005638784684606898
0.00022485560143109675
0.0001308238130541787
0.00021325202038395753
0.002109430543639995
0.00056896861599392
0.0005619145610118711
0.000495009876438321
8.017613279536773e-05
0.00022792163617753553
0.000623039983367266
0.0010649802545316775
0.00010248737954331172
0.00023119566894193257
0.0005812312672717632
0.00039454577526257413
0.00012375246910958026
0.0005307100114004585
0.0001150493974545
0.0004641392043213706
0.00021720739567259784
0.00038630189845011875
0.0003308436126871142
0.00031365013942480515
0.00022448059615406746
0.0029261551868459655
0.00021951587797864716
0.00018843138765125569
0.00056896861599392
0.00056896861599392
0.0005034418428846513
0.000533293623105119
0.00010113685442331067
1.6822677253926652e-05
0.0001246079966734532
0.0002830013036702281
0.00043138645805633745
0.0004651111378224655
0.0001210758443692202
0.00010730774960820643
0.00037686277530251137
4.800457234906705e-05
0.0005918186628938613
0.0008040711346151166
0.000186758155464427
3.9562496777148265e-05
0.0005740988149774935
0.004795868019063742
4.624320441761538e-05
6.302990130134447e-05
7.944190584113271e-05
0.0011761801570904526
9.655640106249714e-05
0.00011091657152600935
0.0001700768195842039
8.513830011503829e-05
3.514722670996275e-05
0.00035129338743493014
7.87429390516602e-05
0.00031421298179607697
0.00034776857595653
0.00010809110279066279
0.0004686938271515353
0.00023560359269347275
3.994793584928775e-05
0.0004307352932760628
0.0010392833828076426
1.6822677253926652e-05
8.180141896980272e-05
0.00011717345678788383
0.00022263326400730733
0.00020702742494438289
3.039302520675096e-05
0.00018807062861615003
0.00039958436471319663
0.00031948493386979343
3.427857830801615e-05
6.484157763329329e-05
0.00010809110279066279
0.0003404569288333566
0.00028576661432566127
8.089900464817235e-05
0.00017853572509966316
0.0001743422867290408
1.2728269762217285e-05
0.00018843138765125569
0.00022760994728103485
0.00022204532038315732
0.00011958725133851778
5.639616131009286e-05
0.00021028104162837923
0.0004651111378224655
3.865782100096819e-05
8.290067729297242e-05
0.00056896861599392
3.039302520675096e-05
0.0005034418428846513
0.00021602057557080172
0.00045487828631566766
0.006754530716508149
0.0076534568812891765
0.0001834979996155692
0.0008690076095624743
0.00011404804319474776
0.0010021727748117833
8.401286836360376e-05
0.0020300404538539005
0.0002749545445522424
0.0001181144085774903
0.0001861777677193696
0.0013739928057711483
0.0005561612463464976
0.00014570290590463662
0.00013756962364186423
0.0013309433884790545
0.00036069307220953505
0.0005499090891044848
0.0001734024546111723
0.0004892130671437005
0.00012339585453526484
6.169526524311675e-05
0.0011624625345435264
0.0002506407975570555
7.700706005463526e-05
0.00017373904183703558
4.2176672051955296e-05
5.11513916393122e-05
0.0005701353326556165
0.00013728068904038596
0.0010488195091329848
0.00011102266019157866
0.00011328257220588466
8.07147960796201e-05
0.00017027660023007657
5.870178149755843e-05
0.0003262177806033852
0.0003229872230133514
9.928958659485643e-05
4.113195151175494e-05
0.0006108582318648209
0.0001758079773383069
0.00018034653610476752
0.00010595059284093634
0.00040600809077078
0.00025982084570191064
0.0001700768195842039
0.00018843138765125569
8.585168242829263e-05
5.046251182002629e-05
0.0005410396083143026
1.7573613354981374e-05
0.0002408114852078613
0.00018508579572935026
0.00019727288763128707
9.037543206827307e-05
6.575706591648124e-05
0.00012274984725546114
0.0004651111378224655
0.00011224029807703373
8.089900464817235e-05
0.0004552198945620697
0.00035129338743493014
0.00020185004728010515
0.00027616598312106056
0.00026467170509447794
0.00030113036580274165
0.00026755888499356404
0.0002076346433657259
4.8906342514483385e-05
4.929298988622981e-05
0.00033756974893427036
6.291909266825278e-05
6.125454113201216e-05
0.00010954551841027865
0.00010332258250829754
0.00016218143468774672
4.861558485809803e-05
0.0001868308189196649
0.00017147736595020518
0.0003816661150571568
0.00014194170306741104
3.335116228498741e-05
0.0001631088903016926
0.0002562193977410966
7.805165798275208e-05
7.618854548212903e-05
0.00013019716688427097
0.000260963969069493
0.000848619676486107
0.0006680907943797009
0.00015194775745169033
0.0010762852620466602
5.432461811336009e-05
0.00026055592544299387
0.0011131663200365368
0.0002077149563429092
0.00029112762051287336
2.348071259902337e-05
4.813775982072343e-05
0.0003850117069790623
0.00012797057163427055
0.000402109595928409
0.0007126679371756243
0.0008536090893924288
0.0004311973223204147
8.552562359641843e-05
0.0001353732965446979
9.022897271548076e-05
0.0003952383435660546
5.994456427328348e-05
0.0007466110723471667
6.78972247026891e-05
9.30888838596848e-05
0.00034228322523244313
9.218766297470129e-05
9.849234210733441e-05
0.00012634263526101858
0.0001834979996155692
9.528745381375445e-05
9.987634683468961e-05
0.00011481976299549869
9.403531430807501e-05
0.00010014212272339482
0.0002506407975570555
0.00016360283793960545
0.00021882121523067487
0.0008790398866915346
0.00012876729948337292
0.00030686152355684465
6.525896587885433e-05
0.00032673877307601794
0.00039958436471319663
0.000591453773083484
0.0003312333064402014
0.00013648766124692936
0.00020702742494438289
0.0004651111378224655
7.731564200193638e-05
0.00023842574706098857
0.00031912417483468775
0.000389731268552866
0.00020497475908662344
0.00015613418101826206
7.804654673133237e-05
0.0004651111378224655
2.9748212689904233e-05
0.00034579794790343945
0.0003723882966661135
0.0006845664504648863
0.00016869671988219717
0.00024743590926347555
2.4848658959004218e-05
0.0002906156336358816
0.0001384671781861605
0.00014904367540994145
2.1088336025977648e-05
0.0001052477260298352
0.00032640146471519794
0.00024704835108958653
0.00016869671988219717
5.6120149038516864e-05
0.0003401536391684078
0.00015123285361340777
0.00010283573492404846
0.00056896861599392
0.00035129338743493014
7.857831756555854e-05
0.00018508579572935026
5.089776830772933e-05
0.00015470541996979813
5.339369935542627e-05
0.00026467170509447794
0.00056896861599392
0.00025753459896674585
0.00023457722242235327
7.275666209728115e-05
0.012659175297824645
9.465931096710922e-05
0.0001308238130541787
6.393024287440469e-05
0.0003228591843184804
1.5729773167063194e-05
0.0002789351189709928
0.0006680907943797009
0.00010864923622672017
0.0001038574781714546
0.00020910520420128984
0.00012547133738255236
0.001031699467729283
4.475492299319448e-05
0.00023917450267703556
5.629859882764295e-05
0.00010665872462102381
0.00017147736595020518
0.00016336938653800897
0.000295726886541742
0.00015471306810712352
0.00013315761768270003
0.00056896861599392
0.0002506407975570555
0.0001353732965446979
0.00023842574706098857
0.0002562193977410966
0.0005918186628938613
0.00032416634834353194
0.00011916285876169906
0.00015709303523603015
0.0004381820736411146
0.00056896861599392
0.00056896861599392
0.00056896861599392
0.005034418428846513
0.010068836857693025
0.0028448430799696005
0.013098882288661531
5.007106136169741e-05
0.00018511402444778663
0.0005034418428846513
0.0001680257367272075
0.00029575244694492875
0.00018511402444778663
0.00033405759160392776
0.000609514993027734
9.627551964144687e-05
9.849234210733441e-05
0.0001246079966734532
0.00012123138235515815
0.0001308238130541787
0.00024453171257241696
0.00056421188584845
0.00034228322523244313
0.00011481976299549869
0.00015895549955271813
0.00028576661432566127
0.0002767564521231743
0.00011797122650630031
0.00015832631621758538
5.5388305460143764e-05
0.0003520477207953315
0.0002871568621840419
0.00015471306810712352
0.0008718469009076448
0.00011904272281794234
5.46204551630303e-05
0.0001673364784200723
0.00015471306810712352
0.0002506407975570555
0.00015010068258906997
0.00010542571427882599
0.00010595059284093634
0.0002573961814795563
0.0005293434101889559
0.00013649762464297438
0.00056896861599392
0.00032649074217876194
0.0009314530061173647
0.0002441285931182627
0.0003122066319310083
0.0005034418428846513
0.00046580556800249114
0.008192542526654498
0.00040600809077078
0.0005232952522167148
0.00019164325436462872
0.0001523787482569335
0.00012547133738255236
0.0001788093453151535
0.00015353870330810175
0.00010665872462102381
0.0028448430799696005
0.00113793723198784
0.00038373881674057486
0.0004590227314617438
8.977899380836257e-05
0.0005307100114004585
0.0010068836857693025
0.00113793723198784
0.00113793723198784
0.00113793723198784
0.00113793723198784
0.00113793723198784
0.00056896861599392
0.00056896861599392
0.00012375246910958026
0.00033405759160392776
0.00019363647197981714
0.00113793723198784
0.0006828298418431045
0.0002506407975570555
0.0025558794709583475
0.00113793723198784
0.00012991042285095532
0.0003516159546766138
0.00113793723198784
0.00056896861599392
0.00056896861599392
0.00021618220558132557
0.00039958436471319663
0.00056896861599392
0.0003129626823727444
0.00056896861599392
0.00227587446397568
0.00024646494943114905
0.00113793723198784
0.00015956208741734387
0.00113793723198784
0.0017069058479817602
0.0006004027303562799
7.87429390516602e-05
0.0002767564521231743
0.0034138116959635204
0.00056896861599392
0.0001038574781714546
0.00056896861599392
0.00113793723198784
0.00022508886052661275
8.017613279536773e-05
0.00015353870330810175
0.00056896861599392
0.0004379150697753824
0.000833640321088398
0.00056896861599392
0.00056896861599392
0.00056896861599392
0.00018034653610476752
0.00026467170509447794
7.000125174566676e-05
0.000833640321088398
0.0006546309920320982
0.00021122967901390547
0.0005370616369893178
0.00014357843109202094
0.00056896861599392
4.092896303889876e-05
0.00056896861599392
0.00056896861599392
5.653752344986248e-05
0.0004268059931634665
0.00017141216100827777
3.458691659159827e-05
5.545828576300467e-05
6.715072974084576e-05
0.0002176310272395439
0.00056896861599392
0.0001868308189196649
0.0007273882941309489
0.0002544440767047712
0.00056896861599392
0.00015956208741734387
9.591979831601982e-05
0.00019013476978272206
0.00023892156433234386
9.78426134287401e-05
0.0004268059931634665
0.00015956208741734387
5.365387480410322e-05
0.00013649762464297438
0.0010068836857693025
0.0005715332286513225
0.0001673364784200723
0.0005370616369893178
0.0034138116959635204
0.0015103255286539538
0.0017069058479817602
0.0011254443026330638
0.0002509426747651047
0.00018843138765125569
0.00020497475908662344
0.00025395816076052456
0.0010068836857693025
0.00056896861599392
0.0006546309920320982
0.00056896861599392
8.290067729297242e-05
0.00056896861599392
0.00026349222904403633
0.00056896861599392
0.00016869671988219717
0.00023594245301260063
0.0002544440767047712
0.00022656514441176932
8.977899380836257e-05
0.0001464846483260528
0.002013767371538605
0.0010068836857693025
0.00056896861599392
0.00227587446397568
0.00056896861599392
5.6120149038516864e-05
0.00056896861599392
0.0007025867748698603
0.00113793723198784
0.00113793723198784
0.00016467334032320432
0.00056896861599392
0.00056896861599392
0.00056896861599392
0.00056896861599392
0.00056896861599392
0.00113793723198784
0.00056896861599392
0.00012547133738255236
0.00056896861599392
0.00056896861599392
0.000269136537779068
0.00056896861599392
0.0001384671781861605
0.00012877752364243896
0.00060901213615617
0.0005034418428846513
0.00022204532038315732
4.2564329681393934e-05
0.00014787622347246437
0.00056896861599392
0.0003850117069790623
0.00019013476978272206
0.00015353870330810175
0.0010068836857693025
0.00011528009871464015
4.4754431119769176e-05
3.039302520675096e-05
0.00056896861599392
0.00056896861599392
0.0005034418428846513
0.00056896861599392
0.00056896861599392
0.00016320073235759897
0.00056896861599392
0.00056896861599392
0.00056896861599392
0.00056896861599392
0.00056896861599392
0.00056896861599392
0.0003850353002731763
0.00056896861599392
0.00056896861599392
0.0005269844580880727
0.007410807742645382
0.00056896861599392
0.00022782699500627487
0.00043764243046134975
0.00056896861599392
0.0009341540945983246
2.965452787049108e-05
6.715072974084576e-05
0.0010455004647493505
4.035861478974007e-05
0.0004276014994917124
0.00056896861599392
3.5825910100620304e-05
0.0002979638207060411
7.648905793331295e-05
0.00013808299156053028
5.951190836655438e-05
0.00014888995008252944
2.224089590286831e-05
0.0002573961814795563
0.00010730774960820643
0.00010683024394212543
6.131325638921559e-05
0.0016507191483668526
0.00014390099833370463
0.00036369414706547445
0.00018511402444778663
0.00018190913615420665
5.487896949466179e-05
0.00012516585152255887
4.66190902035331e-05
0.0003486845734580816
0.0001834979996155692
0.000857299842976984
0.0014846154555808533
0.0001631088903016926
0.00048624952251529797
0.00014357843109202094
2.7272769999047663e-05
0.00056896861599392
7.097856566575745e-05
5.865249198758348e-05
0.00012634263526101858
0.0001571566351311171
5.822569600031139e-05
0.00056896861599392
0.00056896861599392
0.00039958436471319663
9.78426134287401e-05
4.6729120361862044e-05
0.00028115422880760767
0.00056896861599392
3.9023273365666186e-05
0.00056896861599392
8.859728903879396e-05
0.00056896861599392
0.00056896861599392
0.00056896861599392
8.125654627633205e-05
0.00011958725133851778
0.0001308238130541787
9.465931096710922e-05
2.5448884153864666e-05
0.00011224029807703373
0.00014096961711517245
0.00010809110279066279
0.00023977825709313393
0.000403704806668602
0.00056896861599392
0.0001673364784200723
0.00019311280212499428
9.341540945983245e-05
0.0003945423954988875
0.0002616476261083574
0.00025300359371215574
0.00021291255460111655
0.0008366823921003617
0.00027255419805365176
9.248640883523076e-05
0.0008690076095624743
0.0007940151152834338
0.00031785177852280906
0.0001357944494053782
0.00035129338743493014
2.6356428569706497e-05
2.9038688894878126e-05
0.00021882121523067487
0.00013361815887594016
4.555476688940632e-05
2.0179307394870034e-05
3.865782100096819e-05
0.00010881551361977195
7.618854548212903e-05
0.00011593662511594628
7.195049916685232e-05
0.00019013476978272206
2.046448151944938e-05
0.00017837258999570934
0.0013837822606158716
0.00018480303217021429
0.00016218143468774672
0.00011028120422903806
0.00014244032525616724
8.570608050413889e-05
4.9673593610224415e-05
0.0004651111378224655
0.00017147736595020518
0.00017147736595020518
0.00015590220517754195
0.00011102266019157866
0.0002685308184946589
8.290067729297242e-05
1.1865266523428059e-05
0.0001743422867290408
0.00023020011343247317
1.3581154528340022e-05
0.0001954371959602242
0.0001374772722761212
0.0001523787482569335
7.495186714369892e-05
0.00035129338743493014
0.0001163823630449378
1.5729773167063194e-05
0.00015123285361340777
0.0002443361184244224
0.00019043700074585323
0.00010783772440421591
0.00013713049432579998
0.00031948493386979343
7.097085153370552e-05
2.4002286174533525e-05
7.444497504126472e-05
0.00020910520420128984
0.0002906156336358816
0.0001398572706105993
0.00011902381673310876
2.5750431939403728e-05
0.0004099495181732469
2.9038688894878126e-05
0.0004099886651895306
0.00016035226559073547
0.00015832631621758538
0.0001868308189196649
0.00026467170509447794
1.9894990938125673e-05
3.4941985596219306e-05
0.0001673364784200723
0.000295726886541742
0.00011140921849177856
0.00017147736595020518
0.00022760994728103485
0.0002506407975570555
6.438364974168646e-05
0.00056896861599392
0.00011391349750313743
5.046251182002629e-05
0.00027255419805365176
0.0013137452093261472
0.0004328874051050309
0.00113793723198784
0.00021122967901390547
4.3288740510503085e-05
0.00012206429655913135
0.00022263326400730733
0.00015138753546007887
0.00034579794790343945
0.00113793723198784
7.857831756555854e-05
0.00021340299658173325
0.0002749545445522424
0.00041405484988876577
7.857831756555854e-05
0.00016463690848398537
0.00016096162441230966
0.0005262386301491761
0.00015010068258906997
8.743017358992411e-05
0.0007375013037976103
0.0001281096988705483
1.9359125929918747e-05
2.277738344470316e-05
8.570608050413889e-05
0.0003850117069790623
0.00013315761768270003
0.00033405759160392776
0.00011091657152600935
3.1029627953228265e-05
0.00010737220084245087
6.142158143615883e-05
0.00033739343976439435
0.00056896861599392
7.195049916685232e-05
0.00030686152355684465
0.00015590220517754195
0.00021624191291699563
0.0007404560977911465
4.624320441761538e-05
4.512443218156596e-05
0.00011404804319474776
0.00056896861599392
2.1903400480655244e-05
0.00023020011343247317
0.00011028120422903806
0.000333067980574736
5.164668367861498e-05
0.00014898191035302055
7.857831756555854e-05
0.0001394675594854964
0.00043125491139667764
0.0009537029882439543
0.00023842574706098857
0.002743637855203283
0.0015103255286539538
9.097565726313353e-05
0.00013095911479853113
0.0001281096988705483
0.00013243868282549864
0.0002749545445522424
0.00017607498120403918
0.0003516159546766138
9.78426134287401e-05
0.00023258374858960688
0.00043710871771390986
0.0004469457310590617
3.4941985596219306e-05
9.213237215423824e-05
7.343927246469852e-05
0.00016081422692302332
4.586880729217484e-05
0.0001119038220363217
0.00045619217277899105
6.61930577299043e-05
0.0002010547979642045
0.00014463470074687774
0.00036125365965101086
0.00018190913615420665
0.00013267750285011462
0.00028576661432566127
0.00016336938653800897
0.00013361815887594016
0.00026055592544299387
0.00010046875870548815
9.465931096710922e-05
5.332177973086484e-05
2.2485157089564015e-05
6.921940002941183e-05
0.0005230268601871224
5.244445339703148e-05
0.0001384671781861605
0.0005918186628938613
0.00014357843109202094
0.00016599553181475703
0.00032649074217876194
7.145940637098289e-05
5.8265075715680686e-05
1.9869437444089767e-05
0.000144888312855177
0.0004651111378224655
0.00056896861599392
0.0005053705410440743
0.00031421298179607697
0.0002573961814795563
0.00016599553181475703
0.00012547133738255236
0.00016469890072639103
0.0002685308184946589
0.00017837258999570934
0.00016467334032320432
7.343927246469852e-05
7.444497504126472e-05
0.0003118044103550839
0.0003723882966661135
0.00015375092790243677
2.5750431939403728e-05
0.0002685308184946589
0.00032649074217876194
0.00033405759160392776
4.737537544195317e-05
2.2485157089564015e-05
0.000260963969069493
8.290067729297242e-05
0.00014194170306741104
0.0005147923629591126
0.0006273156126038696
8.513830011503829e-05
0.0003850117069790623
0.0002685308184946589
0.00034228322523244313
0.0006259253647454889
4.4754431119769176e-05
0.0014183740050892249
0.00056896861599392
7.048480855758623e-05
0.0002413347504475758
6.169526524311675e-05
0.00033405759160392776
3.5825910100620304e-05
0.00227587446397568
7.000125174566676e-05
0.00010316994677292829
0.0004379150697753824
0.00017370395029532923
0.00010665872462102381
0.0005034418428846513
0.00015832631621758538
0.0001363638499952383
0.00020300404538539
8.369085546636401e-05
0.001221680592122112
0.0002593569668429703
0.0007339919984622768
0.00046061610992430524
0.0002049943325947653
0.0001772967506361531
7.097085153370552e-05
5.164668367861498e-05
6.398528581713528e-05
0.00015010068258906997
0.00113793723198784
0.00014463470074687774
0.0003486845734580816
0.00047685149412197715
0.00023842574706098857
0.0001384671781861605
0.00015956208741734387
7.122016262808362e-05
0.00023286325152934117
0.0005553420733433599
0.00023413964019399711
0.00020702742494438289
0.00034228322523244313
0.0002413347504475758
0.00012206429655913135
0.00023020011343247317
0.00014898191035302055
5.951190836655438e-05
0.00010786533953089645
0.00042380237136374534
0.00021340299658173325
0.00024855221457320976
0.00032649074217876194
0.0007828919072084792
0.00014000250349133352
0.0003872729439596343
0.0004154015345584815
8.180141896980272e-05
0.0003486845734580816
0.00010316994677292829
9.341540945983245e-05
0.0012003415616514362
0.00013713049432579998
0.00056896861599392
0.00013649762464297438
0.00030020136517813995
0.0001954371959602242
0.00056896861599392
0.0004094928739289231
0.00014787622347246437
9.528745381375445e-05
8.859728903879396e-05
0.0002506407975570555
0.0002554149003451149
0.001489553186664454
0.0004552198945620697
0.00022508886052661275
0.00015021318408509223
0.0008718469009076448
0.00032070453118147093
0.0017268246753325872
0.00043125491139667764
0.0003118044103550839
0.00014096961711517245
0.00010954551841027865
0.00012290461454198684
7.343927246469852e-05
0.00021122967901390547
4.077722257542315e-05
6.621934141274932e-05
0.00056896861599392
0.0003723882966661135
0.00015471306810712352
0.00113793723198784
0.0017069058479817602
0.0008758301395507648
0.0007991687294263933
0.0010068836857693025
0.00032649074217876194
0.0001673364784200723
0.00020910520420128984
0.0003850117069790623
0.00032649074217876194
0.00013267750285011462
0.0010837609789530328
0.00041405484988876577
0.00015956208741734387
0.0004379150697753824
0.0008938914621181233
4.61410318590502e-05
0.0006529814843575239
0.00013713049432579998
0.00035129338743493014
0.0005034418428846513
0.00056896861599392
0.00056896861599392
0.0005147923629591126
0.0002830013036702281
5.2712857139412994e-05
0.0008758301395507648
0.0001614295921592402
0.00056896861599392
0.00012290461454198684
0.00113793723198784
0.00113793723198784
9.15797177887696e-05
0.00113793723198784
0.00113793723198784
0.00113793723198784
0.0005034418428846513
0.00011176997752688425
2.4549969451092223e-05
0.00022508886052661275
0.0005034418428846513
0.00021790552136620233
1.6548264432476073e-05
0.0004651111378224655
9.403531430807501e-05
0.00011102266019157866
0.00113793723198784
0.00113793723198784
0.0017069058479817602
0.0015103255286539538
0.0003850117069790623
0.0008716220854648093
0.001206673752237879
0.0003850117069790623
0.00015590220517754195
0.0002573961814795563
8.513830011503829e-05
0.00015832631621758538
0.0002413347504475758
5.653752344986248e-05
0.0002441285931182627
0.00019727288763128707
0.0002802462283794974
0.00036125365965101086
0.00023594245301260063
0.00039958436471319663
0.0003129626823727444
8.07147960796201e-05
5.570460924588928e-05
0.0001246079966734532
0.00012547133738255236
5.1250309300812256e-05
0.0002729269717894006
0.0004651111378224655
0.0004379150697753824
0.00035129338743493014
0.0004307352932760628
0.00018843138765125569
4.113195151175494e-05
6.213805364330244e-05
0.0001956852268574802
0.00039958436471319663
0.0004379150697753824
0.00015010068258906997
0.00028095728050593556
4.4754431119769176e-05
8.743017358992411e-05
0.00035129338743493014
4.3288740510503085e-05
0.00022508886052661275
6.904149578026514e-05
0.00056896861599392
5.9081223564184356e-05
9.655640106249714e-05
0.00021562745569833882
0.00056896861599392
7.145940637098289e-05
0.00027255419805365176
0.00030686152355684465
5.046251182002629e-05
5.2845877145044166e-05
0.00014787622347246437
0.00011328257220588466
2.1325202038395752e-05
0.00031948493386979343
0.00033405759160392776
0.00014357843109202094
0.0006845664504648863
4.365303826617704e-05
0.00019914493198520904
0.0009017326805238377
0.00014898191035302055
8.977899380836257e-05
0.00022204532038315732
9.914656721393545e-05
0.00011730498397516696
0.0003638182723084133
0.00023286325152934117
7.805165798275208e-05
0.00010248737954331172
6.302990130134447e-05
0.0001673364784200723
6.205925590645653e-05
0.00010248737954331172
0.00021340299658173325
0.0001384671781861605
0.00011797122650630031
4.66190902035331e-05
0.00033405759160392776
0.0006529814843575239
8.297603306019214e-05
5.204472700608735e-05
0.00030686152355684465
0.00018511402444778663
4.4754431119769176e-05
6.081586215174973e-05
0.00039958436471319663
9.980535141728503e-05
0.00010316994677292829
6.125454113201216e-05
0.0006828298418431045
0.0005743137243680838
0.0001954371959602242
0.00012290461454198684
6.393024287440469e-05
6.921940002941183e-05
0.00023842574706098857
5.6120149038516864e-05
0.00013649762464297438
0.0001290057733578866
0.00056896861599392
5.204472700608735e-05
0.000416820160544199
6.037920940956457e-05
4.4385872560900015e-05
0.000186758155464427
0.00056896861599392
0.00020910520420128984
4.2925841214146314e-05
0.00026467170509447794
3.427857830801615e-05
0.0004651111378224655
0.0005034418428846513
0.00031948493386979343
1.464935968609887e-05
0.00056896861599392
0.00056896861599392
0.00056896861599392
0.0005034418428846513
9.218766297470129e-05
0.00030113036580274165
7.495186714369892e-05
0.00015956208741734387
6.302990130134447e-05
0.0002049943325947653
3.296556899806554e-05
0.0001384671781861605
9.591979831601982e-05
9.914656721393545e-05
0.000134568268889534
0.00034228322523244313
0.00014357843109202094
2.666088986543242e-05
0.00019727288763128707
0.00019727288763128707
0.00015956208741734387
0.00024743590926347555
0.00011328257220588466
0.0004651111378224655
0.0002685308184946589
0.00034228322523244313
0.00025395816076052456
0.00030686152355684465
0.00039958436471319663
0.00021790552136620233
3.798631433300099e-05
5.4468838046130797e-05
0.00022760994728103485
0.00014898191035302055
0.0009681312321871616
0.0001246079966734532
0.0008871806596252261
0.0002554149003451149
0.0002667355541687908
0.0018527019356613455
0.00113793723198784
0.00024743590926347555
0.00026467170509447794
0.0001394675594854964
0.0028448430799696005
0.00056896861599392
0.00056896861599392
0.00056896861599392
0.00056896861599392
0.00056896861599392
0.00056896861599392
0.00056896861599392
0.00022263326400730733
0.00017289897395171973
0.000501281595114111
0.00056896861599392
0.00056896861599392
0.00056896861599392
0.000357618690630307
0.0003070774066162035
0.00023842574706098857
0.00113793723198784
0.00042450195550534215
0.00011958725133851778
0.002189575348876912
9.403531430807501e-05
0.0001040894540121747
0.0001834979996155692
4.9681225136647146e-05
0.00014678331938560091
6.809138576667132e-05
0.00022023984121639242
0.00024743590926347555
5.994456427328348e-05
0.0002573961814795563
7.805165798275208e-05
0.00022615009379944992
0.00020702742494438289
0.00023917450267703556
0.00056896861599392
0.0017564669371746507
0.0003545935012723062
0.001250460481632597
0.002013767371538605
0.0007700234139581246
0.0017069058479817602
0.0006681151832078555
0.0006529814843575239
0.00023594245301260063
0.00017141216100827777
0.00020361941062160694
0.0001040894540121747
0.00056896861599392
0.00056896861599392
0.00056896861599392
0.005120717543945281
0.00056896861599392
0.00056896861599392
0.0017069058479817602
0.00113793723198784
0.00056896861599392
0.00056896861599392
0.00056896861599392
0.0005034418428846513
0.00113793723198784
0.00113793723198784
0.00056896861599392
0.00056896861599392
0.00056896861599392
0.00056896861599392
0.00056896861599392
0.00056896861599392
0.00056896861599392
0.00056896861599392
0.00056896861599392
0.00113793723198784
0.00056896861599392
0.00056896861599392
0.00056896861599392
0.00056896861599392
0.00056896861599392
0.00056896861599392
0.00113793723198784
0.0005034418428846513
0.00056896861599392
0.0005034418428846513
0.00113793723198784
0.00056896861599392
0.00056896861599392
0.00023020011343247317
0.00056896861599392
0.00056896861599392
0.00056896861599392
0.00056896861599392
0.00056896861599392
0.00056896861599392
0.00056896861599392
0.00056896861599392
0.00056896861599392
0.00056896861599392
0.00056896861599392
0.00056896861599392
0.00056896861599392
0.00056896861599392
0.00056896861599392
0.00056896861599392
0.00056896861599392
0.00056896861599392
0.00056896861599392
0.00056896861599392
0.00056896861599392
0.00056896861599392
0.00056896861599392
0.00056896861599392
0.00113793723198784
0.00056896861599392
0.00056896861599392
0.00056896861599392
0.00056896861599392
0.00012375246910958026
0.0017069058479817602
0.00056896861599392
0.00056896861599392
0.0007991687294263933
0.00056896861599392
0.00056896861599392
0.00056896861599392
0.0005034418428846513
0.00056896861599392
0.0012371795463173778
0.00056896861599392
0.00056896861599392
0.00056896861599392
0.00056896861599392
0.00056896861599392
0.00056896861599392
0.00056896861599392
0.00056896861599392
0.00056896861599392
0.00056896861599392
0.00056896861599392
0.00056896861599392
0.00056896861599392
0.00113793723198784
0.0005034418428846513
0.00056896861599392
0.00056896861599392
0.0005034418428846513
0.00056896861599392
0.00056896861599392
0.00056896861599392
0.00056896861599392
0.00056896861599392
0.00056896861599392
0.00056896861599392
0.00056896861599392
0.00056896861599392
0.00056896861599392
0.00056896861599392
0.0017069058479817602
0.00056896861599392
0.00056896861599392
0.00056896861599392
0.00056896861599392
0.00056896861599392
0.00056896861599392
0.00056896861599392
0.00056896861599392
0.00056896861599392
0.0005034418428846513
0.00056896861599392
0.00056896861599392
0.00056896861599392
0.00056896861599392
0.0004651111378224655
0.00019186940837028743
0.00056896861599392
0.00056896861599392
0.00056896861599392
0.0005034418428846513
0.00056896861599392
0.00056896861599392
0.00056896861599392
0.00056896861599392
0.00056896861599392
0.00056896861599392
0.00056896861599392
0.00056896861599392
0.0017069058479817602
0.00056896861599392
0.00056896861599392
0.00113793723198784
0.00056896861599392
0.00056896861599392
0.00056896861599392
0.0005034418428846513
0.00056896861599392
0.00056896861599392
0.00056896861599392
0.00056896861599392
0.00056896861599392
0.00012123138235515815
0.00056896861599392
0.0004651111378224655
0.00056896861599392
0.00056896861599392
0.00056896861599392
0.00056896861599392
0.00056896861599392
0.00056896861599392
0.0005034418428846513
0.00056896861599392
0.00056896861599392
0.00056896861599392
0.00056896861599392
0.00056896861599392
0.00056896861599392
0.00056896861599392
0.00056896861599392
0.00113793723198784
0.00056896861599392
0.00056896861599392
0.00056896861599392
0.00056896861599392
0.00056896861599392
0.00056896861599392
0.00056896861599392
0.00056896861599392
0.0005034418428846513
0.00056896861599392
0.00056896861599392
0.00039958436471319663
0.00056896861599392
0.00056896861599392
0.00056896861599392
0.0005034418428846513
0.00056896861599392
0.00056896861599392
0.00056896861599392
0.00056896861599392
0.00056896861599392
0.00056896861599392
0.0005034418428846513
0.00056896861599392
0.00056896861599392
0.00056896861599392
0.00056896861599392
0.00056896861599392
0.00056896861599392
0.00056896861599392
0.00056896861599392
0.00056896861599392
0.00056896861599392
0.00056896861599392
0.00056896861599392
0.00113793723198784
0.00056896861599392
0.00056896861599392
0.00056896861599392
0.00056896861599392
0.00056896861599392
0.00056896861599392
0.00056896861599392
0.00056896861599392
0.00056896861599392
0.00056896861599392
0.00056896861599392
0.00056896861599392
0.0002010547979642045
0.00056896861599392
0.00056896861599392
0.00056896861599392
0.00056896861599392
0.00056896861599392
0.00056896861599392
0.00031948493386979343
0.00056896861599392
0.0004651111378224655
0.00113793723198784
0.00056896861599392
0.00056896861599392
0.00056896861599392
0.00056896861599392
0.00056896861599392
0.00056896861599392
0.00056896861599392
0.00056896861599392
0.00056896861599392
0.00056896861599392
0.00056896861599392
0.00056896861599392
0.00113793723198784
0.00056896861599392
0.00056896861599392
0.00056896861599392
0.00056896861599392
0.00033405759160392776
0.00015832631621758538
3.527544326333891e-05
5.822569600031139e-05
0.0001308238130541787
0.0001523787482569335
3.361979410466659e-05
0.00032649074217876194
0.00056896861599392
0.0002906156336358816
0.0005034418428846513
0.00056896861599392
0.00056896861599392
0.00056896861599392
0.00011481976299549869
0.00056896861599392
0.00056896861599392
0.00056896861599392
0.00056896861599392
0.00034228322523244313
8.646007403598011e-05
1.765072766294547e-05
0.00028576661432566127
0.00022504649928951358
0.0004379150697753824
0.00015123285361340777
0.00016208317417176597
0.00030113036580274165
0.0001954371959602242
0.00019186940837028743
0.0004379150697753824
6.213805364330244e-05
0.00031948493386979343
0.00015590220517754195
7.000125174566676e-05
0.0002443361184244224
3.867635499244953e-05
5.1250309300812256e-05
0.0005034418428846513
0.0004651111378224655
3.7301274012107235e-05
1.2262651277843117e-05
0.0004651111378224655
0.00056896861599392
0.00056896861599392
0.00056896861599392
5.1250309300812256e-05