0.00013849154530878535
0.002012259024456061
0.00015738470828841427
0.008107836717821258
0.00015398684641425292
0.0004721541248652428
0.0007963098482923373
0.0061597536366635
0.002940758675017628
0.0014124035625150844
0.0062403158666488635
0.008711807414366111
0.0004367778141770075
0.012245897171683074
0.00025863030998327064
0.0006236797475247122
0.0005098354968161314
0.0006236797475247122
0.00028338624753548245
0.00029482096705671834
0.00017378236192149813
0.006627861458609708
0.00039402410396322906
0.0005744212901047184
0.004242288586541819
0.0037983044707125537
0.0010904673199253123
0.0011398349988931556
7.427234212053533e-05
0.0011950503324824398
0.0010312459706087829
0.0006601731808627035
0.00020275951428730618
0.0002762742428506769
0.00010733631559782528
0.00021776066889775977
0.002695223302059093
0.0017971303013996614
0.00012142694071672956
0.0022921243333350644
0.00010553322291405558
0.0005838949334078601
0.00046100798917047864
0.00017735625261450905
0.00011536818262492554
0.00018749926738341507
7.89309253298547e-05
0.010085347066674284
0.005575784248854815
0.0005446262740824213
0.0002092669381124731
0.0002874048938845781
0.0002552550173051285
0.0006876373000005194
0.0001897534896040056
7.320116513017916e-05
0.0010137416705431963
0.00019007656322684932
0.00014113276584302163
0.00016831946141595902
0.0004116920319614296
0.00024949656354308615
0.00046357510452906393
0.00038720435578821415
0.00032685680531901323
2.5738581169151364e-05
0.0010196709936322627
0.0010913803149178662
2.173916950567407e-05
0.00044164703282669355
0.0010660982700057373
0.0005897000984554768
0.00030967605211368673
0.003883999139135585
0.001416180675278775
7.995424025846818e-05
5.661294794071994e-05
0.00034710145392678944
0.00026135239370035353
2.8226553168604324e-05
0.0003445371423490107
0.0001346555691327672
0.0009880455301327384
8.105475695386733e-05
0.00020433945485850497
4.336676454168913e-05
0.00051538801471164
0.00033258604811788777
0.0003340625003542603
0.0006236797475247122
0.00011673870888376346
0.000272107107262478
0.0007206802727362382
5.970647625481386e-05
1.694497611951547e-05
0.000199401233951903
3.082154321270701e-05
0.00016330777765730768
0.00032661555531461535
1.0147054734192526e-05
6.577577110821225e-05
0.0002943523216808549
0.00017221360515046262
0.00015510713303042566
0.0001688238768270076
8.555138050196634e-05
0.0006236797475247122
0.0002534354176357991
0.00021031927035387749
0.000190407050264076
0.0010098164681423328
0.00014543556384954105
4.277569025098317e-05
6.909075795236853e-05
0.0005592934210235023
0.00015440378905414486
0.00018821409166097655
0.00021028659196554287
0.00016577516809830478
0.00018541280847063056
8.639592178595783e-05
0.0006802677681561949
0.00010868034592718193
2.9172782360803513e-05
0.00015069687159067067
0.0003102142660608513
0.00014721567760889786
9.972373406510031e-05
0.0006782615641725265
8.667246445900618e-05
0.0001225176036169187
0.0006435060359221646
0.0006482348879331629
0.0002269348580755178
0.0002552550173051285
0.00015287854170278466
0.00032419755982439477
0.0011442314234361738
0.0018710392425741365
0.00017459725865629327
0.00024673305303251226
0.00011234240554091483
0.0008927965377195536
0.00017226857117450534
0.0007163149241284784
0.00010038588010537045
0.00029855578736539065
0.00017089351720010206
0.00028605785585904346
0.00012088567220906725
0.00010840645953980896
0.0008788000313186388
7.8206098163854e-05
0.00019623178865590038
9.583732223147491e-05
0.00029501628598354527
8.767367791109273e-05
0.00017490532798742015
3.830195223789824e-05
6.386775419657291e-05
0.0005137626919432482
4.469829647136577e-05
0.0006003962199675736
0.00011979028296344933
0.00017577148845713167
0.0002582588653862596
0.00013409488941409732
4.3616124251848885e-05
0.0003122743279536303
0.00031476941657682854
0.00023019738763034584
0.00030747477764629644
0.0010704144660322586
0.00044238102265542207
0.00015398684641425292
0.0003124793269171919
0.000177668838497994
0.00017627787126804322
0.00035020610503408043
0.00037519664440893437
9.394744305321261e-05
0.00024315244997307752
0.00020471652736902356
2.789600902000818e-05
3.0159620663837955e-05
9.5203525132038e-05
0.00017355072696339472
0.00011677137821784961
0.0002943523216808549
4.508713558697261e-05
0.00040801743657786944
0.0007253140332544035
7.877676364988407e-05
0.00029876258312060995
0.00028480481153771837
0.0002821469953989696
0.00018053608922382258
0.0004242322997896428
0.0012369312353079358
0.00038507320970557603
0.00015083844001449623
0.0001052070161216605
0.0006843361666764521
0.00025403897851743895
0.00021225625203418754
1.5410771606353505e-05
0.0006236797475247122
0.00018491833241202906
0.00012007924399351471
0.0002568813459716241
0.0006236797475247122
0.00040250538976714987
0.0006371215561552088
0.00012952476308941206
0.00036101614194454816
0.0001263652525638408
0.00012169842541639523
0.0003241635210624583
9.270640423531528e-05
8.673352908337826e-05
0.0005372361930963589
0.00021197706375007533
0.00012712528967677013
9.017427117394522e-05
9.84120013256067e-05
0.00022038791263363292
0.0002523357960173662
6.328233028996577e-05
9.394744305321261e-05
0.000398802467903806
0.00043324384403303616
3.0357179108076885e-05
0.00029293334377287957
0.00029501628598354527
5.574578386171871e-05
0.0002799751973718582
0.00027474202433240585
6.151657472749857e-05
0.0005098354968161314
0.0005098354968161314
0.0016555560674388604
0.0005518520224796202
0.0005518520224796202
0.0005518520224796202
0.00014015534992365314
0.0005458722069842475
0.0003578855809041356
0.0001203120906029474
0.000256654141505899
9.647501964529665e-05
9.220159783409574e-05
0.000355337676995988
0.00014240240576885918
0.00016594472390923462
0.00021168222690580378
0.0002837207427789283
0.0002868072522886647
8.050107795342997e-05
1.3006211980107017e-05
0.00026900194613262255
0.001140459379361096
0.00011556328594534159
0.00019434532866201084
0.0002406241812058948
8.029009591736841e-05
0.00027837837998898827
0.00012169842541639523
0.00010244503886537545
0.0001310865742422216
6.577577110821225e-05
0.00021880495557671553
8.867812630725453e-05
0.00011846107040775844
0.001155360705011654
9.811589432795019e-05
0.00017246228983962964
0.0002908711276990821
0.0003936480053024268
0.0004771161723399975
0.00038416889574515795
0.00019167464446294982
0.00025529835115765265
0.00018541280847063056
5.881314742306137e-05
0.000380814100528152
0.00012931515499163532
0.0002159264231167236
0.0004867937016655809
0.0005596796818092773
0.00019271339725415937
0.0004057667122789955
5.318699946854928e-05
0.00015854254717994663
5.792745397383271e-05
8.767367791109273e-05
0.00023379647442958062
0.00014759901909690613
0.00011216157015074023
8.050107795342997e-05
0.0002339234947020956
0.0004921325978199886
0.0001079632115583618
6.181912790707864e-05
0.00012764917557882632
0.0018254763812459284
0.00022391684052404297
0.00030063349603088766
0.000457230630944132
0.00015559059505886096
6.860080194400327e-05
0.0007017704841062867
0.000652827898524591
0.00048002429743452797
7.309610688686621e-05
0.00029917120219530096
0.0009415755488813539
0.0003220043118137199
0.0002654286135932532
0.0002162423397227709
0.0001079632115583618
7.941027311580569e-05
0.0002722924699090396
8.215912136916079e-05
0.00012007924399351471
2.9895276873210442e-05
0.00035020610503408043
0.000190407050264076
0.00012007924399351471
0.00024404133019555475
0.0011950503324824398
5.836935444188173e-05
0.0002552550173051285
0.00010904031062962222
9.63481151008421e-05
0.00013380180825403232
0.0005562384254118916
3.627903927596997e-05
0.00013198377034656585
4.9294589200409016e-05
0.00011384425070858087
0.0005416082676714676
0.00021387845125491587
0.00016594472390923462
0.0002678310971228338
0.0006087428978619412
0.0008490250081367502
0.0002837207427789283
0.00036803919402224463
0.0005098354968161314
0.00017510806332564517
0.0005098354968161314
0.00023170981589533084
0.00020408033044685847
7.412211034492491e-05
0.00010748670372763627
0.0002552550173051285
9.570129219509299e-05
0.0004250793713032237
0.0003661800467259471
0.00039599124610755046
1.4887097089762362e-05
0.000134722929898804
5.9258849197129446e-05
0.00010038588010537045
0.00020471652736902356
8.847620453108441e-05
0.000199401233951903
8.966731537754086e-05
0.00014750814299177264
0.00017114779947456356
1.462326313884344e-05
0.00027261682998132807
3.940241039632291e-05
0.00019271339725415937
0.0004830064677205798
0.00026760361650806464
0.0003238896346750854
2.4009597186382773e-05
0.0004081965723894358
0.0002952360039768201
0.00022768850141716173
3.8607871753727044e-05
0.00019423333135014053
3.903429099420379e-05
3.866747467234049e-05
3.6493433337991254e-05
0.0008070058383978678
0.00010633710512205826
0.00023636185432549954
0.00022470626674787682
7.394188380061352e-05
0.0004771161723399975
6.366200753188743e-05
0.00016853537646952863
0.0009724905631873749
0.0003217530179610823
0.00032660074299553003
0.0002498382239560005
0.0008034932913685013
0.0002821469953989696
0.0009732382498419285
0.0006236797475247122
7.514950548653124e-05
0.0001376076556952313
0.00017226857117450534
4.032542589148982e-05
0.00035545492213336067
0.00040228576007345497
7.057468072376702e-05
0.00015559059505886096
0.00026135239370035353
0.00013288880232393142
0.00020655065494389613
0.00043800777177103924
0.00021953313299996605
0.00031708509435989326
0.0001831832318365178
0.00038507320970557603
9.148005261221551e-05
0.00021168222690580378
1.8139519637984986e-05
0.00010105228434878972
0.00043908652998451525
0.00011059859004060241
0.0011097978302596265
9.776230952520744e-05
0.00015971346927365798
0.00017246228983962964
0.0002639675406931317
0.00015069687159067067
0.00015136083589336105
0.00021225625203418754
0.00010733631559782528
7.012740026083756e-05
0.0004569009347506682
0.0007811983172929797
8.32794079853335e-05
0.00010204016522342924
0.0002596545869486195
0.0006236797475247122
8.028519141134415e-05
0.0002269348580755178
0.00013380180825403232
0.00038532201895743616
0.0001037616021433786
0.0006924577265439267
0.0008919325417874993
4.705352291524414e-05
6.663114187535858e-05
0.0003530908308305077
0.00018914716185261887
0.0001645341292804074
0.0001314174794900808
0.00015452503484302132
0.00046308238863750024
0.0003578855809041356
0.00035255574253608644
0.00015579275216917168
0.00012584213368411646
3.448464706728147e-05
0.0002821469953989696
0.0003185607780776044
0.0003185607780776044
0.00018050807097227408
7.309610688686621e-05
0.0006236797475247122
0.00015287854170278466
5.5314907969744874e-05
0.00014240240576885918
0.00038542679450831875
0.0002731802131795963
0.0003261724016176937
0.00015136083589336105
9.33250657906194e-05
0.00018491833241202906
0.0006236797475247122
0.0003430566840420873
0.0004220338300791726
0.0009097870116404126
0.0002769830906175707
0.00018952466865526137
0.00020655065494389613
0.00031158550433834335
0.00020210456869757944
0.00022470626674787682
9.549301129783115e-05
0.0003932597227266648
0.00012417564703264951
0.00018296010522443103
0.0001052070161216605
0.00014340362614433236
0.00027122895899699514
0.00021031927035387749
0.00030336891936384226
0.00013288880232393142
0.00015069687159067067
0.0005257164799138572
0.000510510034610257
0.00011069926432267961
6.197408320894017e-05
2.789600902000818e-05
8.932258253857416e-05
0.00014027602149554734
0.00014717384149192528
0.00010105228434878972
0.00010584111345290189
0.00027474202433240585
0.0002868072522886647
0.00024404133019555475
0.00048002429743452797
0.00017627787126804322
0.0005592934210235023
0.00017490532798742015
6.429242381077512e-05
0.0003132454846604839
0.00043800777177103924
2.5611259716343862e-05
8.555698324332215e-05
0.00021031927035387749
0.00023855808616999875
0.00016594472390923462
0.00017695240906216882
0.0003932597227266648
0.00027122895899699514
9.78672635335768e-05
5.033685347364658e-05
0.0001819574023280825
0.0001258606516824913
0.00016830274469038878
0.00012671354129315654
0.00011234240554091483
0.0003399315170669384
0.0015857635738599205
0.00018050807097227408
0.00020471652736902356
0.000177668838497994
0.0001688238768270076
0.0001394555104249247
0.0002498382239560005
0.0004220338300791726
0.0002339234947020956
0.0008649693588910836
1.9044551615350547e-05
0.00010977163249612881
0.0006163791587411834
0.00020114288003672748
0.000144454107431677
0.0001971262192351212
0.0006044283610453363
0.00019785410779490722
0.00024404133019555475
0.00013409488941409732
0.00041310130988779227
0.00015829983437108336
0.00027474202433240585
0.0005206521808901842
0.00027474202433240585
0.000363914804656165
0.0004569009347506682
0.0006236797475247122
0.00013720160388800654
0.0002943523216808549
0.00010725100598702745
0.00048002429743452797
0.000190407050264076
0.00041683566326978057
0.00014114936144753404
0.0016361884718723867
0.00010654366192505204
5.748742994654322e-05
0.00015346492508689724
0.0002162404873445346
0.00020291429928731374
0.00032419153931400685
0.0003175233403587057
0.00024141775961539173
0.0010057144001836375
0.0004569009347506682
0.00030297503054872623
4.7850646097546494e-05
0.00012501472451364142
9.711666567507027e-05
0.00027837837998898827
0.00012394816641788034
0.00021423013081395132
0.0002007717602107409
0.00016577516809830478
0.0002582588653862596
2.2432314030148044e-05
4.0527378476933665e-05
0.0007170181307216618
0.0003381389268991629
3.6558157847108605e-05
0.0001258606516824913
0.00029293334377287957
0.00046308238863750024
0.0005887046433617098
0.00019944746813020062
0.00018789488610642521
0.00014355193829263948
9.647501964529665e-05
0.0003430566840420873
7.941027311580569e-05
0.0005098354968161314
5.5314907969744874e-05
4.1757358380446284e-05
0.00011490585671369471
0.00030336891936384226
4.2395412750015064e-05
0.0003241635210624583
0.00035404516881969373
0.0009635669862707969
0.0003196309857751561
0.0004574811534696733
0.00018139519637984988
0.00018796636105350575
0.0007811983172929797
3.7937714594979475e-05
0.0001257904097074237
6.663114187535858e-05
6.666382026369321e-05
0.0001911067681300915
0.00046308238863750024
0.00037002992760773993
0.00020198335369915079
0.0006483270421249166
0.00013565231283450528
0.00031708509435989326
0.00026665528105477285
0.0002523357960173662
0.00042846026162790264
9.647501964529665e-05
0.0003810255257867767
9.892705389745361e-05
0.00024673305303251226
0.00021443639943835523
4.547743926014349e-05
6.197408320894017e-05
2.3375800086945856e-05
3.6493433337991254e-05
0.0002940657371153069
0.000452090614772012
0.0004081965723894358
4.237509655892337e-05
0.00013380180825403232
8.384412601900256e-05
0.00033918006914059913
0.000811657197149255
9.209141428355898e-05
7.568041794668053e-05
0.0006727376946886873
4.9057947163975094e-05
0.00012154404148746804
0.0004745131803990723
0.0001203120906029474
0.00030139374318134134
0.00013643231778043044
0.00010840645953980896
2.516842673682329e-05
0.00025863030998327064
0.0006236797475247122
1.926346450794188e-05
0.00021829439693153192
0.00015206963571547964
0.00033636884734434365
0.000258402856761758
0.00019600337207774162
0.00013659010658979815
0.0005247159839622604
0.00022738719630071744
0.0006236797475247122
0.00020841783163489029
0.00017110276100393268
8.767367791109273e-05
0.00011234240554091483
0.0007323600934518942
0.0008760155435420785
0.00017459725865629327
0.00012394816641788034
0.002018213084066062
0.0003185607780776044
0.00035020610503408043
0.00039599124610755046
0.0006067378387276845
0.000134722929898804
0.0005098354968161314
0.00021423013081395132
0.0005567567599779765
0.0006236797475247122
0.0004220338300791726
0.0004569009347506682
0.00020344600383660516
4.466129126928708e-05
0.000190407050264076
0.00028882922935535746
8.555698324332215e-05
0.00022082351641334677
0.0003185607780776044
0.00017695240906216882
0.00030719426704257
0.00018053608922382258
0.0001414107665965476
0.0006236797475247122
0.0001911067681300915
0.00027474202433240585
0.000269445859797608
5.251784243325605e-05
0.0004920600066280335
4.8251518948422574e-05
2.274764421214065e-05
7.623018006764957e-05
0.0005458722069842475
0.00011012967728299037
0.0002943523216808549
0.0002821469953989696
0.0004538697161510356
3.7937714594979475e-05
4.237509655892337e-05
0.00024949656354308615
0.00013046896064707747
0.0002654286135932532
0.00038507320970557603
0.0002789110208498494
0.0031183987376235613
7.886914654557851e-05
0.00016959003457029957
0.00037519664440893437
0.00027474202433240585
0.00037904933731052273
0.00026135239370035353
0.00015287854170278466
0.0012944283268842035
0.00011322589588143988
9.650303789684515e-05
0.0006236797475247122
0.0009600485948690559
5.792745397383271e-05
0.0001699657585334692
0.0002943523216808549
0.00043800777177103924
8.32794079853335e-05
0.0003430566840420873
0.00020890029244590214
0.00013849154530878535
6.503105990053508e-06
0.00021423013081395132
0.00020655065494389613
0.0006236797475247122
0.0002582588653862596
0.0001819574023280825
0.0002339234947020956
0.0002523357960173662
0.00018491833241202906
0.0012473594950494244
7.586682188993436e-05
0.0008581735675771303
0.000285610575396114
0.00037519664440893437
9.33250657906194e-05
0.00014646667188643979
0.0006861133680841746
0.0004220338300791726
0.00027122895899699514
0.0003290682585608148
1.9509317970160522e-05
0.00014240240576885918
0.0001911067681300915
0.00023885897522222228
0.0004081965723894358
0.00026760361650806464
0.00048002429743452797
4.1757358380446284e-05
0.00022082351641334677
5.0689878571826546e-05
0.00039599124610755046
0.0002534270825863131
0.0001787931858854631
0.00026135239370035353
0.0003661800467259471
0.00033008659043135176
0.00015083844001449623
0.00015069687159067067
0.00011309060736693691
0.00045664136226477117
0.00010105228434878972
0.0001790787310321196
4.163901886084623e-05
7.806858198840758e-05
4.0142595705672077e-05
0.00017777654759138832
0.00020874912465436644
9.5203525132038e-05
8.050107795342997e-05
0.00015854254717994663
0.00038507320970557603
0.00026454112229925154
5.0279480004832076e-05
0.00017089351720010206
0.0005098354968161314
0.00048002429743452797
0.00017627787126804322
0.00043800777177103924
0.0005518520224796202
0.0006236797475247122
0.0003241635210624583
0.00017490532798742015
0.0002901221219766241
6.429242381077512e-05
0.00019271339725415937
0.0005098354968161314
0.0001394555104249247
0.00010868034592718193
8.613428558725267e-05
0.00015854254717994663
0.0003132454846604839
0.0001414107665965476
0.0004220338300791726
0.0012473594950494244
7.806858198840758e-05
0.0005518520224796202
0.00013525557075966518
0.00018643114034116746
3.6493433337991254e-05
0.00015029901097306247
0.00010038588010537045
0.00046147273049970217
0.00013062137273950024
0.0006426903924418539
0.0004081965723894358
0.00011322589588143988
0.00042336445381160756
0.00013198377034656585
0.00015346492508689724
0.00023539388722033848
0.00012757350890681086
0.0010736567427124069
7.886914654557851e-05
0.0005617120277045741
0.0005768409131246277
0.00019600337207774162
0.0006681250007085206
0.0005292055672645095
0.00024404133019555475
0.0001301970794869739
0.0001264447031498906
6.71446819280515e-05
0.0002568813459716241
0.00014543556384954105
8.847620453108441e-05
7.258688963258659e-05
0.0001976883767275834
9.730789718194925e-05
0.0002901221219766241
0.0005908835688945266
0.00011613863600841364
0.00035020610503408043
0.00017490532798742015
9.5203525132038e-05
0.00018342729226003633
0.00021829439693153192
0.0002269348580755178
0.00013753646479013258
0.0001976883767275834
0.0003886906573240217
0.00015178196530356034
0.0004081965723894358
0.0006236797475247122
0.0005518520224796202
0.0001394555104249247
0.00010445014622295107
0.00023154119431875012
0.00017355072696339472
0.00030336891936384226
6.593683300006659e-05
0.0001819574023280825
0.0002523357960173662
0.0005098354968161314
0.00024404133019555475
0.00011012967728299037
9.683273176966773e-05
0.0006783601382811983
0.00018491833241202906
0.0002821469953989696
0.00018952466865526137
0.00026760361650806464
0.0001258606516824913
0.00038542679450831875
6.811315161950165e-05
0.00034710145392678944
2.496762098424393e-05
0.00018643114034116746
0.000199401233951903
5.617845882317621e-05
6.860080194400327e-05
0.0004569009347506682
0.00024404133019555475
7.995424025846818e-05
0.0004220338300791726
2.9895276873210442e-05
0.00019434532866201084
0.00021031927035387749
0.00039599124610755046
7.568041794668053e-05
0.00011234240554091483
0.00015287854170278466
0.00044640166068267645
0.0003081895793705917
9.776230952520744e-05
0.0001819574023280825
0.00012947210522667391
6.811315161950165e-05
8.907004857873287e-05
0.000510510034610257
0.00011384425070858087
0.000199401233951903
0.00018491833241202906
8.847620453108441e-05
8.788574422856584e-05
0.0003661800467259471
2.5738581169151364e-05
0.00012169842541639523
0.00019600337207774162
0.0006236797475247122
7.463894684134766e-05
8.32794079853335e-05
0.00013380180825403232
0.00027837837998898827
0.00027837837998898827
0.00028605785585904346
0.00048031697597405884
0.0008962877493618297
0.00039626316862003964
0.00013753646479013258
0.0005518520224796202
0.0002269348580755178
0.00015069687159067067
0.00023328624499680716
0.00010725100598702745
0.00021031927035387749
0.0002967678892501055
0.0001645341292804074
0.00012417564703264951
0.000177668838497994
0.0003220043118137199
0.0002352676145762207
0.00024339685083279045
9.33250657906194e-05
6.423207673389473e-05
0.00037519664440893437
5.881314742306137e-05
9.33250657906194e-05
7.660390447579648e-05
1.7242323533640734e-05
0.00017490532798742015
0.00017627787126804322
0.00020471652736902356
0.00014340362614433236
0.00017089351720010206
9.906579215500991e-05
0.00024949656354308615
0.00012303314945499714
0.00021423013081395132
0.00021031927035387749
0.000355337676995988
0.00043324384403303616
0.00024404133019555475
8.788574422856584e-05
0.00011272425822979684
0.000924568738111775
4.431091096332149e-05
6.197408320894017e-05
0.00015510713303042566
0.00010137975714365309
0.00025002944902728283
0.00020291429928731374
0.00012952476308941206
0.00014543556384954105
0.00016703125017713015
0.00011769694361016924
0.00011613863600841364
3.331557093767929e-05
7.412211034492491e-05
0.0001819574023280825
0.00015452503484302132
0.0004569009347506682
0.000177668838497994
0.0002549486378002038
0.00012007924399351471
9.394744305321261e-05
0.00018050807097227408
0.00043324384403303616
0.00021225625203418754
0.0031183987376235613
0.00013198377034656585
6.151657472749857e-05
0.0004094330547380471
0.0004058285985746275
0.00024673305303251226
0.00015559059505886096
0.00023885897522222228
0.00021225625203418754
0.00014340362614433236
0.0003430566840420873
0.00027507292958026515
0.0001645341292804074
0.0004081965723894358
0.00017490532798742015
0.0002678310971228338
0.00015971346927365798
0.00011536818262492554
0.00011012967728299037
0.0002908711276990821
0.00013753646479013258
0.00022921243333350646
0.0005290822445985031
9.647501964529665e-05
0.00014750814299177264
9.270640423531528e-05
0.00014240240576885918
0.00018796636105350575
0.00039599124610755046
0.0002523357960173662
0.0002417713444181345
0.00018980527215962893
0.00014543556384954105
0.00015738470828841427
0.0005052614217439486
6.382458778941316e-05
4.9058486335179055e-05
0.0004880826603911095
0.0004569009347506682
0.0003661800467259471
0.0003438102458882259
0.00023154119431875012
0.00015613716397681516
0.00013237035935458825
0.0002943523216808549
0.0004220338300791726
0.00037519664440893437
0.00029876258312060995
0.0004220338300791726
0.00011234240554091483
0.0002678310971228338
0.00015031674801544383
0.0002808570539781908
2.6883617260993214e-05
0.0002901221219766241
7.779529752943048e-05
0.00020471652736902356
0.00015510713303042566
0.00014340362614433236
0.0003578855809041356
8.327803772169247e-05
0.0004569009347506682
0.0002523357960173662
0.0007323600934518942
0.00019944746813020062
0.00033660548938077757
0.0006487270191683126
4.705352291524414e-05
2.3375800086945856e-05
0.0002566709497299664
0.0001976883767275834
9.972373406510031e-05
0.00010172300191830258
0.00045863562510835396
8.32794079853335e-05
2.803501469708903e-05
0.0006067378387276845
0.00016577516809830478
0.0004425244289753179
0.00019423333135014053
5.792745397383271e-05
7.568041794668053e-05
0.00018643114034116746
0.00010868034592718193
0.00017355072696339472
0.00020890029244590214
0.0007503932888178687
0.0003217530179610823
0.00013525557075966518
0.0004081965723894358
1.6253030426752093e-05
0.00020114288003672748
0.00035020610503408043
0.00011613863600841364
0.0007323600934518942
0.00012334330920257998
0.00018342729226003633
0.00020291429928731374
0.0001310865742422216
0.00025863030998327064
0.0003241635210624583
0.0001394555104249247
6.909075795236853e-05
0.0009138018695013364
0.0016555560674388604
0.0007157711618082712
0.00039599124610755046
6.243362055946234e-05
3.542328094193531e-05
5.0689878571826546e-05
0.00014114936144753404
0.0005567567599779765
0.0006236797475247122
0.0003185607780776044
0.00010868034592718193
3.331557093767929e-05
0.00019287727143232534
2.6883617260993214e-05
0.00020655065494389613
0.0001146034152960753
0.00010940247778835777
7.833083103514565e-05
0.0004569009347506682
0.00014240240576885918
0.00015069687159067067
8.966731537754086e-05
0.00043324384403303616
0.0004934661060650245
0.00023379647442958062
0.0002442443091153571
0.00016330777765730768
0.00023885897522222228
5.3821312172902734e-05
0.00043800777177103924
1.57640459289541e-05
2.496762098424393e-05
0.0003661800467259471
0.00021423013081395132
0.000160897773623825
0.00010514329598277143
0.0003932597227266648
0.0003932597227266648
8.613428558725267e-05
0.000160897773623825
0.0003370272166227445
0.00018796636105350575
0.00010891698796361584
0.0003132454846604839
7.726251742151066e-05
0.000976165320782219
0.00023154119431875012
0.0003886906573240217
2.955937543575151e-05
7.673246254344862e-05
0.0006236797475247122
0.0002769830906175707
0.00021031927035387749
0.0002145020119740549
0.0002102330248854797
0.00014441461467767873
0.0006236797475247122
0.0006435910944953
0.00030115764031611136
0.00015069687159067067
0.00019167464446294982
0.00020471652736902356
0.0003241635210624583
0.00044077582526726584
0.00029876258312060995
0.000160897773623825
7.886914654557851e-05
0.00016959003457029957
0.0001790787310321196
0.00013659010658979815
1.7839590332448723e-05
0.00016959003457029957
0.0006236797475247122
0.00026454112229925154
1.0890025723949938e-05
3.124987789723585e-05
3.15913131409602e-05
0.0012327583174823668
0.00010105228434878972
0.00013659010658979815
0.00020655065494389613
9.457358092630943e-05
0.0005415242129168222
0.00020114288003672748
5.276661145702779e-05
4.0888106134960784e-05
0.0003578855809041356
0.0003581574620642392
0.0002678310971228338
0.0003185607780776044
0.00012334330920257998
0.00017221360515046262
0.0003132454846604839
0.0005642939907979392
0.0004081965723894358
0.00026454112229925154
0.0003241635210624583
6.909075795236853e-05
0.00036685458452007265
0.00014856018758854076
0.0001976883767275834
0.0001037616021433786
0.00013659010658979815
0.00014340362614433236
0.00023636185432549954
0.00030797369282850584
0.00011613863600841364
0.00012501472451364142
9.457358092630943e-05
0.00011384425070858087
0.0002943523216808549
0.00027122895899699514
0.00018796636105350575
7.726251742151066e-05
0.00010940247778835777
3.9771842169852047e-05
0.0001790787310321196
0.00048002429743452797
0.0002523357960173662
0.00048002429743452797
7.057468072376702e-05
0.0004220338300791726
0.0001301970794869739
0.0001699657585334692
3.577877186594176e-05
8.966731537754086e-05
5.9258849197129446e-05
0.00011309060736693691
0.00021168222690580378
9.209141428355898e-05
0.00021225625203418754
0.00013198377034656585
4.712504824688609e-05
0.0010196709936322627
0.003059012980896788
0.0024947189900988488
0.0009902597712940552
0.0007396733296481162
0.0003417870344002041
0.0017152834202104365
0.0008760155435420785
0.0018710392425741365
0.00025514701781362173
0.0003340625003542603
0.00024339685083279045
0.00042128558096728624
0.000510510034610257
0.0001911067681300915
0.00012757350890681086
0.0012473594950494244
0.0007004122100681609
0.00044941253349575365
0.00014114936144753404
0.0011037040449592404
0.0012473594950494244
0.0009600485948690559
0.0024947189900988488
0.0007157711618082712
0.0004721541248652428
0.0012473594950494244
0.0011037040449592404
0.0012473594950494244
0.00013720160388800654
6.17121839690269e-05
0.00018418282856711796
0.0012473594950494244
0.0007503932888178687
0.00041683566326978057
0.000134289363856103
0.00043800777177103924
6.382458778941316e-05
0.0002943523216808549
0.00021031927035387749
0.0012253627616190296
0.0004727237086509991
0.0003759327221070115
0.00016210163331538502
0.0002901221219766241
0.00027122895899699514
0.00024404133019555475
0.0003578855809041356
0.0001037616021433786
0.0002269348580755178
0.0002523357960173662
0.0002523357960173662
0.00035020610503408043
0.00032661555531461535
0.00033636884734434365
8.384412601900256e-05
0.000177668838497994
7.463894684134766e-05
7.617820646140219e-05
0.00010725100598702745
0.0006236797475247122
0.00030336891936384226
4.201652566348872e-05
0.00038507320970557603
8.215912136916079e-05
0.0002552550173051285
0.0003578855809041356
0.00012334330920257998
0.00010204016522342924
0.0001790787310321196
0.0006236797475247122
0.0003430566840420873
6.31826262819204e-05
0.000269445859797608
0.0003081895793705917
0.00015971346927365798
0.0001258606516824913
0.0004081965723894358
0.0006236797475247122
0.0006236797475247122
0.00037519664440893437
0.0003430566840420873
0.0006236797475247122
0.0005098354968161314
0.0006236797475247122
0.0006236797475247122
0.0006236797475247122
0.00037519664440893437
0.0004081965723894358
0.0003185607780776044
0.0004569009347506682
0.0002901221219766241
0.00021225625203418754
0.0001423539541197217
0.00048002429743452797
0.00033636884734434365
0.00019271339725415937
0.00024673305303251226
0.00024673305303251226
0.00038542679450831875
0.00047771795044444456
0.00043800777177103924
0.0004081965723894358
0.00048002429743452797
8.050107795342997e-05
0.0004220338300791726
0.00033636884734434365
0.0006236797475247122
0.0005975251662412199
9.148005261221551e-05
0.00013565231283450528
0.0004081965723894358
0.0001414107665965476
0.00030923280882698396
0.0002932869285756223
0.0005098354968161314
9.906579215500991e-05
0.0006236797475247122
0.00018952466865526137
0.0003661800467259471
0.00014962302257452261
0.00021423013081395132
0.00016577516809830478
0.00012844067298581205
0.00018952466865526137
0.00020655065494389613
0.00027474202433240585
0.00014543556384954105
0.00029924604514904523
6.289520485371185e-05
0.0005518520224796202
5.617845882317621e-05