0.010123418767931698
0.005358278767740637
0.009483146675984341
8.698524417808424e-05
0.004566902289473772
0.0002652414205977248
0.00027424285266750416
0.00021655606095595498
0.0005167207326021698
0.0003732969170222772
0.00036289501439859735
9.95887161324268e-05
0.00014449508116446812
0.00028629095810795796
0.001037315710623245
0.002044727380017121
0.00011911462420572202
0.001117575294570198
0.003536193471278352
0.00031705523341547077
8.48868639254129e-05
3.843593914399508e-05
0.0004941797259925357
0.0005856765987648482
0.00015234808742124387
0.00015336004369724562
0.00030230251792635356
0.00036019319108612574
0.00038273419769575985
0.0009206772199084632
0.00023416644373858663
0.00019678722026628264
0.000254716944594209
6.979853247209228e-05
0.00038273419769575985
0.00029410071797367855
0.0001837225454982854
0.0003687972666660544
0.0004153638317052064
0.0004079294921942441
0.0009828780955584422
0.00026094031351475217
2.9897984794351493e-05
0.0016301432544202719
0.0008472257770653537
0.00014259600124773663
0.00013885241055783024
0.00048057612531537274
0.0026402442645212815
0.0026402442645212815
0.0009512565292326786
0.00166644322244694
0.0010877612435741303
0.0005940282972972769
0.0035203256860283755
0.00453277306243017
0.0017601628430141878
0.0005379289016647471
0.00023859173310174093
0.00044094305020537085
0.000291465924198609
0.00045743074638813564
0.0008800814215070939
0.0008800814215070939
0.0008800814215070939
0.0008800814215070939
0.0023862650535516005
0.0009681821971854465
0.00036443195448949967
0.006978447418043109
0.0007465938340445544
0.0006776234769802101
0.0008903515778314147
0.003451657741556205
0.0010867621696135147
0.004975544570044878
0.0013724604954035932
0.0028211191363237613
0.00013194340493520552
0.0001283474396897383
0.00048506754913820534
0.00011205671873008136
6.548576262842605e-05
0.00021729254994011247
0.0003291928123843834
0.00010242816648153886
0.0001265305450327521
0.0002393103821158672
0.0014112773345095523
6.119532329771687e-05
0.00016388451970076148
0.0006180776334991332
0.0010786915356676276
0.0005050163197202803
0.000256762112174072
0.0012535523605136244
0.00010753387061093476
0.000348102228193948
0.0003234442114817258
0.0002411497409379218
0.0002374938730631042
0.0001454539508186184
5.560117911481122e-05
4.701197232316967e-05
0.0009357087265993204
0.00011751649793485951
0.0006341710194884524
0.0017601628430141878
5.369483130176879e-06
0.00038273419769575985
9.072375359964934e-05
0.0014522732957781696
0.006856071316687604
0.00048409109859272326
0.00015134308622613874
0.000291465924198609
0.00015129679293706175
0.0002838349529407155
0.000272171260798948
0.00037248752964475255
0.0021395229261527283
0.000562562596504643
0.003893622603050653
0.003114898082440523
9.402394464633935e-05
0.00010902599680590948
0.0015574490412202614
0.0007194345343960965
0.00019360670770863147
0.0005167207326021698
0.0008800814215070939
0.0007787245206101307
0.0006180776334991332
0.0004036594188233169
0.000558787647285099
0.002336173561830392
0.00021684199893171136
0.00017760336404084882
0.0001636923094462414
0.00033009204252406823
0.0007194345343960965
0.0008800814215070939
0.00011392177743264412
4.229924182539817e-05
9.895755370140413e-05
0.0004133614962128412
0.0007787245206101307
0.0008800814215070939
0.0005484857053350083
8.299188580809772e-05
0.0005511011559730505
0.0003234363053911459
0.0001837225454982854
0.00016831598301994357
0.0001439900109263946
8.296911897507685e-05
0.00034116623045670093
0.0002574814463291605
0.001116148951702786
0.0011520214376324078
0.0007787245206101307
0.0017601628430141878
0.0002356996530277281
0.0005348807315381821
0.0003234442114817258
5.327316992627597e-05
0.0009148614927762713
0.0007930392796076104
0.0005167207326021698
0.0009312188241118812
0.0015883324613311554
0.00013167712495375336
0.00030230251792635356
0.0008800814215070939
0.00023416644373858663
0.0020627295205170246
0.0012361552669982664
0.0011482025930872795
0.0035971726719804826
0.004322318293033508
0.0005777555327970221
0.0005352783550332468
0.0006258446841061816
0.0008800814215070939
1.8159998936012352e-05
0.00018124406076886816
0.0002157286088472628
0.0008691701997604499
0.0015574490412202614
0.0003732969170222772
0.0015530177411349742
0.0003335328388815383
8.153631841699102e-05
0.00020094561702939018
0.0017280321564486117
0.0017601628430141878
0.0017601628430141878
0.0007194345343960965
0.0004119703141266568
0.0004941797259925357
0.00047564428470289196
0.00015852761670773538
0.00010298586828935348
0.002336173561830392
0.0002696728839169069
0.0001880478892926787
0.0006447379857037207
0.0012361552669982664
0.0005955366268894991
4.948626313870698e-05
0.0003520673729996883
0.002166081300747469
0.00043062737478748094
4.610110889805474e-05
0.001713449741649081
0.00028502095466435726
0.00028887776639851105
0.003929932733042596
0.0002652414205977248
0.00013887026853724502
0.000244899359159457
0.0006534607039662503
3.0676383635784526e-05
0.0009512565292326786
0.00015540521127710864
4.123910035077325e-05
0.00030180625899304793
0.00017760336404084882
0.0006887388652185657
0.00020596838236845927
0.001179126095139092
0.00037706320564996913
0.0006447379857037207
0.004162993896474221
0.00029410071797367855
0.0004574702832542097
0.00030875810398047637
8.276812055674549e-05
0.0010523002143701453
2.4330834319693037e-05
0.0009681821971854465
0.00038548763415343035
0.0006813345660256611
6.639774900262229e-05
0.00028137729679879645
9.079999468006176e-05
0.0007194345343960965
0.0001707109696073069
0.0004570442622637316
0.00215908504333766
0.0005437321823066044
0.002235150589140396
0.0007787245206101307
0.0003481677526125451
0.0006773676197131673
0.0067173695238282064
0.0008800814215070939
0.00017880688604700982
0.0008800814215070939
0.0007753830464492344
7.866349500486974e-05
0.0007194345343960965
0.0003990926079502566
0.0007041347459993766
0.00023918387835481194
0.00022873514162710486
0.00028331126163071217
0.0004941797259925357
0.0003876915232246172
0.0017601628430141878
8.68067221154702e-05
0.0008800814215070939
0.00017627184651091573
4.79966703087982e-05
5.0487822521940043e-05
6.808825451610741e-05
0.00023998335154399098
0.00013504515676418676
0.0003159715416283717
0.000174051114096974
0.0008800814215070939
0.00017760336404084882
7.067551089469344e-05
0.00047465381791924054
0.0007375945333321088
0.00018277383235950368
0.0010100326394405605
0.001117575294570198
0.0004724381678765971
0.004326543434493932
0.0005050163197202803
0.0008800814215070939
0.0001473907618923865
0.0006773676197131673
0.000582931848397218
9.611522506307457e-05
0.00024472849802503386
0.0025295232037544973
0.0009512565292326786
0.0001370424060081547
0.0002690818631491634
6.362295799495025e-05
0.0002339271816498301
0.00012154504743978989
0.0006670656777630766
0.0002795856800819169
0.0005760107188162039
7.988715987190481e-05
0.00014444534367146465
6.956014253835494e-05
0.00022704463611361974
0.0004280872528800885
0.002665047727017148
0.00030230251792635356
0.0009493076358384811
0.0004025142691346217
0.000442024183909794
0.0005726692446553077
0.0017601628430141878
0.0017601628430141878
0.0010100326394405605
0.0017601628430141878
0.00027227394433228166
0.0002604201663464106
0.0007787245206101307
0.00010171311812131814
0.00010977780873597413
0.00032038043597428087
0.0008985514669447273
0.0008187890998006947
1.6309733283390794e-05
0.0002008772463689406
0.00028629095810795796
0.00022208731058476235
0.0005050163197202803
3.3432346537300714e-05
0.0035732197613369946
0.0003981407601741016
1.6309733283390794e-05
0.0002339271816498301
0.0002765825361541465
5.200314280028226e-05
0.00033705655392469145
5.0487822521940043e-05
0.00018024899517699467
0.0008800814215070939
0.00039838649401573373
0.0003335328388815383
0.00047011972323169666
0.0015574490412202614
0.00032673035198312517
0.0008304173243606386
0.00018124406076886816
0.00034436943260928284
0.0002927726425755239
8.24782007015465e-05
0.000558787647285099
0.0002188733988318229
0.0005379289016647471
0.00012568773521665639
0.0001837225454982854
0.0002616380741752231
0.0006425875484439899
0.000254716944594209
0.001117575294570198
0.0021583036031882896
5.5081721736265347e-05
8.174207394085283e-05
0.0005294441537770519
0.00043488973977850163
0.0005974142848230463
0.00030672008739449124
0.0008431744012514992
0.0005338153234507244
4.283735274139739e-05
0.00030068989032181354
0.0003498092696682401
0.00041045148019759365
0.00010679347865809364
0.0001995463039751283
0.00031495877858439813
0.0003732969170222772
0.0012361552669982664
0.0006180776334991332
0.00022875453629202558
0.0006680122355852352
0.0006773676197131673
0.00011359596555650674
0.000294781523784773
0.0011910732537789982
0.00032129377422199495
0.0010334414652043396
7.211047151347848e-05
0.00023662675565362944
9.407005748321155e-05
0.0005480985787929196
0.00034116623045670093
0.00014259600124773663
0.0004036594188233169
0.00011911462420572202
5.664566282911504e-05
0.0005955366268894991
0.0010594016035829711
0.0001111627664837253
0.00034116623045670093
0.00033705655392469145
0.0012894759714074415
0.00015747938929219906
0.0013547352394263346
0.0002339271816498301
0.00029870714241152316
6.144042347376493e-05
2.2659649292235088e-05
0.00022873514162710486
0.0003051419682754656
0.00036019319108612574
0.000254716944594209
0.0006468884229634516
0.0007194345343960965
0.0012894759714074415
0.000282071833939018
0.00015732699000973948
0.00022719193111301347
0.0006447379857037207
0.0005198048717338662
0.0004153638317052064
0.0006293079600389579
0.0007194345343960965
0.0005518139248756154
0.00045743074638813564
0.0006180776334991332
0.0044004071075354695
0.000558787647285099
0.0002145871526207324
0.0026402442645212815
0.0008800814215070939
0.002472310533996533
0.000442024183909794
0.00020522574009879682
0.0006447379857037207
0.00013617650903221482
0.0003935744405325653
1.8563384290539903e-05
4.076815920849551e-05
0.00030803764900338396
0.0015574490412202614
0.0003025935858741235
0.0003434600006196043
0.0003481677526125451
0.00013167712495375336
0.0004280872528800885
0.0006447379857037207
0.0008800814215070939
0.002235150589140396
0.000442024183909794
0.00745104381684484
0.00037248752964475255
0.0005294441537770519
0.00043348524349340437
0.00031916682523557753
0.0002374938730631042
8.437111473106059e-05
0.00022537345108616184
0.0015501621978065093
0.000542149896050325
0.0008800814215070939
0.0008800814215070939
0.0003779394370511099
0.00043610398722363793
0.00017522563525718322
0.00021265002991127972
0.0008800814215070939
0.0005777555327970221
9.897252627741396e-05
0.0008800814215070939
0.0017601628430141878
0.00013434275213076476
0.0003876915232246172
9.006358499172746e-05
9.95887161324268e-05
0.0001794739139750638
0.00020522574009879682
4.409704992165503e-05
0.0008800814215070939
0.0004153638317052064
0.0006601840850481365
0.00016608346487212772
5.2069653959186335e-05
0.0007121476909823447
7.966160560917221e-05
0.00018752086550154768
1.8353210238595456e-05
0.0005955366268894991
0.000294781523784773
0.0002396614796157144
1.0738966260353757e-05
6.307426279848282e-05
0.0006298298925406291
0.00042226941926587497
0.0002188733988318229
0.00010902599680590948
0.0003981407601741016
2.1007348115553555e-05
3.793577102384598e-05
0.0002838349529407155
0.0001914204858886908
0.0003026861724522775
0.00012401655018919847
0.00033663196603988713
0.00027896026493781217
0.0004280872528800885
0.00012154504743978989
0.0011104365529238118
0.0008961214272345694
0.000553165072308293
0.0001454539508186184
0.0017601628430141878
0.0001111627664837253
0.000164731289202644
0.00048515445808671874
0.00033009204252406823
0.0008800814215070939
5.98894441225904e-05
5.875728217030524e-05
0.0008515048588221464
8.362082053372711e-05
0.0004941797259925357
0.0007194345343960965
0.00017173000030980216
4.610110889805474e-05
8.723365826887765e-05
0.000263384074564637
6.242675971180669e-05
0.00041045148019759365
0.0003779394370511099
4.8661668639386074e-05
0.00014836887322013304
0.00025071047210272493
0.00015134308622613874
0.00030803764900338396
0.00021265002991127972
0.000979597436637828
0.00014935357120576158
4.123910035077325e-05
0.0001111627664837253
0.0012647616018772487
0.0004153638317052064
0.0001325702807528667
0.00012154504743978989
0.00014836887322013304
6.0361251798609585e-05
0.001525709841377328
0.0002701907549751824
0.0006447379857037207
0.00016598377161619544
0.0001427420204447654
0.0004192698627498817
0.00045743074638813564
0.00012908851868612635
0.00019274381707671517
0.0001697737278508258
0.00038548763415343035
4.586966364883368e-05
9.888738577946639e-05
0.000291465924198609
7.173373223928216e-05
0.000387265556058379
0.0001940792336482982
1.896788551192299e-05
0.0010867621696135147
0.0002588362901891624
0.000553165072308293
0.0001736134442309404
0.00011992028518750327
0.0017601628430141878
0.00036443195448949967
0.0016763629418552971
0.00034044127258053706
0.00019274381707671517
0.00013434275213076476
0.0003687972666660544
0.00010532384720945726
0.00020963493137494084
0.00012230447762548652
0.0004724381678765971
0.0001610057076538487
0.00019274381707671517
0.00019360670770863147
7.988715987190481e-05
0.00013613697216614083
0.0003899789448867024
0.0009771347919008745
0.00033705655392469145
0.0003687972666660544
0.00021113470963293748
0.0002157286088472628
0.0002719400161253138
0.0001954269583801749
0.00047465381791924054
0.00039632050950255817
0.0011338183111533296
0.00011911462420572202
0.00012073040968779903
0.00025071047210272493
0.0003687972666660544
0.00046435187596914986
0.0002359904850146092
0.0004153638317052064
0.00029951715564824246
0.000442024183909794
0.0002374938730631042
0.0010100326394405605
0.0015401882450169196
0.00020773767840366698
0.00028144253836150535
0.0015574490412202614
0.0005511676364948561
0.00028519200249547326
0.0014651759193365544
0.00046578885538646307
0.0002682191503312207
0.00011437726814601279
0.00021984088361649782
0.0006944537769237616
0.002253734510861618
0.0006100955913615855
0.0008612547495749619
0.000558787647285099
0.0006447379857037207
0.00018624376482237627
0.00017309298263800066
0.0003935744405325653
8.940638344374024e-05
8.897928146565203e-05
0.00034436943260928284
0.003868427914222324
6.922697516186378e-05
0.0003525494938045785
0.0012937768459269031
0.0003493617190771528
0.0005014209442054499
0.00040939454990034736
0.00015489997030009289
0.00020522574009879682
0.00017640966681369404
0.00017640966681369404
0.0002652414205977248
0.0006773676197131673
0.005280488529042563
0.005280488529042563
0.0008800814215070939
0.005280488529042563
0.0005935677185542765
0.0004314572176945256
1.8159998936012352e-05
8.68067221154702e-05
3.324933959641407e-05
0.0003109918322719042
0.00030230251792635356
0.00027919412988836913
0.0002719400161253138
0.0004495246535095085
1.536703629935158e-05
0.000254716944594209
0.00048409109859272326
0.0001272459159899005
0.003893622603050653
3.1654487575875574e-05
0.0004495246535095085
3.614033315528523e-05
0.0003776184366280468
8.810077567835243e-05
5.1193755422757635e-05
0.0006180776334991332
2.4330834319693037e-05
0.0007203863821722515
0.0006341710194884524
0.00010706866119027542
0.0002066807481064206
0.00024897565742429314
9.072375359964934e-05
9.012449758849734e-05
0.00022240471645924487
0.0002765825361541465
0.0005955366268894991
0.0002468108517155818
0.0015042628326163493
0.0006180776334991332
0.00016279732437072828
7.805548124619555e-05
0.0006180776334991332
0.00031400693080824307
0.000247096933803966
0.00016348414788170567
0.00040757013475700444
0.0005438800322506276
0.0008800814215070939
0.00014641914969121204
0.00038504231906921483
0.0005726692446553077
0.00011751649793485951
0.0007787245206101307
0.00040939454990034736
0.0005955366268894991
0.0035203256860283755
0.0006773676197131673
0.00032673035198312517
9.205310001210467e-05
8.91577059755988e-05
0.002326149139347703
0.0003481677526125451
0.0007856456501911447
0.00015489997030009289
0.00017880688604700982
0.0005986389119253849
0.0002669076617253622
0.0003817212774772773
0.00013434275213076476
5.769766087933355e-05
0.0035203256860283755
0.0003395474557016516
2.9027582829875614e-05
0.00012737824073014148
0.00010502351861419319
0.0002339271816498301
0.0005955366268894991
0.001093295863468499
0.00021729254994011247
0.00014072126918075268
0.0002375174622202977
7.103089323503463e-05
8.940638344374024e-05
0.0003779394370511099
0.00037248752964475255
0.00036019319108612574
0.00020378506737850222
0.00030469617484248774
0.0002393103821158672
0.0004495246535095085
0.0004280872528800885
0.0004974953255786998
0.0005393457678338138
0.00012236424901251693
0.00016831598301994357
0.0017280321564486117
0.001117575294570198
0.0008800814215070939
0.0005294441537770519
0.00010605681665534094
0.0002700903135283735
0.0006601840850481365
0.00013979284004095844
0.00015852761670773538
0.00028061244197617833
0.00033009204252406823
3.209945349935403e-05
0.0008431744012514992
0.00015540521127710864
0.00035607384549117234
0.00036443195448949967
0.00012072250359721917
0.00030469617484248774
0.0007121476909823447
0.000174051114096974
4.218555736553029e-05
0.0005433810848067573
0.00011437170795029944
0.000256762112174072
0.00020378506737850222
0.000256762112174072
0.000442024183909794
0.0011520214376324078
0.000244899359159457
0.00020815037955505697
0.0005955366268894991
0.0001940792336482982
0.00022873514162710486
0.0007194345343960965
0.0007194345343960965
0.0007194345343960965
0.00043488973977850163
9.006358499172746e-05
0.0004507469021723237
0.0004215872006257496
0.00045743074638813564
0.0008800814215070939
0.0007194345343960965
0.00012614852559696563
0.00015852761670773538
0.0005760107188162039
0.0003898536538003997
0.0002411497409379218
0.0002468108517155818
8.940638344374024e-05
0.00013613697216614083
0.0008800814215070939
0.0008800814215070939
0.0007465938340445544
0.000387552961277653
0.00046578885538646307
8.174207394085283e-05
0.00015437905199023819
0.0001370424060081547
0.00022372114990948028
0.00018410620002420934
0.000442024183909794
0.00048057612531537274
5.404831038014529e-05
0.0005955366268894991
0.00016831598301994357
1.8159998936012352e-05
7.624646314388544e-05
0.00027896026493781217
0.00021729254994011247
0.0006534607039662503
0.0018542329004973994
0.0002374938730631042
0.0005579205298756243
0.0006447379857037207
0.0010818968820797614
4.17115631148938e-05
0.0006447379857037207
0.00027896026493781217
0.00028633462232765383
0.00035607384549117234
0.0003732969170222772
0.0005167207326021698
0.00010242816648153886
2.9462136190648213e-05
4.652209883893587e-05
0.0002393103821158672
0.0008307276634104128
0.00031400693080824307
0.0007787245206101307
0.0014242953819646894
0.0005955366268894991
0.0005760107188162039
0.0002652414205977248
0.00023044541958308973
0.0001316920372823185
0.00012318806582971805
4.7503492444059545e-05
0.0002630750535925363
0.00014641914969121204
0.0004153638317052064
0.00022873514162710486
0.00015906645327982445
0.0001837225454982854
0.0002652414205977248
0.00020094561702939018
5.2042679666356264e-05
0.00010298586828935348
0.00035607384549117234
0.0001940792336482982
0.00023044541958308973
0.00019274381707671517
0.0002468108517155818
2.0635049095923522e-05
0.00022372114990948028
0.00032023029972878624
8.48868639254129e-05
0.00020522574009879682
6.302204434666067e-05
5.982463799168793e-05
0.000497943580662134
0.00027896026493781217
0.00018124406076886816
0.0002616380741752231
4.123910035077325e-05
0.00016944515541307076
2.837238388375867e-05
9.74947362216756e-05
0.0001854446655026696
6.154719755538676e-05
0.00018624376482237627
0.00043488973977850163
0.0003981407601741016
0.0004941797259925357
0.00022372114990948028
0.00048409109859272326
0.0004993990211310098
0.00034436943260928284
9.27223327513348e-05
0.0006773676197131673
0.0002463761316594361
0.00021265002991127972
0.0005955366268894991
0.0002588362901891624
0.0002059851570633284
3.5515446617517317e-05
0.0002967838592771383
0.00010605681665534094
0.0008800814215070939
8.362082053372711e-05
0.0007962815203482032
0.0004215872006257496
7.9274047450482e-05
1.49723610306476e-05
0.00026094031351475217
7.445955172269477e-05
0.0002393103821158672
7.966160560917221e-05
0.0011910732537789982
0.00011672393719631495
0.00021265002991127972
0.00011205671873008136
6.144042347376493e-05
0.0001649798588919136
0.0003481677526125451
0.0002838349529407155
0.00025071047210272493
0.00010679347865809364
0.00039282282509557235
0.00020094561702939018
0.00012154504743978989
6.242675971180669e-05
0.0002487476627893499
0.0007194345343960965
0.00019678722026628264
1.8353210238595456e-05
0.0002581770373722527
0.00040939454990034736
4.123910035077325e-05
0.0006773676197131673
0.00017058311522835046
0.0005294441537770519
7.04641747777551e-05
0.00020815037955505697
3.6596580321940486e-05
0.0008800814215070939
0.0004280872528800885
0.000254716944594209
0.00025475648146028296
0.0007787245206101307
0.0004036594188233169
0.00014165563081535608
0.000244899359159457
0.0005304828411954496
0.00021265002991127972
0.00013795348121890385
0.0007787245206101307
0.0005294441537770519
7.228066631057046e-05
0.00016064688711099747
0.0006447379857037207
0.0003981407601741016
0.0003520673729996883
0.0004280872528800885
0.0005760107188162039
0.00010605681665534094
0.0003687972666660544
0.00044094305020537085
0.0007194345343960965
0.00011205671873008136
0.0001914204858886908
0.0002696728839169069
0.0007041347459993766
0.00015034494516090677
0.00030230251792635356
0.00020094561702939018
0.00028633462232765383
0.0007787245206101307
0.0007787245206101307
0.00011129312901431635
9.890130184806407e-05
0.00029951715564824246
0.0008073188376466338
8.2365644601322e-05
0.0003335328388815383
0.0006773676197131673
0.0002696728839169069
0.0002066807481064206
0.0005294441537770519
0.0005990343112964849
0.000558787647285099
0.00011205671873008136
6.583856247687668e-05
0.00033705655392469145
8.91577059755988e-05
0.00011964927598337586
6.0361251798609585e-05
0.0003234442114817258
0.0007753830464492344
0.00017522563525718322
0.001438869068792193
0.0006280138616164861
2.6021339833178132e-05
0.00026744036576909104
0.0006447379857037207
5.3022151093274815e-05
0.000254716944594209
0.00019678722026628264
0.00011053350601626109
0.0002393103821158672
0.0007194345343960965
8.61639646045843e-05
0.00031916682523557753
4.9986185329175385e-05
0.00027896026493781217
0.0002530610900655042
5.456410314874714e-05
0.0007787245206101307
0.0007787245206101307
0.00010827803047797749
0.00040939454990034736
0.000244899359159457
0.0001325702807528667
7.564839646853088e-05
0.00026094031351475217
0.00031400693080824307
0.00022873514162710486
0.0005050163197202803
5.404831038014529e-05
0.00020815037955505697
0.0008800814215070939
0.0006773676197131673
0.0004047169004517825
0.00012908851868612635
0.0002374938730631042
0.0017601628430141878
0.0007753830464492344
0.0008800814215070939
0.00013279549800524458
0.00011515158765642093
0.0001473907618923865
0.0002066807481064206
0.00013434275213076476
5.8226511720825417e-05
2.1007348115553555e-05
0.00010977780873597413
0.0002967838592771383
0.0004036594188233169
0.00029951715564824246
9.27223327513348e-05
0.0002393103821158672
0.0007194345343960965
0.00012236424901251693
3.614033315528523e-05
0.000244899359159457
0.0002630750535925363
3.1654487575875574e-05
0.0002838349529407155
0.0002339271816498301
0.00045743074638813564
0.0004215872006257496
0.00035607384549117234
0.0003981407601741016
0.0008800814215070939
2.5596877711378818e-05
0.00036019319108612574
0.0005955366268894991
0.00030803764900338396
9.974801878924222e-05
0.0007787245206101307
0.0008800814215070939
0.0008800814215070939
0.0006773676197131673
0.001936364394370893
0.0007787245206101307
0.0008800814215070939
0.0008800814215070939
0.0008985514669447273
0.00019637880615632993
5.664566282911504e-05
0.0007194345343960965
0.00028137729679879645
0.0008800814215070939
0.00011751649793485951
0.0007194345343960965
0.00035607384549117234
0.0009329754968157127
0.00020815037955505697
7.211047151347848e-05
7.094993289570749e-05
0.00011593564904314911
0.0003406672830128306
0.00022704463611361974
0.00014836887322013304
0.00045743074638813564
0.00047465381791924054
0.001117575294570198
0.0002393103821158672
0.0011520214376324078
0.0007194345343960965
0.0017601628430141878
0.0008800814215070939
0.00011992028518750327
9.205310001210467e-05
0.0002356996530277281
0.0007787245206101307
0.0006447379857037207
0.00046089083916617946
0.0017601628430141878
0.0012842617586402655
0.005184096469345835
0.0026402442645212815
0.001246091495115619
0.0006447379857037207
0.00025071047210272493
0.0015574490412202614
0.00040757013475700444
0.0010100326394405605
0.0003876915232246172
0.00047465381791924054
0.0008800814215070939
0.0020668829304086793
0.0008800814215070939
0.0005433810848067573
0.0008800814215070939
0.00032673035198312517
0.0007787245206101307
0.0007753830464492344
0.0003876915232246172
0.0006180776334991332
0.0007787245206101307
0.0003481677526125451
0.0008800814215070939
0.0007787245206101307
0.0006180776334991332
0.0008800814215070939
0.0008800814215070939
0.00031400693080824307
0.0005760107188162039
0.0008800814215070939
0.00036019319108612574
0.0001995463039751283
0.0008800814215070939
0.0008800814215070939
0.0003299597177838272
0.00036019319108612574
0.0005261501071850726
0.000558787647285099
0.0008800814215070939
0.0018999509845048336
0.00026625636721404686
0.0007787245206101307
0.0008800814215070939
0.003893622603050653
0.0008800814215070939
0.0011910732537789982
0.00011437170795029944
0.0011520214376324078
0.0004936217034311635
0.00015134308622613874
0.0007787245206101307
5.7170715810772015e-05
0.002877738137584386
0.0002652414205977248
0.0001995463039751283
0.00033705655392469145
0.00023984057037500654
0.0005742614576660724
0.00020815037955505697
8.745231741706002e-05
0.00030230251792635356
0.0005167207326021698
0.0003406672830128306
0.0004036594188233169
0.0003687972666660544
0.00020378506737850222
0.00018124406076886816
0.00015747938929219906
0.0003234442114817258
0.00032023029972878624
0.00010679347865809364
0.00031400693080824307
0.00012484975528275245
0.00011911462420572202
0.00012484975528275245
0.0004280872528800885
0.00048409109859272326
3.077359877769338e-05
0.000442024183909794
0.0008800814215070939
0.00040939454990034736
0.0003170855097442262
9.818940307816497e-05
0.00035607384549117234
0.0001940792336482982
0.0008800814215070939
0.0007121476909823447
0.0017601628430141878
0.0007787245206101307
0.0008800814215070939
0.0021583036031882896
0.0005760107188162039
0.0008800814215070939
0.0008800814215070939
0.0004036594188233169
0.0008800814215070939
0.0017601628430141878
0.0017601628430141878
0.0017601628430141878
0.0003981407601741016
0.00032673035198312517
0.0005433810848067573
0.0007787245206101307
0.00023217593798457493
0.0006773676197131673
0.000442024183909794
0.0001888092183140234
7.744998515004644e-05
8.68067221154702e-05
0.0005167207326021698
0.0006773676197131673
8.48868639254129e-05
0.0006773676197131673
0.0002696728839169069
7.094993289570749e-05
0.0005167207326021698
0.00036443195448949967
0.0006773676197131673
0.0008800814215070939
0.0007787245206101307
0.0008800814215070939
0.0007787245206101307
0.0008800814215070939
0.0007194345343960965
0.0040642057182790035
0.002336173561830392
0.0004215872006257496
0.0002967838592771383
0.0007787245206101307
0.0007787245206101307
0.00020963493137494084
0.00017880688604700982
3.0335136385355128e-05
0.0007194345343960965
0.0006773676197131673
0.0006773676197131673
0.0007194345343960965
0.0017601628430141878
0.001228183649701042
0.002877738137584386
0.0008800814215070939
0.0011910732537789982
0.0008800814215070939
0.0004153638317052064
0.0007194345343960965
0.0006447379857037207
0.0008800814215070939
0.000509433889188418
0.0008800814215070939
0.0008800814215070939
0.0006180776334991332
0.00022873514162710486
0.0007194345343960965
0.0007194345343960965
0.0005294441537770519
0.0006447379857037207
0.0008800814215070939
0.00047465381791924054
0.002235150589140396
0.0006773676197131673
8.112115114678877e-05
0.00043488973977850163
0.0008800814215070939
0.0007787245206101307
7.684698595210673e-05
7.505276591673066e-05
0.0007787245206101307
0.0008800814215070939
0.0008800814215070939
0.0005167207326021698
0.0008800814215070939
0.00022047152510268542
0.0017601628430141878
0.0008800814215070939
0.0008800814215070939
0.0007787245206101307
0.0008800814215070939
0.0007787245206101307
0.0005050163197202803
0.00040939454990034736
0.0003981407601741016
0.000291465924198609
0.0001454539508186184
0.00012154504743978989
0.00021418121770613513
0.0005050163197202803
0.0008800814215070939
0.00013081903708761156
1.8563384290539903e-05
0.00022047152510268542
0.0006180776334991332