0.00012415359708858168
7.516379297232935e-05
0.005316654461167714
0.0020220757711450076
0.00016443717259076197
0.00033701262852416796
0.0096480242051152
0.0004513214897979217
0.00045705252773399073
0.0004068808514201048
0.0004947191072111418
0.0015989636330759917
0.002190582085407092
0.005556590775999393
0.0013788091070097645
0.0014037619729427863
0.0041138282587098824
3.499309380892151e-05
0.0006727055130343717
4.0070708130800845e-05
0.0010576373248860655
0.0004334817986979258
0.0004218186302161658
0.00010693015391855238
0.0002821815240371098
0.0012061791137712463
0.0004949270913813127
0.0016908520190122836
0.01100482966535595
0.001284780276136471
8.42211195371153e-05
0.0020558591620959492
9.718320255215815e-05
6.926357444140131e-05
0.000696497875241445
0.0012831618470226286
0.00012065945852451396
0.0007543923026710369
0.00025644245431128364
7.601248121296819e-05
0.0017276189259725818
0.003196909979447065
0.0006641841166562103
0.001586822018746187
0.00014531934657214515
0.0006035138421368294
0.00034520680681841045
0.00031189575095417105
0.0039578221931969955
0.00024629814416622734
0.0001400729821040807
0.0010649835160021887
2.3878407331845412e-05
0.00014750000766078876
0.0004543947958552445
0.00026642870690159133
6.691162058012578e-05
0.0010274110247066584
0.00027265191156516586
0.015974752740032832
0.01177983254433642
0.004095982497411873
0.0032881742781437568
1.555081156741982e-05
0.0012741991052750252
0.0016018003085947708
0.0028671877481883106
0.0006740252570483359
0.0024966631480505905
0.00021189145058356546
0.00026642870690159133
0.0002543473011735804
0.00016713003404702305
0.0004095982497411872
0.0005019790597584846
0.0007340893828479809
0.0030724977663789017
0.0023720861309150364
5.00159032311676e-05
0.0002187758748341326
2.331937300903893e-05
8.534716017719171e-05
0.00016443717259076197
2.8164146481668392e-05
0.00392661084811214
0.0008339163195245296
0.0007340893828479809
0.0019339802545443952
0.0008191964994823744
0.0002535411862272218
0.0007318724427311766
0.012445051991135875
0.000670663195304625
0.001177983254433642
7.865595184799083e-05
0.0026154275617015755
0.0035499450533406293
0.0027423151664039444
0.0004282600920454903
0.00018190670124345064
0.00020970553289764333
0.00011514328566492798
2.8014596420816133e-05
2.4176781102438118e-05
0.00012761613298732698
0.00018599673763621514
4.9588188085818344e-05
0.0007199439119086333
1.24808159362412e-05
9.363648402575143e-05
0.0007099890106681257
5.848079294886649e-05
0.0004095982497411872
0.000480205402370822
0.0013562713504363425
7.721685366763121e-05
0.00014317842774885575
0.000171058927241618
0.00016182017656573276
0.0004095982497411872
0.00019876907346339645
0.00036083424353243313
0.00014973860309996844
2.4124611691618755e-05
0.0007212747039434652
3.854346740727474e-05
0.00010764751049771553
8.706223440518062e-05
7.398192077469581e-05
0.0006416677944681208
0.0006356743517506964
0.0007388944324986821
0.001118221100267837
0.0008339163195245296
0.0024735955360557092
0.0004303276642883651
0.00045705252773399073
0.00029060306241128616
0.00011283037244948043
0.0008191964994823744
0.0003841020227770139
0.0009894382144222836
0.0015834813364195663
0.0009048464779540378
0.0003208338972340604
3.433657365326877e-05
0.002997820644318432
0.0037778398113467206
0.0006565392837768744
0.001118221100267837
0.0004991160601214331
0.0019976975813376717
0.007780761101391446
0.0009894382144222836
0.0009141050554679815
0.0022087148605677313
0.007780761101391446
6.351185900648166e-05
5.890595257143622e-05
0.00012855713308468383
0.0009876353341298843
5.890595257143622e-05
0.0003659362213655883
0.0003774968772212479
3.2773313269996186e-05
0.0003208338972340604
0.00045705252773399073
0.00010909905902034489
0.0001742248711064144
4.384918366762141e-05
8.36631766264141e-05
8.36631766264141e-05
0.00010676675748140159
0.0012909829928650952
0.0004014697234807547
0.0009524764740343421
0.009420759744047307
0.008567411043357691
0.00034542985699478396
0.0014637448854623533
0.0009226206820237784
0.00518237773123724
0.0012909829928650952
0.0003208338972340604
0.00018684045612445458
0.0004303276642883651
0.0005591105501339185
0.00019948675604288378
0.00025003552692657086
0.0001442401217662996
0.001118221100267837
0.0012287947492235617
4.557201812848514e-05
1.1370670158021625e-05
0.00023054506797087358
0.00020930563804571236
0.00016182017656573276
2.4176781102438118e-05
6.974119613814827e-05
0.002071240840910463
0.00015460737042093857
0.000392661084811214
0.00012855713308468383
0.00029240396474433243
0.0004947191072111418
5.153579014031286e-05
0.0001673263532528282
0.0001676457380353199
0.0006565392837768744
0.000392661084811214
0.00038770979498529745
0.00022006832313448515
5.3383378740700796e-05
0.0018389310316964261
0.0006602049694034555
0.00026783186863282914
0.00045705252773399073
0.005324917580010944
0.0008606553285767302
0.003998125153566922
0.0006374857847747666
0.00045705252773399073
0.0002034404257100524
0.0004947191072111418
0.0004947191072111418
0.0004151397413432649
0.0009141050554679815
0.0005591105501339185
0.00037368091224890916
0.0004028466495161275
0.0008045945508452447
8.310856473801204e-05
0.001718141132986269
0.00045705252773399073
0.0004947191072111418
0.0005591105501339185
1.1943315338935954e-05
0.0009141050554679815
0.002839956042672503
3.49790595135584e-05
0.0004947191072111418
0.0004232722860556647
0.0005178538182794879
0.000951357193725737
0.00075668183181254
0.0018917045795313501
0.0044876884886393366
0.0014588927065108963
0.0003659362213655883
0.0001803186759858663
0.00045705252773399073
0.00024629814416622734
0.0005261465508063054
0.0003368466069455106
0.0007329881168010231
0.0006425781256490464
5.3928125317321125e-05
0.000493311517772286
0.0001442401217662996
8.265602064656583e-05
9.551325927869371e-05
0.00038458948970407017
8.310856473801204e-05
0.0003905635050742365
0.0004947191072111418
0.00030754022734125945
0.0004947191072111418
0.0001803186759858663
0.0006293855233539542
0.00011283037244948043
0.00029618404972813644
3.3079544868188965e-05
0.002111025591725284
0.00011397625376863685
0.0009358516419070644
0.0015149674468099995
0.00011401872181945229
3.925578979500062e-05
0.0019657075472694365
0.003121335115410343
7.618465176617853e-05
0.00028818853656893304
0.000392661084811214
0.00014394662554222175
9.756927504102042e-05
0.00023715333552003492
5.075184274215128e-05
8.146432331206744e-05
0.00012589004419493024
9.240603934359285e-05
0.00035499450533406287
0.0003282696418884372
0.00045705252773399073
0.0004947191072111418
8.648701761143064e-05
8.312854493857752e-05
0.0008606553285767302
0.0006416677944681208
0.0004947191072111418
0.0009095335062172534
0.005835570826043585
0.005711607362238461
0.009841287274920302
0.001074591866717679
0.00045705252773399073
0.004733604307172016
1.1026514956062988e-05
0.0002762828935063422
0.00023715333552003492
0.00018118080158535945
0.00035499450533406287
0.0005591105501339185
0.0004947191072111418
0.0001313030635029025
0.0001631194594988222
0.00031394947298349325
0.00020548220494133167
7.721685366763121e-05
0.0003659362213655883
0.00010497928142676454
0.00015927488815937815
0.00018190670124345064
0.00011207202362281737
0.0001324955534237803
4.820074435971019e-05
3.7328155731723326e-05
1.3085263265000206e-05
0.0003805629742354139
5.114298949004605e-05
0.00020144255913162604
0.0001742248711064144
0.00036678541017864203
1.439554190330229e-05
0.0001533986381915564
0.00017132159684132907
0.0004947191072111418
0.004570525277339908
0.0017260340340920525
0.002968314643266851
0.00047006103328269574
0.0021516383214418254
0.000785322169622428
0.00036375792324305246
0.001118221100267837
0.0005058729658682702
0.0003959235753105182
0.00020779072332420396
0.0001276595684657302
0.0005356637372656583
0.0018334121133788347
3.7988027738705426e-05
0.00028608432879725194
0.0002167408993489629
0.00019028148711770695
0.000285580368111923
7.315512627584388e-05
8.310856473801204e-05
0.0004095982497411872
6.926357444140131e-05
7.022128617503644e-05
0.00015558312228953737
0.00011696158589773298
4.4899736333099364e-05
0.00021642392097285704
0.0013808272272736418
5.3600472887967894e-05
0.0005242280795086311
0.00010983342818363769
9.425787239867274e-05
0.00025488614767141775
2.513256611668452e-05
1.3345844685175199e-05
0.0004947191072111418
7.878698482607902e-05
0.0004095982497411872
0.005027577805073897
0.0010090582695515577
0.0005927138450358646
0.0005623288784742048
0.001242402109069349
0.0006565392837768744
0.001118221100267837
4.614776200210197e-05
0.005594259635748746
0.006885242628613841
0.005023191567735892
0.0012909829928650952
0.0003236403531314655
0.0001503275859446587
0.0004947191072111418
0.00014140774039466075
0.0008288486805190265
1.8717121815235332e-05
0.00045705252773399073
0.00030754022734125945
0.00020144255913162604
0.0027423151664039444
0.0005409560279575989
0.00035984815725731515
0.0004925962883324547
0.0005591105501339185
0.00014304174210012194
0.00013413263906092497
0.0003208338972340604
0.005163931971460381
0.007315570292902206
0.000527756397931321
0.0016773316504017555
0.0006904136136368209
0.00010551184827170466
0.0004095982497411872
0.00075668183181254
0.0016773316504017555
0.00011831956824009786
0.0002638781989656605
0.00012329739549421295
0.00010004572966798528
9.61179625717804e-05
1.457036374727658e-05
7.365323586270649e-05
0.000240102701185411
0.00011057364895572463
0.00013413263906092497
7.230111653956528e-05
0.00011396408321611627
0.00594168286054188
0.00012589004419493024
0.00012244901320167785
4.591948212671535e-05
0.0004953434660052137
0.00037834091590627
2.2670791482403914e-05
3.6331602822851114e-05
0.0007203081035562329
9.068316592961565e-05
0.00075668183181254
0.00017644692943555835
0.000785322169622428
0.0012477901503035827
0.00014973860309996844
2.0109909754085657e-05
0.001183651679570306
5.203472270603518e-05
0.0003208338972340604
0.00030749300636076764
0.0003525457749620218
0.00037834091590627
0.0001885450400113584
0.00011359869896381112
0.00011443373151890076
0.004303276642883651
0.003913773850937429
0.0008026940767439715
0.0009848089256653118
0.00045705252773399073
0.003354663300803511
0.004924044628326559
0.0002612970901220633
0.0003913890128513584
0.0055911055013391844
0.0008630817684594907
0.00022882861551353867
0.00048818837296703786
2.955521573297102e-05
0.0002801285260128238
0.0001442401217662996
0.00022366633108215488
0.000392661084811214
0.00392661084811214
0.0002865397778360811
0.0002034404257100524
0.0009153144620541547
0.0004303276642883651
0.00013569053758910718
6.672082359019332e-05
0.006213722522731389
0.009830357993788494
0.0009389284734264749
0.006338899083129176
0.0007028842023517742
7.516379297232935e-05
0.0004052859393603213
0.00013632595578258293
0.0008606553285767302
0.003199367694137935
0.0005289468468693212
0.0004931895819768518
0.00045705252773399073
0.0005641518622474021
0.00015087846053420736
0.00018684045612445458
7.82011451291973e-05
0.00022366633108215488
0.00019948675604288378
0.00030154477844281157
9.511852890058474e-06
0.0002801285260128238
0.00014640061949984523
0.003957752857689134
0.0008718091872338585
0.00033635275651718586
0.0009517957814496892
0.0008606553285767302
0.0009141050554679815
0.0005944502498395681
0.0005591105501339185
0.0004334817986979258
0.001828210110935963
0.0004947191072111418
0.00020962146776854902
0.0001975712816786215
0.0014841573216334255
0.0016773316504017555
0.0001759160270068189
0.0018206016454391915
0.0010356204204552315
0.0006910475703890326
0.005280746118697258
0.0005591105501339185
0.00025307250217181397
0.0005591105501339185
0.0005591105501339185
0.0005591105501339185
0.0004303276642883651
0.001118221100267837
0.0021516383214418254
0.0009894382144222836
0.0003295002845509131
0.0004452792613594303
0.002690822052137487
0.0004303276642883651
0.0003805629742354139
0.00030754022734125945
0.0019689828735071934
0.0005591105501339185
0.0005591105501339185
0.001118221100267837
0.001118221100267837
0.0004947191072111418
0.000785322169622428
0.00025711426616936765
0.00014335324959283
0.00013037870547452974
0.00022114729791144927
4.8820438134279566e-05
0.0005128849086225673
0.0005591105501339185
0.0012909829928650952
0.00021413004602274514
0.00016184529410417976
8.579339370901276e-05
0.00020970553289764333
0.00011359496290045328
0.0006565392837768744
0.0002808153638956338
0.00012244901320167785
0.00021189145058356546
5.232640951142809e-05
2.3832021795002467e-05
0.0004303276642883651
4.289669685450638e-05
0.0004393839432085162
0.0002287317971458585
0.00047128936199336373
0.0007294463532554481
0.001978876428844567
0.0009486133420801397
0.00151336366362508
0.0002808153638956338
0.002236442200535674
0.00045705252773399073
0.0005591105501339185
0.0024123582275424925
0.003481814292226779
0.001570644339244856
0.0010878452543776366
0.0003208338972340604
0.00045705252773399073
0.0013808272272736418
0.002690822052137487
0.006143973746117809
0.004025298435021471
0.001659574390054493
0.00030154477844281157
0.00033635275651718586
0.0005591105501339185
0.00014531934657214515
0.0005591105501339185
0.00037834091590627
0.0005591105501339185
2.3540350549494768e-05
0.00037834091590627
0.0004947191072111418
0.00030217401616419016
0.00021650054611945988
0.0004282600920454903
0.0004947191072111418
0.0012909829928650952
0.00016443717259076197
0.0002762828935063422
0.00015342896847013815
4.6499184409053786e-05
0.00045705252773399073
0.0004095982497411872
7.216684870648663e-05
0.00025644245431128364
1.1793208843401818e-05
0.00048546052969719827
0.0005136929556212316
0.0014588927065108963
0.0027955527506695922
0.00012125264108101748
0.0014841573216334255
5.2724256866320896e-05
0.00032107763069758857
0.0005591105501339185
0.001118221100267837
0.0009848089256653118
0.0013711575832019722
0.00045705252773399073
0.0005591105501339185
0.0015680238399577299
0.00302672732725016
0.0009894382144222836
0.001118221100267837
0.00010764751049771553
0.00026783186863282914
0.00016299872055797727
0.0005591105501339185
0.0005591105501339185
0.0005591105501339185
0.0007099890106681257
0.0005591105501339185
0.000285580368111923
0.0016773316504017555
0.0005591105501339185
0.0008191964994823744
0.000785322169622428
0.0005591105501339185
0.002236442200535674
0.002236442200535674
0.0004303276642883651
0.0004947191072111418
0.00045705252773399073
0.00011592723306308956
0.0005591105501339185
0.0001267705931136109
0.0003208338972340604
0.0002808153638956338
0.000503560176779721
0.00012329739549421295
0.0010621829437867485
0.0004303276642883651
0.0004303276642883651
0.0006864858465406161
0.00023152147696979975
0.0001772218153722571
0.0005591105501339185
0.0024575894984471235
0.0027423151664039444
0.0002638781989656605
0.0002808153638956338
0.00020756987067163245
3.0914471841492326e-05
0.0001629286466241349
1.7527366706134337e-05
0.000670663195304625
0.001118221100267837
0.00014786176902875905
0.0002300979572873346
0.00019114747149892068
0.00012501776346328543
0.0001347545435150214
5.679934948190556e-05
0.0001322367117173303
0.00016443717259076197
0.00014237794850410337
0.000919206071339843
0.0002431487844184827
0.00046057314265971193
0.00045705252773399073
0.0005591105501339185
6.926357444140131e-05
0.001657697361038053
0.0024736593325301905
0.00014640061949984523
0.002034404257100524
0.0017446940774338386
0.0016773316504017555
0.00047006103328269574
0.0013711575832019722
7.197331277111087e-05
0.0003345581029006289
0.0003659362213655883
0.0008785562913131713
0.005027577805073897
0.0005591105501339185
0.00020548220494133167
0.00028465033570980436
5.890595257143622e-05
0.00012855713308468383
0.0009894382144222836
0.0002644734234346606
0.00014933214737948013
0.002036832458517338
0.00010205802239992778
0.00020548220494133167
0.0001410907620185549
0.0008718091872338585
0.0001347545435150214
0.00010479583147961201
0.0006421552613951771
0.00015679748226636958
0.00011592723306308956
0.0005591105501339185
0.0003703331742758796
0.0007318724427311766
0.00035499450533406287
0.00023715333552003492
0.00023028657132985597
0.00047006103328269574
0.00026008594934845593
0.0004947191072111418
0.0005591105501339185
0.0001404425723500729
7.773728760795192e-05
0.0001956945064256792
4.507407501609652e-05
0.004472884401071348
0.004452471964900276
7.878698482607902e-05
0.00046858946823451615
0.000240102701185411
5.514779993218106e-05
8.478243372452681e-05
0.0005128849086225673
0.0013130785675537489
0.00021211161059199116
9.385674483416166e-05
0.0002959129198925765
3.271528965123451e-05
0.0004947191072111418
0.0005591105501339185
0.00018352234571199523
0.0004947191072111418
0.00021642392097285704
9.059040079267972e-05
5.1930258738894736e-05
0.0018836968379009596
0.0014841573216334255
0.0007486740901821497
0.0016413482094421864
9.425787239867274e-05
0.00014973860309996844
2.7214318212181866e-05
2.3540350549494768e-05
0.00020144255913162604
7.76993151973679e-05
2.3586417686803636e-05
0.00011504144460440886
0.0002772181180307786
9.551325927869371e-05
0.00014212873053072862
9.240603934359285e-05
2.8627781586934447e-05
8.795801350340945e-05
6.507201164709527e-05
0.0011327412359601293
0.0003087688638227118
0.00014750000766078876
0.00020276480662024922
2.9287763299940658e-05
4.434259709991744e-05
0.00018684045612445458
0.00013412284829270447
0.00013413263906092497
0.00024629814416622734
0.0013126552490047958
0.0004303276642883651
0.00010481073388427451
0.0003262389189976444
0.00013606806771919173
0.0010274110247066584
0.00011514328566492798
0.00021413004602274514
3.537962653020546e-05
0.0005591105501339185
0.0001380446787854832
0.00010481073388427451
5.829843252259733e-06
2.8014596420816133e-05
2.2959741063357673e-05
0.0001631194594988222
0.00022366633108215488
0.00022095970758811948
0.0004303276642883651
0.00022621161948850946
0.00045705252773399073
0.00043595803971643545
4.9593612387939496e-05
0.0003770900800227168
0.00014335324959283
0.002431487844184827
0.0001520324780500803
0.00011359496290045328
8.706223440518062e-05
0.00026008594934845593
0.0001400642630064119
0.00010837044967448146
0.00018118080158535945
9.872801657604548e-05
0.00014750000766078876
0.00024629814416622734
0.00020144255913162604
0.0001290873683493292
0.00017571125826263426
0.000392661084811214
6.831563544694678e-05
8.20091765770685e-05
0.00029060306241128616
0.0010403437973938237
0.0008656956838914282
0.0020479912487059364
4.191143450882998e-05
0.0004095982497411872
0.00020772103495557894
0.002285262638669954
0.001157607384848999
0.003686384247670685
4.9203519977676554e-05
0.002285262638669954
0.0001442401217662996
0.0004095982497411872
0.0008606553285767302
0.0024735955360557092
0.0001410907620185549
0.0005591105501339185
0.0003208338972340604
0.0003659362213655883
0.0012086553547897563
0.00020962146776854902
0.0008424460916869014
0.0016773316504017555
0.0016773316504017555
0.0009046343353284348
0.0006577486903630479
0.00014640061949984523
9.363648402575143e-05
0.00016577384623290135
0.00020756987067163245
7.931631512080743e-05
0.000392661084811214
0.0008191964994823744
0.0002959129198925765
5.514779993218106e-05
0.0004947191072111418
0.00075668183181254
0.0001453140899748666
0.0005591105501339185
0.0009258329356896991
0.00015134564016727032
5.514779993218106e-05
0.00023429473411725808
0.00012855713308468383
0.0004095982497411872
0.00014973860309996844
9.764087626855913e-05
0.00013317983875584476
9.994891130030507e-05
7.315512627584388e-05
0.0004303276642883651
5.8575526599881316e-05
0.00010411487133930728
0.00015802792694852817
7.567282008363516e-05
0.00022366633108215488
0.00030154477844281157
0.00045705252773399073
0.000285580368111923
1.1536940500525493e-05
0.00013317983875584476
0.0003282696418884372
8.939939453836052e-05
1.626154584017007e-05
0.0002529364829341351
0.0005927138450358646
0.0001631194594988222
0.00016850631426208398
7.265967328607258e-05
0.0004303276642883651
0.0004947191072111418
0.00075668183181254
0.0005870835192770377
0.0006563276245023979
0.0002638781989656605
0.00023715333552003492
0.0025819659857301905
6.974119613814827e-05
1.8717121815235332e-05
0.0004095982497411872
3.665498455863543e-05
0.0005591105501339185
0.00075668183181254
0.0009894382144222836
2.9866429475896024e-05
0.0004095982497411872
0.00022366633108215488
4.182685145589813e-05
8.764103512730361e-05
0.0005591105501339185
0.0004303276642883651
0.00020144255913162604
9.179687509272092e-05
0.0001410907620185549
0.0004095982497411872
9.488344523660146e-05
0.0013130785675537489
0.00044733266216430976
0.00037834091590627
5.721686575945038e-05
0.0004095982497411872
0.0004947191072111418
0.0004947191072111418
0.00030154477844281157
0.00045705252773399073
0.00027196131359440916
0.00045705252773399073
0.00010205802239992778
0.00033635275651718586
0.00041714694836182713
0.0003282696418884372
0.00024955803006071654
0.00019385489749264873
0.0001400642630064119
0.00010273859112424632
3.336041179509666e-05
0.00024955803006071654
0.0001956945064256792
2.238273787058103e-05
0.0003208338972340604
0.00011335395741201958
0.0004095982497411872
0.0004095982497411872
0.00012077514421516311
0.0003659362213655883
2.50079516155838e-05
0.00029060306241128616
0.0007742867501879688
0.0005591105501339185
0.00012329739549421295
0.00010121709889165409
0.00019485746728591205
5.473945986644179e-05
9.240603934359285e-05
7.567282008363516e-05
0.00023429473411725808
0.00015087846053420736
0.00010342418254140383
0.00015443370733526243
0.00013473864277820422
0.00015443370733526243
0.00021386030783710475
0.0002959129198925765
9.240603934359285e-05
6.062632054050874e-05
7.773728760795192e-05
0.00021642392097285704
0.00019948675604288378
5.473945986644179e-05
4.5811358373268675e-05
4.076918672497569e-05
0.000392661084811214
7.465753986449897e-05
0.00019385489749264873
0.00017875734149570596
4.5811358373268675e-05
0.0001742248711064144
0.0001885450400113584
1.9829676614338596e-05
0.0003282696418884372
0.00021413004602274514
6.736932138910211e-05
0.00035499450533406287
0.0001350953131201071
0.00023028657132985597
3.6320219456255155e-05
2.2670791482403914e-05
7.931631512080743e-05
0.00015558312228953737
0.00014750000766078876
0.0004095982497411872
0.0001956945064256792
0.00023429473411725808
7.878698482607902e-05
0.0005591105501339185
0.0003017569210684147
0.00011994938575243837
6.784526879455359e-05
5.6641366149203935e-05
0.00011131981533985757
0.00038770647378008323
9.762587766646886e-06
0.0008191964994823744
0.001118221100267837
0.0016773316504017555
0.0009141050554679815
0.0003282696418884372
0.0009524764740343421
0.00045705252773399073
0.00010764751049771553
0.0005591105501339185
0.0005591105501339185
0.00025266335861134594
0.00034542985699478396
0.00015579077621668421
0.0007486740901821497
0.0003544436307445142
0.00023343570486840964
5.64068858042922e-05
0.001118221100267837
0.0002431487844184827
0.00016956486744905362
5.299822136951212e-05
0.0011631293849558924
0.004709242094752399
0.001177983254433642
0.0005591105501339185
0.0003770900800227168
0.00019385489749264873
2.238273787058103e-05
4.0070708130800845e-05
5.1218641167872176e-05
0.0002780979655745514
8.36631766264141e-05
0.000785322169622428
0.0013004297467422799
0.00044111732358889595
0.0017749725266703147
0.0021516383214418254
0.00878246931277412
0.006935529904184667
0.00012196800925529894
0.005031994951205266
0.0016773316504017555
0.0002442457483955777
0.00030154477844281157
0.0021299670320043774
0.0007318724427311766
0.000395142563357243
0.001452989094701427
0.00029060306241128616
0.00025644245431128364
0.001118221100267837
0.001118221100267837
0.001118221100267837
0.001118221100267837
0.0003208338972340604
0.004068442873758006
0.00013214916288071727
0.0013193909948283026
0.00020601944191961263
0.0003208338972340604
0.00035499450533406287
0.0005591105501339185
0.00014433369741297325
0.0005591105501339185
0.0003659362213655883
0.0001350953131201071
0.0002821815240371098
0.0010117459317365404
4.7559264450292376e-05
9.179687509272092e-05
0.00026783186863282914
0.0001543844319113559
0.00015579077621668421
0.0008191964994823744
0.0006727055130343717
0.00018603844901942233
0.0006030895568856231
0.0005128849086225673
0.001177983254433642
0.0009894382144222836
0.001118221100267837
0.0002663596775116895
5.153579014031286e-05
0.0001848120786871857
0.00022263963067971514
0.0005591105501339185
0.0004947191072111418
0.00010837044967448146
0.00045705252773399073
0.0004947191072111418
0.0009894382144222836
0.00047430667104006983
0.0003913890128513584
0.00010273859112424632
0.0005591105501339185
0.0016413482094421864
0.00028399674740952783
0.00032536005823547635
0.00025711426616936765
0.00014973860309996844
7.77540578370991e-06
0.0004991160601214331
0.0005591105501339185
0.00018684045612445458
0.000616446614823995
3.433657365326877e-05
0.00022366633108215488
6.149860127215353e-05
0.00027196131359440916
0.0003659362213655883
0.00023715333552003492
3.532310202588006e-05
0.001118221100267837
0.001118221100267837
0.001118221100267837
0.0009894382144222836
0.00045705252773399073
0.0013808272272736418
0.0001476105599330297
0.00016178437595196338
3.175592950324083e-05
0.0004947191072111418
0.00040288511826325207
7.415403068942361e-05
0.00016990329119448137
0.0002638781989656605
0.001118221100267837
0.001118221100267837
0.0005591105501339185
0.0001267705931136109
0.0004303276642883651
0.0006565392837768744
2.9866429475896024e-05
0.00045705252773399073
0.0005591105501339185
0.00264838641134389
0.0012287947492235617
0.00045705252773399073
0.00045705252773399073
0.00035499450533406287
0.0004303276642883651
0.0004095982497411872
0.00030754022734125945
0.0002529364829341351
0.00045705252773399073
0.0009894382144222836
0.0009141050554679815
0.00026008594934845593
4.0070708130800845e-05
4.997445565015254e-05
0.00045705252773399073
0.0012909829928650952
0.00047430667104006983
0.00011671785243420482
9.61179625717804e-05
0.0004947191072111418
0.0013130785675537489
0.0005591105501339185
0.00045705252773399073
0.0005591105501339185
0.00016182017656573276
0.0005591105501339185
0.0004303276642883651
0.0002638781989656605
0.00044733266216430976
0.0007114600065601047
0.00029461294345082596
0.0004068808514201048
0.0001742248711064144
0.0005591105501339185
0.0005591105501339185
0.0004095982497411872
0.0005591105501339185
7.878698482607902e-05
0.001118221100267837
0.0001216083086822271
0.0003659362213655883
0.00016713003404702305
0.0004303276642883651
0.0008191964994823744
0.0009141050554679815
0.00075668183181254
1.5457235920746163e-05
0.0014841573216334255
0.0014841573216334255
0.0007099890106681257
0.00017875734149570596
0.00016667382848898496
0.00012077514421516311
7.070387019733038e-05
9.742873364295603e-05
0.0013711575832019722
0.0008847557007565851
0.0005201718986969119
0.00021189145058356546
0.0005591105501339185
0.00012946345456987197
0.0004328478419457141
0.0003703331742758796
0.000527756397931321
0.00031394947298349325
4.434259709991744e-05
0.00037834091590627
0.0005591105501339185
0.00034520680681841045
0.0004947191072111418
0.0004947191072111418
0.0004947191072111418
0.0007028842023517742
0.00024955803006071654
0.0005591105501339185
0.000785322169622428
0.001177983254433642
0.0003770900800227168
0.0014841573216334255
0.0005944502498395681
0.0006321117077941127
0.0005591105501339185
0.00017132159684132907
0.0004303276642883651
0.0005591105501339185
0.0002553191369314604
0.0006904136136368209
0.00075668183181254
0.00045705252773399073
0.0008606553285767302
0.0009141050554679815
6.193783242318213e-05
0.0009894382144222836
0.0008606553285767302
0.00035499450533406287
0.00045705252773399073
0.0004947191072111418
0.0004947191072111418
0.0004947191072111418
0.0004947191072111418
0.0004947191072111418
0.0004947191072111418
0.0004947191072111418
0.0004947191072111418
0.0004947191072111418
0.0004947191072111418
0.0009894382144222836
0.0005591105501339185
0.0004947191072111418
0.00031394947298349325
0.0004947191072111418
0.0002431487844184827
0.0009894382144222836
0.0004947191072111418
0.0004947191072111418
0.0004947191072111418
0.0004303276642883651
0.00030754022734125945
4.3979006751704725e-05
0.00012653625108590699
0.00016992409844761183
0.0005591105501339185
0.0004925962883324547
0.00033635275651718586
0.00045705252773399073
0.00035499450533406287
0.00018352234571199523
0.00023429473411725808
0.0002808153638956338
0.00045705252773399073
0.0012287947492235617
0.0003282696418884372
0.000392661084811214
0.00011359869896381112
0.0001410907620185549
0.0004947191072111418
0.00011913090278921851
3.800624060648409e-05
0.0003208338972340604
3.665498455863543e-05
0.00021413004602274514
2.2959741063357673e-05
9.61179625717804e-05
0.0003384911173484413
0.0002959129198925765
0.00037834091590627
0.00033635275651718586
0.0003659362213655883
0.0002994772061999369
0.00045705252773399073
0.0004947191072111418
0.00022621161948850946
0.0002187758748341326
0.0004947191072111418
0.00031394947298349325
0.00014973860309996844
0.00022366633108215488
0.0005591105501339185
0.0005591105501339185
0.0005591105501339185
0.0005591105501339185
0.00029060306241128616
0.0004303276642883651
0.0004303276642883651
0.00045705252773399073
0.00026008594934845593
3.0492002313824735e-05
0.00011514328566492798
0.00015320101188997381
3.3684660694551055e-05
0.0004947191072111418
0.00020548220494133167
0.00031394947298349325
0.00010481073388427451
0.00011057364895572463
7.398192077469581e-05
1.4132003526897674e-05
0.000285580368111923
0.00012855713308468383
3.175592950324083e-05
0.00012946345456987197
0.000285580368111923
0.0004095982497411872
0.00045705252773399073
0.00022366633108215488
7.533315895430213e-05
0.00045705252773399073
0.0004095982497411872
0.00037834091590627
0.00045705252773399073
0.0004095982497411872
0.00034520680681841045
0.001118221100267837
0.00029060306241128616
0.0004303276642883651
0.0001772218153722571
0.00019205101138850694
0.00031394947298349325
0.0008191964994823744
0.0006904136136368209
0.0003208338972340604
0.00034520680681841045
0.0002808153638956338
0.0002762828935063422
0.0004947191072111418
0.00022118892518914628
6.552850993857888e-05
8.038411096198368e-05
2.2959741063357673e-05
0.00035499450533406287
0.00023429473411725808
0.00029060306241128616
7.315512627584388e-05
0.00031394947298349325
9.511852890058474e-06
0.00034520680681841045
0.00020970553289764333
0.00020144255913162604
0.0003282696418884372
0.00010004572966798528
0.00015320101188997381
1.7617733654291775e-05
0.0004303276642883651
0.00037834091590627
0.00030754022734125945
0.00031394947298349325
4.325606757493882e-05
0.0004947191072111418
0.0005591105501339185
0.00023429473411725808