0.010278643303091273
2.2401130631584954e-05
6.513559149139405e-05
0.00012180796953980332
3.846615913112027e-05
0.00041161700936850535
0.0030497451850620217
0.003614629934321293
4.5457393038311575e-05
0.0006725629563057249
0.001043570601448361
0.0010474234979333781
0.00016318109186176395
0.0068104056503762575
0.003040938282388059
0.0006725629563057249
0.000610362884362105
0.0004475970650280801
0.0031154872277287552
0.0002734623544897727
0.00021890719151173053
2.464124369474345e-05
0.0005357855630231197
6.445174004193905e-05
0.00014024797919441284
0.0002253099771717001
0.0004174431232524942
0.000421853335506251
0.0005515135728839716
0.00021729116281748545
0.0003892312439307019
0.00020645617874723396
7.176195798411084e-05
9.190903170377707e-05
0.00026425203860506714
0.0001737849386248444
0.0007052904892801336
0.031150968675990653
0.0052344831935796235
0.0020240819808274874
0.00012014337194869841
0.00011773622870844429
0.0007453618971183365
0.0003340563654969767
0.00032528876296872793
0.0014444211560704753
0.0009851800154923884
0.003635273230898579
8.352353538337123e-05
0.00021783894179014442
0.00039821586026088824
0.00037144882513826406
5.279861162057521e-05
0.00030218780925726167
0.000524885884856696
0.00011485257987490203
0.0004048163961654975
7.487533705660057e-05
0.000840014937081108
0.0002759378127075329
0.0001309084553120861
0.0008069413474673621
7.487533705660057e-05
8.240224633641962e-05
0.0003819096695230227
0.0017915805848728087
0.0005123901446287534
0.00025003003435228175
0.0006320684658951675
0.00032395439606481766
0.0003375172630565586
0.0004630289360717663
0.0009012399086868004
0.00011521184451578207
0.0012389132260656978
0.00014120868981173205
8.84560755824861e-05
0.00026639861024051995
0.035364851737618025
0.00015942409396060692
0.0008620119804884703
0.0009231587711741944
0.001635717059232839
0.0009046505644432965
0.0001364547874056263
0.0003042467685597775
0.0010645943343219567
0.0003583161169745618
9.618017205130932e-05
0.0002462950038730971
0.000227096121526303
0.0004615793855870972
0.0002586775481989335
0.00017496196161889867
0.0006036365196676172
0.00018325532009393162
0.0006467174782252189
0.0015156365030407728
0.0013299879792904878
8.978052454726845e-05
0.0002995161546077225
0.00019841003861018714
0.00011943870565818727
0.010099145076587632
0.00022559608751608688
0.0001566161092935962
0.00047071405916498585
0.00033472308737218727
0.0002843489403310788
0.0006626418612380295
0.0009284777780526656
0.00015942409396060692
0.002797470396016425
0.00038671044025163426
0.002614067301481733
0.0010420676397446594
0.00017412020508968747
0.0028055574931991007
0.0016457360290913763
0.0006381956341218421
0.001082663281051826
0.0033472308737218727
0.000906563427771785
0.0007186196393419404
0.0011014925503059709
0.00029724264770224164
0.00013458727168751632
0.0005415122639570951
1.9233079565560134e-05
0.0003092616491351787
0.0001378783932209929
0.00039685797047633875
0.0012842824443603594
0.0005940673574463313
0.001620010033568573
0.00037144882513826406
4.017504293850884e-05
0.0015532955879290523
0.0005534141122887332
0.0006993675990041063
0.001010424335360515
0.0003949706164472649
0.00023042368903156414
0.00046619804595234514
0.00024925723626131635
0.0004345823256349709
0.0007909274999041417
0.0018555167967102798
0.00612141742235125
0.0013508087749945056
0.0002492865460710557
0.00013458727168751632
0.0025285272681875954
0.0014749851864567056
0.00252827386358067
0.00032395439606481766
8.879953674683997e-05
0.0002253099771717001
0.0006549221072906975
0.0002719590700893949
0.000133660611721255
5.945443428523255e-05
0.004502150373275194
0.004238899769380756
0.0022029851006119417
7.894250337610365e-05
0.0002862803921755168
0.00015110379973567767
0.0002493063394915148
0.000625617237368946
0.00018204729622052113
0.000227096121526303
0.0027012902239651163
0.0002497482186287952
0.0009580451472030398
0.001318435941382714
0.0007361813167988413
0.00012289192041388535
0.0003319709309630184
0.00037139111122106626
0.0009746362520910611
0.0006800850492524522
5.458996313918387e-05
0.00023042368903156414
0.0005101067426162255
0.0006467174782252189
0.0003748697649706195
0.0003552422293442583
0.00030414969202932526
0.0010274259554882874
0.0005052121676802575
0.0002995161546077225
0.0002045582686724021
9.468004109209301e-05
0.0015698725473145985
0.00016156464412043627
0.0016871911981899594
0.0007229495055047811
0.00018941802195180448
0.0009227714675958627
0.00022379117217008812
0.00031909781706092105
0.00015212338427988875
0.000421853335506251
0.0004445697355257657
0.0007567117389306954
0.0003689427415258221
0.00018050408798569832
0.0009004300746550387
0.0004310059902442352
0.0009919020255261092
0.0001784703429017184
0.0002475310035946188
0.0002661485835804892
0.0009533793081354704
0.00010624272476126266
0.00045988702918660563
2.297051597498041e-05
0.0003319709309630184
0.000154179753693326
0.0010751122987523792
0.0004821262927791612
0.0004983051233531739
0.00018490530219119505
0.0002999555813142317
6.958933922081303e-05
0.00023663144337494587
0.001020213485232451
0.00958377320963299
0.0018583698390985462
0.0001327229572246323
0.00047192487179958215
0.00032036547325240235
0.0006427167915356038
0.00017729339381441532
0.00024171221047545143
0.0003552422293442583
0.00019908443583694843
0.00011858548755181789
0.0006864738916329434
0.0012934349564504377
0.0002480134667557096
0.00039055809254797704
8.480760371523827e-05
0.00022486934139581984
7.157616653890813e-05
0.0002679796464734218
0.00019450209755289197
0.00029058682503758427
0.00010784111878449869
0.0005648347592469282
7.689762229965523e-05
0.00040376181506254896
0.0007576720878072179
5.672074032696014e-05
0.0003864355536544521
8.450992743144432e-05
0.00021862546120208785
0.0002493063394915148
0.005963776751142265
4.128444086152132e-05
0.0004790225736015199
0.0011889705908089666
0.0006704373330139105
0.0010428437359181232
0.00011767851479124646
0.00014442650890149233
0.0032277653898694484
0.00037983730279249074
0.000421853335506251
0.0009231587711741944
0.00045368298397264085
0.0005940673574463313
0.0007735737764401287
0.0002586775481989335
0.0001747169333688277
0.0001919424061444667
2.7742811799789242e-05
0.0009746362520910611
0.004406405806190788
3.2784275601588775e-05
0.00014397733786074594
4.7630194544415594e-05
0.0003491411659777927
0.00010544873239946266
0.005507462751529854
0.0016596862531126273
0.00044758234434017624
0.001049499782863168
0.0002843489403310788
0.0010474234979333781
0.000300358429871746
0.0001870986406220479
0.0011014925503059709
0.0015471475528802574
0.0002254436135064733
0.0004672110592314215
0.0005357855630231197
0.0003491411659777927
0.0002586775481989335
0.0008477799538761512
0.0009004300746550387
0.00024123436018451077
0.0002862803921755168
0.0002405918402337391
0.00010864558140874272
0.00010322808937361698
0.0001970980978499078
0.00022079085985531868
0.00011112608138856554
4.951316754972614e-05
0.00018271195430970497
0.0002824173796234641
0.0005052121676802575
0.00018447137076291106
0.000872502911248695
0.00010090482404542876
0.0001364547874056263
0.0001906758616270941
0.00015212338427988875
3.6874228607764514e-05
0.00020511463274810855
0.0008849911118740234
0.0008100050167842865
0.00044758234434017624
0.0004241484294789888
0.0011014925503059709
0.00012637912590826963
4.926766700499548e-05
0.0005210338198723297
0.0001901096665121242
0.0001288950816769405
0.0008524937664443118
0.001596891501482935
0.000133660611721255
0.0002759378127075329
0.0008100050167842865
0.0029239087562731836
0.0004021249513018647
0.00020645617874723396
0.000350672677658078
0.0005768418846706923
0.00045677186225869676
0.0004994964372575904
0.0010885988429348082
0.0002492865460710557
0.00035216627538660995
0.00044158171971063736
0.00021638064760156185
0.0007710676928276868
0.0006467174782252189
6.76457993379821e-05
0.0004891850538467083
0.0005442994214674041
0.0004983051233531739
0.00036169438774418065
0.0006036365196676172
0.00017151957262714684
0.00037883604390360895
0.0005532287510375424
0.0011769851735350186
0.00015379524459931045
0.00025685648887207186
0.00046619804595234514
0.0001681407390764312
0.0002995013482264023
9.921783435648189e-05
0.00021890719151173053
0.00011943870565818727
0.000393004881795399
0.00024290574122859065
6.0071685974349204e-05
0.0003318073930615807
0.0006058788718164298
0.00036479300247360674
0.0002927786470712159
0.00026051690993616485
0.0006058788718164298
0.00024459252692335414
0.00010152963291443853
0.00011243467069790992
0.0001765177721868697
9.769270092760253e-05
0.0006320684658951675
0.00046565000513517
0.0006800850492524522
6.700251237570964e-05
0.0002254436135064733
8.380466662673881e-05
0.0003432369458164717
0.00019690735791358038
0.0001364547874056263
0.00031378428240416895
0.00010544873239946266
0.0016886405212915754
0.0001869279841892591
0.00015212338427988875
0.0003748697649706195
0.00011189926625702002
0.0017430395706013637
2.297051597498041e-05
0.0002077420150442901
0.0006800850492524522
0.00029727217142616277
0.00026364249996804724
0.0010674923140080086
0.000133660611721255
0.000454192243052606
0.0008178585296164195
0.00017265985639281265
0.0003491411659777927
0.00011364348259577894
0.00016480449267283924
0.0006923304950508345
0.00022079085985531868
0.00031378428240416895
0.00015521666837838997
0.00014955434175678982
0.00012014337194869841
0.000308903594435431
0.00036479300247360674
0.0008812811612381577
0.0003146165811997214
0.00036809065839942066
0.000154179753693326
0.0009460430914806545
0.0003968200772203743
0.00019841003861018714
0.0004508106942797275
0.00021268978331538771
0.00012180796953980332
0.00022838593112934838
0.0003855338464138434
5.279861162057521e-05
0.00022664085694294625
0.0003375172630565586
0.00025505337130811277
0.00037144882513826406
0.0001135480607631515
0.0002661485835804892
0.0004456550025742865
0.000306511208050395
9.046505644432965e-05
0.0004298677631016539
0.00011062268582329354
7.554695231431542e-05
0.00020240325052922527
0.0008477799538761512
7.703125863442844e-05
0.0003783558694653477
0.0011014925503059709
0.00680304231736117
0.00033852020014505806
0.00039685797047633875
0.000582972145173955
0.00018050408798569832
0.000145102771874485
0.0010553004516295629
3.551031611241603e-05
0.00011272180675323665
0.00016063712426402137
0.000971863188194453
8.890086511085244e-05
0.0002785845707311585
0.00011344148065392028
0.00043575989265034093
0.00010864558140874272
0.00012730213266764218
0.0005232908491048662
0.00011189926625702002
0.00020240325052922527
3.2036547325240234e-05
6.0071685974349204e-05
3.063634390125902e-05
0.00020681758983148935
0.0004174431232524942
0.00012115716854079972
0.00031378428240416895
0.0004048163961654975
0.0004916493006885167
0.00011773622870844429
0.00017038634948733175
0.0004007939275998715
0.00033472308737218727
0.00034087166609833797
0.0010553004516295629
0.001237011197806853
0.0004916493006885167
0.00012202248907643342
3.851562931721422e-05
5.279861162057521e-05
0.00022838593112934838
0.000801587855199743
0.00019450209755289197
0.00012730213266764218
0.0001784703429017184
0.0001500898638882784
0.00039685797047633875
0.0016317544205363694
0.0002092585445513295
0.0009042359693604516
0.0003018182598338086
0.0011014925503059709
0.00010152963291443853
0.00015847252945697509
0.00017151957262714684
0.00017496196161889867
0.00034761457863937437
0.00164288191899586
0.00015484213406042547
0.000145102771874485
0.00023682751012831099
0.0003994629038978783
0.0004852270644657029
0.0002747914807803145
0.0009004300746550387
0.0003125189828822375
0.00043567788358028883
0.00040922707055091934
0.0010943790074208202
0.00029499703729134115
0.00020305926582887707
0.0002661485835804892
0.0007209236556612413
0.0002976535030694457
0.00029724264770224164
7.287515373402927e-05
0.0003855338464138434
0.0006531755003276982
0.0011014925503059709
0.00044064058061907887
6.804313506345085e-06
0.00022875612393920183
0.00045988702918660563
0.00029724264770224164
0.0004916493006885167
0.0005283718956597161
0.00010387100752214505
0.00013929228536557924
0.00016156464412043627
0.0007735737764401287
5.882321872052843e-06
0.0007209236556612413
0.000901621388559455
0.00018580809294811598
0.0011014925503059709
0.0002995161546077225
0.003304477650917913
0.0009746362520910611
4.466327441223696e-05
0.0007735737764401287
0.0009004300746550387
0.0019695356865063428
4.747966284906134e-05
0.00029499703729134115
1.531817195062951e-05
0.00013551864750088207
0.0008477799538761512
0.0001364547874056263
0.0011014925503059709
0.0005065356908309287
0.0005442994214674041
0.00047261978794155035
0.0005609919167776513
8.380466662673881e-05
0.0003259367442262282
0.00037144882513826406
0.0011014925503059709
0.0004174431232524942
0.0014418473113224826
0.0005811736500751685
0.0002462950038730971
5.761507254800118e-05
0.00017894041634727032
0.0014086651015464398
0.0003994629038978783
0.00037883604390360895
0.0001919424061444667
0.00010387100752214505
0.0005065356908309287
8.735846668441385e-05
4.353005127242187e-05
6.76457993379821e-05
9.046505644432965e-05
0.00029499703729134115
0.0006800850492524522
3.7966858434262424e-05
7.894250337610365e-05
9.921783435648189e-05
8.932654882447392e-05
0.00031043333675677995
0.0007638193390460454
0.00016482315664917232
8.240224633641962e-05
3.2567795745697025e-05
0.00018569555561053313
0.00012115716854079972
0.00023151446803588315
0.0006467174782252189
0.00034616524752541727
9.025204399284916e-05
5.883925739562323e-05
5.945443428523255e-05
0.00014412145610601356
4.5457393038311575e-05
0.0005198611800103089
0.00014708133117005172
0.0003855338464138434
0.00036479300247360674
0.0001500898638882784
0.0005626161908652508
0.0002462950038730971
0.00028000497902703597
0.0008477799538761512
0.00021783894179014442
4.580355817790276e-05
0.0003491411659777927
0.0002841645888147706
0.00010204924808194829
0.0011799881491653646
9.046505644432965e-05
0.0005052121676802575
0.0002841645888147706
0.0002804959583888257
0.0003491411659777927
0.00011189926625702002
8.521791652458449e-05
9.468004109209301e-05
9.769270092760253e-05
0.001264136931790335
0.00016926010007252903
0.00013182124998402362
0.0003403547610165116
0.0002841645888147706
0.0005626161908652508
0.0003265877501638491
0.0001531486808121261
0.0011014925503059709
0.0011014925503059709
0.00021930894931050744
0.0008069413474673621
0.0009004300746550387
0.00020511463274810855
0.00030226735254862874
0.00061302241610079
0.0011282918663731995
6.193603098270532e-05
0.00020106247565093236
0.0003292595487441352
0.0009004300746550387
0.0004048163961654975
0.0005725113007891963
0.00012552527451291674
0.0004983051233531739
0.0005532287510375424
0.00016264438148436397
0.0004048163961654975
8.031856213201068e-05
8.66421645866918e-05
0.0003403547610165116
3.90660506413961e-05
0.0001364547874056263
6.941669181105271e-05
0.0003213583957678019
0.00116594429034791
0.00016702818274848835
6.090398476990166e-05
0.000418517089102659
0.0004508106942797275
2.629238259721621e-05
0.000421853335506251
6.893919661049645e-05
0.0001421744701655394
0.0005123901446287534
1.2913210243340258e-05
7.894250337610365e-05
0.00010230676763772984
0.00013273862008696274
0.0004561158469590451
8.380466662673881e-05
0.0006058788718164298
0.0005123901446287534
0.00020511463274810855
9.171617142028355e-05
0.00020511463274810855
0.004472171382710019
0.00020106247565093236
0.00021930894931050744
0.00024290574122859065
5.639902187902172e-05
0.00014120868981173205
0.0011037512508301317
0.0003403547610165116
0.00015110379973567767
0.0007453618971183365
0.0017003401886001345
0.0004048163961654975
0.0006807095220330232
4.6376375397761505e-05
0.00017265985639281265
0.00019450209755289197
0.00010230676763772984
0.00036155371521431846
0.00021066096484164873
0.00015110379973567767
0.0008069413474673621
0.0005052121676802575
5.161404468680849e-05
0.00017729339381441532
2.222521627771311e-05
0.0002700016722614288
0.0004174431232524942
0.0004790225736015199
0.000130000190657162
0.0003748697649706195
0.00026051690993616485
0.00025685648887207186
0.0004174431232524942
0.00012202248907643342
0.0004790225736015199
0.0004131366903904268
3.150683652898972e-05
0.00018084719387209032
0.000149081514492623
0.00016373052682267439
0.00019841003861018714
0.00015942409396060692
0.000421853335506251
0.0006058788718164298
0.00029724264770224164
0.00013929228536557924
0.00016049123956338616
9.618017205130932e-05
6.958933922081303e-05
0.0004983051233531739