0.028088629351699066
0.00034133199665949934
0.00044485869834977483
0.0027226248486645647
0.0004476864376265359
0.0006032129997026807
0.000901879142298829
0.00429111103979963
0.011701478229321736
0.00024238825700277966
0.002001969911333776
0.004503099193164187
0.015837292387552576
0.0013771558597871806
0.008262935158723084
6.202421520756889e-05
0.00033038466154363766
0.0003526655161885672
0.00011608418162902926
0.00027545840300555164
9.899781842657369e-05
7.12725639000136e-05
0.003994184142644391
0.0002808416883592937
0.00039542621799558127
0.0031938376181523346
0.001089930246281645
0.0005984344993826915
0.0008624873940397466
0.0004075067934925392
0.0028405945236903664
0.0006277380555855114
0.0005163226353097823
1.1202925814278418e-05
0.0003349365492765708
0.00011421903782321651
0.00036476829095865063
0.00021769612575228047
0.00022402893264308004
2.552155313575904e-05
0.00039542621799558127
0.0007157899456126253
0.00018607264562270668
0.0031798448322678187
0.00011010067688799668
0.00033422195112174717
0.0008502854699030921
0.0006092760343024468
0.00122797711223549
0.0014315798912252506
0.0002109927463733439
0.0003644343784240767
0.0006124810836186621
0.00036642483556564924
9.768276427549388e-05
0.0013771558597871806
9.96610576840148e-05
0.0022579561722987493
0.0003628333800402032
0.0011828030853970456
0.0007911417005977346
4.029082695456305e-05
0.0012506158906248391
0.00011366743275017214
0.0005289982742828508
0.0003122510657566549
0.0011257747982910467
0.00017376167345541205
0.00019160987795141917
1.4359598105539646e-05
0.0005505033844399835
0.0005468713579052247
0.0006493306134089837
0.0003866474673861515
0.00016253448494702079
0.00015832576321678
0.0004961937216605511
0.002749813703986792
0.0005672232460311258
0.00023857165339124655
0.00012885854448663252
7.80041604437329e-05
0.00014180581150778144
4.005412371064019e-05
0.00016056913806465398
0.00481707414193962
0.0003545793382399273
7.150135433452658e-05
0.0005939869105594422
0.00039231301482881605
0.0009392177187914565
0.0019847080378089603
4.474453192751027e-05
0.00013684582862416662
0.00037783911145707386
0.0019852813611089403
0.00212118908989176
0.0002766149983758436
0.0013572292493310317
1.6804388721417628e-05
0.0008803007964271811
0.000473644853626588
0.00015453677335852773
0.0003951260457242445
3.007237598990131e-05
3.6399007784941916e-05
9.509715250162696e-05
0.00010865244930337662
4.412671170405078e-05
0.00011010067688799668
0.005413064543406121
0.00011026269709690865
0.0006604509258370064
0.0003458408393604025
0.0012185520686048936
3.830350056780171e-05
0.00013887977004315403
0.00021276655634672864
2.1267960946465865e-05
5.221321113401999e-05
0.00029867257941781173
0.0007510543246424165
0.00011850540007125547
0.0004443888536654702
7.413154951540143e-05
0.00024808850472612004
0.0003414106169109299
4.555657002393347e-05
7.628012818186946e-05
7.356457207577129e-05
0.00019771310899779063
0.0006837793499284571
0.0001429445713922525
4.934946272694783e-05
0.0001403089714917432
8.864483455998183e-05
0.00042651107812638456
2.4421427337205724e-05
3.4028737514345385e-05
0.00011491050170340515
0.0005094921531939547
0.0002872142936516137
0.0001901943050032539
0.0005770958282392948
5.557475050264826e-05
0.00020251416803525085
0.0005688706973145728
0.0013900933876432964
0.00014093195333268204
0.0003349365492765708
0.0004884138213774693
8.482886417639393e-05
0.0002343429800514436
0.00041516426473249736
8.457506945681322e-05
0.0008072323339680495
8.482886417639393e-05
0.0013734431217658479
0.00022721756660746924
0.0004142384448677144
0.00016436202292727624
0.00018581580690132227
9.009489339820076e-05
0.0007470957880696554
0.002433207960609999
0.00017896295327515842
0.00018321241778282462
0.00014671679940453017
0.0002716711956616928
0.00024317886063910041
0.0005814966642397016
0.00019186561612565824
0.0001580072000950073
0.00017249747880794932
0.00029109258750942
5.635984892177764e-05
0.00010200967623497521
0.0003644343784240767
0.00027240733015259716
0.0003079336376137299
0.00048477651400555933
4.977876323630195e-05
0.0006885779298935903
0.0003727194499687302
0.0005374479461750394
7.520079516262682e-05
0.00013202434707652787
0.00022906605596662428
0.00010577045225415059
0.0002891479627351917
0.00022804367620386424
0.00032506896989404157
0.00011837499342019845
0.0003349365492765708
0.00010511010901695765
7.821863563100679e-05
0.00013895732118053767
0.00019160987795141917
0.0004383673006168883
0.00021665106065776564
0.00027859307721516904
0.00029945220420347907
4.16810628769862e-05
7.221781392017402e-05
0.00035789497280631265
0.0004219854927466878
0.0001682695446335491
0.00016915013891362644
0.00028203578868194135
0.00012908065882744557
0.00015290254646710205
5.371672775152125e-05
0.00017534692024675532
0.00012569053074806702
0.0001558186042276353
0.0018440734307700471
0.0003837312322513165
0.00031150633764938926
0.002754311719574361
0.001228399083904744
0.00013684582862416662
0.00011010067688799668
0.00040167744560434425
0.00020251416803525085
0.00015080324992567017
0.0003257147667431608
0.00019310543456145358
0.0002261066338558853
8.707602559866162e-05
0.0025398336602814224
9.35690356577702e-05
0.0005628873991455234
0.0004674184472930578
0.00028809031299889445
0.0001550410844603
0.0002872142936516137
0.00024332079606099986
0.00018388738466365286
0.00019160987795141917
0.00036605043703898593
0.00026095693663808443
1.4840521593891275e-05
4.3078794316618946e-05
3.8073012607738834e-05
0.0004884138213774693
0.0007335839970226509
0.00026371390019924485
0.00028181606362639446
0.00016757592639284017
6.154651743004824e-05
0.00030502248466469624
0.0006406226623835782
9.509715250162696e-05
0.00019568706833222375
0.0006885779298935903
0.00014874178061272063
0.0004441463699862618
0.0003158241501331009
0.0002798071220525906
0.0005299741387113031
0.00035789497280631265
0.00018891955572853693
2.4217371897349656e-05
5.612465351703583e-05
0.0002957007713492614
0.0005841369038757445
0.00022015030861233546
6.298563642412151e-05
0.0007458139153792798
0.0004443888536654702
0.00015916120169668854
0.0003349365492765708
0.0004722988893213423
0.00015583692671934015
0.0001316908507822003
0.0002258590348505205
2.7159619293780014e-05
0.0018728769842261564
7.017677674332766e-05
0.0001638316449753272
6.641569701224348e-05
8.471700487871262e-05
0.00011919752888332305
0.00019310543456145358
0.00022166344758778057
0.0006885779298935903
0.00022399476964716415
0.00014933628970890587
0.0002665389437692589
0.0001547394814357298
0.00017249747880794932
9.357902816444982e-05
0.0016385051221660862
0.0004142384448677144
0.00034025883222922804
0.00040039398226675516
0.000936293517246407
0.00025590664687583076
0.0003579325535363642
0.00011283883055586462
0.0003947957018155826
6.493306134089837e-05
0.0005636321272527889
0.00037209722467490043
0.0002310426073839238
0.0007030289401543309
0.00035289079593879856
0.00017089029058708427
0.0009204205820672551
0.00040428360796323603
0.0004686859601028872
0.0024567931414826664
0.0003644343784240767
0.00035170922574374083
0.0011826112727097865
0.0006885779298935903
0.0006316483002662018
0.00011998928603288183
0.00025826484886630203
0.0009048194995540212
0.00017775554146618808
0.000435025031535799
0.0004142384448677144
0.0005299741387113031
0.00012904106712907017
0.00042514273495154606
0.00037875409979462273
4.934946272694783e-05
0.00011305331692794265
0.0013060018338821257
0.00037875409979462273
0.0003369239470808268
0.00024332079606099986
0.00030333082823422365
0.00040428360796323603
0.0006499634247441848
0.00037137034752901586
5.6552576117595955e-05
0.00013802336945117788
0.00012737303829848866
0.00015612553287832744
0.0001457175926033871
0.0003549124712736545
0.0012632966005324037
5.798268641669549e-05
0.0018278281029073403
0.0009671710071087594
0.0001720040633142778
0.0005628873991455234
0.00028945407410387286
0.00018302521851949296
0.00013436198654375985
0.0005628873991455234
0.0004142384448677144
0.00043719686839745626
0.00037875409979462273
0.00040428360796323603
0.000523256613509278
0.0004659493629772951
0.0006146911435900156
0.0003866474673861515
8.525057456262911e-05
0.0001299441229373602
0.0003298508919542877
6.107748627861358e-05
0.00037209722467490043
0.0001550410844603
1.171441313514841e-05
0.0006885779298935903
0.00027545840300555164
9.630936603767054e-05
0.00036476829095865063
0.0004659493629772951
0.00010463582194976097
0.00022402893264308004
0.00045067224312015947
9.833840189501302e-05
0.00022015030861233546
0.0022545285090111557
0.0009655271728072679
0.000244795947956106
0.0009609339935753675
0.00017376167345541205
0.0006885779298935903
0.00014932984643144275
0.00042514273495154606
0.0001383074991879218
0.00037875409979462273
0.0003458408393604025
9.69913287005591e-05
0.00037137034752901586
4.0718324185742384e-05
0.00018441200460810126
0.0004835855035543797
0.00029544961980645387
0.00045203738999134756
8.240564441835827e-05
0.00037457539684523125
0.0003951260457242445
0.0008085377000475095
0.002065733789680771
0.0007828708099142534
4.834584227914328e-05
0.001831029369275494
0.0006751464365399056
6.842291431208331e-05
0.0002547460765969773
8.589977098748411e-05
0.0003249817123720924
0.0015190794822147879
0.00041166117448357886
0.0005617111445343458
0.00013617803184088847
0.0009474724503993028
5.151225778617591e-05
0.00037214529124541336
0.00022015030861233546
0.00016170754000950188
0.0002102202180339153
0.0005712245442975932
0.0006092760343024468
4.7226796059502224e-05
6.395520537521941e-05
0.00015944195208486604
0.00040428360796323603
5.5840858893697735e-05
0.0001706295871039032
0.00029425828830308517
0.0006885779298935903
0.0008281402167070672
9.509715250162696e-05
0.0003579388541753312
0.000773294934772303
0.0005044446305426897
0.0005628873991455234
4.309607838690939e-05
0.00018165504104694085
0.002308956243680014
3.329793735567568e-05
0.00010128445469243316
0.00024317886063910041
0.00026943551497617753
6.493306134089837e-05
0.00010099918348203245
5.6552576117595955e-05
9.679672922165165e-05
0.00014168038817850668
0.0002556346536854272
0.0003871817742938876
0.0003298508919542877
0.0003633100820938817
0.0002393737997530766
0.00011455871300919381
0.00010303618301593411
0.0016015566559589457
0.0003158241501331009
0.0002410094356006455
0.0013771558597871806
0.00020224471144015966
0.0006805176644584561
0.0005914015426985228
0.00018867616717218853
8.21706665658993e-05
0.00044015039821359057
9.768276427549388e-05
0.0006661368831409418
0.00012737303829848866
0.0013771558597871806
0.00040178265182138766
0.00019160987795141917
0.0006885779298935903
0.00017503999347501484
0.0005044446305426897
0.000691681678720805
0.0006885779298935903
0.00034025883222922804
0.0005044446305426897
0.00026371390019924485
0.0006092760343024468
0.0030266677832561386
0.00035789497280631265
0.0008242894641274729
0.003421589793995197
0.0023209202101067833
0.00020251416803525085
6.250391591663784e-05
7.791846335967007e-05
0.0002456798167809488
0.00023010683209818674
0.009640091018510264
7.534408079010654e-05
0.0005299741387113031
0.00022015030861233546
0.00013436198654375985
0.0004522132677117706
0.0022515495965820934
0.001190071684208361
7.804310216123536e-05
0.0025919232086611993
0.0004767901155332922
0.000773294934772303
0.00019036506303869418
0.00024317886063910041
0.0013771558597871806
0.0022015030861233546
0.0012185520686048936
0.00012309303486009648
0.0002074233255361251
0.0016107360186176966
0.001515016399178491
0.00027604673890235576
0.0006230126752987785
0.0003526655161885672
0.001168273807751489
0.0013771558597871806
0.0013771558597871806
0.0004659493629772951
0.00017178087036135044
0.0003644343784240767
0.0003475233469108241
0.00027240733015259716
0.00042514273495154606
0.00017249747880794932
0.00018581580690132227
0.00039542621799558127
0.00013526640589001744
0.00010793515258697164
0.0003375732182699528
0.0004835855035543797
9.194369233182643e-05
0.0002505489963631441
0.00014866741049405355
8.296933021445005e-05
0.00021456830148116105
0.00019160987795141917
0.00043651843354336245
0.00014042084417964685
0.00013895732118053767
0.00026371390019924485
0.0001712471007720005
0.0006316483002662018
0.00025590664687583076
0.00012087248086368915
0.00013346466075558503
0.00026943551497617753
0.0010375225180812076
0.00045067224312015947
0.00022015030861233546
3.601700926143487e-05
0.0004835855035543797
0.0009771443002294824
0.0005201557611824754
5.371672775152125e-05
0.0006885779298935903
0.00014180581150778144
0.00022015030861233546
0.00015944195208486604
0.0001712471007720005
0.0003951260457242445
0.00010654484505418281
0.00022601869499567378
0.00010303618301593411
5.8572065675742054e-05
0.00029206845193787225
0.00012822366267419957
0.00014976787225748464
0.00045608735240772847
0.0004142384448677144
0.00016595824313296234
0.0003298508919542877
0.00020089132591069383
5.238895519105669e-05
6.298563642412151e-05
2.9048077630613015e-05
0.00012500783183327569
0.0005628873991455234
0.0006499634247441848
0.00013989895984183853
0.00011730618591855264
5.5840858893697735e-05
0.00038321975590283833
0.0005710851576079491
0.0002665389437692589
0.00019536552855098775
0.0002365222545419573
0.00020583058724178943
0.0008100566721410034
0.00043719686839745626
0.0014315798912252506
0.0003203113311917891
0.0007747945465989062
0.00021294748276419272
7.73697407178649e-05
0.0002288403845456084
0.00011305331692794265
0.0005010979927262882
0.0009286734530322341
0.00027859307721516904
0.0008035653036427753
0.0005628873991455234
0.0001308502829215856
0.0003257147667431608
0.0003985823632480509
0.00020065632849521355
0.0006092760343024468
0.00011150055787054018
0.0018026889724806379
0.00015290254646710205
0.00038621086912290716
0.00027859307721516904
0.0008085672159264721
0.0008510662253869146
8.010824742128038e-05
0.0003866474673861515
0.00043719686839745626
0.00023230906457633255
0.00010235314545579723
0.00012158943031955021
0.00029360736930017126
0.000118411213406647
2.7920429446848867e-05
0.00011283883055586462
0.0001308141533773195
0.00010722232503799248
0.00013800657351666537
0.0005914015426985228
8.589043518067522e-05
0.0004659493629772951
0.0006092760343024468
3.588854084221181e-05
0.0005770958282392948
0.0002220731849931309
0.00010167416155489875
4.2625287281314554e-05
0.00045608735240772847
0.0003349365492765708
0.00015612553287832744
0.00017296338928782687
0.0005636321272527889
9.899781842657369e-05
0.00414692481868305
4.431970985312741e-05
0.0002885479141196474
0.0007575081995892455
0.0003079336376137299
5.416276516444141e-05
0.00013802336945117788
0.00040428360796323603
0.00011010067688799668
0.0008730368670867249
0.0006066616564684473
0.0013666327490566414
0.000482018871201291
0.00013346466075558503
0.0005617111445343458
0.0007516469890894323
0.0009671710071087594
8.589043518067522e-05
0.0004030859596312795
0.0009231977614507236
0.0002019983669640649
0.00012445399532167508
0.0006597017839085754
6.509186367266652e-05
6.591934720335219e-05
0.00020924601852850377
0.0003073455717950078
8.014005649372244e-05
0.0008085672159264721
0.0012349835234507368
0.0009749451371162774
0.00011230798236027558
1.4359598105539646e-05
0.0009367531972699647
0.0010221296946053395
8.707602559866162e-05
0.0024619645802061857
0.002628616067440851
0.0006547776503150437
0.00012693878762168735
0.0004835855035543797
0.00037137034752901586
0.0005628873991455234
0.0006703037055713607
0.0006329782391200317
0.00035528059497231325
9.703086250313998e-05
0.00010865244930337662
0.0001518480832285157
0.0002612280767959849
9.239634389055923e-05
3.950180002375182e-05
0.00013436198654375985
6.346939381084367e-05
0.00011192902059774766
4.309607838690939e-05
0.002065733789680771
0.002065733789680771
0.00026371390019924485
0.0004552141558812398
0.0002163988757581178
0.00011083172379389028
0.0003951260457242445
0.0017312874847178845
0.0002957007713492614
0.00017503999347501484
0.00014772480990322693
4.35025031535799e-05
0.00035789497280631265
0.00168866219743657
2.4421427337205724e-05
5.151225778617591e-05
0.00010235314545579723
0.00013895732118053767
0.00022601869499567378
0.0006264876886124808
0.0005044446305426897
4.7226796059502224e-05
0.00010651391131017866
0.0001572203589508137
0.00019013361938503392
0.0010088892610853795
2.7920429446848867e-05
0.00041166117448357886
0.0003375732182699528
0.00025826484886630203
0.00017896295327515842
0.00020470629091159446
0.0001058098570790599
0.0010048096478297126
0.0001935934584433033
0.00027240733015259716
0.0003866474673861515
0.0002343429800514436
0.00022402893264308004
0.0006499634247441848
0.0002163988757581178
0.00023010514551681377
7.046597666634102e-05
8.887777073309404e-05
0.0003866474673861515
0.0006885779298935903
0.0003951260457242445
0.00019228457082938021
0.0006092760343024468
0.0005532360138243038
0.0006092760343024468
7.046597666634102e-05
0.00010477791038211338
0.0002288403845456084
9.899781842657369e-05
0.00012652869165064582
0.0001437449842281105
0.0004219854927466878
0.0005702649656658661
0.00045067224312015947
0.00026943551497617753
0.0007427406950580317
0.00028513248283293304
0.000909992484702671
0.0001550410844603
0.002065733789680771
0.0008730368670867249
0.0005368888598254753
0.0006885779298935903
0.0005299741387113031
0.0006885779298935903
0.0001316908507822003
0.002065733789680771
0.000154872709717555
0.0006885779298935903
0.0006885779298935903
0.0006885779298935903
0.00018723704817811523
0.00047748769535201936
5.194976673808961e-05
0.00010477791038211338
0.00029945220420347907
0.0005888052070076676
0.0004674184472930578
0.00037875409979462273
0.00037735233434437707
7.466492321572138e-05
0.0003866474673861515
0.00015290254646710205
0.0003644343784240767
0.004131467579361542
3.2289829196466205e-05
0.0001480483881808435
0.00021665106065776564
0.00015040159032525364
0.0003298508919542877
0.0002343429800514436
0.00010922109665021815
0.00029206845193787225
4.834584227914328e-05
6.54251414607928e-05
0.000767462464502633
0.00011455871300919381
0.00019310543456145358
0.0005770958282392948
0.0006597017839085754
0.0006885779298935903
0.0003414106169109299
0.0008450904781271511
0.00014277128940198727
2.6916405631658858e-05
0.0009609339935753675
6.54251414607928e-05
0.00021276655634672864
0.0004835855035543797
0.00040428360796323603
0.0006092760343024468
0.0001789662767681821
0.00034025883222922804
0.0009013444862403189
0.0005628873991455234
0.00027859307721516904
0.00018441200460810126
0.0002456798167809488
0.000154872709717555
0.0001518480832285157
0.00029945220420347907
2.8276288058797977e-05
0.00010303618301593411
0.00018891955572853693
0.0010088892610853795
0.0005838624013311664
0.0004851226200285057
0.00020752555826534315
0.0004835855035543797
5.416276516444141e-05
0.00025306356904655574
0.00037875409979462273
0.0004659493629772951
0.0004835855035543797
0.000118411213406647
0.0001370969801669742
0.00027859307721516904
0.00015612553287832744
0.00026095693663808443
0.0006885779298935903
0.0006092760343024468
5.683371637508607e-05
0.0002102202180339153
0.00013526640589001744
0.0009318987259545902
6.900328675833269e-05
9.703086250313998e-05
0.0002109927463733439
0.00037137034752901586
0.0005044446305426897
0.0002556346536854272
0.00028513248283293304
0.0009397315329187213
2.476655113286366e-05
0.0006124810836186621
2.5808213425814034e-05
5.918749671009923e-05
0.0001550410844603
0.0010425700407324723
0.00028554257880397454
9.319558321680568e-05
0.0002410094356006455
0.0005299741387113031
0.00019615650741440803
0.00011156747199836083
0.0005061271380931115
6.453115281443443e-05
0.0005702649656658661
4.80928322540297e-05
0.0005914015426985228
0.00013782837137113582
0.0001993221153680296
0.0010599482774226062
0.0004291366029623221
0.0004403006172246709
4.746857484958099e-05
0.004447119687595597
0.0013771558597871806
0.0013771558597871806
0.002754311719574361
0.0013771558597871806
0.00025644732534839913
0.0004327977515162356
0.0009318987259545902
0.0006230126752987785
0.0006885779298935903
0.0006885779298935903
0.00011230798236027558
9.361389611976456e-05
0.00010302451557235181
0.00011380353897030995
0.00029128670787197504
0.00042514273495154606
0.0006885779298935903
6.591934720335219e-05
7.254618763737205e-05
6.493306134089837e-05
0.001012254276186223
0.0002816968260423837
7.202257824972361e-05
0.0002836116230155629
0.0004659493629772951
0.00025777235454786754
0.00021276655634672864
0.0001308502829215856
0.00022402893264308004
0.0005044446305426897
6.79177989154232e-05
0.0001572203589508137
0.00017764029748615663
0.00033422195112174717
0.0009474724503993028
0.0006885779298935903
0.00010372332292834933
0.00020251416803525085
0.00026943551497617753
0.0004403006172246709
0.000118411213406647
0.00025826484886630203
0.0005027277791785205
0.0002957007713492614
0.00035170922574374083
0.00025826484886630203
0.0006092760343024468
0.0006092760343024468
0.0006885779298935903
0.0006092760343024468
0.0006092760343024468
7.360065087595845e-05
0.0008357792316455072
0.00041166117448357886
0.0002885479141196474
0.0004142384448677144
0.00037137034752901586
0.0006885779298935903
0.00013526640589001744
0.00030502248466469624
0.00026095693663808443
2.1026268656463156e-05
0.0001518480832285157
0.000132574318118235
0.0001712471007720005
0.0006885779298935903
8.827403080169655e-05
0.00015396681880686496
6.641569701224348e-05
0.00040428360796323603
0.00022601869499567378
0.0003249817123720924
0.00028554257880397454
0.0002041603612062207
7.57391888691564e-05
8.619215677381878e-05
0.0002109927463733439
0.0006092760343024468
0.00045608735240772847
0.0004255331126934573
0.0006230126752987785
4.474453192751027e-05
0.00029748356122544125
0.0009318987259545902
0.00016028011298744487
0.00016253448494702079
0.0006499634247441848
0.0013771558597871806
2.601436738707845e-05
0.0002337092236465289
0.0013771558597871806
0.000236822426813294
0.0007288687568481534
0.0007034184514874817
0.00035007998695002967
0.0013397461971062833
0.0003633100820938817
0.0005841369038757445
0.00012500783183327569
0.0004961770094522401
0.0002415731213967373
6.527046493742602e-05
0.00016519233077181883
9.445977786426847e-05
8.355548778043679e-05
2.778737525132413e-05
0.0003482525448870878
0.00022601869499567378
8.296933021445005e-05
0.0005299741387113031
0.00027859307721516904
0.0006885779298935903
0.0002741939603339484
0.00035789497280631265
0.0002885479141196474
0.00034025883222922804
0.00014671679940453017
0.0004659493629772951
0.00020065632849521355
0.0002220731849931309
0.00010477791038211338
0.000118411213406647
0.00037137034752901586
0.0003298508919542877
0.00014976787225748464
6.10708059276082e-05
0.0006885779298935903
0.000691681678720805
0.0006885779298935903
0.0013771558597871806
0.0006092760343024468
0.0004013126569904271
0.0010599482774226062
0.00020251416803525085
0.0005628873991455234
0.00027545840300555164
0.00021276655634672864
0.0007157899456126253
0.00012822366267419957
0.0005165296977326041
0.0001700102406011944
0.00016056913806465398
0.0006885779298935903
0.0005628873991455234
3.263523246871301e-05
0.0001044146147687468
0.0006885779298935903
0.0006885779298935903
0.0006316483002662018
0.00168866219743657
0.00025767130554202566
0.00019040818143253106
0.00012078656069836865
2.2372265963755134e-05
0.00022015030861233546
0.00029945220420347907
8.813711662063969e-05
0.0005532360138243038
0.0009586252017916081
0.0003475233469108241
0.00014180581150778144
0.00026943551497617753
0.00025306356904655574
0.0004835855035543797
2.5808213425814034e-05
0.0005448146603051943
0.00011998928603288183
0.0003349365492765708
0.00037875409979462273
0.0002163988757581178
0.00025305738330129164
9.319558321680568e-05
0.0002163988757581178
0.0001946208004437221
0.00021587030517394328
0.0009013444862403189
0.0001457175926033871
0.00017249747880794932
0.0006965050897741755
0.00021825921677168122
8.183502751727616e-05
0.0001572203589508137
0.00012569053074806702
6.641569701224348e-05
0.00030333082823422365
0.0005628873991455234
0.00035170922574374083
1.9151750283900855e-05
0.00031150633764938926
0.00020089132591069383
7.254618763737205e-05
0.0005299741387113031
0.00022402893264308004
0.000773294934772303
3.9109317815503394e-05
0.0001044146147687468
0.00022804367620386424
4.228753472840661e-05
0.00019160987795141917
4.108533328294965e-05
0.0005299741387113031
9.899781842657369e-05
0.0009204205820672551
0.00012908065882744557
0.0002037533967462696
0.00016637792118980523
4.391037685296363e-05
0.00015290254646710205
0.00017764029748615663
0.0006885779298935903
0.0004462698879934433
0.0002220731849931309
6.012527615325526e-05
0.0002665389437692589
0.0003951260457242445
0.0006885779298935903
0.00010167416155489875
0.0006885779298935903
0.0006885779298935903
0.0006092760343024468
0.00022778285011966737
9.833840189501302e-05
0.0011257747982910467
0.0006885779298935903
0.0004462698879934433
0.000118411213406647
0.00015944195208486604
0.00020251416803525085
0.0005044446305426897
0.0005628873991455234
0.0003249817123720924
0.0005628873991455234
0.0005636321272527889
0.00011265814869636248
0.00029945220420347907
6.395520537521941e-05
0.0004835855035543797
0.0002885479141196474
0.0002365222545419573
0.00013989895984183853
0.0002957007713492614
0.0006092760343024468
0.0003951260457242445
0.00016481128883671654
0.00031150633764938926
0.0006885779298935903
4.7226796059502224e-05
0.0002885479141196474
0.0006092760343024468
0.0006885779298935903
0.0002957007713492614
0.00010511010901695765
0.00029945220420347907
0.0002220731849931309
0.0001993221153680296
3.2265576407217214e-05
0.00022015030861233546
0.0002343429800514436
0.00015944195208486604
0.00045067224312015947
0.00018581580690132227
0.0005165296977326041
1.4840521593891275e-05
0.0006885779298935903
0.0004291366029623221
0.00042514273495154606
0.0003298508919542877
0.00035170922574374083
0.00037875409979462273
0.00025644732534839913
0.0001700102406011944
0.00045067224312015947
0.00024721693325507486
5.416276516444141e-05
0.0004716610768524411
0.000118411213406647
0.0002088292295374936
0.00020583058724178943
0.0002163988757581178
0.0002456798167809488
0.0003349365492765708
9.319558321680568e-05
0.00028181606362639446
0.00023010514551681377
0.0008085672159264721
0.0003349365492765708
0.00024332079606099986
0.00023220444205824566
0.0003249817123720924
7.520079516262682e-05
0.00011305331692794265
0.00011919752888332305
0.00019771310899779063
0.0006805176644584561
0.00022560238548788048
4.8071142707345054e-05
0.0001637458124010979
0.00020224471144015966
7.262019407653253e-05
0.0001308141533773195
0.0001700102406011944
2.0027061855320094e-05
0.0001763327580942836
0.0005010979927262882
0.0003203113311917891
0.0005571861544303381
0.0004142384448677144
0.0005299741387113031
0.00042514273495154606
0.0013771558597871806
6.943988502157702e-05
7.466492321572138e-05
8.240564441835827e-05
0.0002109927463733439
0.00011998928603288183
8.827403080169655e-05
2.8991343208347746e-05
0.00018302521851949296
9.07083450100508e-05
0.00037163161380264454
5.461054832510907e-05
0.00035170922574374083
0.0001044146147687468
0.00035170922574374083
0.00017376167345541205
9.638265424506389e-05
0.00022804367620386424
0.00015832576321678
0.00028513248283293304
7.307220443296618e-05
0.0003892416008874442
6.54251414607928e-05
3.450164337916634e-05
0.0003866474673861515
9.445977786426847e-05
0.00010865244930337662
7.628012818186946e-05
0.0001299441229373602
4.815468301883527e-05
0.00022020135377599336
0.00035789497280631265
6.012527615325526e-05
0.00020089132591069383
0.0010933031352722302
9.382593440645011e-05
0.00013617803184088847
0.00016519233077181883
0.00016595824313296234
0.00043719686839745626
0.00018723704817811523
0.0006092760343024468
0.00011156747199836083
0.0005299741387113031
0.00016757592639284017
0.00019615650741440803
7.628012818186946e-05
0.00012888617727393377
0.00016943400975742525
0.00024808850472612004
0.00026371390019924485
5.238895519105669e-05
0.00020089132591069383
6.641569701224348e-05
0.00010865244930337662
0.00023010514551681377
5.641941527793231e-05
0.0003349365492765708
0.0006885779298935903
0.00035789497280631265
0.0013771558597871806
0.0002556346536854272
0.0003249817123720924
8.827403080169655e-05
0.0005299741387113031
0.0004480578652861601
4.35025031535799e-05
0.0006885779298935903
0.0003298508919542877
0.0001572203589508137
0.0003349365492765708
8.355548778043679e-05
7.360065087595845e-05
1.3579809646890007e-05
0.00018441200460810126
0.0003951260457242445
0.0004659493629772951
0.000122397973978053
0.0002163988757581178
0.0002556346536854272
0.00023874384767600968
0.00025826484886630203
0.00010303618301593411
0.00018030107907317607
0.00010235314545579723
0.00026095693663808443
0.0003073455717950078
0.0013771558597871806
0.0013771558597871806
0.0013771558597871806
0.0013771558597871806
0.0009318987259545902
0.0013771558597871806
6.893026969565508e-05
0.00031665152643356
0.0005770958282392948
0.0010088892610853795
0.002065733789680771
0.0013771558597871806
0.00021302782262035732
0.0010088892610853795
0.0003688240092162025
5.282983608925641e-05
9.768276427549388e-05
0.00023874384767600968
0.0006885779298935903
0.0013771558597871806
0.00010651391131017866
0.00024808850472612004
0.0006885779298935903
0.0001550410844603
0.0003458408393604025
0.0001572203589508137
0.00029206845193787225
0.00017764029748615663
0.0005299741387113031
0.0001308141533773195
0.00019771310899779063
9.768276427549388e-05
0.00037137034752901586
0.00016519233077181883
0.00012597127284824303
0.00045067224312015947
0.0006885779298935903
0.0007575081995892455
0.0005628873991455234
0.0006092760343024468
0.0006092760343024468
0.0005112693073708544
0.0006885779298935903
0.0006092760343024468
0.0006225766747960295
4.542250843241864e-05
0.00021276655634672864
0.0006092760343024468
4.309607838690939e-05
7.958060084834427e-05
0.0001550410844603
0.00015290254646710205
0.0006885779298935903
0.0007591907071396672
0.0006885779298935903
0.0002505489963631441
0.0006885779298935903
6.691420957222899e-05
0.0006885779298935903
0.0006885779298935903
0.0011257747982910467
0.00043719686839745626
0.00043719686839745626
8.538218458997838e-05
0.0005044446305426897
5.238895519105669e-05
0.00013617803184088847
0.0006092760343024468
0.0006092760343024468
0.0006885779298935903
7.791846335967007e-05
0.000118411213406647
0.0006885779298935903
4.63886351569234e-05
0.0004835855035543797
0.00040428360796323603
0.0006885779298935903