0.0047693315123932345
0.006803340879976827
0.00046948607966558194
0.006016515702528035
0.007689655688173183
9.232449895042863e-05
0.000102045517603164
0.0004375324385892904
0.0008935847901604349
0.0011261231096147042
0.0017812171849029797
0.0007019476860921103
0.0003917465268067216
0.000534854269979066
0.0006825314211830793
0.0014692111132020846
0.00026157985034515856
0.0036740193483018714
0.0018556502395918636
0.0004963627342147733
0.0002166292192868428
0.00013187517375086775
0.0016183072392957547
0.00039249631095356627
0.000294841597920944
0.0006891292792607635
0.00169049445062837
0.0015330798899044133
0.000273872251144541
5.490372862976834e-05
0.0004523641385835837
0.0007121956145007629
0.00018204465331423831
4.027513778696322e-05
0.00010340839062236271
0.000574158633269461
9.882785077306785e-05
0.000606294140978139
0.002143986538871289
0.0017553072272155866
0.00046948607966558194
0.004732095808106573
0.000646714989361385
0.0002870793166347305
0.004225374716990237
0.000514522207301306
0.0006930432411380355
0.0016426536211742815
0.0009665482621227736
0.0003448764445715847
0.0005464758483775976
7.203915597239295e-05
0.0009047282771671674
0.0004951602608609724
0.0009447321719748968
6.713750216334414e-05
8.338621277387292e-05
0.00010565728044416532
0.0004130139594502852
0.0002679983173589111
0.000341454787959908
0.0001314798359168445
0.0006641844973426103
0.0006158189839988421
0.00022177773277592323
5.544443319398081e-05
0.0004987626556500108
2.064787205953566e-05
0.0005464758483775976
0.00012448517225351958
7.216643097639735e-05
0.0006606764844716878
8.620806316672909e-05
0.0001437318878604813
0.0007849926219071325
0.00020656313245324346
3.4424121942679385e-05
0.00013582453136977416
0.00037725041046080785
7.516724667344508e-05
0.00037537436987156804
0.00016152700481751936
0.0012581765345368173
0.00024324398726201918
0.0015435666219039182
0.000514522207301306
0.003124685188321563
0.0006685017447253372
0.00040216090453141785
0.001149588148571949
0.00013187517375086775
0.00015203985963910523
0.0029828630730550677
0.0002587677315979813
0.00046796512406140675
0.0003155065422415506
0.0007210853397545495
0.0003932193257605177
0.00013384107609447913
9.758650661391293e-05
9.228713604530979e-05
0.0004244499520298578
0.00036054266987727474
0.000171191598395371
0.0002155716631204616
0.0004897370377340282
0.0005212353227359346
0.00037537436987156804
0.0002408577227377741
0.00037537436987156804
0.00024324398726201918
0.002136910167795919
0.00023239461479863908
1.3488603127113352e-05
0.0005544345929104282
0.00023334789989396657
0.00032668705985155317
0.00015699279331868776
0.00022339619754010873
0.00038901746093372177
0.0016216287885651923
0.0002467409850533963
0.0001984417619034719
0.0012984880440979896
0.00020654473165607635
0.00024395743008238994
0.000335869997048891
0.0005251326569016188
7.141972265975136e-05
0.0003068006811051906
0.0003428012490263326
0.0004515621150470324
0.0005536383144929994
0.00039133358126862845
0.0004127472690220125
0.0006310130844831012
0.0002538103642384304
0.00039277007349078526
0.0006433720394121535
4.5425318530978456e-05
0.0003272467709406846
0.0004523641385835837
0.00014290949909214233
0.009359024426154723
0.0016787875015499849
0.00024818136710738663
0.00047703354705906994
0.00019660966288025886
8.605504787850212e-05
0.0005536383144929994
0.00022139483244753674
0.00011950413307645171
0.000682909575919816
0.0008022814049685991
7.248799195060827e-05
0.00011572220451178881
0.00039249631095356627
5.215056228766615e-05
0.00010866561692814581
0.0008750648771785808
0.0007849926219071325
0.0006715150006199938
0.00040216090453141785
0.00040216090453141785
0.00025914672748245565
0.0006265859090907717
0.00031097233074271904
0.0002579171210828402
0.0005289300384957846
0.0007800373797318666
0.0016037598148588858
0.00016152700481751936
0.0003677111413862884
0.0005217781083581712
0.0005464758483775976
8.628644954036444e-05
0.0002644650192478923
0.00010257905769555873
0.00016625421855000355
0.00016037598148588856
0.000171191598395371
0.00021189564881465524
0.00018602329838966425
0.0003677111413862884
0.0006685017447253372
5.086150227755785e-05
8.111934312392277e-05
0.0016086436181256714
0.00012573980463096376
0.0013141483201718582
7.576767667622746e-05
0.00027910790799483764
7.437344662679043e-05
0.0007849926219071325
0.0002684505959670418
0.00010003205900984293
0.00019443152634985954
0.0003230540096350387
0.0006685017447253372
0.0003155065422415506
0.0015584479242308554
8.605504787850212e-05
0.00018228914426743052
0.00012043167310891637
4.542046794845214e-05
0.00020174047523047385
0.00011390713843553776
0.0008312710927500179
0.00026619955842139854
6.0215836554458184e-05
0.0007672114933857965
0.0001302790480496109
0.00025217559403809236
0.0006699957933972778
0.0003720465967793285
0.00040216090453141785
0.0006685017447253372
0.00013399915867945555
5.4332808464072904e-05
0.0029091152117268156
0.00024083223612377186
0.00034746018331784215
0.0004523641385835837
0.00030741923128946134
0.0002644650192478923
0.005323607784119895
0.0006888786278066011
0.0007763031947939439
0.002005505234176012
0.00011495881485719488
0.0002983846011595524
0.00043734042882297977
0.00017973950493383104
6.642797512242154e-05
0.0001304445270895428
0.00018317512291192523
0.000534854269979066
0.00026571190048968614
0.00015129334368967138
0.00026157985034515856
0.00025334847352382825
0.00046948607966558194
0.0002587677315979813
0.00011672659286208235
0.001988738672829498
0.00016563028670769879
0.0005464758483775976
0.00025710093676974946
0.00027164012867499695
0.00016563028670769879
0.00017903528631517965
5.128952884777937e-05
0.0003538089259585154
0.000341454787959908
0.00027910790799483764
0.0002983846011595524
0.001149936377258859
0.00012121809091427942
0.00037537436987156804
0.0005804419376814327
0.0003844457480790524
9.07653332452333e-05
0.0001949830669455359
0.0008951764315758984
0.0003303382422358439
4.693627040706596e-05
0.00031177516526517977
0.00012867547545796702
0.001408458238996746
0.00017732485599644774
0.0001714006245131663
0.0004817104674886709
0.0001464064288280931
0.0003202337559740348
0.00021520062584225448
0.0002507348762906605
0.00034746018331784215
0.00014361289389482008
0.00016223868624784554
9.16997022209056e-05
0.000514522207301306
0.00010478819417394996
0.00019351067773325838
0.0002870793166347305
0.00025535175546931586
1.7673976441272746e-05
0.00045502094745538616
0.0001434177438344372
0.0008687255378932243
0.00014050737407906666
7.944904461779547e-05
0.00013209310955173542
0.00013674183525024149
0.0001815306664904666
0.000993448428048421
0.00046948607966558194
0.0005464758483775976
0.0002835529011652591
0.00031097233074271904
0.00234952762512537
0.00022339619754010873
0.0005464758483775976
7.564667184483569e-05
0.00013582006433749847
0.00017649088687644854
0.00017768893337595786
0.0003677111413862884
0.00019660966288025886
0.00039965877706896815
0.0002644650192478923
2.2745735171878957e-05
0.0003900682727145748
0.0005915119760133217
0.00046948607966558194
6.5919382889507e-05
0.0006888786278066011
0.00032517113581940224
0.0013570924157507512
0.00037537436987156804
0.0004127472690220125
0.00020484103970158912
0.0004635660592215513
0.000534854269979066
5.490372862976834e-05
0.0004244499520298578
0.0005453338886578969
0.00023622653244183004
0.0002835529011652591
0.0001922228740395262
5.781404176669985e-05
0.00036355592577193117
5.559685092386866e-05
0.00021189564881465524
0.00015560698437348867
0.0003249438289302643
0.00012700013458319818
0.0005464758483775976
0.00032527657344318665
0.0005464758483775976
0.0011205400327347125
0.0008043218090628357
9.505115789097283e-05
6.713750216334414e-05
0.0006685017447253372
6.465420470697947e-05
0.00011858044977043516
0.0002796907488858832
7.977489777088331e-05
0.001013393894095313
0.0004724530648836601
0.00018627158025907896
0.00017493617152919189
0.0004131262649064869
4.0777622492836336e-05
0.00046288881804715525
8.281514335384939e-05
9.232449895042863e-05
8.926298109759925e-05
6.11492265641855e-05
0.0008488999040597156
7.517861970432722e-05
0.0001638654650323198
0.00034749021515728966
0.0005594703515351684
4.284015284618332e-05
0.00016869547632653302
0.0008834607345092939
0.00034746018331784215
0.0002606270889609125
0.0003404690072924211
0.0008958680630389925
0.0002888101274710422
5.70093899674399e-05
0.00023178302961077564
0.0002245454920765411
0.0006685017447253372
0.0003538089259585154
9.232449895042863e-05
0.00017374833417187194
0.00013754955333135843
0.0005464758483775976
0.00043119683387924545
0.0001439403385987027
0.00019055281610115307
0.0001626900809685988
0.0006949203666356843
0.0012382418070660376
0.0004244499520298578
0.00020831234588810418
0.0005889738230061959
0.0002650916130973326
0.0002587677315979813
0.00015386858654333813
0.001453606863371364
0.0008890009420823873
0.00021927388651984037
0.00024818136710738663
0.00019660966288025886
0.00011961989416824325
0.00017768893337595786
7.780349218674434e-05
0.0002983846011595524
0.00016625421855000355
2.779842546193433e-05
0.00044679239508021746
0.0006670897021909834
0.0008752210948360313
0.0011261231096147042
0.00018177796288596559
0.00010069916466394221
9.240738865663468e-05
7.777261053994381e-05
0.0005915119760133217
0.001826595863027867
0.0003303382422358439
0.00021373160396225712
0.0005915119760133217
0.0006685017447253372
0.0007801365454291496
0.00035008843793441245
9.084093589690428e-05
0.00010085481836135013
0.0008332493835524167
0.00024897034450703916
7.043103024845634e-05
0.00038360574669289824
0.00011121863800074161
0.00012136310220949218
9.617782925867053e-05
0.0005464758483775976
0.00013754955333135843
0.00030242405568211807
0.00041866186199225646
0.00010975713326303587
8.111934312392277e-05
0.0004127472690220125
9.761657619586974e-05
0.0003538089259585154
0.00018039815933437836
0.00024818136710738663
0.00046948607966558194
0.0003538089259585154
0.00013309977921069927
0.0004375324385892904
0.00011950413307645171
7.213337194400291e-05
0.00026981176020527927
0.00017903528631517965
0.0002908024772835865
0.0002450452141031787
0.00010505393357587409
0.00030009617702952886
0.00012607974468033259
0.00047703354705906994
0.00031097233074271904
0.00036355592577193117
9.25179186709276e-05
0.00027166404232036457
0.00016869547632653302
0.0007849926219071325
0.0003677111413862884
0.00012799480408384905
0.00011572220451178881
0.0001724610151553582
0.0002796907488858832
7.392591092530773e-05
0.00016449399003559752
0.0003538089259585154
0.00028450417380289627
0.0003677111413862884
0.0003677111413862884
0.0004390285330521435
0.00022751047372769308
0.0006949203666356843
0.0002801350081836781
4.675068458810708e-05
0.00045472060573360437
0.00037680731873342133
5.929022488521758e-05
0.00016449399003559752
0.0005464758483775976
0.002412965427188507
0.000578419545321334
8.570031225658315e-05
0.00024568524503854874
0.000997073860301068
0.00029448691150309793
0.00011572220451178881
0.0004375324385892904
0.00039641571925259016
0.0003155015701752731
0.0003677111413862884
0.0006685017447253372
8.687991979377441e-05
0.0008692673745423684
0.0006715150006199938
0.00025710093676974946
4.7081724264363475e-05
3.8732435799773175e-05
0.0005490372862976835
0.00019982938853448407
0.0006685017447253372
0.00022339619754010873
0.0004897370377340282
0.0004897370377340282
0.00020673878377822904
0.0002536117083165112
0.00011572220451178881
0.00038360574669289824
0.0004362037159253798
0.00020656313245324346
0.00040279890724598797
0.0005915119760133217
0.0006685017447253372
0.0005464758483775976
0.00016625421855000355
0.00015157353524453476
0.00014706187260732365
0.00010689058042630061
0.00012531718181815432
0.00048112794445766575
0.000547198863184549
6.970464758136637e-05
0.0003277309300646396
0.00021134897528277664
0.00016336347606878577
0.00031177516526517977
0.000342383196790742
0.00040629047894332496
0.002674006978901349
0.00025407042146820404
0.0008488999040597156
0.0011830239520266433
0.0017745359280399652
0.0011830239520266433
0.001029044414602612
0.0008043218090628357
0.0010816280096318243
0.0001792561996146776
0.0001398453744429416
0.0001638654650323198
0.000529076114435438
0.00017238547635156268
0.0010614267778755462
8.746808576459594e-05
0.00031398558663737553
0.0006825314211830793
0.0005967692023191048
0.0003553778667519157
0.0004963627342147733
0.00012531718181815432
0.00029072137267427276
0.00040216090453141785
0.0005915119760133217
0.0007354222827725768
0.00022751047372769308
0.000825494538044025
0.00019820785962629508
7.889781392057428e-05
0.00040968207940317823
0.0004523641385835837
4.182278854881983e-05
7.29156577069722e-05
0.0007993175541379363
4.183956868458006e-05
0.00021942889161216818
0.00010866561692814581
0.0002360887352905435
5.3523938386172026e-05
3.367452296721221e-05
9.442022188979347e-05
0.00012283961982246844
0.00013089870837627382
0.0002801350081836781
0.00038389716713842106
0.00018344767969255652
4.544224420340489e-05
0.0002014749409655352
0.0005671058023305183
0.0006219446614854381
7.043103024845634e-05
0.0008043218090628357
0.00011048548182386101
0.0011830239520266433
0.0002360887352905435
0.0003207519629717771
0.00017768893337595786
0.0004635660592215513
0.00023398256203070337
0.0013370034894506745
5.578008497009283e-05
0.0006219446614854381
0.0005915119760133217
0.00023851677352953497
3.3495713111845375e-05
0.0007076178519170307
9.3572520591883e-05
0.00025334847352382825
0.0006701885926203262
0.00021189564881465524
9.170570761451741e-05
0.0006685017447253372
0.000514522207301306
0.0013370034894506745
8.132836924171815e-05
0.0004244499520298578
0.00013132257717608854
0.0005915119760133217
0.0001414690489827257
0.00025535175546931586
0.0013370034894506745
0.00035008843793441245
8.235559294465253e-05
0.0008488999040597156
0.00012789037636868283
0.00012531718181815432
0.00037537436987156804
0.0005915119760133217
0.00023851677352953497
0.0005915119760133217
5.929022488521758e-05
0.00016746814055114466
0.0001444050637355211
0.00018204465331423831
7.300824000954768e-05
0.0003249438289302643
0.00024085523374433546
0.00029072137267427276
0.00012531718181815432
8.446828745319145e-05
0.0002574179598858415
4.1382503969276234e-05
0.000341454787959908
0.0001845900816331429
0.00024324398726201918
0.00010478819417394996
0.0013762676401618123
0.00012615547075964687
2.487119117729225e-05
7.823221438338688e-05
0.00011649087718179525
0.0001934806458938109
5.655878992746891e-05
0.00018177796288596559
0.00010409614983228119
0.00014706187260732365
0.0001714006245131663
0.000514522207301306
0.0007086795973254902
0.0004897370377340282
0.0006685017447253372
0.001029044414602612
0.0013370034894506745
2.884464441389199e-05
0.0005915119760133217
0.000267427134989533
0.00039249631095356627
0.00028995196780243307
0.0006685017447253372
0.00022751047372769308
0.000341454787959908
0.00023178302961077564
3.9887448885441655e-05
1.1372867585939479e-05
0.0004897370377340282
3.570986132987568e-05
0.0007672114933857965
0.00019982938853448407
5.42127622405311e-05
6.264968186281152e-05
0.0009903205217219448
0.00036355592577193117
0.00015263644055685136
0.00010002073174236509
0.00044194192729544405
0.00046948607966558194
0.00046948607966558194
0.003794618684062522
0.00014243912290015255
0.00017504421896720622
0.0005464758483775976
0.00031097233074271904
0.00011572220451178881
0.00015479326089875997
0.0003553778667519157
0.00037537436987156804
0.00012448517225351958
0.0005915119760133217
0.0005464758483775976
0.00031855606259972884
0.00017511678895991585
7.517861970432722e-05
0.00010548457737995336
0.0005464758483775976
0.0001083146096434214
0.00012957336374122783
0.0008043218090628357
0.0006685017447253372
0.0002888101274710422
0.0002835529011652591
0.00012700013458319818
0.0006685017447253372
4.62589593354638e-05
0.0002835529011652591
0.00014706187260732365
0.00026157985034515856
0.00022962620926886697
0.00017903528631517965
0.0006602136811479631
0.0005464758483775976
0.00034746018331784215
0.003619448140782761
0.000171191598395371
0.0001626900809685988
0.00022139483244753674
0.00014050737407906666
0.00030661597798088263
0.00112485150321526
0.0001994372444272083
6.891292792607634e-05
4.507471097014072e-05
0.00031398558663737553
0.0009465196267246519
0.001029044414602612
6.968434835654017e-05
0.0011830239520266433
0.00011766059125096568
0.0001289585605414201
0.00017374833417187194
0.00016869547632653302
0.00015779562784114855
0.000267427134989533
7.59380922903585e-05
0.00015263644055685136
0.0004201790958454297
2.990081171428498e-05
0.00011505025541444649
0.0006467952508188683
0.0003357575003099969
0.0005066969470476565
0.00024085523374433546
0.0005915119760133217
0.0004244499520298578
0.0003202337559740348
0.00012323775903118293
0.004011010468352024
0.002674006978901349
0.00010340839062236271
0.0005464758483775976
0.0005915119760133217
0.0012383460871900798
0.0017224758998083834
0.0008043218090628357
0.0005432802573499939
0.001079247040821117
0.0002835529011652591
3.3793921477364004e-05
0.00022962620926886697
0.0002870793166347305
0.0004244499520298578
2.5055748891148357e-05
5.5176671959034966e-05
0.00019043736627751736
0.0002507348762906605
0.0004244499520298578
0.00015923676372981438
0.00014050737407906666
0.0006791003216874925
7.564667184483569e-05
0.0005902218382263589
0.0001322076237514099
0.0001638654650323198
0.00013682293985955527
2.8201151582047827e-05
0.0009222576938683841
0.0013370034894506745
0.002674006978901349
0.0004523641385835837
0.0004897370377340282
0.0010990507374715516
0.00036054266987727474
0.0005915119760133217
0.0010157261973583126
0.0004127472690220125
0.00031097233074271904
0.00034746018331784215
0.0002014749409655352
5.4332808464072904e-05
9.740299526442846e-05
0.0004237912976293105
0.00022751047372769308
0.000514522207301306
0.0002507348762906605
0.00032517113581940224
0.0003303382422358439
0.00021008954792271485
0.00034746018331784215
0.00038360574669289824
0.0004897370377340282
9.387254081413192e-05
0.00019043736627751736
6.303987234016629e-05
0.0004127472690220125
0.0002392397883364865
0.00015810911183593838
0.0005898289886407767
0.0013370034894506745
0.0002829380979654514
9.170570761451741e-05
0.0006404675119480696
0.0006132319559617653
0.002971149664209005
0.00036054266987727474
0.0005915119760133217
0.0006685017447253372
9.420182968335533e-05
6.797683246643364e-06
0.0006685017447253372
0.00024085523374433546
0.00012785127098957348
0.0010072725009299909
0.000529076114435438
0.0008332493835524167
0.0006310130844831012
0.00012799480408384905
0.0007672114933857965
0.0015435666219039182
0.0005915119760133217
0.00023622653244183004
0.0002644650192478923
0.0005915119760133217
0.0004897370377340282
0.000198737872199594
9.48347246009654e-05
1.7212060971339692e-05
0.0002735994315922745
0.00038360574669289824
0.00025334847352382825
0.00021373160396225712
0.0005999021857960821
0.0003784664122789407
0.00018039815933437836
0.00020373679705466127
9.232449895042863e-05
0.0006685017447253372
0.00020484103970158912
4.183956868458006e-05
0.00046948607966558194
0.0002835529011652591
0.001150817240078695
9.805445025519059e-05
0.0005915119760133217
0.0003553778667519157
0.000267427134989533
4.3439959896887205e-05
0.00022751047372769308
0.00019982938853448407
0.00013883332023215494
0.0009047282771671674
0.0005409408292116531
0.00025231094151929374
0.00011132607405643623
0.0006404675119480696
0.0001484445182580868
0.00014243912290015255
6.841146992977763e-05
0.00011649087718179525
0.0005464758483775976
6.744301563556677e-05
0.00015370961564473067
0.00024085523374433546
6.051022216348886e-05
0.00015588758263258989
0.00036054266987727474
0.00039249631095356627
0.00037537436987156804
0.00019820785962629508
0.00018602329838966425
8.443821392753559e-05
0.0002768191572464997
0.0005671058023305183
0.00038360574669289824
0.0003303382422358439
0.00015515763369271536
0.00037097804607242685
0.00019660966288025886
0.00010226348911183685
0.00024324398726201918
0.0003303382422358439
0.0003793388984038616
7.906228061845426e-05
0.00012041611806188593
0.0001963480625644108
0.00021373160396225712
0.0004244499520298578
0.00011344759756550175
0.0001363267326102147
8.54844260038132e-05
9.582125857365419e-05
0.00014050737407906666
0.000341454787959908
0.0002484454300615482
6.692053804723956e-05
0.00016505342028699078
0.00032517113581940224
0.00043885778322433637
0.00010343842246181023
0.00037537436987156804
0.00015370961564473067
0.0007763031947939439
9.232449895042863e-05
0.000514522207301306
0.00017504421896720622
0.000101370301192369
0.0004375324385892904
8.687569632030416e-05
0.0004523641385835837
0.00015157353524453476
0.00037537436987156804
0.0007507487397431361
7.29156577069722e-05
0.00023532118250193135
0.0009389721593311639
0.0005602700163673562
0.0015435666219039182
0.0017501297543571616
0.002162706291682848
0.0005359966347178222
0.00022339619754010873
0.0010929516967551952
0.0001950341363572874
0.00024568524503854874
0.00017504421896720622
0.00023178302961077564
0.0002174971427910823
0.00017504421896720622
0.0004244499520298578
7.248799195060827e-05
6.303987234016629e-05
0.00020314523947166248
0.0003720465967793285
0.00010409614983228119
0.0003357575003099969
4.62589593354638e-05
0.00029072137267427276
0.00015052070501567745
0.00010409614983228119
0.0005464758483775976
0.00013883332023215494
3.758930985216361e-05
0.00031097233074271904
3.204376096563298e-05
0.0004523641385835837
8.453723610550371e-05
0.00010069916466394221
0.00024818136710738663
0.00015699279331868776
0.0010423805499535266
0.000101370301192369
0.0001017230045551157
0.0002237512995975575
0.000267427134989533
0.0010929516967551952
0.00019820785962629508
0.0002928128576561862
0.00027047041460582654
0.000514522207301306
0.000101370301192369
0.0003303382422358439
0.0005464758483775976
0.0006685017447253372
0.0001934806458938109
3.533775794159578e-05
9.232449895042863e-05
0.0006685017447253372
0.00019660966288025886
0.00021951426652607175
0.0002983846011595524
0.00015779562784114855
0.00023851677352953497
1.3794167989758741e-05
0.0005776202549420844
0.0002735994315922745
0.00023452981299795775
0.0011830239520266433
0.0001950341363572874
0.0007849639665934389
0.0002868354876688744
0.0002587677315979813
3.570986132987568e-05
0.00012202589634773974
7.043103024845634e-05
0.0001724610151553582
0.000514522207301306
0.0005915119760133217
0.00015560698437348867
0.0005464758483775976
0.0008488999040597156
0.00010690951675505429
3.6083215488198676e-05
9.170570761451741e-05
0.0005464758483775976
0.0003749505010717533
0.00020314523947166248
0.0004375324385892904
0.0023660479040532867
9.582125857365419e-05
0.000825494538044025
0.0005464758483775976
0.0002768191572464997
0.00037537436987156804
0.000514522207301306
6.99226872214708e-05
0.0013370034894506745
0.00022339619754010873
0.0009607012679221045
0.0003303382422358439
0.00030661597798088263
0.0011830239520266433
0.0013370034894506745
0.00027164012867499695
0.00017612730314995028
0.00022543428697010244
0.00037537436987156804
0.00017257289908072888
0.0005915119760133217
0.00031097233074271904
0.00032517113581940224
0.0004131262649064869
0.00018177796288596559
0.00021008954792271485
0.0004375324385892904
0.0005915119760133217
0.00030242405568211807
0.0005464758483775976
0.00015479326089875997
0.0005915119760133217
0.00024324398726201918
0.00016505342028699078
0.00016993652563456683
6.11492265641855e-05
0.0003357575003099969
0.00037537436987156804
0.00011495881485719488
0.00031177516526517977
0.00018747525053587665
7.726034803588615e-05
3.0967118375762565e-05
8.281514335384939e-05
0.00016505342028699078
0.0005464758483775976
0.0003202337559740348
0.0002835529011652591
7.618470783819678e-05
2.0413226552412822e-05
0.00013767131981676171
0.00018039815933437836
9.170570761451741e-05
0.0005915119760133217
0.00012870897994292076
0.0004375324385892904
0.000514522207301306
0.00023851677352953497
0.00016625421855000355
0.00021008954792271485
0.00022339619754010873
8.281514335384939e-05
0.0003230540096350387
0.0005464758483775976
0.00016907447221100743
0.00016000604921334426
0.0008750648771785808
0.0013370034894506745
0.0006461080192700775
0.00010478819417394996
0.0006685017447253372
5.6402303164095654e-05
0.0002829380979654514
0.00016037598148588856
0.000102045517603164
9.29467569225512e-05
0.0018768718493578404
0.0012809350238961392
0.005348013957802698
0.00023398256203070337
0.0004523641385835837
0.00019660966288025886
0.0007354222827725768
0.0011830239520266433
8.289278074259794e-05
0.00024818136710738663
0.00011195666568296365
2.6131630633702564e-05
3.459727014890686e-05
0.0003303382422358439
0.000267427134989533
0.00013682293985955527
0.0013370034894506745
0.0003538089259585154
0.0001017230045551157
0.0002644152475028198
0.00013399915867945555
0.00046948607966558194
0.00030242405568211807
2.710638112026555e-05
0.0004302532315033116
0.00037537436987156804
0.00030661597798088263
0.000341454787959908
0.0006685017447253372
0.00020484103970158912
0.0009047282771671674
0.0006685017447253372
0.00032517113581940224
0.00032517113581940224
0.0002801350081836781
4.58498511104528e-05
0.0004244499520298578
0.00019820785962629508
0.00029072137267427276
0.0011830239520266433
7.837096651520825e-06
0.0002870793166347305
0.00030661597798088263
0.00024818136710738663
0.00017903528631517965
0.00018894643439497933
0.00010272486380360905
7.29156577069722e-05
0.00039249631095356627
0.00034746018331784215
0.00010548457737995336
0.0004897370377340282
0.0002768191572464997
0.00031097233074271904
0.00046948607966558194
0.00016152700481751936
0.00037537436987156804
5.746182545052089e-05
7.564667184483569e-05
5.2583595029212176e-05
0.00018602329838966425
0.00014811220796847902
0.0005464758483775976
0.0002768191572464997
0.0007354222827725768
0.002005505234176012
0.0005464758483775976
0.0006265859090907717
0.000885579329790147
0.0003034077555237305
0.0002810147481581333
0.0001255187060537402
0.0030029949589725443
0.0009532669785398764
0.00046948607966558194
0.00016967636978240674
0.00038389716713842106
0.00013674183525024149
0.00021189564881465524
2.5055748891148357e-05
0.00019820785962629508
0.00019820785962629508
0.00020656313245324346
0.00030009617702952886
0.0006685017447253372
0.000267427134989533
0.0004897370377340282
0.0006685017447253372
0.0006685017447253372
0.00017375139264060832
0.000514522207301306
0.000514522207301306
0.00023178302961077564
0.0004523641385835837
0.0001974194973209185
0.00034746018331784215
9.0478371839129e-05
1.2388723235721397e-05
0.0010929516967551952
0.00011269963004189131
0.001442170679509099
9.499080708300784e-05
6.209052675302631e-05
0.00016167874734034624
0.0002735994315922745
0.0006606764844716878
0.0001434177438344372
0.00022139483244753674
0.00022139483244753674
0.0005066969470476565
5.980162342856996e-05
0.0003677111413862884
0.00011195666568296365
0.0002644650192478923
0.0005915119760133217
0.0004127472690220125
0.000267427134989533
7.944904461779547e-05
0.0001896694492019308
9.420182968335533e-05
0.0002644650192478923
3.422886928872597e-05
0.000267427134989533
0.0009047282771671674
0.0003155065422415506
0.0001464064288280931
0.0006310130844831012
0.0006685017447253372
6.0215836554458184e-05
0.0004523641385835837
9.48347246009654e-05
0.0006685017447253372
7.726034803588615e-05
2.990081171428498e-05
4.542046794845214e-05
0.00016677242554774584
0.00038360574669289824
8.746808576459594e-05
4.4631490548799627e-05
0.0010614267778755462
1.1372867585939479e-05
0.00038612693982876227
0.0006685017447253372
0.00015479326089875997
0.00023178302961077564
0.00024085523374433546
0.00016037598148588856
0.00022984730180208355
0.0004127472690220125
0.00040216090453141785
0.00022543428697010244
0.0006685017447253372
0.0004897370377340282
0.00024085523374433546
0.00010548457737995336
0.0004897370377340282
0.00018602329838966425
0.0004523641385835837
9.420182968335533e-05
8.224699501779876e-05
0.000171191598395371
0.0006685017447253372
1.9121668307747466e-05
0.00016869547632653302
0.0003538089259585154
0.0002983846011595524
0.00030242405568211807
0.00034746018331784215
0.00031097233074271904
0.0006685017447253372
0.00016037598148588856
0.00016111956289839517
0.00014497598390121654
8.111934312392277e-05
0.00010409614983228119
4.58498511104528e-05
0.00037537436987156804
0.00017852889967597582
0.00023851677352953497
0.00031097233074271904
0.0003835538129687205
0.00023452981299795775
0.00040216090453141785
0.00018602329838966425
6.447928027071005e-05
0.0004244499520298578
0.0001950341363572874
0.0006685017447253372
0.00011726490649897888
0.0009794740754680564
0.0003202337559740348
0.0002870793166347305
0.0002014749409655352
0.0009389721593311639
0.0004215108558812073
0.00013490588010263963
8.281514335384939e-05
0.00017635870481181264
0.00027164012867499695
9.61114370197631e-05
0.00015588758263258989
0.00012700013458319818
0.0004897370377340282
7.823221438338688e-05
0.00010409614983228119
0.00013582453136977416
0.00029448691150309793
0.0007161411452607186
0.00023622653244183004
0.0005464758483775976
7.511394776598853e-05
0.0006685017447253372
0.000101370301192369
0.00011269963004189131
0.0001638654650323198
0.0001934806458938109
0.0004273173687004577
0.0002644650192478923
6.264968186281152e-05
0.00015022789553197706
0.00034746018331784215
0.00010003205900984293
0.0006685017447253372
0.0003325084371000071
0.00037537436987156804
0.00026157985034515856
0.0004523641385835837
0.00031097233074271904
0.0006685017447253372
0.0006685017447253372
0.0002768191572464997
0.0004523641385835837
0.0006685017447253372
0.0006404675119480696
0.0004375324385892904
0.000514522207301306
0.0006685017447253372
0.0005915119760133217
0.0006685017447253372
0.00034746018331784215
0.0006685017447253372
0.000514522207301306
7.300824000954768e-05
0.00024085523374433546
0.0005915119760133217
0.0006196893973597305
0.00024083223612377186
0.00030661597798088263
7.248799195060827e-05
0.00048648797452403836
0.0001464064288280931
0.00040216090453141785
9.805445025519059e-05
0.00014050737407906666
0.00024818136710738663
0.00046948607966558194
0.00045502094745538616
7.564667184483569e-05
0.00022339619754010873
5.30183226194665e-05
0.0002826054890500661
0.00039249631095356627
0.0013370034894506745
0.00022962620926886697
0.00021189564881465524
0.0005915119760133217
6.593758687543387e-05
0.00010003205900984293
7.09417104929769e-05
0.0002768191572464997
0.0009794740754680564
0.000514522207301306
0.0004349942855821646
0.00015699279331868776
0.00040216090453141785
0.0004244499520298578
0.000514522207301306
0.0005898289886407767
0.00022339619754010873
9.740299526442846e-05
7.141972265975136e-05
0.00019820785962629508
0.00023622653244183004
0.0004523641385835837
0.000180956743678258
0.00015370961564473067
0.0002014749409655352
0.00018341141522903483
0.00036054266987727474
0.00013955395399741882
0.0005898289886407767
0.0003677111413862884
0.0002983846011595524
9.232449895042863e-05
0.0006685017447253372
0.00019820785962629508
7.889781392057428e-05
0.00016625421855000355
0.0006685017447253372
0.00019982938853448407
0.0003202337559740348
0.0002801350081836781
0.0001304445270895428
0.0001974194973209185
0.0002174971427910823
0.000514522207301306
0.00021189564881465524
0.00032517113581940224
0.0009198479339426479
0.0010072725009299909
0.0011774889328606988
0.00016993652563456683
0.000171191598395371
0.00010003205900984293
0.00022751047372769308
0.00019043736627751736
0.00012448517225351958
0.00013767131981676171
1.9443152634985953e-05
0.0004897370377340282
0.0002768191572464997
8.926444983798791e-05
8.281514335384939e-05
0.000267427134989533
0.00019043736627751736
0.00022751047372769308
0.0005915119760133217
0.00011195666568296365
0.0004375324385892904
0.00016746814055114466
0.00029448691150309793
0.0005915119760133217
0.00031097233074271904
0.00023851677352953497
6.99226872214708e-05
0.00022339619754010873
0.0001950341363572874
0.00037537436987156804
0.00016625421855000355
8.926444983798791e-05
7.405610398423951e-05
0.0002014749409655352
0.00024085523374433546
0.00036054266987727474
0.0002870793166347305
0.0002587677315979813
0.00023452981299795775
0.0003677111413862884
0.00011804436764527175
0.0003357575003099969
0.0002284012721881806
0.0004244499520298578
0.00016505342028699078
4.874576673638397e-05
0.0010929516967551952
1.5956988210535565e-05
0.000514522207301306
0.0006685017447253372
0.0006685017447253372
0.0006685017447253372
0.0003155065422415506
0.00034746018331784215
0.000341454787959908
0.00031097233074271904
0.00011344759756550175
0.0002870793166347305
0.0013370034894506745
0.00019660966288025886
0.0001464064288280931
0.00012365934869080892
0.0003538089259585154
0.0005464758483775976
0.00010903352967764862
0.0002507348762906605
0.0004897370377340282
0.00022339619754010873
0.00037537436987156804
0.00015588758263258989
0.00022339619754010873
0.0001304445270895428
0.00022751047372769308
0.00018894643439497933
0.0003677111413862884
1.1672659286208232e-05
0.00012957336374122783
0.0002644650192478923
0.00022243727600148322
0.0004127472690220125
0.00036054266987727474
0.00029072137267427276
0.00031097233074271904
5.929022488521758e-05
0.00025602505502719526
0.0006685017447253372
0.00010689058042630061
4.675068458810708e-05
0.00032517113581940224
8.281514335384939e-05
0.0006310130844831012
0.00011649087718179525
0.0006685017447253372
0.0004127472690220125
0.00017635870481181264
0.00013955395399741882
0.0006685017447253372
0.00017635870481181264
0.00013955395399741882
0.00029448691150309793
0.00036054266987727474
0.00024568524503854874
0.0004244499520298578
0.002005505234176012
0.0003155065422415506
0.0006685017447253372
0.0004244499520298578
0.0006685017447253372
0.000341454787959908
7.197016929935136e-05
0.00016152700481751936
8.281514335384939e-05
0.00012870897994292076
0.0006685017447253372
9.109034450303955e-05
0.0004375324385892904
0.00021373160396225712
0.0001061853541999096
0.00013285595024484307
0.0004127472690220125
0.0005464758483775976
0.00011269963004189131
3.911610719169344e-05
8.986975246691552e-05
4.027513778696322e-05
4.544224420340489e-05
0.0007726034803588616
0.00017903528631517965
0.0002835529011652591
0.00015588758263258989
0.0005464758483775976
0.0005464758483775976
0.00048648797452403836
0.0013370034894506745
0.0003538089259585154
0.0005464758483775976
0.0006685017447253372
0.0006685017447253372
0.00045502094745538616
0.0006685017447253372
0.0009389721593311639
0.00024324398726201918
0.00037537436987156804
0.0006685017447253372
0.0001626900809685988
9.870974866045925e-05
2.884464441389199e-05
0.00018747525053587665
0.00025602505502719526
3.0967118375762565e-05
0.0002735994315922745
0.00011495881485719488
6.772337256970035e-05
0.0004897370377340282
6.99226872214708e-05
0.0003749505010717533
0.0002989555213252478
0.000574158633269461
0.0017501297543571616
0.0002360887352905435
0.0006685017447253372
8.055978144919759e-05
7.405610398423951e-05
0.00015263644055685136
0.0004375324385892904
0.0005464758483775976
0.0001351083829071723
0.0002801350081836781
5.883029562548284e-05
0.0003357575003099969
0.0005915119760133217
0.000514522207301306
0.0006685017447253372
0.00030661597798088263
0.0003357575003099969
0.0002052344097893329
0.00039249631095356627
0.00021189564881465524
0.00015003109761354766
0.00048458101445255817
0.001079247040821117
0.0001523639265571107
0.0005432981254790966
9.740299526442846e-05
0.001322076237514099
0.0006685017447253372
0.00014050737407906666
0.0003155065422415506
0.0024764836141320753
0.00025334847352382825
0.00037537436987156804
0.0002626451543521771
0.00030661597798088263
9.48347246009654e-05
0.0003155065422415506
0.000244596906256742
0.0003357575003099969
0.0005915119760133217
0.00031097233074271904
0.000547198863184549
0.00022962620926886697
0.00026981176020527927
0.0006685017447253372
0.00024568524503854874
0.00030661597798088263
0.00046948607966558194
0.0005915119760133217
0.0004375324385892904
0.0002735994315922745
0.0006685017447253372
0.0003538089259585154
0.00029448691150309793
0.00040216090453141785
0.0006949203666356843
0.00017257289908072888
0.00035008843793441245
0.00031097233074271904
0.0006685017447253372
9.109034450303955e-05
0.0001017230045551157
0.00031097233074271904
0.00018317512291192523
0.00027047041460582654
0.0009465196267246519
0.0005915119760133217
0.0004523641385835837
0.0005464758483775976
0.00234743039832791
0.00029448691150309793
0.0005464758483775976
0.0005915119760133217
0.00037537436987156804
0.00046948607966558194
0.0004523641385835837
0.00015370961564473067
0.0006685017447253372
0.0002587677315979813
0.0005915119760133217
0.0001444050637355211
0.000101370301192369
8.281514335384939e-05
0.0003155065422415506
0.00025334847352382825
0.00021189564881465524
8.000302460667213e-05
0.0006685017447253372
0.0006685017447253372
0.0001724610151553582
0.00011495881485719488
0.00015370961564473067
0.00025602505502719526
0.00018317512291192523
0.0003538089259585154
0.0005915119760133217
0.0004127472690220125
0.000514522207301306
0.0005464758483775976
0.0004244499520298578
0.0006685017447253372
0.0005464758483775976
0.0006685017447253372
0.0002014749409655352
4.42283222022638e-05
0.00016993652563456683
0.0002507348762906605
0.00013767131981676171
0.0006685017447253372
0.0003357575003099969
0.00033739095265306605
0.00018602329838966425
0.0003357575003099969
0.0001322076237514099
0.00029448691150309793
0.00018317512291192523
0.000514522207301306
0.0001434177438344372
0.0004127472690220125
0.00040216090453141785
0.000514522207301306
0.0004375324385892904
0.00021008954792271485
0.0003155065422415506
0.0005464758483775976
0.0002174971427910823
0.00025602505502719526
0.0001638654650323198
0.00022139483244753674
0.0006685017447253372
0.0010929516967551952
0.0006048481113642361
0.0005289300384957846
0.000682909575919816
0.0009794740754680564
0.0011830239520266433
0.0013370034894506745
0.0011830239520266433
0.000682909575919816
0.0005536383144929994
0.0006685017447253372
0.00046948607966558194
0.0004897370377340282
0.00046948607966558194
0.0002735994315922745
0.00015923676372981438
0.00012870897994292076
0.0005915119760133217
0.0006685017447253372
0.0005915119760133217
0.001150817240078695
0.00025334847352382825
0.0006685017447253372
0.0004127472690220125
0.0002507348762906605
0.00038360574669289824
0.00022543428697010244
0.0006685017447253372
0.00035008843793441245
0.00030661597798088263
0.0002983846011595524
0.0005464758483775976
0.0004375324385892904
0.00029072137267427276
0.00037537436987156804
0.000514522207301306