0.002162878852321652
0.0036083976537708245
0.0026814906511885383
0.0037823638135972646
0.0009641743362880353
0.00014652891741491868
0.0015158664175940163
0.000841620213564141
0.003980387660650143
0.004984709078932646
0.00511747667554118
0.0015271750746432033
0.00010086748643945266
0.0003047663749593031
0.005374088245953183
0.0003449550206008973
0.0011405175431182897
0.004532211482899059
0.0014899974427366842
0.00034026071590293036
6.73845382149016e-05
0.00019008625718638163
0.00011322902443860124
0.00012835069489422265
7.89165956352868e-05
0.0005617679618363415
0.0010392010325721561
0.00022455335682593797
0.0038860717529535915
0.00044226529562779374
0.00041330932067290023
0.00010880299074342847
0.00018260720874465247
0.0034514878602276717
0.00015724955623340277
0.002244057416998637
0.002684490557954856
0.0002875650650489667
0.02095818926153973
0.00014314342189346947
7.103340082134012e-05
0.00041333638821067795
0.000200220094956771
8.04758258212184e-05
0.000168461345537254
0.00012794958910550998
9.815050506991067e-05
1.570865544917248e-05
0.00014698504349282778
0.0001115886606463084
0.00024088885848232592
0.001084936966766363
0.00023672914477746836
0.0003975189441140315
0.0002560218657569354
0.0006353484372567888
0.00025635906405627667
0.0001468445906600827
6.525994107704316e-05
0.0002900588539347667
3.489378468277569e-05
0.00018154970920251446
0.00023772028677557217
8.639760497044863e-05
0.0002715239820089726
0.004665614635009975
0.0003826180962938163
0.000551836258657075
0.00018154970920251446
0.0026897609003662245
0.01042282348891912
4.415424770525422e-05
0.0005597094169552344
0.0006391644185606798
0.00042830533652417975
0.0008721061240837918
0.0002630957328850225
0.0002048174926055483
4.582045010592478e-05
0.00020829667340573136
0.0005458357153192568
0.00015349073653678883
8.117380399194709e-05
0.0013289114096494423
0.0001676081707842943
0.00023472659147622115
0.00022890429000985604
0.00031950773589514795
0.00035551313549408157
0.00068796366867699
0.00246633723925255
0.000623935507672325
0.007074131946978703
4.022694467545072e-06
5.6465693466507256e-05
0.0003537993209660341
0.00020327285388974624
0.00023081511966375028
0.0014116724290997068
0.0010689326999478999
0.00013258008985339361
0.00030363299812716314
0.00033622011254577807
0.00011729566162657622
9.967304888233514e-05
9.119384131472025e-05
0.00020806270368655677
0.0005797642162962844
0.0007532685365637086
0.00015201210121075533
0.00038475164868104905
0.0008660008604767967
0.0005290174557615059
0.0005290174557615059
0.0010580349115230118
0.0012559971825028876
0.0005097244328132024
0.00032348130491118053
0.00040625989602886006
0.0006157696158952181
0.00037222551214471174
0.0004930120561625722
0.00042917008769169623
0.00021124732841362474
1.0723492245569384e-05
0.0003047663749593031
0.0031741047345690354
0.001085583820104152
0.0006924453589912509
0.0005877230547414251
0.00033622011254577807
0.00032758517785487224
4.848346357419933e-05
0.0008599545858462374
0.00013363120340842486
0.00017689966048301705
0.0001957761875021618
0.0005290174557615059
0.000245076031214159
0.0007532685365637086
0.0003454952374366718
0.00014422469278612386
0.000559302101089269
0.00033686342604660486
0.001512488127353397
0.000192714738996562
0.0009040116119386807
0.00040965523624445275
6.89030189815462e-05
0.00035551313549408157
0.0002854733520109996
0.00028252834763587396
0.00025874307730295963
0.0006665163764299966
0.00011558620045810799
0.0001312620546918788
0.00021310020246402035
0.00037222551214471174
0.00023275557576143575
8.167955288959031e-05
0.000432247397570384
0.00017689966048301705
0.00031000229115800843
0.00019753550756382784
0.0008286746759771688
0.00018407815314955403
3.794449129734863e-05
0.0012967421927111518
0.00013039591344123755
0.0006665163764299966
0.00023472659147622115
8.226576900211281e-05
0.0001957761875021618
0.0005290174557615059
0.00035631505895015515
0.00037222551214471174
0.0006665163764299966
0.0007532685365637086
0.0007532685365637086
0.00017689966048301705
0.00012279491916465014
0.00027273195234494695
0.0002796510505446345
0.00034195225662220376
0.0003166477421608938
0.00015888545055591787
2.144698449113877e-05
0.00037833193838965074
0.00017815752947507757
0.00014310389804619739
0.0003318281913478712
8.014732406804e-05
0.00032767656662213934
0.0001374989206684906
0.0010349723092118385
0.0011418934080439985
0.0013798200824035893
0.00039151853509301524
0.00010126534067597686
0.00017565430780790392
6.577393322125563e-05
0.0005797642162962844
6.264659570960417e-05
0.0005174861546059193
0.003402968478270569
0.00014406295953003817
0.0005797642162962844
0.0007532685365637086
0.00010902402736844962
0.00013933949665160316
9.923022410897776e-05
0.004078398337308529
0.00016029464813608
7.963725276751559e-05
0.0001873354451096582
0.00042645638962843165
0.00021664168076476937
0.0001719909171692475
0.000432247397570384
0.00037222551214471174
7.652361925876326e-05
2.5216871609863166e-05
0.001655508775971225
0.0008286746759771688
8.04758258212184e-05
4.1649900823912576e-05
0.0013621331743664136
0.0003188149749408977
0.00010058328497594603
0.00043952937934120686
0.0002854733520109996
0.00014884266811160962
9.252073880635822e-05
0.0004531553708120588
4.1878882868879534e-05
0.00015271750746432032
0.00015304723851752652
0.001343804876801847
0.00018598238424268992
0.00011850251098802283
0.0005290174557615059
0.0007532685365637086
0.00032758517785487224
0.0003608397653770825
0.0007532685365637086
0.0007532685365637086
0.0001150082360517783
0.0030130741462548343
0.00025172309290542514
0.0012326468606995834
0.001247102706325543
0.0008828408759736492
0.0013258544109433841
3.246952159677884e-05
0.0002979994885473369
0.00019284564685723133
0.0002540196144245247
0.000530733651386051
0.00027408760524337035
0.0003132329785480208
0.00032100113575769253
0.0003359070952307259
0.0003454952374366718
3.666482352793955e-05
0.00023125836953207253
9.39596806760355e-05
0.0001583238710804469
0.00023572437111917587
8.404107410436597e-05
9.786572101325238e-05
1.766169908210169e-05
0.0005561312928852963
0.00016843171302330243
0.0015238318747965154
6.89030189815462e-05
4.190204269607358e-05
0.0003608397653770825
5.691673694602294e-05
0.0012146827236800071
0.0008845305912555875
0.0005341754199517864
0.00045073750174652453
0.0004653846056053646
7.540613941346015e-05
0.002742897374633728
0.0005063267033798843
0.0011349958151689523
0.0003166477421608938
9.875317782456072e-05
0.0015065370731274172
0.00016271579227835378
0.0006665163764299966
0.000551836258657075
0.0007532685365637086
0.0021063314027500637
0.0031741047345690354
0.0004930120561625722
0.0006665163764299966
0.00021290506008195078
0.0008845305912555875
0.0001509904064658995
7.429854889998459e-05
0.00015201210121075533
0.00022159987896972698
8.285474378885237e-05
5.6351737912485235e-05
0.00010610348234793153
0.0006157696158952181
0.0007532685365637086
0.00023081511966375028
0.0006157696158952181
0.00021124732841362474
5.212464870364942e-05
0.0001616032790756915
0.00035701251426868756
0.0030130741462548343
0.0002854733520109996
0.0007532685365637086
0.0005260143880982774
0.0002392995590326493
0.0005290174557615059
0.00015530233325127292
0.0006157696158952181
0.0005323606581253922
0.00047345828955493673
0.005912741457928127
0.0001971771012176241
0.00031419753853069904
0.00024083301772116007
0.0019995491292899895
0.0015065370731274172
0.0002687609753603694
0.0002494679524120659
0.00010468135404832707
3.926020202796428e-05
0.0005290174557615059
0.00037833193838965074
0.0005797642162962844
5.12598412230817e-05
4.2355677672034506e-05
0.00032767656662213934
0.000551836258657075
0.00044226529562779374
0.00019578326951722727
0.0006665163764299966
0.00012953572509845303
0.0019778822070354307
0.00030829215490656874
0.00028021104268319134
0.00048602557128003983
2.3266046038266404e-05
0.0004782706952267274
0.00021801421482559098
0.00044226529562779374
0.0003542263739655427
0.0006157696158952181
0.0007532685365637086
0.0004930120561625722
0.0001583238710804469
0.006191714138789111
8.990176354927098e-05
0.00022455335682593797
0.00013568502064033834
0.00023081511966375028
0.00022890429000985604
0.00026117338495047055
0.002259805609691126
0.001310340711419489
0.00012699007304432135
0.000147974431342509
0.00041922253412310503
0.0002675893773015567
0.000245076031214159
0.0005661098814596331
0.000551836258657075
0.0012315392317904363
8.642584028251407e-05
0.0001672674542908125
0.0002818790420281065
0.0005174861546059193
0.00025874307730295963
0.0007532685365637086
0.0002473489285639598
2.8232846733253628e-05
0.00042297227267949024
0.0002796510505446345
0.000864494795140768
0.00046508409852336286
0.00036401763045331456
0.00027408760524337035
0.0003608397653770825
0.00039151853509301524
0.0007532685365637086
0.0006157696158952181
0.0005797642162962844
0.00027683841732009385
0.00037833193838965074
0.0013330327528599932
0.0001575779291273492
0.0006157696158952181
0.0005840136625108943
0.0006144828543666791
0.0002884893271343901
0.0005481752104867407
2.6339362642579062e-05
0.0004143373379885844
0.00023672914477746836
0.00011729566162657622
0.0004531553708120588
0.0007532685365637086
0.0017274761871833588
0.000551836258657075
0.00013546661109560583
0.00021458504384584811
0.0005797642162962844
9.789163475861363e-05
0.0006665163764299966
0.00044226529562779374
0.00032100113575769253
0.00026117338495047055
0.0003407717745582368
0.0007532685365637086
0.0005797642162962844
0.00020454896425871019
0.00028620779609239477
0.0005097244328132024
0.00010589060061250422
0.000551836258657075
0.00010902402736844962
2.9711214651063096e-05
0.0006157696158952181
0.0004034743340013559
0.0006157696158952181
0.00013933949665160316
0.00011322902443860124
0.0003664032106783467
0.00015512820186845488
0.0001224445424175937
0.00032348130491118053
0.0007532685365637086
4.02379129106092e-05
0.00018331937077441539
0.00020961126706155252
0.0004478761269743013
0.0004143373379885844
0.0007532685365637086
0.0002636518206167292
0.00037222551214471174
8.216144715684764e-05
0.0001348356701516515
7.049739609969059e-05
0.0007695032973620981
0.00023150098989747054
0.0001707932342380781
0.0001707932342380781
0.0002467973070063384
0.0005097244328132024
0.00015724955623340277
0.00019432927067938058
0.00023672914477746836
0.00019432927067938058
0.00046508409852336286
5.166366508411253e-05
0.000382969345954557
0.00018331937077441539
6.680829374674374e-05
0.0025934843854223035
9.206936157450124e-05
0.0003407717745582368
0.0008898100686164743
0.0001957761875021618
0.000494912798315139
0.0003614236816194953
0.00022245251715411856
0.00019008625718638163
2.300164721035566e-05
0.00010424929740729885
0.0003017498549278381
0.000382969345954557
0.0005536768346401877
0.000542791910052076
0.00039903758861067375
0.00015499099525233758
0.0004128038793000736
0.0007532685365637086
0.0007532685365637086
0.0004143373379885844
0.0007532685365637086
0.00044226529562779374
0.0002494679524120659
0.00037222551214471174
0.00034884244963351676
0.0007532685365637086
0.00012324217073527146
0.0002485642313665571
0.00020390226737233106
0.001488902048578847
0.0019237582434052452
0.00025635906405627667
0.0007110262709881631
0.00045033597070307364
9.722767080773055e-05
3.923484164394748e-05
0.0010254362562251067
0.00013039591344123755
0.0003449550206008973
0.00010126534067597686
0.0007126301179003103
7.103340082134012e-05
0.0003047663749593031
0.00019872119187728745
5.9741107043836905e-05
5.2887843599892765e-05
0.0001010768073223524
0.00044226529562779374
5.2678725285158124e-05
8.344650333670793e-05
0.0006665163764299966
0.00046508409852336286
7.936176607246812e-05
0.00024083301772116007
0.0007532685365637086
0.0006665163764299966
0.00010333409705266949
0.0004782706952267274
0.0007532685365637086
0.00025874307730295963
6.322482451004406e-05
0.0007532685365637086
7.936176607246812e-05
0.0001707932342380781
0.0007532685365637086
0.0001402700355940235
0.0004108072357842382
0.0004143373379885844
0.0004782706952267274
0.0007532685365637086
0.0008125197920577201
0.00023876426134446745
0.0007532685365637086
1.3959627622959844e-05
0.00010058162999758304
0.0005966712992487473
0.00010227448212935509
0.00039867230561896116
0.00019008625718638163
0.0004930120561625722
0.0001873354451096582
0.0007532685365637086
1.3152765939214465e-05
1.7629281199964257e-05
0.00029397008698565556
2.1546317891438792e-05
0.00042297227267949024
0.0013330327528599932
0.00026117338495047055
4.7125966347517435e-05
0.0001224445424175937
0.00022153999477285657
0.0001378060379630924
0.0015065370731274172
8.930560086696579e-05
9.525665509294512e-05
0.00024293654473600144
5.683035001088997e-05
0.00017780429534838355
0.0002032930440329349
0.00018071184080974766
0.0006665163764299966
0.0004930120561625722
0.00028252834763587396
7.059373374166948e-05
0.0003504039807504414
8.131721761317398e-05
0.001124012670657949
1.588854505559179e-05
0.00012217400597145625
0.000311920145485249
0.00019872119187728745
0.0005959989770946738
0.0001690552137374557
0.0003407717745582368
4.3643753307525397e-05
0.00029474847690189336
0.0004782706952267274
0.0006310325024451343
0.00013361658749348748
0.00025391544878819753
0.0007136579358031586
6.272117428828037e-05
0.0001430750276884483
0.0008845305912555875
0.00030829215490656874
0.00021652954648368293
0.00035551313549408157
6.07958942098135e-05
6.5795238765225e-05
0.0003151558582546984
0.00045404439145547125
0.00013933949665160316
0.00015530233325127292
0.00029474847690189336
0.00011048786757861534
6.122227120879685e-05
0.0001957761875021618
0.00030155417736301527
0.00022702219572773562
0.0002661803290626961
0.0021160698230460236
0.000311920145485249
0.00015224028160433536
0.0008939984656420106
0.00021976468967060343
0.00033622011254577807
0.0007532685365637086
0.0005894969538037867
0.000269671340303303
0.0013448804501831123
0.0007532685365637086
6.629004492669681e-05
7.265532733673668e-05
7.708612317735751e-05
0.00039867230561896116
0.0003407717745582368
0.000721679530754165
0.0009827555335646166
0.0003454952374366718
0.0007532685365637086
0.0007532685365637086
0.00013568502064033834
0.0002796510505446345
0.00041893005137426544
0.00033622011254577807
0.00017775376648203426
0.000280540071188047
0.00022702219572773562
0.00012343982731702078
0.00022153999477285657
0.0009063107416241176
0.0006700225341257757
0.00010985357229928609
0.0007532685365637086
0.00018701042282542665
0.00021801421482559098
2.8998334815023114e-05
0.0002233408447085919
5.4926786149643047e-05
7.374840774513411e-05
9.656721064070322e-05
0.0010580349115230118
0.0007008079615008828
7.757828057399218e-05
0.000271395955026038
9.722767080773055e-05
0.00023275557576143575
0.0002064019396500368
0.0007532685365637086
0.00035551313549408157
0.00018504147761271643
0.0004660827750241363
0.002395622961564265
0.0025964039442095107
0.0003608397653770825
0.00021628788523216522
5.683035001088997e-05
4.450989455816666e-05
0.0011542549460431472
0.0012315392317904363
0.0003614236816194953
0.0015065370731274172
0.0015065370731274172
0.0015870523672845177
3.177709011118358e-05
0.00015262154855765327
9.306418415306563e-06
0.00013258008985339361
0.0003454952374366718
0.0006665163764299966
9.923022410897776e-05
0.00016050056787884627
0.00010685987699993509
0.00016271579227835378
0.0004531553708120588
0.0007532685365637086
0.00029200683125544716
0.0006157696158952181
0.00015304723851752652
0.00016453153800422563
3.250217857588406e-05
0.0001489717028438077
6.837604173474272e-05
0.0005290174557615059
6.493904319355768e-05
8.131721761317398e-05
0.0005711208611846727
0.00033622011254577807
0.0005290174557615059
0.0004034743340013559
0.00044226529562779374
0.00025907145019690605
0.0002823749349666779
0.00015304220506040896
0.0007532685365637086
8.556712992948178e-05
0.00040625989602886006
8.990176354927098e-05
0.0006819100562842827
7.265532733673668e-05
0.0018156345030061014
0.0017392926488888532
6.373050968772435e-05
2.336813915953069e-05
0.00024083301772116007
0.00014310389804619739
0.00010927864858975061
0.0006815435491164736
0.000623840290970498
6.577393322125563e-05
9.591021747214456e-05
5.418664443824234e-05
2.1908566801958237e-05
0.00018663239799051942
0.00010832084038238469
0.00027408760524337035
0.0001489717028438077
0.0001365886845748797
0.0006157696158952181
0.00017689966048301705
0.00021371975399987018
6.122227120879685e-05
6.99636771194043e-05
4.538207168502196e-05
7.103340082134012e-05
0.00024293654473600144
0.0011312229535298402
0.00012044442924116296
0.0006519795672061877
6.732869745373577e-05
1.5198973552453375e-05
8.81521493484273e-05
6.99636771194043e-05
0.00040794086783569824
0.0001220490270045469
0.00014600341562772358
9.01475003493049e-05
0.00014698504349282778
8.216144715684764e-05
0.00015304220506040896
0.00017442122481675838
0.00018200881522665728
0.00014600341562772358
0.00021290506008195078
0.00028252834763587396
0.00019051331018589025
0.0010194488656264048
0.0002796510505446345
0.0005539313846769774
7.87889645636746e-05
0.00021290506008195078
0.00021290506008195078
0.0001621921394584806
0.0011960169168568834
2.4474098443347115e-05
0.0002540196144245247
0.0005290174557615059
0.001373425740059136
0.0003746708902193164
0.000147974431342509
0.00021782153918732246
0.00015940748747044885
0.0002884893271343901
0.00014859709779996917
0.0005174861546059193
8.523875703553533e-05
0.00037833193838965074
7.765116662563646e-05
0.00013841582521782468
7.320067421791967e-05
0.00044226529562779374
0.000200220094956771
0.0005797642162962844
0.0004531553708120588
0.0017781373009716724
0.00027408760524337035
2.0824950411956288e-05
8.10960697292403e-05
0.0005481752104867407
0.00015512820186845488
0.00020482761812222637
0.0004782706952267274
0.00010975380734406782
0.00027683841732009385
0.00021801421482559098
0.00022289564669995373
0.00021976468967060343
0.00027408760524337035
0.0006665163764299966
0.00110367251731415
0.0002392995590326493
0.0002494679524120659
5.1179835642204e-05
0.00014600341562772358
0.0006665163764299966
0.00017442122481675838
4.4543734469474955e-05
2.562992061154085e-05
0.00010829847802515094
0.000551836258657075
0.0002661803290626961
0.0003188149749408977
0.00018200881522665728
0.0010569328452612963
0.00012783288371213597
0.00010424929740729885
0.00016960690392256453
0.0006724402250915561
0.00018407815314955403
7.192141083941679e-05
0.00036857732078352114
0.0008564200560329988
0.0002494679524120659
0.0003156564501435682
0.0010226630696970878
5.398575230878789e-05
0.00021659695605030188
0.00016843171302330243
0.0004236226347916283
0.0003013372039795603
0.000276117229724331
0.0015390065947241962
0.00022693586964611762
0.00028241508986108553
0.00011271623940302188
0.0004143373379885844
3.570125142686876e-05
0.00038475164868104905
0.00020327285388974624
0.002259805609691126
0.00021628788523216522
0.00026117338495047055
4.662985317575506e-05
5.4455384796830616e-05
0.00041922253412310503
0.0005539313846769774
0.000164970932771713
5.8277266833671184e-05
9.722767080773055e-05
0.0002494679524120659
0.00010685987699993509
6.785127404263156e-05
0.0001846437948923258
0.00025874307730295963
0.00015512820186845488
0.0004930120561625722
0.00046508409852336286
0.00013841582521782468
4.538207168502196e-05
0.0007532685365637086
0.0005797642162962844
0.0006665163764299966
0.00040625989602886006
0.0005290174557615059
0.000551836258657075
0.00022890429000985604
0.00013933949665160316
0.00016808214820873194
0.0001421521298761439
0.0007532685365637086
0.0007532685365637086
0.00015512820186845488
0.00010058328497594603
0.00016383828331106967
0.00025172309290542514
0.0001583238710804469
0.00021976468967060343
0.0002667064430225753
0.00012953572509845303
0.00021371975399987018
0.00018200881522665728
0.000432247397570384
6.943222446857713e-05
0.0006665163764299966
3.570125142686876e-05
0.00021659695605030188
0.00031950773589514795
0.0006829434228743985
0.00028252834763587396
0.0002636518206167292
0.00039423655946924514
0.0008948301859849518
0.00010264070518930394
0.00044226529562779374
8.471135534406901e-05
0.00010829847802515094
0.00016960690392256453
0.000200220094956771
0.00020327285388974624
0.0015065370731274172
0.0013330327528599932
0.0004665809949762985
0.00034884244963351676
0.00016960690392256453
0.0006665163764299966
0.00042297227267949024
0.00012145319925086528
0.00045297121939769845
9.789163475861363e-05
0.00012699007304432135
0.0001719909171692475
0.0006420022715153851
0.0022657768540602936
0.0004531553708120588
3.856912937144627e-05
0.0015065370731274172
0.0015065370731274172
0.00012532128950515844
3.093279235481185e-05
0.00017815752947507757
0.0007830370701860305
0.00021976468967060343
0.00018200881522665728
0.00023876426134446745
0.0007178593518474747
0.00028812591906007633
0.00020666819410533897
0.0001224445424175937
0.00016335910577918063
0.00016478035844892913
0.00040625989602886006
0.0003366434872686788
8.890214767419177e-05
0.00017775376648203426
7.87889645636746e-05
5.6351737912485235e-05
0.00020806270368655677
3.171502559622134e-05
9.517896367203996e-05
0.00021458504384584811
0.0005290174557615059
0.00019289889041092237
0.00018200881522665728
0.00012699007304432135
0.0005797642162962844
0.00012449516827991257
0.00021124732841362474
4.065860880658699e-05
0.0007532685365637086
0.00029397008698565556
8.329980164782515e-05
9.331619899525971e-05
0.000271395955026038
0.000271395955026038
0.000551836258657075
0.00015724955623340277
0.00039151853509301524
6.99636771194043e-05
0.00019711827973462257
0.00015724955623340277
0.000578696671232767
0.00017904655011849007
0.0007532685365637086
0.000432247397570384
0.0006095327499186062
0.0003156564501435682
0.00019872119187728745
0.0003656214773654618
0.00021290506008195078
0.0004945054560251169
0.00024725272801255844
0.00039867230561896116
5.7310799396325995e-05
4.7144874223835184e-05
0.00031025640373690975
7.485111894197933e-05
0.00011346793482305881
0.00024899033655982513
0.0006163234303497917
0.00039867230561896116
0.0006390154717902959
0.00021976468967060343
0.0001672674542908125
0.00021290506008195078
0.0005290174557615059
5.398575230878789e-05
0.00038475164868104905
0.0005097244328132024
0.00027408760524337035
0.00021458504384584811
0.0002494679524120659
0.00030829215490656874
4.407607467421365e-05
0.00016383828331106967
0.00013478783463914443
0.00018200881522665728
0.00020327285388974624
0.0004143373379885844
0.00011807545798851423
0.00017442122481675838
0.00033146360273584604
0.00025566576742427194
0.00038475164868104905
0.00032100113575769253
0.00032758517785487224
0.0001402700355940235
0.00016050056787884627
0.0001399273542388086
0.00011558620045810799
0.0003482281969110258
7.708612317735751e-05
0.0002233408447085919
1.903951483811142e-05
0.0001873354451096582
3.054350149286406e-05
0.0001828107386827309
0.00048166603544232015
0.00021124732841362474
0.0002854733520109996
7.265532733673668e-05
5.876331370166417e-05
0.0003407717745582368
0.0006469626098223611
0.00015940748747044885
0.0005290174557615059
0.00037833193838965074
2.0824950411956288e-05
0.00010264070518930394
0.00021801421482559098
0.00022153999477285657
1.0475510674018394e-05
0.00018870329381987772
0.0002661803290626961
0.000187919361352071
0.00038017251437276326
0.00027408760524337035
0.0001616032790756915
5.925125549401142e-05
0.000551836258657075
0.00023081511966375028
7.374840774513411e-05
0.00010975380734406782
0.00032348130491118053
0.0001261528999482386
0.00015724955623340277
0.0002233408447085919
0.0005223467699009411
0.00013301252953689126
6.272117428828037e-05
0.0002796510505446345
0.00010195113368616553
9.591021747214456e-05
3.0155417736301532e-05
0.00024725272801255844
0.000323206558151383
5.779310022905399e-05
0.00020173716700067794
0.00019008625718638163
0.0013594661124361762
0.00031950773589514795
3.108656878383671e-05
0.0006636563826957424
0.00018870329381987772
9.077485460125723e-05
3.6106946794128236e-05
0.00012343982731702078
0.00030829215490656874
0.00018535201759054362
0.0005290174557615059
0.0007532685365637086
0.0007532685365637086
0.0008691048957663288
8.285474378885237e-05
0.00021290506008195078
0.00039867230561896116
6.680829374674374e-05
0.00020961126706155252
4.538207168502196e-05
0.00025172309290542514
0.0001972400277123275
0.0001228591069278404
0.00016271579227835378
0.001032009698250184
0.00044226529562779374
0.0004989359048241318
0.0004930120561625722
0.0005290174557615059
0.00024725272801255844
0.00010685987699993509
0.01129902804845563
0.0002064019396500368
0.00011498500686696579
0.00010240874630277415
0.00029474847690189336
0.00017904655011849007
7.936176607246812e-05
0.0008125197920577201
0.0003047663749593031
0.00010058328497594603
0.0002979994885473369
0.0002636518206167292
0.00025635906405627667
0.0006665163764299966
0.0001374989206684906
0.0001274610193754487
0.00019289889041092237
0.00025172309290542514
6.943222446857713e-05
0.0001972400277123275
0.0004782706952267274
0.0005097244328132024
0.0003318281913478712
0.00021950761468813565
0.0001509904064658995
5.876331370166417e-05
0.0002687609753603694
2.8232846733253628e-05
0.0001873354451096582
0.00014950957332350272
4.108072357842382e-05
7.936176607246812e-05
0.0004578085800197121
0.0001220490270045469
0.0007532685365637086
0.00020482761812222637
0.0007532685365637086
0.0007532685365637086
0.000271395955026038
0.0003156564501435682
0.0003318281913478712
0.0004930120561625722
0.0033325818821499827
0.0030780131894483924
0.00010195113368616553
0.0010825192961312474
9.01475003493049e-05
0.00022702219572773562
6.89030189815462e-05
0.0003156564501435682
9.722767080773055e-05
0.0002884893271343901
0.0020388977312528096
0.00032348130491118053
0.00012124415663446905
0.00010333409705266949
0.0005097244328132024
0.0003156564501435682
3.774300814620042e-05
4.02379129106092e-05
0.000164970932771713
2.3735707444903184e-05
5.6351737912485235e-05
0.0007532685365637086
0.0004531553708120588
6.732869745373577e-05
0.00039151853509301524
0.0001261528999482386
7.211234639306193e-05
6.99636771194043e-05
0.0006724402250915561
8.705704922775645e-05
0.0001972400277123275
0.00012449516827991257
6.18655847096237e-05
0.00021628788523216522
0.0001719909171692475
0.0001236744642819799
0.0002687609753603694
0.00032348130491118053
0.0002233408447085919
4.3643753307525397e-05
6.837604173474272e-05
0.00015304220506040896
0.0005290174557615059
0.0002661803290626961
0.0007532685365637086
0.0007532685365637086
0.0007532685365637086
0.00037833193838965074
0.0007532685365637086
7.596363214464161e-05
0.0007532685365637086
0.00024725272801255844
9.591021747214456e-05
0.00011122625857705928
0.00037833193838965074
0.0002233408447085919
0.00014698504349282778
0.00038475164868104905
0.00033622011254577807
0.00011462159879265199
0.0002687609753603694
0.00017815752947507757
0.0001236744642819799
0.00011729566162657622
0.00025172309290542514
0.00011652069375603408
1.6930078760158523e-05
0.0005709467040219992
0.00025907145019690605
0.00018200881522665728
1.2814960305770424e-05
0.0003407717745582368
0.00023672914477746836
0.0007532685365637086
0.00021801421482559098
0.00028252834763587396
0.00012124415663446905
0.0004782706952267274
0.0003407717745582368
0.00010517467303578205
0.0002233408447085919
0.0001914846729772785
0.00023275557576143575
7.429854889998459e-05
0.0003156564501435682
9.39596806760355e-05