0.038440085754217534
0.0528551179120491
0.005572802854703897
0.0019525233230195903
0.004790141622222283
0.0008685181268834132
0.0009270902350774246
0.00030516312566744813
0.0007241274915575305
0.001040985370491063
9.368097387965777e-05
0.00018254418527832852
0.04258231232776195
0.0005884800030319254
0.0007766805794912042
0.00021363604738881264
0.00012658945757583012
3.774863878713885e-05
9.871891330826223e-05
0.00042509821459561575
0.0002048327471698806
0.00018388986068414718
0.0005135786332268349
0.0005410892722782775
0.0003398740586358201
9.238485926805409e-05
0.001810139765842153
0.0007677921354267059
0.008125872937572422
0.0005597982303136257
0.0006371923986028751
0.0011413791537032217
0.00022578953735861713
0.00039101371136141796
0.0003398740586358201
0.0029287849845293858
0.0009245763302792522
0.000428384687697461
0.00014854663113028047
0.00015272368793048063
0.0001865994101045419
0.00047491402157252805
0.000349524138370786
0.0002840454996324241
8.945504681748968e-05
0.0009409187958898911
0.0004047493380823126
0.001092528058381098
9.666724239876313e-05
0.00040195156952155085
0.00040961732801115207
0.00019531958746610208
0.0008915866850245229
0.0009669359958435867
0.0005238984248232692
8.136755304397517e-05
4.320763428199035e-05
0.0002588840826983816
0.0002304767691332006
0.0003597415273250253
0.0006152325998452672
0.0013815719315386815
7.075808571868215e-05
0.00014121101007255865
0.00016179403058480825
9.15057015072668e-05
0.0024902435794550253
0.00039371111017272276
0.0005366985672706467
0.0012712538583742558
9.238485926805409e-05
0.000511620885376987
0.00030315135929389746
3.6812938357860872e-06
3.681293835786087e-05
0.0007739281737538456
0.0016016702397590636
0.00018388986068414718
0.016377812433754593
0.0007251191112185583
0.0005281048983081675
0.000488474240302922
0.0003154288987401797
0.0007773408088932108
0.0005846330234635676
0.0003628370570891075
0.0016016702397590636
0.0007082944701174307
0.003577901737235872
0.0012248918156937758
0.0012248918156937758
0.00034398038363596883
9.568603431553984e-05
0.00023086397580865641
0.00011975951510446778
0.00044136000227394407
0.001283946583067087
0.000488474240302922
0.000365292237674045
0.017239150711925662
0.0033934873867357803
5.034629091252608e-05
0.0002035653760691963
0.0005239797437237122
0.0009844208239392321
0.00042210557347190206
0.000319635372225078
5.004333651626615e-05
0.0005563077804322873
0.00016304980673679468
0.0001100362152505557
0.0005737617637571344
0.0010241796434212612
0.00038581792489047166
0.0007029383912222016
0.0008827200045478881
0.0011847311875928847
0.0013932007136759743
8.97105142169552e-05
0.0008747515080837961
0.003763349907957792
0.0005274871350192733
0.00012642686373704764
5.004333651626615e-05
0.0004010517542636794
0.001481681132307193
0.0004469244275084031
0.002177907391575961
0.0002856265218529208
0.00033625202161264943
0.000652114988396086
0.001788950868617936
7.470248869800095e-05
0.0007408405661535965
0.0024395877985025904
0.0004067805204501595
0.0006350495628961322
0.006463622108220775
0.0006932534384739153
0.00017854291183029536
0.0005987975755223389
0.0004454096267584393
0.0006049024462478013
0.0003239015139874177
2.517314545626304e-05
0.0014797233844573454
0.0005593226093436164
0.0004567862274492688
0.0008021035085273588
0.0004811383168282516
0.0002973318267900197
0.00035321198124661524
0.0006160429032377286
0.0010647420801410143
0.00033707550104658003
0.0036746754470813278
0.00013656600729763726
0.006232265109013431
0.0008543148062080769
0.0006572433928519591
0.003368149067047179
0.00039371111017272276
0.0012712538583742558
0.00034316715360452793
0.0010627843322911664
0.00027086243125241407
0.001810139765842153
0.00012642686373704764
0.0005366985672706467
0.00042366753218703974
0.00016304980673679468
0.0005417248625048281
0.00016940856264953348
0.0002991677520299838
7.802578943270261e-05
5.881241107923441e-05
0.00033625202161264943
0.0006335677406787052
0.0002619898718618561
0.00021965140693527567
0.0011176189902188844
0.001173041134084254
0.0009479541498085547
0.0007241274915575305
0.00016770281558065324
0.00022578953735861713
0.0006635227057779977
0.0006143768787827034
0.0006733603311015748
6.784486022464687e-05
0.000940837476989448
0.0009663284370675642
0.0004047493380823126
0.001165421671805007
0.0011176189902188844
0.014797233844573453
0.0002140813831150666
4.732108348248617e-05
0.0006923801517579396
0.0006217717993360595
8.472798582254289e-05
0.0009245763302792522
0.00024499337527077175
0.0002544600998098266
0.00046411110931196694
0.0003624090079843583
5.2647317730467505e-05
0.00024577039680669126
3.652384918768228e-05
0.0002106728908934698
0.00015805785891811425
0.0024497836313875517
0.00022871953181577466
7.339747242398775e-05
0.0004096654943397612
0.000148315858999329
0.0010627843322911664
0.000377878088732623
0.000894475434308968
0.001471070502935233
0.0003210869519407213
0.00017328936425479562
0.0006867186838764257
0.00021965140693527567
5.83559419215812e-05
0.001956344965188258
0.004899567262775103
0.0016648326791437588
0.00011650804612359533
0.000652177260346504
0.0008079527635275969
0.001810139765842153
0.001793945764618012
0.00015314741593933757
0.000515657965474441
0.00045157907471723427
0.00014492977776311123
0.0002991677520299838
0.0007349801258123152
0.000413161649387641
0.000830241325419149
0.000749558798361367
0.0010152745562261466
0.001501273724570481
0.0003326197461951881
0.0001000866730325323
0.0006217717993360595
0.00022019241727196326
0.001881674953978896
0.0003071884393913517
0.00034851254264322727
0.0011493070030725375
0.0004162081697859397
0.0002971955616748409
0.0005526287726154727
0.0008543148062080769
0.0004847839123908258
0.0007661273982305506
0.001810139765842153
0.0016016702397590636
0.001810139765842153
0.0010477968496465384
0.001082178544556555
6.419926466207267e-05
0.00024170637040618612
0.0003154288987401797
0.0006983766921287431
0.00028374088588652656
0.0011493070030725375
0.0001865994101045419
0.0009580283244444565
7.802578943270261e-05
0.001810139765842153
0.0006335677406787052
0.0004469244275084031
0.0005500677883200834
0.0005640590529241603
0.00014121101007255865
0.0017086296124161537
0.0014647359018127172
0.003620279531684306
0.0006103262513348963
0.00015193223064394247
0.0026767992060955934
2.3586028572894048e-05
0.0007241274915575305
0.0001273256838259547
0.000830241325419149
0.00042210557347190206
0.0011493070030725375
0.0008562418660367302
0.0001423835571774374
0.0007161068041961627
0.0006458452801249874
0.000830241325419149
0.0009135724548985376
0.0013932007136759743
0.0007677921354267059
0.0016639788058861777
0.00021914309512609367
0.0012248918156937758
0.0011176189902188844
0.0001423835571774374
0.0010889536957879805
4.2363992911271446e-05
0.000678928924028035
0.00012304651996905344
0.0011847311875928847
0.0004010517542636794
0.00015794195319140253
0.00034851254264322727
0.0014797233844573454
0.0004162081697859397
0.0012712538583742558
0.001031315930948882
0.0005837879572257098
0.0008079527635275969
0.0010112265031397402
0.0018182989282715901
0.0005688712828101213
0.0009245763302792522
0.00011940709280433597
0.00012525798545821572
0.00015559261600521932
0.0007973987700672527
0.0008188906216877297
0.0002056218426975774
0.00035798601722161543
0.000658645422572365
0.00010178268803459815
0.0001367735991708446
0.000749558798361367
0.0012712538583742558
0.0016016702397590636
0.0010387108515022385
0.0005500677883200834
0.0008623486789246181
0.0009762616615097952
0.000235238208180325
0.0012712538583742558
8.676669347342449e-05
0.00026024634262276577
6.149377758949026e-05
5.3876098339730026e-05
0.0007241274915575305
0.000467285343078705
0.0005076372781130733
0.0004609535382664012
4.918032888981256e-05
0.006705713941313307
3.354564255655863e-05
0.00043737575404189803
0.0009580283244444565
0.0013932007136759743
0.0002384549014253136
0.0003727803742960792
0.00012085119670762228
0.0013932007136759743
0.0003753184311426203
0.00027086243125241407
5.527404142654719e-05
0.0005737617637571344
0.0006932534384739153
0.0004075733771546391
0.0039782655489059215
0.0005274871350192733
0.0011811333305181684
0.005572802854703897
0.0004162081697859397
0.0002549716646449601
0.0007006799380527056
0.0006458452801249874
0.0008543148062080769
0.00016192821856351008
7.433295669750493e-05
0.0011847311875928847
0.00073058447534809
0.0008420372667617947
0.0011847311875928847
0.0013932007136759743
0.0003393283801308749
0.0016016702397590636
0.0007965226464635636
0.0005837155144051281
0.0005410892722782775
0.0006217717993360595
0.0005640590529241603
0.001810139765842153
0.0014797233844573454
0.0007408405661535965
0.00016770281558065324
0.00030516312566744813
0.0012916905602499747
0.0007323679509063586
0.0059188935378293814
0.000830241325419149
0.0004959935807379693
0.0001505427196068743
0.0004096654943397612
0.0004469244275084031
8.482003326994221e-05
0.00021811051072995319
0.0010889536957879805
0.0009762616615097952
0.0004469244275084031
0.0013260885163019738
0.0008671149486554544
0.0008810501614781459
0.0009245763302792522
0.0003628370570891075
0.0014797233844573454
0.000515657965474441
0.00017854291183029536
0.0004922104119696161
0.00037866718426031974
0.0008665147540501053
0.0009091494641357951
0.00015242540002616072
0.0008079527635275969
0.0013932007136759743
0.0006049024462478013
0.001810139765842153
0.0032033404795181273
0.0021723824746725916
0.0032033404795181273
0.0008188906216877297
0.00021811051072995319
0.0009762616615097952
0.0015971131202115213
0.0006104210956046403
0.0012248918156937758
0.0014113781938348367
0.0003624090079843583
0.00035798601722161543
0.0004922104119696161
0.00028943363536484447
0.0003210869519407213
0.0016016702397590636
0.0016016702397590636
4.320763428199035e-05
0.00022578953735861713
0.0007241274915575305
0.0009091494641357951
0.0014797233844573454
0.0009091494641357951
8.810729753597661e-05
0.0006364524597566267
0.0003071884393913517
9.770455163355737e-05
0.0005994832374445075
0.00048015248403470275
0.0001865994101045419
0.0013260885163019738
0.00024999223746272574
0.0005323710400705071
0.0007241274915575305
0.0011176189902188844
0.0003133475205270736
0.0009956721349171662
0.0007408405661535965
0.0009912491441544235
0.00012973030506336147
0.000511620885376987
0.0002672819371623239
0.0010889536957879805
0.0004811383168282516
0.000678928924028035
0.00035798601722161543
0.0009762616615097952
0.001810139765842153
0.001788950868617936
0.0005037057456396034
0.0008188906216877297
0.001810139765842153
0.00014492977776311123
0.0004104241847687888
0.0005688712828101213
0.0010889536957879805
0.0006104210956046403
0.00021363604738881264
3.354564255655863e-05
0.0006058639760570982
7.339747242398775e-05
0.0009091494641357951
0.0006458452801249874
0.00023205555465598347
0.0007773408088932108
0.00019910385107154967
0.001810139765842153
0.005430419297526459
0.0005455450271296694
0.0003461900758789698
0.0004342590634417066
0.001810139765842153
0.0013260885163019738
0.00047045939794494555
0.0005888394359976698
0.0010387108515022385
0.000341598262236994
0.000511620885376987
0.0004162081697859397
0.00016179403058480825
0.00018524158408963335
0.0009762616615097952
0.0007964154042861987
0.0002304767691332006
0.0013440292872436035
0.0010387108515022385
0.0008094986761646252
0.0008266045465059402
0.0012248918156937758
0.0010627843322911664
0.0004635451175387123
0.000148315858999329
9.669359958435867e-05
0.0009091494641357951
0.0016016702397590636
0.0003011529602374652
0.0008804841697048912
0.0010112265031397402
0.0011493070030725375
0.0010074114912792067
0.00013936872826610832
0.0002384549014253136
0.00019627981199922325
0.00024999223746272574
0.007627523150245535
0.0004047493380823126
0.00039643292016471195
0.000511620885376987
0.0007585373144031729
0.0002550755914556229
8.64152685639807e-05
0.000488474240302922
0.0010387108515022385
0.0015947975401345055
0.0029594467689146907
0.0002550755914556229
0.0007973987700672527
9.069822594689435e-05
0.0008420372667617947
0.00040195156952155085
0.00030516312566744813
0.00028000471421983257
4.74617073478152e-05
0.0016016702397590636
0.003620279531684306
0.0038137615751227677
0.0004635451175387123
0.0005640590529241603
0.0002106728908934698
3.160671593426191e-05
0.00033707550104658003
0.0010733971345412935
0.0005238984248232692
0.0023694623751857693
0.0033528569706566536
0.0009652826368850884
0.0012208421912092806
0.0009844208239392321
0.001810139765842153
0.0014797233844573454
0.000326057494198043
0.0034479210092176124
0.000235238208180325
9.871891330826223e-05
0.0004966008804483947
0.0011847311875928847
0.0008671149486554544
0.0018491526605585043
0.0029594467689146907
0.00017328936425479562
0.0002466504480657096
0.0003217608789616961
0.00016940856264953348
0.0007082944701174307
0.00014004301656013782
0.0014797233844573454
0.000830241325419149
3.818092198262016e-05
0.0010627843322911664
0.0012712538583742558
0.0004104241847687888
0.0014797233844573454
0.0010889536957879805
0.0005526287726154727
0.0016016702397590636
0.000515657965474441
0.003620279531684306
0.0013932007136759743
0.0014797233844573454
0.0004959935807379693
0.001810139765842153
0.00023205555465598347
0.0002991677520299838
0.00035798601722161543
0.0011847311875928847
0.0005410892722782775
0.00016179403058480825
0.0002991677520299838
0.0011093192039241184
0.0004281209330183651
0.0004847839123908258
0.0008804841697048912
0.000678928924028035
0.0013932007136759743
0.0016016702397590636
0.0010387108515022385
0.0011847311875928847
0.0029594467689146907
0.00031128044743187816
0.0027864014273519485
0.00027631438630773634
0.00017199019181798441
0.0010164222896106865
0.0007323679509063586
0.0013932007136759743
0.0003727803742960792
0.0003092274841605908
0.00032862169642597957
0.0006458452801249874
3.652384918768228e-05
0.0002847671143548748
0.001375541623878961
0.00012973030506336147
0.00026374356750963665
0.00042210557347190206
0.0012248918156937758
0.0004739770749042773
0.0007006799380527056
0.0001423835571774374
0.0008420372667617947
0.00036776762573380826
0.001810139765842153
0.0011176189902188844
3.774863878713885e-05
0.0003133475205270736
0.0011176189902188844
0.0004567862274492688
0.0008671149486554544
0.00013752641165620932
0.0006217717993360595
0.0005941599488944444
0.0004162081697859397
0.0012712538583742558
0.0009245763302792522
0.0001132913528786067
0.0010889536957879805
0.00021965140693527567
0.0006458452801249874
0.00026171770809557096
0.00024170637040618612
0.001176191040901625
0.001810139765842153
0.0008671149486554544
0.000940837476989448
0.00026024634262276577
0.0005943911233496818
0.0003175247814480661
0.00024831670136617943
0.00031859619930143753
0.0002242432205772515
0.0008804841697048912
0.00016431084821298979
0.0016016702397590636
0.00013887954140915328
0.0005037057456396034
0.0013932007136759743
0.0012248918156937758
0.0012712538583742558
0.0014797233844573454
0.000678928924028035
0.000749558798361367
0.0008804841697048912
0.0006652557535323584
0.000830241325419149
0.0003555895268410708
0.0025425077167485115
2.837272830719461e-05
0.0002932895593530317
0.00017987076366251265
0.000940837476989448
0.0005076372781130733
0.00025678931661341745
0.0009762616615097952
0.000658645422572365
6.329472878791506e-05
0.0004959935807379693
0.0006652557535323584
0.0006396438655453986
0.0010387108515022385
0.0004847839123908258
5.004333651626615e-05
0.0003326197461951881
0.0006652557535323584
0.000511620885376987
0.00018388986068414718
0.0003071884393913517
0.0002516771603650798
0.00022117423525933256
0.00010591688304675993
0.00031128044743187816
0.00017459417303218578
0.0003508530832605269
0.003620279531684306
0.001660482650838298
0.0027864014273519485
0.00131729084514473
0.00020920218893373605
0.0002336426715393525
0.003620279531684306
0.00015929809965071877
0.00017459417303218578
0.0025425077167485115
0.003620279531684306
0.000639270744450156
0.0007585373144031729
0.0007408405661535965
0.0004769098028506272
0.0004775363821427891
0.00010695937265709025
0.0003597415273250253
0.0005593226093436164
0.00011116584614198857
0.0013260885163019738
0.00022445344370052492
0.0003239015139874177
0.000940837476989448
0.0006104210956046403
0.001810139765842153
0.0011176189902188844
0.001810139765842153
0.00018796339408162253
0.00021215081991887553
0.000515657965474441
0.0012248918156937758
1.118188085218621e-05
0.00013772054979588032
0.0011847311875928847