0.0011658347383307328
0.00019359435896573084
6.059202294223663e-05
0.00012857590317609494
0.0003460371268076317
0.0036803434711092007
0.0003246415388788452
0.003670103426923048
0.0014419105261690955
0.0007446193963262708
0.00042274653434838574
0.00042274653434838574
0.001073653121421151
0.00042274653434838574
0.00011676816784608636
0.00028254217447252957
0.00017689867980773965
0.001858196814691946
0.0008454930686967715
0.0011904426464859877
0.006546370625295442
0.000727654249736874
8.907822360390242e-05
0.00015382241471688423
7.267531538461482e-05
0.00038719092792770357
0.00025962070488279396
0.00030643890773241183
8.304565368890607e-05
0.001324714721590817
9.48765310802153e-05
0.00042274653434838574
0.0013285624007404418
0.0003470405879495959
0.00027967749827047337
9.123127423614794e-05
0.0004855370931622923
0.0003092303946062956
0.00037299552734682787
0.0095643233956935
0.0025101111568635735
0.0008827103966014995
0.002344663693596594
0.0002976243970831479
0.00020822435276975754
0.0013572827619823319
0.0008410855500960879
0.0005406376008361154
0.0006400769650041186
3.056124619844772e-05
0.00042274653434838574
0.0012045230214801353
0.0005412143294439389
0.0012151989750903767
0.00042274653434838574
0.001134911410126072
0.0008455766600429194
0.000411262863028906
0.00047407493355342706
0.0038047188091354716
6.938422621773412e-05
0.000974321906442359
0.0003348274467185414
0.0020734794441110206
0.0001066794941673531
0.00042274653434838574
0.00018726594724036665
0.00018856183774277049
0.0008493041088223116
0.0004318577457296588
0.013478862080874288
0.00021635116488822286
0.005482543516589011
0.0001636972429416909
0.0009301313684751014
0.001139998252644464
0.0005515383634917063
0.00039264751674645464
2.4833616015881508e-05
0.001268239603045157
0.00013353994983906624
0.0003760275260256253
0.01099140989305803
0.008454930686967715
0.0021504292079968317
3.9671786323601535e-05
0.000879448467518809
0.00010883882814327781
0.0004599347263220112
0.00031711899281788213
8.99599594100271e-05
5.163559166743273e-05
3.0950732453421306e-05
0.0003455799073518368
8.200090243145747e-05
0.0011065263354667447
5.683175354126471e-05
5.753571051078553e-05
0.0001009086590703446
0.0001354930206693973
0.00011855543095508295
0.0002042926051549412
0.0003990394889744341
0.00012042861105371065
8.087520161758851e-05
5.653615536276328e-05
0.00032052230119857905
0.000205631431514453
0.00018154296102891742
6.496105733011668e-05
0.0002860656286368773
0.00015177672305292966
6.354596713600942e-05
7.61918338647206e-05
5.7445909648535624e-05
0.00014733279307158967
0.00016724215190995617
5.291124023121372e-05
0.00021289678898578642
0.0006193989382306487
0.0006911598147036736
8.707638155968068e-05
0.0007481196267870251
0.0007481196267870251
0.0007481196267870251
0.0007481196267870251
0.001690986137393543
0.0008454930686967715
0.0003990394889744341
0.00033448430381991233
0.001268239603045157
0.0003344213545968059
0.0003253730924386393
0.0008171163730064891
1.1176653385957695e-05
3.0297680820231922e-05
0.0005419508667689473
7.318030400147086e-05
0.0018645166551364892
4.683153268290094e-05
0.00014025285414178264
0.0002610127481604511
2.8726022231299652e-05
6.759536947547072e-05
0.0002968931863969635
0.00011321817394345018
0.00023737890768200408
0.00018384612116390211
0.00020960613000062912
0.00013699179159171204
0.00010825798960470655
5.165382431092936e-05
0.00042274653434838574
0.0001465747445864682
0.00014521081647117417
0.0010229715637427648
1.4361477412133906e-05
0.00018154296102891742
0.00027311719536402153
6.541229691503768e-05
7.768120871839748e-05
0.0001364785721546517
0.00030969946911532436
0.00011527584571982101
0.000205631431514453
0.001384401732451958
0.00037405981339351253
0.0006166775619901293
9.649125371433828e-05
0.00018622736923453226
0.00011152555973058183
0.00010491663319886332
0.0003253730924386393
0.00013519073895094144
0.00027668637148376606
0.0002703188004180577
0.00010691916324519474
0.0005190911355130279
0.0003308352627687433
0.00010746430781678091
0.00046609864536667906
0.00033448430381991233
0.00028254217447252957
9.258436628139156e-05
0.00014159811186168137
0.0007623174934131158
0.001690986137393543
8.193948766427314e-05
9.730327889122628e-05
0.0002634647492875586
0.00011598554642495976
0.0002610127481604511
0.00020250913567175743
2.6618830826823495e-05
0.00037405981339351253
0.001268239603045157
0.0005225048344765855
0.0012387978764612975
0.00010513569376201099
0.00023737890768200408
2.026380484807132e-05
9.322583275682445e-05
0.00030425525842301033
0.00010825798960470655
0.001139998252644464
0.006882834135879202
7.131208225228517e-05
0.0002703188004180577
0.00020250913567175743
0.00010883882814327781
0.0025103810140362746
0.00023748733734210608
5.129817752135502e-05
0.0002237413715830172
5.7473451345726395e-05
8.825100438782267e-05
0.0004974502009655733
5.35014569072329e-05
0.0005485282881720243
0.00037810644941993173
0.0005515383634917063
9.168373859534314e-05
7.614863684651044e-05
6.759536947547072e-05
0.00014127108723626478
5.9128312061943615e-05
0.0010970347008058081
0.0004246520544111558
0.0005493638772703391
0.0009193167231972355
0.0004474827431660344
0.00020377728964344983
0.00037405981339351253
0.0002594180377624669
0.00014387286952535663
0.00020250913567175743
0.00030969946911532436
6.159561887173142e-05
0.00042274653434838574
0.00014551075486672675
0.00010141841947433679
5.905236656519385e-05
0.00015849593430664188
0.0003460371268076317
0.00037405981339351253
0.00011598554642495976
0.00027746388105496454
6.895052580294454e-05
0.0004426930075620617
0.00015819509555839065
0.0005034432017783159
0.00030969946911532436
0.0002610127481604511
8.531165958294048e-05
0.00016833903823834195
0.0011987542862437206
3.6886330326441085e-05
0.00019460655778245255
0.00018699680525178928
7.759064173891575e-05
5.957126864983332e-05
4.4079762581779484e-05
0.0004276797972115966
0.00022799965052889282
0.00011527584571982101
6.118605449919459e-05
6.823928607732585e-05
0.0001966524038822629
0.00015283296723258736
0.0003455799073518368
0.0006911598147036736
6.283883877570861e-05
0.00016363930625070463
0.0008698346329057276
0.0006002232241195334
0.00014881219854157395
0.0012576367800037748
0.0003612858331611319
0.0013062620861914638
0.00012246791523298813
0.0005999093908573694
7.420862645294582e-05
0.0004964129308841806
0.0005533727429675321
0.0005533727429675321
0.0006911598147036736
0.0005086363049386524
0.0008454930686967715
0.0005721312572737546
0.00023828507459933327
1.566873939889072e-05
0.0005493638772703391
0.00013633993372698123
0.0004552768435438733
0.0007844237210799374
0.00022305111946116366
0.00030643890773241183
0.00016679020843147113
0.00031388942111915954
0.0002197265594004145
0.0002197265594004145
0.0008455766600429194
0.0005220254963209022
0.0007481196267870251
0.0001215577288524256
0.00016170094438597198
0.0003344213545968059
0.00014348378019767488
0.00014387286952535663
0.0006043445923168072
9.858004982911637e-05
0.0005533727429675321
8.843529258804815e-05
9.452661235498293e-05
0.0004586730731865456
0.00014521081647117417
0.0022429719295963707
4.329124338312099e-05
8.24903931619137e-05
5.0023248345069836e-05
9.322583275682445e-05
0.00021954091200441256
0.0003663720309361444
0.003562718236763562
0.0002851198648077311
0.00027282873823615154
0.0002197265594004145
9.508277633638023e-05
9.194870501203488e-05
0.00010288180763176797
0.00021180670533882441
0.00028801815219706026
0.0005094403801856886
0.0002987694458507377
0.00018138876868596134
0.0005550489834731216
0.0004650656842375507
0.0002860656286368773
3.807923676660707e-05
0.00042274653434838574
0.00042274653434838574
0.0004964129308841806
0.0002299673631610056
0.0006670624252880765
0.00045159178245710203
0.0007481196267870251
7.498779857713109e-05
3.527416015414248e-05
0.00042274653434838574
0.0003095235240581685
0.0005515383634917063
0.001470768969311217
0.00010906074223798328
6.337892813481487e-05
5.024191564864634e-05
0.00016021228068545507
0.0001508330235323438
0.0002860656286368773
7.076058910417693e-05
0.00023737890768200408
2.9773498604829565e-05
0.00012953719314785921
0.000128464804517904
0.00021969532713309769
0.00020725019190566732
5.997149817075445e-05
0.00030969946911532436
7.665578772033521e-05
0.0007982932619878905
0.0002968931863969635
0.0002860656286368773
0.00010546339703892712
0.00019304819103260193
0.000205631431514453
0.00012151989750903767
0.0001199429963415089
4.753419610111115e-05
0.00013690962887807554
0.0041039937095200705
0.0002494666443712158
0.0003455799073518368
0.0010367397220555103
0.00023737890768200408
0.0008454930686967715
0.0003936104214137738
0.00042274653434838574
0.0008454930686967715
7.674748983327099e-05
0.00042274653434838574
7.912856686589886e-05
0.0003918786258574391
0.00023737890768200408
0.0003131290020971053
0.0006728235828947533
0.0006591796782012435
0.0001066794941673531
8.81854003853562e-05
7.269755233569983e-05
0.0015095374938170465
0.0005479671663668481
6.670624252880765e-05
0.00014127108723626478
8.825100438782267e-05
0.0005013700347008338
0.0002037532443759032
0.00035010930125628785
5.273743015825484e-05
0.000562185619204615
0.00029593136585477934
0.0011178993600033554
0.0004964129308841806
0.00032042456137091013
0.00042274653434838574
0.00010839017335378948
0.0003253730924386393
0.0001793129295740196
0.00037405981339351253
7.819958812567734e-05
0.0002610127481604511
0.0003455799073518368
0.0002883123451829508
0.00022799965052889282
0.00014387286952535663
0.0011474799201524324
5.838408392304318e-05
0.00018774642289798462
0.0002860656286368773
0.00014539510467139965
0.00011834661346086449
0.0002610127481604511
0.0002610127481604511
0.00026656178197435746
0.0014226651714609952
0.00016593896911187294
6.486885259415085e-05
0.0005470097798359152
0.00016724215190995617
9.975830012819971e-05
9.652409551630096e-05
3.2163751238112764e-05
0.0001021463025774706
2.616943078115317e-05
0.00010987277545406783
0.00010141841947433679
9.893838874959724e-06
6.539330540731656e-05
5.799277321247988e-05
0.0003320829190498673
5.094432241086246e-05
0.0001013190242403566
0.0037601820295259094
0.00017715152547277723
0.00017715152547277723
0.0001363230151707917
0.0002850755642657578
5.2079956075301855e-05
0.00043530232935754356
0.00010362509595283366
9.322583275682445e-05
0.00030969946911532436
6.283883877570861e-05
0.00023253284211877535
5.492383178327442e-05
5.9363033249758335e-05
7.923669936393113e-05
0.00024258425838092064
0.0003121099120672778
0.00016363930625070463
0.00016021228068545507
4.561563711807397e-05
0.00037405981339351253
5.877758686190769e-05
0.0002133589883347062
0.00016363930625070463
6.68263378097733e-05
0.0002123260272055779
4.077534948382278e-05
0.00026841328035528777
1.3735261458582322e-05
0.0016601182289025962
0.0010440509926418044
0.00024258425838092064
0.0001006980019704956
0.00014152117820835387
8.843529258804815e-05
0.00017396692658114553
0.00017815644720780484
0.0007400130743881551
0.00019272080549310658
0.00026841328035528777
8.473826790177441e-05
7.366639653579484e-05
0.00044873122167801065
0.00020822435276975754
7.852950334929092e-05
0.00012235311749066806
5.456574764723031e-05
0.00010546339703892712
6.354596713600942e-05
0.00031651426746359543
0.0001317323746437793
0.00040594941248735917
0.0001339983805378137
0.00012042861105371065
8.360533864920148e-05
0.00010987674999592085
0.0003695737132303885
0.00015955616712606157
0.00017397831963743962
5.942752452294835e-05
0.0002159288728648294
0.0004085852103098824
9.010530220634661e-05
0.00026841328035528777
0.00042274653434838574
0.00014733279307158967
0.00032727861250140926
4.8823009125730326e-05
0.0003453637042497194
0.00042274653434838574
6.856603602150303e-05
9.858004982911637e-05
0.00023149988098964698
0.00037405981339351253
0.000411262863028906
0.00010089595674725983
5.5689613077495205e-05
9.894483527059444e-05
3.9618349681965566e-05
0.00019124665335873875
0.00012433184244894262
0.0002237413715830172
0.003473770259071805
0.00014796568292738967
0.00016021228068545507
9.194870501203488e-05
9.585193640726686e-05
0.00030969946911532436
3.315460676793306e-05
0.0001938975374260474
0.0006507461848772786
0.00042274653434838574
0.00020615359640419704
0.0001021463025774706
0.0003455799073518368
5.09383110939758e-05
0.00019748468988074695
0.00012740854264519532
0.0002968931863969635
0.0002159288728648294
0.00014127108723626478
0.00017715152547277723
0.0005808432658846967
0.0001292387473400708
0.00017178519089626945
0.0005739351207906995
0.0002860656286368773
0.0003455799073518368
0.00017301856340381586
0.00020250913567175743
0.00030969946911532436
0.00026841328035528777
0.0003253730924386393
0.000411262863028906
0.0003455799073518368
0.0002237413715830172
0.0001317323746437793
0.0003253730924386393
2.54691555469879e-05
0.0001985579239450329
0.00015694471055957977
0.00042274653434838574
0.00042274653434838574
0.00017505465062814393
5.997149817075445e-05
0.0001317323746437793
0.0002610127481604511
6.816150758539585e-05
4.8857829665261985e-05
0.00020548768738756803
0.0003455799073518368
4.563654295935851e-05
0.00035061285108843197
0.00026147457369331246
8.548227913730763e-05
3.8373744916635496e-05
0.00016911533200858388
0.00019878806247253282
0.00026841328035528777
0.00014255993240386554
8.085047219298599e-05
0.00012042861105371065
0.0002999546954286847
0.0001021463025774706
0.00017294535850831129
0.00018263748963476874
0.00014387286952535663
6.283883877570861e-05
0.0006911598147036736
0.00040969743832136574
0.0002123260272055779
5.451617774250537e-05
0.0002610127481604511
0.0003218993720762787
6.650553341879981e-05
0.0002123260272055779
0.00011236676847808432
0.001242929720977811
0.0001066794941673531
0.00018905322470996587
0.00016081875619056382
0.00011834661346086449
0.0004851685167618413
0.00012740854264519532
0.00015744364338064423
0.00021812148447596655
0.0002860656286368773
1.0884547694960085e-05
0.00017178519089626945
0.00017715152547277723
0.00022138861269991152
3.325276670939991e-05
0.0002703188004180577
0.00026841328035528777
0.00012232604845146834
0.0001339983805378137
0.00010437633403236843
6.496105733011668e-05
4.4079762581779484e-05
0.0004964129308841806
4.200766338810743e-05
0.00010483932482728707
0.0004276797972115966
0.000443897048782169
8.467206600961018e-05
5.700861067224654e-05
6.291208636792023e-06
0.00029042163294234834
0.00037405981339351253
8.339510421573557e-05
2.7969066765461987e-05
0.0002600564050781119
0.00042274653434838574
0.00019124665335873875
0.00015382241471688423
0.00013751967420032915
0.00020250913567175743
8.589259544813473e-05
0.0002123260272055779
0.00013754064827965905
0.00026841328035528777
8.416951911917098e-05
0.000205631431514453
0.0001066794941673531
0.00015849593430664188
0.00042274653434838574
6.0545195442206754e-05
0.00016541763138437166
8.825100438782267e-05
9.858004982911637e-05
0.0005534715317497788
0.00017991449451226334
0.00013165645992049797
0.0002458184629928194
0.00011152555973058183
4.918177376858812e-05
9.567474912285544e-05
8.789571693042475e-05
2.54691555469879e-05
0.00016170094438597198
0.00010590335266941221
6.159561887173142e-05
0.00016363930625070463
8.825100438782267e-05
9.978665774848632e-05
7.318030400147086e-05
0.0005721312572737546
4.007224404050933e-05
0.00042274653434838574
0.00042274653434838574
0.00042274653434838574
0.0008454930686967715
0.00042274653434838574
0.00042274653434838574
0.0003455799073518368
0.001268239603045157
0.00018622736923453226
0.00042274653434838574
0.00010746430781678091
0.00042274653434838574
0.00042274653434838574
0.00014938472292536884
0.00019951974448721704
0.00010583387582513865
0.0003251705200613684
2.8736725672863197e-05
0.00013429879829262383
6.106200515602406e-05
3.297892585230061e-05
0.00042274653434838574
0.00041450038381133465
7.296300155802536e-05
7.221809592881985e-05
0.0005368265607105755
0.00035166171323216866
6.891450258795666e-05
0.00016724215190995617
0.00018869218672713082
0.0003824933067174775
0.0001483117530037223
0.0008454930686967715
0.0003420796768910826
0.00017770785464957164
0.0001985579239450329
0.0002860656286368773
7.7166626996549e-05
9.233777080295373e-05
0.0001957760472631899
5.721663171453896e-05
8.339510421573557e-05
0.00042274653434838574
7.557191659856482e-05
9.089304246069577e-05
0.0002594180377624669
0.0001938975374260474
0.0002237413715830172
8.0312231314945e-05
0.0001066794941673531
0.00023527449351563553
0.00037000653719407756
0.00031540708128603294
0.001781359118381781
7.269755233569983e-05
5.024191564864634e-05
7.269755233569983e-05
0.00029859516577261045
0.00020250913567175743
0.00032549599330927123
0.0003273944858833818
0.0002123260272055779
0.00018025773473450595
1.4763091641298463e-05
0.00016021228068545507
4.389764532651835e-05
0.00024258425838092064
0.0001793129295740196
0.00019136469144860572
0.00018869218672713082
0.00020250913567175743
0.00011948577688571392
0.00018389741002406977
0.00012050161910973774
0.0002159288728648294
0.00033258040332192264
3.352767935340677e-05
7.498779857713109e-05
0.0003475083603035554
0.00011236676847808432
6.283883877570861e-05
0.0001944054980336073
7.440609927078698e-05
0.00012232604845146834
0.0004756784892268232
0.0003253730924386393
0.00021180670533882441
5.838408392304318e-05
7.033234264643373e-05
0.00020576361526353595
0.0001793129295740196
9.720274901680365e-05
0.0002197265594004145
9.131874481738437e-05
0.000205631431514453
0.0002968931863969635
7.498779857713109e-05
0.0004503776245670359
0.0004586730731865456
3.807923676660707e-05
3.7493899288565546e-05
0.0006297745735225769
0.0006920742536152634
0.0001149525852958314
0.0007481196267870251
0.0008454930686967715
0.0006911598147036736
0.0005899572116467887
0.0011221794401805377
0.0008454930686967715
0.0007481196267870251
6.453145298857694e-05
0.00011152555973058183
0.00015536621512222636
0.00013633993372698123
9.007552491340718e-05
0.0007629544574079786
0.00015496147293278807
7.126889106643945e-05
0.0005131195153366239
0.001268239603045157
0.00010415991215060371
0.00040501827134351487
9.500098197153976e-05
0.00027668637148376606
0.0014312354474457828
0.0011221794401805377
0.0002543181524693262
0.0007481196267870251
0.0012387978764612975
0.0008454930686967715
0.00014255993240386554
0.0037320193564221306
0.00010474113230262047
3.0297680820231922e-05
0.00023195590210819405
7.269755233569983e-05
0.0005379387887220588
0.00015229727369302088
0.00011152555973058183
6.927643551513216e-05
0.00016541763138437166
0.0009788802363159496
0.00022693536448220822
8.401532677621487e-05
0.00031540708128603294
0.0004085852103098824
0.0003141180133971637
0.00014938472292536884
0.0006200758539508253
0.00026841328035528777
0.00029042163294234834
0.00019124665335873875
0.0004826204775815048
4.957529149819361e-05
0.00011321817394345018
0.00013062620861914638
0.00011443326342907792
0.00037405981339351253
0.00027668637148376606
0.00042274653434838574
0.0004964129308841806
0.00013881623517983838
0.0012129212919046032
0.0013823196294073471
0.00016363930625070463
0.00016021228068545507
0.00042274653434838574
7.269755233569983e-05
0.00018389741002406977
0.0002634647492875586
0.00010839017335378948
7.7166626996549e-05
0.0002123260272055779
0.000593786372793927
8.360533864920148e-05
0.0002197265594004145
0.0002237413715830172
0.0003092303946062956
0.00015103124009081202
0.000648090563969741
9.452661235498293e-05
0.0001066794941673531
0.00037405981339351253
0.0005336499402304612
9.927896197251645e-05
0.00013699179159171204
1.4571462892528663e-05
0.00028357983706494877
0.0008355960065613131
0.0008454930686967715
0.001268239603045157
0.00029374437857649597
0.0005096341705807813
0.00015114383319712963
0.00042274653434838574
0.005563736412523957
6.759536947547072e-05
0.00023897155377142784
0.00011236676847808432
0.0004246520544111558
2.54691555469879e-05
0.0007629544574079786
0.00011479620022282457
8.62101770185896e-05
9.387321144899231e-05
0.00017301856340381586
0.0002159288728648294
0.00037405981339351253
0.0001966524038822629
0.0004115272305270719
0.00030389432213106404
0.0017630831175677098
1.168730032823683e-05
7.768120871839748e-05
0.00046692364171799374
0.00012074804256622011
0.001268239603045157
8.652396811432332e-05
0.00023737890768200408
0.002932101231028744
7.079905593084069e-05
9.858004982911637e-05
0.0008270881569218583
0.0002739562344521531
0.0007768310756111318
3.896649181723478e-05
0.0009975987224360853
0.0003455799073518368
0.00011408002636218978
6.453145298857694e-05
3.520014148153532e-05
0.00010765274288479432
0.00022543556973347365
0.00042274653434838574
0.00028254217447252957
0.00020889900164032827
5.201128101562238e-05
0.0002610127481604511
9.720274901680365e-05
0.00016833903823834195
0.00028755580922180056
0.00015694471055957977
0.00010154226059676498
0.00019868410558002608
0.00031422339690786137
0.00010259635504271004
0.0002482064654420903
0.00042274653434838574
2.4251792477787794e-05
0.00020889900164032827
2.1295064661458796e-05
4.453911180195121e-05
0.00017871380594949995
0.00011152555973058183
0.00046334448040474054
0.00032727861250140926
0.00029160824705041095
8.588977059026672e-05
3.926475167464546e-05
0.0002860656286368773
4.8175881678659455e-05
0.0003460371268076317
2.4184286942679152e-05
6.010836606076399e-05
1.95829585717664e-05
7.464879144315261e-05
0.0003598289890245267
5.5689613077495205e-05
0.0001425377821328789
0.0009196206823666511
0.00042274653434838574
4.516434022313243e-05
0.00021812148447596655
0.0001108888398756545
0.0015115021100538058
0.00042274653434838574
0.00042274653434838574
0.0015959975537022497
0.00042274653434838574
0.00031073243024445273
0.00027470522917164643
0.00024258425838092064
0.0008360533864920148
8.652396811432332e-05
6.32581838474019e-05
0.0005220254963209022
8.825100438782267e-05
0.000788878914948972
0.000616894294543359
0.0005862989783458728
0.0005739351207906995
0.000256929609035808
0.0008454930686967715
0.00018138876868596134
4.077534948382278e-05
0.00015382241471688423
0.00021027138752402198
0.00019124665335873875
0.0007458066620545956
0.0003320829190498673
0.00037810644941993173
0.0018869218672713083
0.005072958412180628
0.00013253172868191634
0.0011100196115822326
0.00035845733065714176
0.00023897155377142784
0.000879448467518809
0.00011763724675781776
0.00028801815219706026
0.0005373215390839046
0.0006775518075890455
0.0005017264557298684
0.0003253730924386393
0.00012333551239802586
0.00018516873256278313
0.0010661827183539483
0.00023253284211877535
0.0003824933067174775
0.0003455799073518368
0.00037405981339351253
0.00042274653434838574
0.00042274653434838574
0.00042274653434838574
0.0024209558000489197
0.0002482064654420903
0.00013515940020902885
0.0005190556902114475
4.817761728082636e-05
0.00014127108723626478
0.0011030767269834126
0.00013519073895094144
0.00016541763138437166
0.00023253284211877535
0.00042274653434838574
0.0002968931863969635
0.0003877950748520948
0.00012567767755141722
5.7603630439412044e-05
0.00017650200877564534
3.781729704119498e-05
0.000205631431514453
0.00024276854658114615
0.00018456699682820396
0.0005899572116467887
0.00024258425838092064
0.00014250147295730964
0.00018602275618524757
3.380367220704046e-05
0.0004993758593076444
0.00012567767755141722
0.00014929758288630523
0.0006193989382306487
2.5962070488279398e-05
0.00023253284211877535
0.0002458184629928194
0.0002543181524693262
0.0012410323272104514
0.0003990394889744341
0.0001465747445864682
1.8222422762546104e-05
6.705535870681353e-05
5.011975335732998e-05
0.00011409135739839628
0.0009416682633574786
0.00015536621512222636
0.00016021228068545507
0.00012433184244894262
3.559797471094551e-05
6.118605449919459e-05
0.0001619048948983234
0.0002197265594004145
0.00010437633403236843
4.750049098576988e-05
8.473826790177441e-05
0.0004851685167618413
0.00011443326342907792
0.00015855949640894106
9.131874481738437e-05
0.00030969946911532436
0.00023084442700738433
2.5223989186814957e-05
0.0002197265594004145
8.24903931619137e-05
3.866949310463615e-05
0.0005084296074106465
4.583989140010972e-05
8.304565368890607e-05
0.00029593136585477934
4.518649049411908e-05
3.0825804292295224e-05
0.00013062620861914638
2.7333634143819156e-05
8.33720805751164e-06
0.0001400054657722576
6.670624252880765e-05
0.00042274653434838574
6.986871000020971e-05
0.00019124665335873875
8.401532677621487e-05
0.0007481196267870251
4.61103382879284e-05
0.00017715152547277723
0.00012237210899838919
8.588977059026672e-05
0.000129785952171485
0.0001006980019704956
0.00035010930125628785
0.00037405981339351253
0.0002860656286368773
0.00011069430634995576
6.242198241345555e-05
3.1689464067407434e-05
0.0005314545764183317
9.858004982911637e-05
0.00025907438629571843
0.00012534250867520845
0.0002123260272055779
0.00013285624007404418
0.0002968931863969635
0.00015603384304686713
0.0002860656286368773
0.00032042456137091013
0.00022138861269991152
0.00022799965052889282
0.00010765274288479432
0.00042274653434838574
0.0002042926051549412
0.0002543181524693262
0.00027668637148376606
0.000397595186045749
0.00011673091042949844
0.00030969946911532436
0.00014796568292738967
0.0002968931863969635
0.0002391868728071386
0.00042274653434838574
0.00031388942111915954
9.452661235498293e-05
0.0005816926122781422
0.00014255993240386554
4.120578437574696e-05
0.0004115272305270719
0.000570400131810949
7.924796715332094e-05
0.00020889900164032827
0.00013790105160588908
0.00018154296102891742
0.00018335956560043887
0.00019716009965823275
0.00026841328035528777
0.00042274653434838574
0.0003455799073518368
0.00030969946911532436
0.00042274653434838574
1.4383927627696383e-05
0.0002506850173504169
9.454324260298746e-05
0.00041462349813864576
0.0009434609336356542
0.0013823196294073471
0.00018520928269399263
0.0001704037689634896
0.00010679392413283653
0.0006591796782012435
9.604332552330642e-05
0.0003791037890198121
0.0007481196267870251
0.0004115272305270719
0.00027022657474022154
0.00020011872758642294
1.3057282832408934e-05
0.0004851685167618413
0.00021492861563356182
8.916909484538817e-06
0.00045599930105778564
0.00040501827134351487
8.085047219298599e-05
0.0002237413715830172
0.0002123260272055779
0.0001248439648269111
0.00020548768738756803
2.0576894329928874e-05
0.0004857146846949702
0.000128464804517904
0.00024246752430296254
0.0001149525852958314
7.937540686885399e-05
4.518649049411908e-05
0.0001021463025774706
0.000697598526356326
0.00014938472292536884
7.793298363446956e-05
7.973019597284496e-05
0.00011598554642495976
0.0001021463025774706
6.453145298857694e-05
0.00042274653434838574
0.00010987277545406783
0.00010362509595283366
1.714150900537576e-05
0.00020250913567175743
0.00010987277545406783
5.2916937912569326e-05
0.00028254217447252957
0.0003933048077645258
0.00013062620861914638
7.73389862092723e-05
0.0001966524038822629
4.231914988916492e-05
9.258436628139156e-05
0.0001649807863238274
0.00042274653434838574
0.0005862989783458728
9.131874481738437e-05
0.0007400130743881551
0.0003079780943586571
0.00034795663927487925
0.0009671787703510283
0.00011489181929707125
9.858004982911637e-05
0.00017505465062814393
0.0006525808292977711
0.0008057486498174792
0.0002860656286368773
8.193948766427314e-05
0.0010986327970020726
0.001187572745587854
0.0016711920131226262
0.00011408002636218978
0.00027668637148376606
0.00044217646294024074
0.0003729033310272978
0.00037405981339351253
0.00023253284211877535
0.0002860656286368773
0.00012042861105371065
9.069438434298067e-05
3.520014148153532e-05
0.00014348378019767488
0.00021809265700709947
0.00026841328035528777
7.366639653579484e-05
0.00011763724675781776
0.00042274653434838574
0.0002610127481604511
0.0008632372171521397
9.858004982911637e-05
0.0002860656286368773
7.440609927078698e-05
0.0002159288728648294
0.0002133589883347062
0.00012820892047943163
0.00042274653434838574
0.00032239292345034274
0.00018622736923453226
5.5689613077495205e-05
6.91655074318926e-05
9.233777080295373e-05
0.00016721067729840296
0.00038539441355371195
0.0001400054657722576
3.428301801075152e-05
5.382637144239716e-05
0.0001385528710302643
0.0002860656286368773
7.126889106643945e-05
4.947241763529722e-05
0.00017505465062814393
0.0002968931863969635
0.00018154296102891742
9.007552491340718e-05
0.00023527449351563553
0.00017301856340381586
0.00023253284211877535
6.849589579585602e-05
0.0002957401494873491
0.00012953719314785921
0.0002159288728648294
0.00017715152547277723
0.00042274653434838574
0.00010474113230262047
0.00027668637148376606
0.00037000653719407756
0.0004650656842375507
0.0003253730924386393
0.0002123260272055779
0.00042274653434838574
7.499600126592824e-05
0.0001938975374260474
2.822402200320339e-05
0.00042274653434838574
0.00012433184244894262
0.00012953719314785921
0.00023253284211877535
0.0002237413715830172
2.8994487763524256e-05
0.00011443326342907792
7.615847353321414e-05
0.0012764493370084925
4.61103382879284e-05
0.0002543181524693262
0.00042274653434838574
5.942752452294835e-05
0.00037405981339351253
7.614863684651044e-05
8.526404772502227e-05
5.273169851946356e-05
0.0005368265607105755
0.00011321817394345018
0.00030969946911532436
0.00014127108723626478
0.0005017264557298684
9.927896197251645e-05
0.0001938975374260474
0.000205631431514453
0.0002968931863969635
0.00026841328035528777
0.0001966524038822629
0.00014127108723626478
0.0005533727429675321
0.00035010930125628785
0.0003886115794435776
0.00047475781536400816
0.00032042456137091013
0.0007481196267870251
0.00023253284211877535
0.0003455799073518368
0.00042274653434838574
0.00011152555973058183
0.0001400054657722576
0.00041779800328065655
0.0002610127481604511
0.0001966524038822629
0.0004246520544111558
0.00014938472292536884
7.464879144315261e-05
0.0003420796768910826
0.00011152555973058183
0.0009703370335236826
0.00037405981339351253
0.00014938472292536884
0.00036769224232780423
0.00011763724675781776
0.00027668637148376606
0.0001966524038822629
7.872182169032211e-05
5.382637144239716e-05
0.00011763724675781776
0.0002299051705916628
8.946207043869602e-05
0.0010034529114597368
5.6448972807137754e-05
0.00020889900164032827
0.00012042861105371065
0.00010141841947433679
5.094432241086246e-05
0.00013633993372698123
0.0001149525852958314
0.0001106259794079153
0.0002860656286368773
4.783737456142772e-05
0.0002610127481604511
0.00017715152547277723
0.000896308337552213
0.0001465747445864682
8.360533864920148e-05
0.0002197265594004145
0.0002968931863969635
6.07788644262128e-05
0.0002968931863969635
8.193948766427314e-05
6.539330540731656e-05
6.453145298857694e-05
0.00030969946911532436
0.00030969946911532436
0.00012333551239802586
0.00011583612010118513
0.00014796568292738967
0.0001339983805378137
3.297892585230061e-05
0.00022138861269991152
6.453145298857694e-05
0.0003933048077645258
0.00010839017335378948
0.00024258425838092064
0.00020889900164032827
3.270614845751884e-05
0.0002123260272055779
0.00010288180763176797
0.00041097537477513606
5.957126864983332e-05
0.00011855543095508295
0.00042274653434838574
0.00012333551239802586
6.07788644262128e-05
0.00042054277504804396
0.00021954091200441256
0.0004474827431660344
0.0008052398410658632
4.683153268290094e-05
0.00013062620861914638
0.0003253730924386393
8.588977059026672e-05
0.0002197265594004145
0.00013633993372698123
7.269755233569983e-05
0.00013633993372698123
0.00037405981339351253
0.0001444361918576397
0.00042274653434838574
5.094432241086246e-05
0.00013633993372698123
0.00023737890768200408
0.00019951974448721704
0.0002999546954286847
5.6448972807137754e-05
0.00030969946911532436
0.00037405981339351253
0.00023737890768200408
6.32581838474019e-05
0.00021027138752402198
0.0008454930686967715
0.0008454930686967715
0.00022799965052889282
0.00023737890768200408
8.24903931619137e-05
3.662493862806724e-05
0.0003455799073518368
0.00012740854264519532
0.0008454930686967715
0.00019951974448721704
0.00022799965052889282
9.387321144899231e-05
4.453911180195121e-05
7.267531538461482e-05
0.0002594180377624669
9.007552491340718e-05
0.00030969946911532436
0.00013881623517983838
8.62101770185896e-05
3.162551036007177e-05
0.0001508330235323438
0.0001465747445864682
0.00015694471055957977
0.0001508330235323438
0.00028774573905071326
0.0001400054657722576
1.744628718743545e-05
0.0001339983805378137
0.00019124665335873875
0.00010590335266941221
0.0001400054657722576
0.0006911598147036736
0.001268239603045157
0.00035430305094555446
0.00011321817394345018
0.0001619048948983234
0.0002482064654420903
5.309469721305118e-05
0.00013633993372698123
0.00042274653434838574
0.0003724547384690645
0.0007481196267870251
4.954646352302382e-05
0.00014127108723626478
0.00015382241471688423
4.294629772406736e-05
3.0297680820231922e-05
8.885392732478582e-05
0.00010474113230262047
0.00012534250867520845
0.00030764482943376845
8.885392732478582e-05
0.00019124665335873875
0.00016021228068545507
0.00026841328035528777
0.0002197265594004145
0.0003253730924386393
7.382679873128158e-05
7.614863684651044e-05
0.00018622736923453226
7.7166626996549e-05
3.297892585230061e-05
7.366639653579484e-05
0.0001966524038822629
0.00042274653434838574
0.0001317323746437793
9.299885523122036e-05
0.00027668637148376606
5.877758686190769e-05
0.0002482064654420903
0.0001793129295740196
0.00015536621512222636
0.00016541763138437166
8.24903931619137e-05
0.00010437633403236843
0.00012235311749066806
7.174189009883744e-05
3.7493899288565546e-05
0.00014733279307158967
1.890864852059749e-05
8.946207043869602e-05
0.00010590335266941221
0.00013515940020902885
1.9132700037137432e-05
6.626586434095817e-05
0.00012333551239802586
9.48765310802153e-05
6.814328007016275e-06
0.00014387286952535663
0.0001021463025774706
0.00017715152547277723
0.00019951974448721704
0.0002543181524693262
0.0002197265594004145
0.00037405981339351253
0.00012740854264519532
0.0002237413715830172
0.0007481196267870251
0.0008454930686967715
0.0004474827431660344
0.0004650656842375507
0.00016911533200858388
3.056124619844772e-05
0.00026841328035528777
0.0001508330235323438
0.00022799965052889282
0.00019951974448721704
5.721663171453896e-05
8.085047219298599e-05
4.683153268290094e-05
0.000128464804517904
0.00030969946911532436
2.6707989967813248e-05
0.00015536621512222636
0.00030969946911532436
0.00018154296102891742
2.30551691439642e-05
9.069438434298067e-05
5.877758686190769e-05
7.079905593084069e-05
0.00018154296102891742
0.0001317323746437793
8.416951911917098e-05
0.00020250913567175743
0.00017301856340381586
2.4010831380826605e-05
0.00018869218672713082
0.00020889900164032827
0.00018154296102891742
0.00022799965052889282
0.00023253284211877535
0.00013062620861914638
0.00026841328035528777
0.0002237413715830172
0.00014351212368428316
0.00010987674999592085
0.0002299051705916628
0.0002610127481604511
0.0003253730924386393
0.00019951974448721704
0.00024258425838092064
0.00016021228068545507
0.00026841328035528777
0.00042274653434838574
0.0003253730924386393
0.00042274653434838574
3.325276670939991e-05
6.714939914631191e-05
0.00028774573905071326
2.4010831380826605e-05
0.00042274653434838574
5.997149817075445e-05
0.00042274653434838574
0.00020250913567175743
0.0001523118169077069
0.00018622736923453226
3.0825804292295224e-05
0.00015694471055957977
8.946207043869602e-05
0.0005533727429675321
4.1388803958533946e-05
0.0002159288728648294
7.267531538461482e-05
0.0002543181524693262
0.00017715152547277723
0.0001523118169077069
0.00014521081647117417
0.0003253730924386393
0.00024258425838092064
0.00014938472292536884
0.00037405981339351253
0.0002968931863969635
0.00010987277545406783
0.000205631431514453
4.649942761561018e-05
0.00018622736923453226
0.00016021228068545507
0.0011221794401805377
9.069438434298067e-05
0.0002860656286368773
0.000593786372793927
0.00022799965052889282
8.0312231314945e-05
0.00027668637148376606
9.998489847622824e-05
0.00014521081647117417
0.0008454930686967715
6.80441894746252e-05
0.0003420796768910826
0.00019951974448721704
0.0006911598147036736
4.263202386251114e-05
6.368004752321107e-05
0.00023737890768200408
6.80441894746252e-05
0.0008454930686967715
0.00015382241471688423
0.00046334448040474054
0.0002968931863969635
0.0001465747445864682
0.0002968931863969635
0.00027668637148376606
0.00012042861105371065
0.00018384612116390211
0.00015382241471688423
1.8280195965372504e-05
0.0002987694458507377
0.0002165159792094131
0.00013973742000041942
0.0001523118169077069
0.00017412093174301742
0.00042274653434838574
5.059224101764322e-05
0.000128464804517904
0.00024258425838092064
0.0001523118169077069
0.0001523118169077069
0.0004851685167618413
0.00042274653434838574
0.00017301856340381586
0.00015855949640894106
7.366639653579484e-05
0.0002237413715830172
3.866949310463615e-05
3.648150077901268e-05
0.0002482064654420903
6.582822996024898e-05
0.00011763724675781776
0.00014796568292738967
8.139286941239206e-05
0.00027668637148376606
0.00042274653434838574
0.0003253730924386393
0.00042274653434838574
0.00023253284211877535
0.00019037229714096682
0.00020889900164032827
0.00014938472292536884
0.0001966524038822629
0.00030969946911532436
0.0001400054657722576
0.00014127108723626478
0.0001793129295740196
0.00010288180763176797
6.940811758991919e-05
8.531165958294048e-05
0.00011855543095508295
7.079905593084069e-05
0.00011321817394345018
0.00013699179159171204
0.00016278573882478413
7.7166626996549e-05
0.0002123260272055779
0.00018869218672713082
0.00014539510467139965
0.0001938975374260474
0.00016363930625070463
0.00018622736923453226
0.00015694471055957977
0.0002634647492875586
0.00011583612010118513
0.0002133589883347062
0.00019951974448721704
0.00012908897916858182
0.0002482064654420903
0.0001006980019704956
0.00019124665335873875
0.00041779800328065655
0.0002860656286368773
0.0001966524038822629
0.0009301313684751014
0.0008637154914593176
0.0003253730924386393
9.131874481738437e-05
9.452661235498293e-05
0.00014127108723626478
0.00024866368489788525
2.8994487763524256e-05
0.00023737890768200408
0.00037405981339351253
0.0002123260272055779
0.00014387286952535663
0.0002159288728648294
0.0003455799073518368
0.00042274653434838574
0.0002543181524693262
0.00020250913567175743
6.453145298857694e-05
0.00026841328035528777
0.0003455799073518368
8.0312231314945e-05
0.0003455799073518368
0.0003253730924386393
0.00014796568292738967
0.0003253730924386393
0.0002482064654420903
0.000727752775142762
1.95829585717664e-05
0.00036308592205783484
0.00030969946911532436
0.00042274653434838574
0.0002860656286368773
0.0002165159792094131
0.00042274653434838574
0.0003455799073518368
0.00023737890768200408
0.00014521081647117417
0.0003455799073518368
0.00042274653434838574
0.00042274653434838574
0.00042274653434838574
4.108140700892467e-05
0.00042274653434838574
0.00010913149529446062
0.00037405981339351253
7.126889106643945e-05
0.00011763724675781776
0.00042274653434838574
0.00012138427329057308
0.00013285624007404418
0.00010987277545406783
0.00020250913567175743
9.858004982911637e-05
0.00042655829791470246
0.00027668637148376606
0.0003455799073518368
0.00020967864965457415
0.0007524480478428133
0.00026841328035528777
0.00027668637148376606
0.00013285624007404418
0.00011152555973058183
0.0001938975374260474
0.001187572745587854
0.0004246520544111558
0.0002610127481604511
9.649125371433828e-05
0.0002159288728648294
5.838408392304318e-05
0.0002543181524693262
0.00037405981339351253
0.00037405981339351253
0.00019935934229173033
0.0002482064654420903
3.0825804292295224e-05
8.916909484538817e-06
2.1413422832567397e-05
8.765321277210799e-05
0.0005533727429675321
0.00027668637148376606
0.0002860656286368773
0.00016363930625070463
8.885392732478582e-05
0.00042274653434838574
0.00037405981339351253
0.00020889900164032827
0.00030969946911532436
0.00042274653434838574
0.00037405981339351253
0.00017715152547277723
0.00011321817394345018
0.0002860656286368773
0.0001006980019704956
0.00042274653434838574
0.0001619048948983234
0.0013050637408022554
0.00047475781536400816
7.665578772033521e-05
0.000205631431514453
0.00027668637148376606
0.0003990394889744341
0.00026841328035528777
0.00024258425838092064
0.00042274653434838574
4.954646352302382e-05
0.0003455799073518368
0.00018015104982681436
7.126889106643945e-05
0.000205631431514453
0.00020250913567175743
0.0003253730924386393
0.00018622736923453226
0.00011948577688571392
0.00011583612010118513
0.00023737890768200408
0.0003253730924386393
0.0001523118169077069
9.069438434298067e-05
0.0002482064654420903
0.00037405981339351253
4.326198405716166e-05
0.00037405981339351253
0.0003253730924386393
7.665578772033521e-05
5.059224101764322e-05
0.00037405981339351253
9.720274901680365e-05
0.00022643634788690036
3.866949310463615e-05
0.0003253730924386393
0.00042274653434838574
0.00037405981339351253
0.00042274653434838574
0.00037405981339351253
0.0001938975374260474
0.0002860656286368773
0.00023253284211877535
0.00042274653434838574
0.00012433184244894262
0.0002860656286368773
0.0003253730924386393
0.00026841328035528777
0.00012534250867520845
9.998489847622824e-05
0.00042274653434838574
0.0001710398384455413
0.0002543181524693262
4.716521545239365e-05
0.0001508330235323438
9.858004982911637e-05
0.0008454930686967715
0.00024866368489788525
0.00023737890768200408
0.0001006980019704956
0.00023253284211877535
7.514518991115788e-05
0.0001006980019704956
0.0008454930686967715
0.00037405981339351253
0.00015694471055957977
4.326198405716166e-05
8.885392732478582e-05
0.0003455799073518368
0.00042274653434838574
0.00017301856340381586
0.00042274653434838574
0.00011321817394345018
9.452661235498293e-05
0.0001066794941673531
4.783737456142772e-05
0.00011408002636218978
0.0002237413715830172
0.0002237413715830172
0.00023737890768200408
0.00030969946911532436
0.0002968931863969635
0.0001793129295740196
0.0004318577457296588
0.00023253284211877535
0.0005533727429675321
0.0001387622458682804
1.3320864440209292e-05
0.00030969946911532436
0.0003253730924386393
0.0002482064654420903
0.0002543181524693262
6.496105733011668e-05
0.0001387622458682804
0.0002860656286368773
0.0001317323746437793
5.201128101562238e-05
0.00030969946911532436
0.0002860656286368773
9.452661235498293e-05
0.0010367397220555103
7.819958812567734e-05
0.00018138876868596134
0.0003586258591480392
0.0005086363049386524
0.00012319123774346284
0.004650211877832242
0.00017751992019129673