0.0005483167791342812
0.1382593330824216
0.001295979608089619
1.2700552661686067e-05
0.0003390610422315046
0.0015011680798730858
0.014566002817531875
0.005246518753220807
0.000927500672187631
0.006857148347437176
5.984151763968458e-05
0.0003288254261194674
0.000351001127281542
0.00023107265519863404
0.0002741583895671406
9.853060271297162e-05
7.093619626755418e-05
0.0001594603603624438
0.0003500493500060934
0.00015555510362861132
0.003426641087934018
0.0006731401111149793
0.0005991280201634746
0.0003455608331697776
9.919071184282124e-05
0.0031039405810396603
0.0010768879553982895
0.0017167132033935565
7.14591431681024e-05
0.000300248818798363
0.0005743722506545263
0.00011785237705601259
0.0007392353640378313
9.304993523567441e-05
0.00044229158062772026
0.0017297467399993447
0.00201661606111382
0.00026246931440910686
0.00020654615080630378
0.0014249732283419386
0.0006286672647641589
7.394899955454939e-05
0.00017157075359906457
0.0002477332806717769
0.003359800567783799
0.0010242958956080662
0.019074492998953863
0.05033124844667103
0.0004271113122299357
0.00022670783929057612
0.0001186349815524631
0.0002823247337092321
0.00012426920175008722
0.000526501690922313
0.0005570038833102388
0.0016807080063853369
0.0005504152229843385
9.592778068019469e-05
0.0016322964428921482
0.0025146690590566356
0.015939180886786752
0.0006353832941508183
0.0013706564351736073
0.0003102275530222153
0.000254428197532743
9.484663398094571e-05
0.0003036805103076838
0.00012344704290036027
0.000330925975502051
0.0015387314250197108
0.00030391292514577974
0.0001964662407042412
0.00022736848378569535
0.0002219486720904932
0.0003761302714199769
0.0002890197043461376
0.0007521118338180663
0.00017051997938264155
0.000786522532548103
0.0002674557424856384
0.0005188248393576908
0.0001334295512700088
0.0009005492449677673
0.0007254288938111144
0.00018929669160785317
0.0010041278539800998
8.29687019827161e-05
0.00041363673736295373
0.0007693657125098554
1.8118837935337292e-05
8.337543883983167e-05
7.220380919545473e-05
9.327301994970817e-05
0.0003500493500060934
0.0009935562488251192
0.0014153330580087048
0.0006437774744374086
0.0020559846527604107
0.0008647080655961513
0.0006853282175868036
6.415690169258098e-05
0.0006853282175868036
0.0006853282175868036
0.00033118541627503973
0.00012933085754331916
0.00023415022922280708
0.0006853282175868036
0.00019994322841032874
0.00023570475411202518
0.00011140077666204776
8.0343597030536e-05
0.00011451042667078091
7.75507307061635e-05
0.0004231362930980779
0.00019096011505322463
9.744363590815515e-05
9.985467002724576e-05
0.00024853840350017443
0.0005787523171090475
0.0001994868654675256
0.00011553632759931702
0.00011477466251190036
0.00016710116499307163
0.00019994322841032874
0.0006064005836948317
0.0003395985427514957
7.51944252042798e-05
4.079553539725755e-05
0.00020654615080630378
5.718409340143235e-05
0.0021932671165371246
0.0022438883639764938
0.00021176241423497168
0.0006751186015602574
0.00011942300204006802
8.666507424554786e-05
0.00030189927214921685
0.0008477699471136608
0.0005194507244248393
0.00016678937813575017
0.00094162399396043
4.588492107300744e-05
0.00015981133930084598
0.0003442086592061059
0.00019706120542594324
0.00023323700898670164
0.000470811996980215
0.0005020639269900499
0.0020559846527604107
0.0003609060860187971
0.00017680193215979302
0.0006853282175868036
0.0013706564351736073
0.00023987200250132415
0.00025186309045928244
0.00021916212347500546
7.166402155082331e-05
0.00015157331500679247
0.00017680193215979302
2.768952168956232e-05
0.0006853282175868036
0.00012344704290036027
0.0003848227022018435
0.000351001127281542
0.0002741583895671406
0.0003627144469055572
4.0100676224310785e-05
0.0002943052249716299
0.00017945015630880346
0.0006853282175868036
0.0003627144469055572
0.00038502298867988357
0.00014906104957771674
0.0005550286670008112
0.00014129499118561013
0.0003500493500060934
0.0003769665870006261
0.00059505190779612
4.233517553895356e-05
0.00011140077666204776
7.064749559280507e-05
0.00048130324370540783
9.484663398094571e-05
0.0013912510082814465
0.0006064005836948317
0.0005602308775973799
0.00023987200250132415
0.00019523075567516858
0.00013462802222299588
0.000596244198310867
0.0006884173184122118
0.0002837868130135852
0.0002209976934454654
0.0005274729498028597
0.00034083618115651873
0.00015116421967401635
4.8612343037248524e-05
0.0003484278003309682
0.0003932612662740515
0.0002861331725904078
0.00021965216224407015
6.173149473726573e-05
0.00012344704290036027
0.0004149045552186584
0.00035620590371598395
0.000325003078141973
0.00010531049225802606
9.82331203521206e-05
0.00013283478034299969
0.0002906900481269437
0.00011104093437487617
5.984151763968458e-05
6.962164625797287e-05
0.0003500493500060934
0.00010301644331461624
0.000328294175631483
0.00024691766228116197
0.00020654615080630378
0.00017043890784753906
0.00036961768201891566
0.000328294175631483
0.00016517501073222998
0.0005602308775973799
0.0010389014488496786
0.0006200723952370644
0.0004231362930980779
0.0003386529961043917
0.0002209976934454654
0.0002943052249716299
0.0005249386288182137
0.00011313098445717187
0.0002804860454970617
6.66564425052134e-05
0.000872070144380831
0.00012730674336881642
0.0006853282175868036
0.0003769665870006261
0.00012633970577134905
0.0004485453159108877
0.00012101559451835675
0.0010953485521869486
0.0007000987000121868
0.0012509733998942382
0.0015501809880926608
0.004550641550079214
2.885451987910017e-05
0.0003769665870006261
0.0008304448708672418
0.0003001830816559224
0.00029900390312979686
0.00038799257262995754
2.8583657267240956e-05
0.000453934868835799
0.00014184154565594477
0.00018778571855941994
2.9268892049391004e-05
0.00023944360620380782
0.00043513353760795597
5.35787497523739e-05
5.3907738917340175e-05
0.0002804860454970617
0.0003442086592061059
0.00030391292514577974
0.0002269674344178995
0.0008786086489762806
0.0001284320636659545
0.0001964662407042412
3.6598714741429986e-06
8.161389245599465e-05
0.00033035002146445996
0.0002501946799788476
0.00010119431496129934
0.00019994322841032874
0.0003500493500060934
0.0002210251206696185
0.00027474394883936616
0.0002972630077267995
7.810230929400876e-05
0.0003931537307030989
0.00048130324370540783
7.398289069683107e-05
0.00011062493597695481
0.00023775403191006377
0.0003138421398754887
4.9972718389947914e-05
0.0001767244920122208
0.00011177794993172684
3.812272893428823e-05
0.0003234479759214638
0.00021043980313192385
0.0002354059984901075
0.0002766030368124389
0.00012153085759312131
0.0001892362923926557
0.00019444350980061604
0.00013519452788827817
5.276571673210813e-05
0.00010958106173750273
0.00010119431496129934
0.0002681639262846277
0.00048130324370540783
0.0002469259789490629
0.00013419348446545116
0.000318266858422041
0.00012101559451835675
0.0009176852049296145
0.0019241135110092174
0.000960970411110747
0.0005602308775973799
0.0001401836853247101
0.0003386529961043917
0.0004321320130958186
0.0001964662407042412
0.00031077741101527583
8.785742551736763e-05
0.0005602308775973799
0.0003769665870006261
0.00024936654173951105
0.000122613711382123
0.0006853282175868036
0.0005602308775973799
0.0002906900481269437
0.0005602308775973799
8.906239449721797e-05
0.0006853282175868036
8.125076953549325e-05
0.00010958106173750273
0.00010516101614830485
0.00012164148316107767
0.0006809023032536986
0.0004231362930980779
0.0002837868130135852
0.000254428197532743
0.00016753051109780773
2.7656233994238703e-05
0.001068617711147952
0.00028465562774395695
0.00011251976692670957
0.0002569429370262105
9.722175490030802e-05
0.0004149045552186584
0.00015538870550763792
0.0006809023032536986
0.0005960779062173082
0.000163058448958139
0.00030970141623178874
8.020135244862157e-05
0.0004938353245623239
0.0008867754244167446
6.511637047330086e-05
0.00011104093437487617
0.00021562858580411078
0.00014502988503472928
0.0003288254261194674
0.00017043890784753906
0.0003932612662740515
0.00022461258562667127
0.00012727235751431836
0.00025704597962676525
9.312744083820025e-05
0.00019314585949759802
0.00016920788498220608
0.00019523075567516858
0.000346608982797951
0.0010041278539800998
3.853544874723643e-05
0.00035620590371598395
0.00023323700898670164
0.0001226742987483562
7.325329594261622e-05
0.0002943052249716299
0.0007072077286391721
0.00017294161311923027
0.0002210251206696185
0.0003386529961043917
0.0005856922670255057
0.00017168338478106335
0.0006064005836948317
0.0004485453159108877
3.386814043116285e-05
0.00024936654173951105
5.196679325242263e-05
0.00014991815516984374
0.0005020639269900499
5.984151763968458e-05
0.00035620590371598395
0.0005020639269900499
0.0004122834653166869
0.00016559270813751986
0.0002766030368124389
6.173149473726573e-05
0.0003532374779640253
0.00025972536221241966
6.579086812243346e-05
0.0001863533914221619
0.00024452034202949183
4.2087960626384766e-05
0.0003874045928077447
0.00011030865850068368
7.784948632808122e-05
0.004111969305520821
0.0006853282175868036
0.00020155841160508973
0.00020429998641478887
0.0001863533914221619
0.0002265328966603548
0.00012426920175008722
6.12560514327381e-05
7.431254549734619e-05
0.0003848227022018435
0.00027727826982401203
0.00019452062172566024
0.0001470276293635683
4.453336213865469e-05
0.0002392213656490323
3.986509009061095e-05
0.0001401836853247101
0.00026528102531413395
0.0004208004941144686
0.00038502298867988357
0.000328294175631483
0.00030226288617485347
0.00013735525775282164
0.0025103196349502495
8.666507424554786e-05
0.0001742139001654841
2.362227453185756e-05
0.00016845943922000345
8.105231180339701e-05
0.00015538870550763792
9.213181230876762e-05
0.0004637503360938155
0.0007178493589668069
0.000328294175631483
0.0004664740179734033
8.906239449721797e-05
0.0005998296852309863
0.0005602308775973799
0.0005070876280871137
6.759726394413908e-05
7.578665750339623e-05
8.548507916776171e-05
0.00011104093437487617
0.0002023886299225987
9.401397922725829e-05
0.00015538870550763792
0.001912797818359777
0.0001480398005259275
0.0001586894730241614
0.0006461327732389736
0.00010118845291041545
0.00010461404662516289
0.00027453382186670114
9.633990144871254e-05
0.0002354059984901075
0.0004297030301207597
6.962164625797287e-05
0.0003643228786051365
9.859866607273253e-05
9.400782267533848e-05
0.0006853282175868036
0.0006853282175868036
6.759726394413908e-05
0.0006751186015602574
0.0001967800109479846
7.538174120275766e-05
0.0003848227022018435
0.00017168338478106335
7.646107161566595e-05
0.00017043890784753906
0.0001644127130597337
0.0001907055838236988
0.00024691766228116197
0.0005274729498028597
0.0003234479759214638
0.0006853282175868036
0.00025645523750328516
9.464834580392658e-05
0.0004597205381679545
0.00014226995097141857
0.0001849388576291084
0.000130196781914081
0.001811395632895301
5.178318752037221e-05
0.0006853282175868036
0.0006853282175868036
0.0006853282175868036
0.0005602308775973799
0.0041169317282140645
0.0030320029184741585
0.0006853282175868036
0.0002037401888569514
0.0005743722506545263
0.00014026683137148953
0.0006853282175868036
0.0006853282175868036
8.431718681688336e-05
0.0003386529961043917
0.00011030865850068368
0.0003397993449905322
0.000310202922824654
0.00024689408580072053
0.0001642515801987742
0.00018802795845451658
0.00019185556136038938
0.00044123463400273474
0.0004344583045963828
0.00013233163497834688
0.003426641087934018
0.000318266858422041
0.00021916212347500546
0.00015757855195880886
0.00010742575753018993
0.0002354059984901075
0.00020654615080630378
0.0010389014488496786
0.0008970906318217754
5.3463214091445906e-05
0.0005076236549466183
0.00014602437612469757
0.00029166526470092403
0.00020104504483366294
0.0002290191747199332
0.00012761851691433184
0.0014439097311162235
0.00015324017938931817
0.0002290191747199332
0.0006030539296220613
0.00012351707099778905
0.00011399249455287177
0.0006853282175868036
0.00015324017938931817
5.35787497523739e-05
9.400782267533848e-05
2.3932930156829676e-05
0.00010323380541059624
0.0002354059984901075
0.0001163031217831966
0.0002037401888569514
0.00013194863963734142
0.0020559846527604107
0.0006853282175868036
0.0006853282175868036
0.007538610393454839
0.0006853282175868036
6.496242393877011e-05
0.00012677190702177843
0.00013086905905232104
9.401397922725829e-05
7.841187528399854e-05
0.00014071419699947184
0.0001767244920122208
7.97301801812219e-05
0.0001769166322510881
0.00020922809325032578
0.0003408778156950781
5.570038833102388e-05
0.0002290191747199332
0.0003386529961043917
0.0003769665870006261
0.0002037401888569514
0.00029166526470092403
0.0003500493500060934
0.0001181638594030651
0.00015757855195880886
8.489963568787392e-05
0.0011346214973648754
0.0004023756098134358
0.0003386529961043917
0.00011177794993172684
8.871202909673651e-05
0.00030226288617485347
0.00024452034202949183
0.000130196781914081
0.00015757855195880886
0.00015538870550763792
0.0001132664483301774
9.985467002724576e-05
0.0003932612662740515
0.00023987200250132415
0.00016678505940933964
0.0003151571039176177
8.201673471738019e-05
0.0008411021119482606
0.00959459504621525
0.003928845583351523
0.0006853282175868036
7.064749559280507e-05
1.2700552661686067e-05
0.0003138421398754887
0.00019057253254702424
0.001573045065096206
0.00031433363238207946
0.0005076236549466183
0.0002711217161141214
0.0001518402551538419
0.0003932612662740515
8.489963568787392e-05
3.789332875169812e-05
0.00011541807951640068
0.00024452034202949183
3.853544874723643e-05
0.00015113144308742673
7.784948632808122e-05
0.0005483167791342812
0.00010339337697768196
0.0006853282175868036
0.0005811068892116171
0.0001355353457965424
0.0006853282175868036
6.268837856999615e-05
0.00013737197441968308
8.725968920512366e-05
0.00017043890784753906
0.0002943052249716299
0.0004231362930980779
0.0005313391213719987
0.00025092920033949857
9.461004245861596e-05
0.0001753330215831332
0.0001392387130465703
0.0002741583895671406
0.0012128011673896634
0.003089022389909734
0.00015076348240551532
0.0002804860454970617
0.00016920788498220608
0.0002804860454970617
0.00022495201001666957
0.0002354059984901075
0.0017027208780815112
0.0002690090839063216
0.0006483551413513572
0.0004890406840589837
0.0002420311890367135
0.0002245376652627148
2.3932930156829676e-05
0.0003630467835550702
4.418771900092462e-05
0.001819201751084495
4.453336213865469e-05
0.0006064005836948317
0.00024452034202949183
0.00015508322539279067
0.00030189927214921685
0.0005602308775973799
0.00026528102531413395
0.00021911131921668208
0.0004231362930980779
4.0891432916118744e-05
0.00038285555074299546
0.00011401805835943884
0.0006509839095704049
0.00020825849143529115
0.00013737197441968308
0.00014026683137148953
0.00019370229640387236
0.00018778571855941994
0.00018662679456179124
6.365337168440821e-05
0.0002326062435663932
0.0005602308775973799
9.176984214601488e-05
0.0001711922979394333
0.001819201751084495
8.725968920512366e-05
0.0006064005836948317
8.785742551736763e-05
0.00027771199449137747
0.0001430665862952039
3.699144534841553e-05
0.00026566956068599937
6.860495641444853e-05
0.0004097183582432264
9.657292974879901e-05
0.00010958106173750273
2.7788660246522893e-05
0.000470811996980215
0.00039880919566094705
0.00035620590371598395
0.00015324017938931817
0.00010254990842382955
0.0004122834653166869
0.00043513353760795597
0.00018124115632130273
0.0008291863107789086
0.00015430937509472965
0.00031879963639329617
0.0001964662407042412
0.00018056050218046818
4.6586044791639525e-05
0.0006853282175868036
2.8282746114292966e-05
0.0003769665870006261
0.00034588322623846054
0.0005274729498028597
0.00016403346943476038
0.0004580383494398664
0.00015538870550763792
0.0003442086592061059
0.00025704597962676525
0.00010813966899727784
0.0006064005836948317
0.0005960779062173082
0.0004580383494398664
5.7522323295713926e-05
0.0002488357260823883
0.0003234479759214638
0.00021355565611496784
0.00025972536221241966
0.0006286672647641589
0.0002711217161141214
8.548507916776171e-05
0.0002354059984901075
0.0005813800962538874
0.00011688868105542215
9.338312716488848e-05
0.00011177794993172684
8.725968920512366e-05
0.00023570475411202518
0.0003134418928499807
0.0008702670752159119
0.0006853282175868036
0.0002717640815968983
0.0012128011673896634
0.0012128011673896634
0.010965251481388858
0.0002711217161141214
0.00034588322623846054
0.00017168338478106335
8.257776022392565e-05
0.00019706120542594324
0.0006129607175572727
0.001017712790130972
0.00041999395135459543
7.220380919545473e-05
0.0005274729498028597
0.0006853282175868036
0.0027413128703472145
0.0003932612662740515
0.0061679539582812325
0.0006853282175868036
0.0004212419690321042
0.001838374372953723
0.00012933085754331916
0.008909266828628446
0.00024936654173951105
0.00019830675342827185
0.0012128011673896634
4.451940900838827e-05
0.00025972536221241966
0.0002980389531086541
0.00030189927214921685
0.0019241135110092174
0.0006853282175868036
0.00030589506830987147
0.00017294161311923027
7.784948632808122e-05
0.0005886104499432598
0.0002741583895671406
0.00010118845291041545
8.906239449721797e-05
0.00019835063593204002
0.00025704597962676525
4.6586044791639525e-05
0.0005020639269900499
7.220380919545473e-05
0.00014404400436527286
2.3318254987427043e-05
0.00024936654173951105
0.00010052252241683147
0.0005020639269900499
0.00021355565611496784
3.0806173727189335e-05
0.00012021651400393482
9.657292974879901e-05
0.00011251976692670957
0.00019706120542594324
0.0004459432765144897
0.0003086187501894593
0.00019838142368564247
0.0016388734329729057
0.00018495722674207767
0.0002031968356420592
0.0005602308775973799
0.0004122834653166869
0.00048130324370540783
0.00010254990842382955
0.00010671629413849488
0.00027727826982401203
0.00026246931440910686
0.0001529221432313319
8.666507424554786e-05
6.962164625797287e-05
0.000254428197532743
7.168267095856079e-05
3.271726476308026e-05
0.00033598005677837995
0.0012345883114058098
0.0004023756098134358
0.0006688129094761157
0.0001711922979394333
0.00014502988503472928
0.0001132664483301774
0.000831834809472036
0.0002153775910796579
0.00017168338478106335
0.0001663223028917347
7.538174120275766e-05
0.00016920788498220608
6.203329015711628e-05
0.00020429998641478887
0.00023323700898670164
0.00015430937509472965
8.489963568787392e-05
0.0006853282175868036
9.722175490030802e-05
0.00015757855195880886
0.00015981133930084598
0.00010254990842382955
0.0003100361976185322
0.0002681639262846277
0.00023761710691613342
0.0004122834653166869
0.0005602308775973799
0.00021911131921668208
0.0004459432765144897
0.0002766030368124389
0.00014906104957771674
0.0005633571556782599
0.0003201488824154846
3.211330048290418e-05
0.0006200723952370644
0.001086145761490957
0.0006352872427049151
0.00044411940157778256
0.0002804860454970617
0.0013706564351736073
0.0006853282175868036
0.0013706564351736073
0.004111969305520821
4.82061582183216e-05
0.0006853282175868036
0.00014113656541256904
9.464834580392658e-05
0.00011707511461140354
0.00031433363238207946
0.000296079601051855
0.0004271113122299357
0.0016829162729823702
0.0022409235103895194
0.0006961935652328515
0.0006853282175868036
0.0006853282175868036
0.00017168338478106335
0.00026246931440910686
0.0003234479759214638
0.0002940552587271366
0.000351001127281542
0.0006853282175868036
0.0006853282175868036
0.00031077741101527583
0.000254428197532743
9.028025109023409e-05
0.00017811834573479323
0.0002906900481269437
6.709674223272558e-05
0.00025972536221241966
0.00024217245460082736
0.00011968303527936916
0.00012101559451835675
0.000530056118685682
0.0011544681066055305
0.0002906900481269437
0.0003500493500060934
0.0003848227022018435
0.0003932612662740515
0.0030320029184741585
0.0003627144469055572
0.0003932612662740515
0.0003985043410289991
0.0002681639262846277
0.00031879963639329617
0.0001401836853247101
0.0001186349815524631
0.000161767410817748
0.0006352872427049151
0.0002269674344178995
0.00036961768201891566
0.0008414581364911851
0.0003234479759214638
0.0006064005836948317
8.373770207511175e-05
0.0001470276293635683
0.00014602437612469757
0.00016094436860935216
0.0002943052249716299
0.0006853282175868036
0.00013885599724568874
0.0005609720909941234
0.0005602308775973799
0.00017811834573479323
9.464834580392658e-05
0.0004271113122299357
0.0002311085637265602
0.00022208186874975234
2.3963709588292958e-05
0.0006853282175868036
0.00019370229640387236
0.00016678505940933964
0.0002210251206696185
0.00012677190702177843
0.00024217245460082736
0.00048130324370540783
0.0002269674344178995
5.5577320493045785e-05
0.00024217245460082736
0.00017294161311923027
0.00010813966899727784
0.0003500493500060934
0.0005506250415514047
0.0003698777152582168
0.0001863533914221619
0.0005722663451808156
6.12560514327381e-05
0.0006853282175868036
0.00026246931440910686
0.0011627601925077748
0.00013283478034299969
0.00043513353760795597
0.00013283478034299969
0.00035620590371598395
0.0004165169828705823
0.0006853282175868036
0.00016559270813751986
0.0002518692470112023
0.00011104093437487617
0.0006406669683449035
0.0007392353640378313
0.00036064954201180447
0.00033598005677837995
0.00016559270813751986
0.0004122834653166869
0.00013106934178532575
0.00020654615080630378
0.00014209748677764648
0.00019835063593204002
0.00013283478034299969
0.00029204875224939515
0.00026528102531413395
0.0006853282175868036
0.0004231362930980779
0.0004122834653166869
0.0001863533914221619
0.0001907055838236988
0.00017680193215979302
8.985949282203495e-05
0.0004122834653166869
0.00013283478034299969
0.0002711217161141214
6.349314779718493e-05
9.151127395556705e-05
0.0006064005836948317
0.0001863533914221619
5.9373884514247445e-05
0.0006853282175868036
0.00010254990842382955
0.00010119431496129934
0.0002741583895671406
4.411054499278229e-05
7.378168903001149e-05
8.966969463544052e-05
6.560824383427501e-05
0.00015430937509472965
0.0002804860454970617
0.00020155841160508973
0.0001835416805171349
0.00016920788498220608
4.6586044791639525e-05
0.0001605665024145209
7.707089749447286e-05
0.0001564783645981355
0.00011781632800814719
0.0001250973399894238
0.0006853282175868036
0.00014969177684180987
0.00020646761082119248
0.0001849388576291084
0.0002980389531086541
0.0003932612662740515
0.00014502988503472928
0.0002741583895671406
6.511637047330086e-05
0.0003769665870006261
7.920502381235314e-05
8.258750536611499e-05
0.0002741583895671406
0.0005483167791342812
0.0002078436694610188
0.0003442086592061059
2.5686412733190897e-05
0.0001226742987483562
1.4291828633620478e-05
0.0001830225479111341
0.00043255867598911135
0.00017571485103473527
0.0002741583895671406
0.0013706564351736073
9.985467002724576e-05
5.798239869334123e-05
8.431718681688336e-05
0.00015113144308742673
0.00042340969623770716
0.0001470276293635683
2.3963709588292958e-05
0.0001849388576291084
0.0001564783645981355
9.722175490030802e-05
2.7788660246522893e-05
0.00022208186874975234
0.00015324017938931817
0.0003643228786051365
0.0002290191747199332
0.0001907055838236988
7.013341568574476e-05
3.6227224318730865e-05
0.000750457704139806
0.00011401805835943884
0.00019523075567516858
0.0002820234680260154
9.528626627351212e-05
0.00018778571855941994
0.0002943052249716299
0.0001355353457965424
0.0006064005836948317
0.0002048591791216132
0.0001907055838236988
0.004111969305520821
7.321738741469005e-05
0.0003627144469055572
0.0003173789460483228
0.0002569429370262105
0.0002326062435663932
0.00010885808466744796
0.0001039218347305094
0.0004122834653166869
0.00013106934178532575
0.00012263077771311777
0.00015757855195880886
0.00023987200250132415
0.00016559270813751986
0.0003848227022018435
0.0003386529961043917
0.0006853282175868036
0.0003442086592061059
0.0002711217161141214
0.00023323700898670164
0.00021176241423497168
0.00048626635601351794
0.0001392387130465703
0.00025972536221241966
0.0011770299924505373
0.0001564783645981355
0.0003615954566408954
0.001819201751084495
6.078258502915595e-05
0.00014602437612469757
0.0006375992727865923
0.00021911131921668208
0.00027727826982401203
0.00016799002838918997
0.0004023756098134358
0.00030648035877863634
0.0002681639262846277
0.00024691766228116197
0.0001849388576291084
0.0001355353457965424
0.00043513353760795597
0.0005960779062173082
0.0008702670752159119
0.001582418849408579
0.00017043890784753906
0.00020999697567729772
0.0005037384940224046
1.4455493272916494e-05
0.00010119431496129934
0.003426641087934018
0.0004023756098134358
0.00048130324370540783
0.0001595236782643788
0.00048130324370540783
0.0006853282175868036
0.00013194863963734142
0.0006853282175868036
0.0006853282175868036
6.962164625797287e-05
6.365337168440821e-05
0.0001644127130597337
0.0002711217161141214
0.0001250973399894238
0.0002518692470112023
0.0003627144469055572
8.578537679953228e-05
0.00020654615080630378
0.00024691766228116197
0.00010531049225802606
0.0002741583895671406
0.00019835063593204002
0.0002804860454970617
0.000254428197532743
0.0002269674344178995
0.0002711217161141214
0.0003848227022018435
9.657292974879901e-05
8.607354820878223e-05
0.0002980389531086541
0.00023323700898670164
0.0007539331740012522
0.00019835063593204002
0.0005602308775973799
0.0001644127130597337
0.0002804860454970617
0.00026246931440910686
4.128888011196282e-05
0.000328294175631483
0.0004485453159108877
9.464834580392658e-05
0.0001337278712428192
6.709674223272558e-05
5.214170789335375e-05
0.00043513353760795597
0.00014113656541256904
0.0004637503360938155
0.00020654615080630378
0.0003386529961043917
6.962164625797287e-05
4.329719506318545e-05
3.970734766049112e-05
4.575488412317949e-05
0.0004664740179734033
6.759726394413908e-05
0.00016678505940933964
0.00023761710691613342
8.431718681688336e-05
8.0883705408874e-05
0.0005602308775973799
0.00017945015630880346
0.0001807977283204477
0.00043822263843336417
4.289268839976614e-05
0.0002290191747199332
0.00013644995718768593
9.312744083820025e-05
9.401397922725829e-05
4.575488412317949e-05
0.00022297163825724486
0.0003234479759214638
5.984151763968458e-05
3.6608693707345025e-05
2.328186020955006e-05
0.0002290191747199332
0.0001250973399894238
0.0002088649387739186
0.00014502988503472928
2.9570676365578836e-05
0.0006853282175868036
0.0006853282175868036
0.0006853282175868036
0.0006853282175868036
0.0005020639269900499
0.0006375992727865923
0.000254428197532743
0.00019835063593204002
0.00027289991437537186
0.000175500563640771
0.0001644127130597337
0.00017168338478106335
0.00017945015630880346
0.0001863533914221619
0.0001337278712428192
0.0002943052249716299
0.00013830151840621944
9.985467002724576e-05
0.00022954932502380071
7.920502381235314e-05
0.0006853282175868036
0.00017812478899443594
2.7435579324846962e-05
0.00035841335479280394
0.002425602334779327
0.0006406669683449035
0.0005464843179077048
0.0010549458996057194
0.0001663223028917347
4.453336213865469e-05
0.0007539331740012522
0.0011012500831028094
0.0006375992727865923
0.0013706564351736073
0.0005194507244248393
0.0013706564351736073
0.0005813800962538874
0.0013706564351736073
0.0017405341504318239
0.0013706564351736073
0.0006853282175868036
0.0006853282175868036
0.0008047512196268716
2.885451987910017e-05
0.0013706564351736073
0.0006853282175868036
0.00044411940157778256
3.737548789122461e-05
0.00016324482070885534
0.0006853282175868036
0.00020155841160508973
0.0002943052249716299
0.00023761710691613342
0.0006853282175868036
0.0001480398005259275
0.00027727826982401203
0.00014404400436527286
0.0013706564351736073
0.0013706564351736073
6.173149473726573e-05
0.0004637503360938155
0.0004637503360938155
6.268837856999615e-05
0.0006853282175868036
0.00020155841160508973
0.0001186349815524631
5.480023735084718e-05
0.00020825849143529115
0.00017811834573479323
0.0003500493500060934
9.275575088909135e-05
6.462661270321191e-05
0.000927500672187631
0.0013706564351736073
0.00040311682321017946
0.0011204617551947597
0.0011627601925077748
0.0020559846527604107
0.0020559846527604107
0.000155101461412327
0.00027289991437537186
0.0027413128703472145
0.0027413128703472145
0.002109891799211439
0.0027413128703472145
0.00014113656541256904
0.0003442086592061059
0.0004344583045963828
0.0007392353640378313
0.0020559846527604107
0.0009703439277643914
0.0002326062435663932
0.0003173789460483228
0.0006117901366197429
0.00035890031261760693
0.00031077741101527583
0.0007392353640378313
0.0006200723952370644
0.0013706564351736073
0.000260393563828162
0.0006375992727865923
0.0001132664483301774
0.000328294175631483
0.0006853282175868036
0.0006853282175868036
0.0004231362930980779
0.0004485453159108877
0.0006853282175868036
0.0003151571039176177
0.00013885599724568874
0.0001401836853247101
0.00014113656541256904
0.00030589506830987147
0.00018216143930256825
0.0006853282175868036
0.0006853282175868036
0.0006853282175868036
6.268837856999615e-05
0.0001042834157867075
0.0003442086592061059
5.524942336136635e-05
0.00012101559451835675
0.0006064005836948317
0.00018778571855941994
0.00035890031261760693
0.00012746884086401074
0.00010463518067636884
0.0006853282175868036
4.616970609745182e-05
0.0003386529961043917
0.0002265328966603548
0.0003234479759214638
0.0004231362930980779
6.078258502915595e-05
0.0005274729498028597
0.0006853282175868036
0.0006064005836948317
0.00024217245460082736
0.0005274729498028597
0.0003442086592061059
0.00035620590371598395
8.966969463544052e-05
0.00014209748677764648
0.0005602308775973799
0.00023323700898670164
0.00017294161311923027
0.0002269674344178995
0.00013194863963734142
0.0001907055838236988
0.0006853282175868036
0.0004637503360938155
0.0006853282175868036
0.0006853282175868036
0.00014602437612469757
0.0005274729498028597
0.0006064005836948317
0.0006853282175868036
0.0006853282175868036
0.00020825849143529115
0.0001355353457965424
2.0927036135273767e-05
5.3907146451027694e-05
0.0001337278712428192
0.0006853282175868036
0.0005274729498028597
9.722175490030802e-05
0.00020155841160508973
0.0006853282175868036
0.0006853282175868036