0.016879868457327224
0.006157049876169644
0.0008632273463433507
0.002080004057847902
0.00885866570947137
0.000430750603997718
0.001922828755935353
0.006258974049305797
0.0013252201791149729
0.0050834920666489375
0.001119463613849026
0.001119463613849026
0.0006325851456621658
0.0003813005901138638
0.0002503734395103502
6.239495757089702e-05
0.0003766686007496765
0.000379489646415401
0.0019475138727474413
0.00014075516762379023
0.000559731806924513
0.000559731806924513
0.0006325851456621658
0.0006325851456621658
0.00026831845197390207
0.00027634290264988523
0.00012852708558950074
0.00015394922957096354
8.677863426252737e-05
6.521044244698899e-05
6.825786164110633e-05
0.0004016455257591346
0.00011319307507207918
0.0005354733606219336
0.00027329322323615084
0.0004446277639465025
0.000559731806924513
0.0003662278557294484
2.8302841862355375e-05
0.00021813766526209062
0.00010550802775049272
0.00021933002075947067
0.0004514039615200783
8.157636180588353e-05
0.00024226959466513398
0.0033818803234622057
0.0005406172087210259
8.268592031547679e-05
0.002372636414076676
0.0004442619969729975
0.000985543169595801
0.003528520774009895
0.0013064085874262344
0.0007067817379156751
0.00025402754845864795
0.0005815066301306003
0.000200511129444652
0.0002175648432195702
0.0001346133661742976
0.0025079850957875163
0.0002768842431667351
0.0002716554036887213
0.0004305740330470862
0.0006366335990394279
0.00035246639087884953
0.0005061181499559894
0.002446855805425738
0.0002974747138578009
0.0013902747949225923
5.08001615094965e-05
0.00016219178166662157
0.00037715399234559765
8.574751298549983e-05
0.00024522354899719306
0.00015036097021083267
0.0006443532519425782
4.259754587124503e-05
0.0002929644672497484
0.00021139378808853466
0.0004975843576094375
0.0002677366803109668
0.0002619464919733335
0.00012343613284610658
9.465763570389301e-05
0.00046696865999940924
0.0007952082598042742
0.0017655883057173742
0.00022397661115400202
0.0007373585895138729
0.00025889975254738464
0.0007208229449613678
0.0005106311628279971
0.011513668405295684
0.025303405826486627
0.0007428173164706894
0.0004072770798853897
0.0001596319730001801
0.0005433108073774427
0.0001087824216097851
0.0002301752154391324
0.0002028470987839823
0.0001567314668507024
0.0006119689274934692
0.0004868784681868603
0.0007678165448514873
0.00017895878570913616
0.0015284864202238643
0.000524979298140288
0.0001401233856261866
0.00026831845197390207
0.00020499037933483918
0.00011765879938415706
0.0004634249316408641
0.00013657828902115862
0.00015586174656998615
0.0005615546181380732
0.0007725033375186279
0.00015847057830468918
0.0003604114724806839
0.0001187749614400107
0.0001497065559136335
0.000331279233379369
0.0004189999007114563
0.0005050351558028581
0.00022735080181107166
0.0003776251218317595
0.0003605303917378787
0.00016219178166662157
0.0001276390082938364
0.0003905715929032113
2.2091044438080442e-05
3.8291702488150925e-05
6.152654204135622e-05
8.561723956703639e-05
0.00018119600359107666
0.0006933346859493008
0.00030144099824901734
2.055303039651851e-05
0.00022789304047530205
0.0003056972840447729
0.0002619464919733335
0.00021139378808853466
0.0004868784681868603
0.00022087002985249547
8.973953852608296e-05
0.0003388325118549625
0.00023998590985420103
0.000856119933137373
0.00442809601963516
0.00017602882301635703
0.0002076396336407497
0.0002301752154391324
0.00043866004151894134
0.00013295833316775187
7.169690605131884e-05
0.0007611080042196728
0.0001901765318499256
7.169690605131884e-05
0.0003401652779725457
0.00041451435397482785
0.00020224844421404294
0.00030302855417678514
0.0003905715929032113
0.00030704417387660997
0.0003077006633721837
0.0012651702913243316
0.0001550614637648525
0.00016080634444122857
0.00038646611291683953
0.00023248531173783292
9.785256711845068e-05
7.793087328499307e-05
4.090122456709435e-05
0.0003691110712279738
0.00026831845197390207
0.00034117179071155475
0.00011572772307161922
5.6104738456244135e-05
0.00020229533856090776
2.5976957761664357e-05
0.0003035189194626449
0.00018909315323568075
0.0009268498632817282
0.00025889975254738464
0.00016108831298564455
0.00015066572402089233
3.032214554105154e-05
0.00020949995035572815
0.0001360096034691389
0.00023248531173783292
0.0005282245499805495
0.00015175945973132244
0.00016199398589687817
0.00022091044438080442
0.0005141083423580029
9.625773180312256e-05
0.0002716554036887213
0.0003287921870214818
0.0004227875761770693
0.0002650841921583208
0.0001395003204103208
0.00010349717629510939
0.00044272574481396727
0.0003287921870214818
0.00041402512944920753
0.0012617594603637847
0.00028052369228122065
0.00031694115660937835
6.995409286494513e-05
0.00011779695631927919
0.0002559388482838291
0.0002823532890933809
0.0003192639460003602
0.00017988868700566493
0.00017226393863956237
0.00010778724861639706
0.00017201157669025302
0.0004868784681868603
0.00010778724861639706
2.8435321054090063e-05
0.00038767108675373356
7.330291576820577e-05
0.00040998075866967835
0.0001709418593378012
0.000471965630104439
0.0001371927772833995
0.00044884314662041566
0.000695910243378697
0.0004044968884280859
0.0002619464919733335
0.0010889872721945057
0.00013329396334533608
0.00012203000283566132
0.0004189999007114563
0.000286175715807619
0.0006251803132343416
0.00018681273826834255
0.00033791277299083714
0.0002751017829516957
0.00041402512944920753
7.15824024475575e-05
0.00014215660007987183
0.0007131251772738033
0.00019963441314405504
9.465763570389301e-05
2.930334773698733e-05
0.0019530044857444912
2.998144783427749e-05
0.0004363537733573792
6.810342738636589e-05
0.00033479983071098626
0.0002619464919733335
0.00023726364140766763
0.0013308042510313544
0.00010454942737930702
0.00010806497752369147
0.0006325851456621658
0.002734001150322479
0.00014342994259586907
6.285899872426628e-05
0.0008032910515182692
0.0002570457171150141
0.0004514039615200783
0.0003392506004324247
0.00019312583437965697
3.774441557165462e-05
0.00047947363575903614
8.44685379638269e-05
0.0003805540021098364
0.0005530189421354047
0.00015618559373720573
0.0007611080042196728
0.000888523993945995
0.00012852285855750704
0.0006325851456621658
0.00015068144873755428
0.0007045419739035928
0.00044282275776381914
0.0003988749995032556
6.671497016324238e-05
0.0015506146376485248
0.0008827941528586871
0.0006706043624256212
0.000695910243378697
0.001712239866274746
6.908572566247131e-05
0.00023028313040745747
0.00021139378808853466
0.00017008263898627286
0.02087530980685147
0.000985543169595801
8.973953852608296e-05
0.00031694115660937835
0.00043229979039367345
0.00040715967335787384
0.0002175648432195702
0.0002570457171150141
0.00043866004151894134
7.91833076266738e-05
0.00028289353542635987
6.594041676526429e-05
4.3047349720254956e-05
0.0005121177175683103
0.00016056016598480405
0.000286175715807619
0.0014507120933025786
0.00017226393863956237
0.00017879490766804676
5.566951981985429e-05
8.914064715922541e-05
7.548883114330924e-05
0.000358132544049046
0.002901424186605157
0.0002619464919733335
3.228551229019122e-05
7.359412081587133e-05
2.862959446505826e-05
0.00035575279349635774
0.0003716677123303413
0.0001505094202145068
0.0002942647176195623
5.566951981985429e-05
7.83657334253512e-05
0.0010812344174420518
0.0002901424186605158
4.9998456761595884e-05
0.0003805540021098364
0.0003401652779725457
0.00037511748845053914
0.0002301752154391324
0.00020401495891430904
0.0001143338253245592
4.441452499797384e-05
0.00041402512944920753
0.0001031754842787043
0.000911922561322548
0.0012049365772774038
0.0002714246749238381
0.0002152870165235431
0.0002716554036887213
0.0003231094435922653
0.0005672794597070423
8.054415649282227e-05
8.892555278930049e-05
0.00010033961347633787
0.00022616706695494977
0.0001087491469078106
0.00015140940281320816
0.00026921861557824885
0.0016791954207735394
0.00442809601963516
5.278318785892134e-05
0.0006837444075075158
3.957577522407685e-05
0.00020949995035572815
0.0016791954207735394
9.592397813701909e-05
0.006716781683094157
2.7267483044729567e-05
7.676104346915249e-05
3.7080164457219785e-05
1.5437913743102932e-05
0.00885619203927032
0.00012679978471361842
0.0031629257283108283
0.0004456741204327705
0.0005863953397087479
0.0006518672397685891
0.0005206718055751643
0.0024343923409343013
0.0006325851456621658
0.0005971106389953838
0.0004442619969729975
0.0005171153357106502
0.0002942647176195623
0.00013478629490309694
0.00013664661161807542
0.0002901424186605158
0.0004634249316408641
0.00018020573624034195
0.0006462188871845306
0.0002716554036887213
0.000559731806924513
3.449905876503646e-05
0.0003287921870214818
0.0019027700105491818
0.00032438356333324315
4.8704850826781316e-05
0.0003714086582353447
0.00014961438220680522
1.7488523216236283e-05
0.00013027465161750688
0.0003177182541655586
0.00017472835958188575
0.00035656258863690164
0.0012651702913243316
0.00015986011807452984
0.0003714086582353447
0.003604114724806839
0.0006741542637243962
0.0003805540021098364
0.0006771059422801174
0.00016441030267001487
0.0004280599665686865
0.0003905715929032113
0.00015284864202238645
0.0006325851456621658
0.0001906502950569319
6.064429108210308e-05
0.0003414118117122069
0.0015527412657166824
0.00043866004151894134
0.0007259915147963371
0.0003479551216893485
0.00016199398589687817
0.00023726364140766763
0.00046969464926906185
0.00017785110557860099
5.130007269130605e-05
0.00021332237706996626
0.00023713480743813465
0.00037715399234559765
0.0010614569772838154
0.00048453918933026797
0.003945153039174244
0.0015618559373720572
0.00021933002075947067
0.00011937751468301533
0.0005322082983508793
0.0006575843740429636
0.0002848673555717807
3.915914581797436e-05
0.00016941625592748125
6.828914451057931e-05
2.3446228388998383e-05
0.0012841798997060593
0.00041666127499776477
0.0004868784681868603
0.0012651702913243316
0.0012651702913243316
0.0012651702913243316
0.0006325851456621658
4.6126802502241375e-05
0.0015513460071319507
0.0005171153357106502
0.0025070628275275578
0.00019831647590520059
0.00015801728565851853
0.0003479551216893485
0.00014227899469696005
0.006325851456621657
0.008223606893608156
0.0003653814943684561
0.00024226959466513398
0.00041402512944920753
0.0003059844637467346
0.0006803305559450914
0.0031629257283108283
0.0004280599665686865
0.0002942647176195623
5.742131287985413e-05
0.00023309314883208836
0.0001550614637648525
0.00019849785118776684
0.0005366369039478041
2.6106097211982906e-05
0.0008089937768561718
0.000136474539760791
8.736417979094287e-05
0.00014751220912232008
1.598913758186027e-05
2.7267483044729567e-05
0.0016099107118434123
0.00034117179071155475
0.0002076396336407497
0.00013295833316775187
0.0005171153357106502
3.95916538133369e-05
0.0018977554369864972
0.00024226959466513398
0.0002619464919733335
0.00025340144440339776
0.0012503606264686832
0.0004116233438108092
1.3191925074692282e-05
0.0001154698099515156
0.0004971248631412907
0.002424228433414281
0.0002619464919733335
0.00015246309073880087
0.000559731806924513
0.00020401495891430904
0.00034117179071155475
0.000559731806924513
0.0003125901566171708
0.0002942647176195623
0.00019880206495106854
0.0002619464919733335
0.0014856346329413788
9.059800179553833e-05
0.00016441030267001487
0.00017355726852505475
8.677863426252737e-05
0.000697501602051604
0.0009377704698515124
9.034186195388902e-05
0.000200511129444652
0.0006325851456621658
0.000286175715807619
0.00014443574118521026
0.00025025610485461254
0.0006325851456621658
0.00014144676771317993
9.528889976670235e-05
8.973953852608296e-05
0.0003125901566171708
0.0004016455257591346
0.00014961438220680522
0.000559731806924513
0.0004868784681868603
0.0003388325118549625
0.00018909315323568075
0.0002448649154279058
0.00021332237706996626
0.0006325851456621658
0.000559731806924513
0.00020224844421404294
0.0004868784681868603
0.00011937751468301533
0.0005171153357106502
0.0002770808987017638
0.00046969464926906185
0.0004950518948933059
0.00047947363575903614
0.0003077006633721837
0.0003805540021098364
0.0004634249316408641
0.00028968875156948543
0.0004016455257591346
0.00034117179071155475
2.663386709072799e-05
0.00041402512944920753
0.00012386591233088837
0.0003231094435922653
0.00013478629490309694
0.0003125901566171708
0.00018308550954617634
0.00013664661161807542
8.588878339517478e-05
0.0006060571083535703
0.00032161268888245714
0.00031237118747441146
0.0003479551216893485
0.000136474539760791
0.002585576678553251
8.593465018984673e-05
0.0003306965124255708
0.00013205613749513737
0.00015565621999980307
0.0002152870165235431
0.0009268498632817282
0.00012878971142777482
0.00018681273826834255
3.915914581797436e-05
0.0002901424186605158
0.0031197188430293933
0.00046969464926906185
0.00018308550954617634
0.0012651702913243316
0.0012651702913243316
0.00022791480250250527
0.0005913610399969657
0.00039424069333131046
0.00026831845197390207
0.000183045004253492
0.0007323834101090895
0.0013412087248512424
0.00046497062347566583
8.08916035031243e-05
0.00036299575739816856
0.0001464766820218179
4.391668621271979e-05
8.054415649282227e-05
0.0003720928276194638
4.423891014992708e-05
0.00019700675016661156
9.915823795260029e-05
6.101500141783066e-05
0.0014883713104778553
0.0003909302264724986
4.298475204649704e-05
0.0002876522704999879
0.0003125901566171708
0.00024687226569221316
0.0002716554036887213
0.00025020900719652115
0.0003287921870214818
0.0004280599665686865
7.83657334253512e-05
0.0003905715929032113
0.00015246309073880087
0.00019441152830208683
0.00012765779070699927
6.447024310689056e-05
0.0002786650106430574
0.0005171153357106502
0.0003905715929032113
0.00023248531173783292
0.0009737569363737206
0.0003909302264724986
3.8291702488150925e-05
0.0002901424186605158
0.0006325851456621658
0.00023484732463453092
0.00037612056161685027
0.00012706080999935895
0.00021728907992286302
6.859342897552719e-05
0.00031158063242386517
1.8094318267979818e-05
0.0002294108109752336
0.00011308353347747488
0.0001492753072828313
0.0002058116719054046
3.0790643185370335e-05
0.0006325851456621658
0.0037955108739729944
0.0003479551216893485
0.0002942647176195623
0.0002175648432195702
0.00034117179071155475
0.00010664461603673648
0.0003805540021098364
0.00041402512944920753
5.875458848120351e-05
0.00014342994259586907
0.0003077006633721837
0.00014342994259586907
0.0003805540021098364
0.001770146509467841
0.00047328817851946504
0.0002650841921583208
0.000856119933137373
0.000200511129444652
0.0003803993541408552
0.0002530590749779947
0.00018909315323568075
0.0015385033168609182
0.00033479983071098626
8.795300570357581e-05
0.0002559388482838291
0.00034117179071155475
7.83657334253512e-05
0.00013478629490309694
0.00013027465161750688
0.0002888714823704205
0.0001259487262134158
0.00021048638653576947
0.0001668834791418653
4.078701845825907e-05
9.21698236892341e-05
2.4999228380797942e-05
4.573092576113316e-05
2.5976957761664357e-05
0.0002301752154391324
8.276868715865686e-05
0.00015284864202238645
0.0004442619969729975
0.00023403100357263453
0.00011170219687633413
0.0003479551216893485
0.0006312489679493575
0.00011133903963970857
0.00022429679419563154
0.00019994094501800413
2.532412864108575e-05
0.0005006504374255959
6.616595039592228e-05
0.00018931527140778602
0.0003720928276194638
0.0001906502950569319
0.0002677366803109668
0.00011096461384583917
0.0007259915147963371
4.360859393248051e-05
6.193295616544419e-05
0.00010114766928045388
0.0004338647576037523
0.0007811431858064226
0.000572351431615238
0.005098050587504139
0.00453376797331007
0.00015847057830468918
0.00021470479500537845
9.612204183522085e-05
0.002484150776695245
0.00022635464434240905
0.0001631237203617159
0.0001031754842787043
0.00016441030267001487
8.973953852608296e-05
0.0007811431858064226
0.0003844617068413361
0.000888523993945995
1.412096188333195e-05
6.165909118955554e-05
0.0003805540021098364
0.00023559391263855837
3.6797060407935666e-05
0.00015284864202238645
0.00021338620606958152
0.0003552066278310337
0.00018413429450463278
0.00044282275776381914
0.0002823532890933809
0.000183045004253492
4.9348668573275575e-05
0.0001154698099515156
0.000200511129444652
0.0002985553194976919
0.0002530590749779947
0.00034117179071155475
0.0002716554036887213
0.0006823435814231095
0.00014931774076933467
0.0018977554369864972
0.00041402512944920753
0.0001906502950569319
0.0003077006633721837
0.0031629257283108283
0.0031629257283108283
0.00033479983071098626
0.000200511129444652
0.00010664461603673648
0.00013571233746191905
6.758255459816744e-05
0.00014144676771317993
0.0003905715929032113
0.0002448649154279058
0.000559731806924513
0.0004127677950794374
9.340636913417128e-05
0.00027517853005295823
2.5650036345653026e-05
0.0002623232403533125
0.0003552066278310337
6.95803390482376e-05
0.00442809601963516
0.0031629257283108283
0.005693266310959492
0.0012651702913243316
0.001119463613849026
0.0004868784681868603
8.754720764843344e-05
5.996289566855498e-05
0.0033583908415470787
0.0005061181499559894
5.965292856971205e-05
5.1413669190349724e-05
5.875458848120351e-05
0.0002770808987017638
0.00026084176978795597
0.0003125901566171708
0.00018931527140778602
0.00010806497752369147
0.00014804600571982672
9.15569639323621e-05
0.0006060571083535703
0.00011394652023765102
8.791004321096199e-05
0.0006695996614219725
0.000559731806924513
0.00030545780991404227
0.0003909302264724986
0.0002175648432195702
0.00041402512944920753
0.0018977554369864972
0.0012651702913243316
0.00026084176978795597
0.001119463613849026
0.0012651702913243316
0.0006325851456621658
0.0006325851456621658
0.002068461342842601
0.00015847057830468918
5.725918893011652e-05
0.0003078984591419271
0.000853289508279865
0.0004634249316408641
0.0006325851456621658
0.0003803993541408552
0.0002076396336407497
0.0003077006633721837
6.473592628882637e-05
0.001119463613849026
0.000559731806924513
0.0002823532890933809
0.0006325851456621658
0.0015222160084393456
0.0001845555356139869
6.353040499967947e-05
0.0006432253777649143
6.95803390482376e-05
0.00024226959466513398
0.0003362844770087102
0.00020224844421404294
0.0004080299178286181
0.0002650841921583208
0.0001464766820218179
3.6289649779806856e-05
9.720576415104342e-05
0.00015175945973132244
0.00017472835958188575
0.0009737569363737206
0.0003287921870214818
9.981720657202752e-05
0.00012098220463921404
9.788098543699855e-05
0.0007104132556620674
0.00021900959324351127
0.0006527808027661671
0.0014856346329413788
0.000559731806924513
0.0006325851456621658
0.0003479551216893485
0.0006325851456621658
0.0003653814943684561
0.001460635404560581
0.00031694115660937835
0.0016791954207735394
0.0012651702913243316
0.000559731806924513
0.000559731806924513
0.0006325851456621658
0.0012651702913243316
0.0010342306714213004
0.0001154698099515156
0.0005502035659033914
0.0006325851456621658
0.0001843396473784682
7.113949734848002e-05
0.0001578122419873394
0.00017602882301635703
0.0002942647176195623
0.0002901424186605158
8.561723956703639e-05
0.000286175715807619
0.0002619464919733335
0.000559731806924513
0.0006325851456621658
0.002798659034622565
0.0012651702913243316
0.00010366316572847584
0.0004080299178286181
0.0002751017829516957
0.00026831845197390207
0.0003192639460003602
0.0010122362999119788
0.0003552066278310337
0.0006325851456621658
0.0006325851456621658
0.0012651702913243316
0.0002783475990992714
0.00012203000283566132
0.0006325851456621658
0.0006771059422801174
0.00021728907992286302
0.00025025610485461254
0.00012679978471361842
0.00023726364140766763
0.0003905715929032113
3.238985453023198e-05
0.0006325851456621658
0.0006325851456621658
0.00015068144873755428
0.0018977554369864972
0.0004634249316408641
0.0001338683401554834
0.00023248531173783292
0.00026084176978795597
0.0006325851456621658
0.0002559388482838291
0.0002650841921583208
4.975843576094376e-05
0.00013664661161807542
0.00041402512944920753
0.00040993983485422623
0.00010048033274967245
6.664698167266804e-05
9.592397813701909e-05
0.00021139378808853466
0.00012510450359826057
0.00021328923207347296
6.477970906046396e-05
0.0003805540021098364
0.0015222160084393456
5.6588661085602263e-05
0.00023716852899757182
0.0003077006633721837
0.001144702863230476
7.257929955961371e-05
0.0007259915147963371
0.0006905256463173973
0.000856119933137373
0.00019424429069340695
0.00014621876128766452
0.0004442619969729975
0.00029090251557158613
0.0015513460071319507
0.0012420753883476225
0.0003077006633721837
0.0002058116719054046
3.4144572255289654e-05
0.00011220947691248827
0.00017070590585610345
0.00022141137888190957
0.000559731806924513
2.2435561029049597e-05
0.0006325851456621658
9.464691701661363e-05
0.0004868784681868603
0.0012651702913243316
0.0002677366803109668
0.00014115320771643269
5.1413669190349724e-05
0.0005363847230041403
9.658242475790675e-05
0.0007104132556620674
0.000286175715807619
0.0031629257283108283
7.4139831549578e-05
0.00020229533856090776
0.00047889591900054034
0.000856119933137373
0.0010342306714213004
0.00015999060656946736
0.0001954651132362493
0.00040998075866967835
8.677863426252737e-05
0.001119463613849026
0.00025889975254738464
0.0001860464138097319
9.785256711845068e-05
0.0003805540021098364
6.616595039592228e-05
0.0003805540021098364
0.0006325851456621658
0.0001733336714873252
0.00021188313786078798
0.000528086469049071
0.0006325851456621658
0.00022353478747520706
6.473592628882637e-05
0.0003231094435922653
0.0001633010734282793
0.0010342306714213004
0.0002152870165235431
0.0003714086582353447
0.0004868784681868603
0.0003177182541655586
0.0001746726087090002
0.00041402512944920753
0.0013327859909189924
0.001119463613849026
0.00036299575739816856
0.0003177182541655586
0.00012020998886019821
3.95916538133369e-05
0.00012765779070699927
7.83657334253512e-05
0.00011701550178631727
0.0006325851456621658
0.0003077006633721837
0.00021139378808853466
0.0007611080042196728
0.00021139378808853466
0.0004868784681868603
0.0002942647176195623
0.0002650841921583208
0.0003125901566171708
0.0005171153357106502
2.2435561029049597e-05
4.7323458508306817e-05
0.0004280599665686865
0.0006325851456621658
0.0004634249316408641
0.00021323490011980774
0.00023559391263855837
0.00022340439375266827
0.0012651702913243316
0.000559731806924513
0.0004080299178286181
0.0012651702913243316
0.0006325851456621658
0.0006325851456621658
9.278627795203177e-05
0.0013151687480859272
0.0016791954207735394
0.00041402512944920753
0.0003905715929032113
0.00028289353542635987
0.00030492618147760173
0.00024328767249993236
0.00024328767249993236
4.3386475760375236e-05
6.95803390482376e-05
6.426354279475037e-05
0.00015732187670147965
0.000401022258889304
0.0004280599665686865
0.000559731806924513
0.0010666118853498313
0.0003125901566171708
9.340636913417128e-05
0.0002786650106430574
0.00016080634444122857
7.310938064383226e-05
0.0002985553194976919
0.0002751017829516957
0.00013718685795105438
0.00025889975254738464
0.0002152870165235431
8.109589083331079e-05
0.0002063509685574086
0.00018755874422526957
0.0001656396166896845
0.00019383554337686678
0.0004280599665686865
0.00046969464926906185
0.00017602882301635703
8.677863426252737e-05
0.00013205613749513737
7.15824024475575e-05
0.0001979582690666845
0.00020229533856090776
8.44685379638269e-05
0.00021728907992286302
0.00013248648914599359
0.00013116162017665626
0.0002530590749779947
4.99021853045445e-05
0.0004363537733573792
7.402903151961344e-05
0.0002619464919733335
0.0006154013267443674
8.143156757138029e-05
3.257461684314531e-05
0.00012478991514179404
0.0003287921870214818
0.0006325851456621658
0.001119463613849026
0.0003231094435922653
0.0002301752154391324
0.0005005122097092251
0.00034117179071155475
0.0001906502950569319
5.875458848120351e-05
0.000559731806924513
0.0006325851456621658
0.0004280599665686865
6.270183084670054e-05
0.00013233190079184456
0.00034117179071155475
0.00024687226569221316
0.000559731806924513
0.0004868784681868603
0.001579913865320274
0.00033088230192741233
0.0002971160802885136
0.0001143338253245592
0.0003077006633721837
0.00016319520069154177
0.00014144676771317993
0.00024226959466513398
0.0001026001453826121
9.545078148005237e-05
0.0004634249316408641
0.0003231094435922653
0.0002786650106430574
0.00027329322323615084
0.00014438659770468383
0.00021474720734267251
0.00029090251557158613
0.0004280599665686865
0.00010950479662175564
0.00014443574118521026
0.0001404690383323135
0.001119463613849026
4.14719392090079e-05
0.00029502441824464016
0.0006325851456621658
0.00024226959466513398
0.00018308550954617634
6.859342897552719e-05
0.0003479551216893485
0.0004280599665686865
0.0001860464138097319
0.0006325851456621658
3.556974867424001e-05
0.000200511129444652
4.423891014992708e-05
0.00046969464926906185
0.00011096461384583917
0.00012510450359826057
0.0009268498632817282
0.0002650841921583208
0.0009090856625303555
9.225360500448275e-05
0.0002650841921583208
0.0004868784681868603
0.00022340439375266827
0.0005366369039478041
0.0006251803132343416
0.0001860464138097319
0.0003714086582353447
0.0004634249316408641
0.0001404690383323135
0.0004016455257591346
0.0005171153357106502
4.3386475760375236e-05
0.00022791480250250527
0.00017879490766804676
0.0003056972840447729
0.0007428173164706894
0.001119463613849026
0.00017590601140715162
0.00023248531173783292
0.00019223085342066806
8.389886095669298e-05
6.101500141783066e-05
0.00010114766928045388
0.00015394922957096354
6.568711061322917e-05
0.00026831845197390207
0.00011750917696240702
9.465763570389301e-05
0.0010013008748511918
0.000559731806924513
0.0006399671312098988
0.001119463613849026
5.8872780409175815e-05
0.00013295833316775187
0.00022141137888190957
6.072758253121036e-05
9.850337508330578e-05
4.455216405461307e-05
0.0002746708917970863
0.0002942647176195623
0.0001845555356139869
0.00033479983071098626
0.0001668834791418653
0.0004634249316408641
0.0003362844770087102
0.0007259915147963371
0.00015284864202238645
0.0004868784681868603
0.0004868784681868603
0.00020401495891430904
9.094765700563256e-05
0.00012343613284610658
0.00013329396334533608
0.0004634249316408641
7.999530328473368e-05
8.79719797648689e-06
0.0003479551216893485
5.058279410845381e-05
0.00019383554337686678
5.6980619779267066e-05
8.561723956703639e-05
8.165053671413965e-05
0.00015732187670147965
7.944930127499889e-05
0.0001733336714873252
0.00012510450359826057
8.854514896279346e-05
7.007729104026537e-05
0.00015618559373720573
0.00013295833316775187
0.0003714086582353447
0.00015618559373720573
7.944930127499889e-05
0.0002716554036887213
5.183158286423792e-05
4.812886590156128e-05
0.00019963441314405504
0.0002823532890933809
0.0001845555356139869
0.0006325851456621658
0.001391820486757394
0.0003552066278310337
0.00030302855417678514
0.00023248531173783292
0.00013248648914599359
0.0001087824216097851
0.00011220947691248827
0.00022141137888190957
0.0003125901566171708
0.00022141137888190957
0.0019475138727474413
0.00010594156893039399
1.3342994032648478e-05
0.0003146437534029593
0.00012765779070699927
0.0004868784681868603
7.782810999990154e-05
0.0002152870165235431
0.0012651702913243316
0.00011394652023765102
0.0003552066278310337
0.0001668834791418653
0.00015618559373720573
0.0001404690383323135
2.3709578452175722e-05
0.00012098220463921404
0.0003125901566171708
2.1490081035630188e-05
0.0003479551216893485
0.00023484732463453092
9.528889976670235e-05
0.0006325851456621658
0.00020949995035572815
0.0012651702913243316
0.0001087824216097851
9.981720657202752e-05
0.00011779695631927919
0.000145601687653546
0.00013478629490309694
0.0002301752154391324
3.379127729908372e-05
0.00015175945973132244
0.0004442619969729975
0.0004634249316408641
0.00019831647590520059
0.00015284864202238645
0.0004016455257591346
6.95803390482376e-05
0.0003287921870214818
0.0004634249316408641
3.556974867424001e-05
0.0002152870165235431
8.561723956703639e-05
1.5099666965923055e-05
0.00020224844421404294
0.0004016455257591346
0.00025025610485461254
0.0007428173164706894
0.0002301752154391324
0.00022791480250250527
0.0004116233438108092
0.000200511129444652
0.000286175715807619
3.6651457884102885e-05
0.00016080634444122857
0.00021728907992286302
8.914064715922541e-05
0.0006325851456621658
0.0002823532890933809
2.663386709072799e-05
7.4139831549578e-05
0.0001404690383323135
0.0010342306714213004
2.663386709072799e-05
0.0006325851456621658
0.00021933002075947067
0.000559731806924513
3.169608864165427e-05
0.0004442619969729975
9.656291718982848e-05
0.0003714086582353447
0.0003287921870214818
0.0003287921870214818
0.0003199338481102094
0.0002901424186605158
0.00031237118747441146
0.0010342306714213004
0.001119463613849026
9.465763570389301e-05
0.0002985553194976919
0.00021728907992286302
0.0005171153357106502
0.0013327859909189924
0.0002058116719054046
4.300076835317356e-05
5.6104738456244135e-05
0.0006325851456621658
0.00020909885475861405
5.920279875748459e-05
0.00036299575739816856
0.0004634249316408641
0.0001845555356139869
0.00019712034666565523
0.00010950479662175564
0.0005815066301306003
0.00018308550954617634
7.993005903726492e-05
0.00023484732463453092
3.5929082872132355e-05
0.00021139378808853466
6.426354279475037e-05
0.0003287921870214818
7.623154536940043e-05
0.00019880206495106854
0.00034117179071155475
0.00024226959466513398
3.379127729908372e-05
1.1045522219040221e-05
0.00034402315338050605
0.0002942647176195623
0.0003552066278310337
0.0006823435814231095
0.00012510450359826057
0.000143164804895115
3.4144572255289654e-05
0.0002901424186605158
5.611087558412806e-05
5.875458848120351e-05
0.00015175945973132244
0.0008407111925217755
7.465887038466734e-05
0.0004280599665686865
0.0006325851456621658
0.0006325851456621658
0.0002530590749779947
0.00010249518966741959
0.0001485580401442568
0.0003805540021098364
7.007729104026537e-05
0.0002530590749779947
0.00021139378808853466
0.0003077006633721837
0.00014751220912232008
0.0006325851456621658
0.00013817145132494262
5.742131287985413e-05
2.5976957761664357e-05
0.00016941625592748125
0.00025025610485461254
0.0002058116719054046
2.532412864108575e-05
0.00017740276611695978
0.00016199398589687817
0.00010594156893039399
0.000856119933137373
6.616595039592228e-05
2.964185092976683e-05
0.00024752594744665294
0.00010704011065653604
0.0003905715929032113
0.00018308550954617634
0.000386329699031627
0.0010342306714213004
0.0003125901566171708
6.408479834160901e-05
0.000286175715807619
0.000559731806924513
0.00019700675016661156
0.00013137422122645834
0.00046497062347566583
0.0006325851456621658
0.0009220946498167276
0.0006325851456621658
0.0004280599665686865
0.0003805540021098364
0.0009268498632817282
0.0009737569363737206
0.00039424069333131046
0.0010342306714213004
0.00025025610485461254
0.0006325851456621658
0.0004868784681868603
0.0001845555356139869
0.00011023217080852359
0.0003921959979471902
0.0006325851456621658
0.0004280599665686865
0.0003231094435922653
0.0006325851456621658
0.00034402315338050605
0.001119463613849026
0.0006325851456621658
0.0003479551216893485
0.0006325851456621658
0.0004634249316408641
0.0006325851456621658
0.0003077006633721837
0.00040435888470929086
0.0006325851456621658
0.0006823435814231095
0.0003479551216893485
0.0002942647176195623
0.0004868784681868603
0.0005171153357106502
0.0006325851456621658
0.0003905715929032113
0.0006325851456621658
8.973953852608296e-05
0.00016941625592748125
3.740725038941871e-05
0.00025889975254738464
0.0001954651132362493
0.0006399671312098988
0.0013327859909189924
0.0018977554369864972
0.0006325851456621658
0.0006325851456621658
0.00036299575739816856
0.0005536666068419607
0.0004305740330470862
0.0001905777995334047
0.0010342306714213004
0.00039424069333131046
0.00041402512944920753
0.000559731806924513
0.00021332237706996626
0.00021308235606931416
0.0004634249316408641
0.0002823532890933809
0.0003287921870214818
0.00011096461384583917
0.00012679978471361842
0.00034117179071155475
0.0008936045349489949
0.0002650841921583208
0.0001906502950569319
0.000559731806924513
0.0002152870165235431
0.000888523993945995
8.736417979094287e-05
5.6980619779267066e-05
0.0012651702913243316
0.000559731806924513
0.000286175715807619
0.00015284864202238645
0.000695910243378697
0.0006462188871845306
0.00043457815984572604
0.0004634249316408641
0.0001906502950569319
0.00022570198076003915
0.0002942647176195623
0.0005004180143930423
0.0001906502950569319
0.0004305740330470862
0.0003714086582353447
0.000662558466758738
0.0006325851456621658
0.0006325851456621658
0.0003714086582353447
0.000559731806924513
0.0003287921870214818
0.0006325851456621658
0.00033479983071098626
0.00025025610485461254
0.00015618559373720573
0.0006943663384297153
0.0006325851456621658
0.0009299412469513317
0.0006325851456621658
0.0006325851456621658
0.0003177182541655586
0.00041402512944920753
0.0003125901566171708
0.000559731806924513
0.0006325851456621658
0.0006325851456621658
0.0004016455257591346
0.0004280599665686865
0.00013758926502647912
0.0005171153357106502
0.0004868784681868603
0.0002901424186605158
0.00034117179071155475
0.0001681422385043551
0.0005061181499559894
6.055901306484146e-05
0.0003177182541655586
6.521044244698899e-05
0.002530340582648663
0.0006325851456621658
0.0005171153357106502
0.0006325851456621658
0.0005171153357106502
0.000559731806924513
0.00031237118747441146
0.0006325851456621658
0.0003177182541655586
0.0003714086582353447
0.0006325851456621658
0.0006325851456621658
0.00023726364140766763
0.001119463613849026
0.0003805540021098364
0.000559731806924513
0.0006325851456621658
0.00024752594744665294
0.0004442619969729975
0.001119463613849026
0.0006325851456621658
0.000856119933137373
0.0005171153357106502
7.465887038466734e-05
0.0003714086582353447
0.0001794790770521659
0.0003552066278310337
0.0003714086582353447
0.0006325851456621658
0.0006325851456621658
0.0003805540021098364
9.464691701661363e-05
0.00036299575739816856
0.0003905715929032113
0.00017602882301635703
0.0006325851456621658
0.0006325851456621658
0.0006325851456621658
0.0006325851456621658
0.0006325851456621658
0.00041402512944920753
0.0003479551216893485
0.0004868784681868603
0.0006325851456621658
0.0006325851456621658
0.0006325851456621658
0.0012651702913243316
0.0006325851456621658
0.00014545125778579306
0.0004634249316408641
0.0006325851456621658
0.0006325851456621658
0.00023973681787951807
0.00019383554337686678
0.0002076396336407497
0.0003714086582353447
0.0002301752154391324
0.00041402512944920753
0.00036299575739816856
0.00014243367778589034
6.379327288042265e-05
0.000559731806924513
0.0006325851456621658
0.0001860464138097319
0.0003805540021098364
0.000559731806924513
1.658632754362177e-05
0.00012939510547639019
0.0006325851456621658
0.0002823532890933809
9.625773180312256e-05
6.95803390482376e-05
0.0003287921870214818
0.0004442619969729975
0.0005061181499559894
0.0006325851456621658
0.0006325851456621658
0.0006325851456621658
0.0005171153357106502
0.0006325851456621658
0.0004442619969729975
0.000559731806924513
0.0005171153357106502
0.0006325851456621658
0.00014751220912232008
0.00034117179071155475
5.523609590458785e-05
0.00018755874422526957
0.0005171153357106502
0.00041402512944920753
0.0006325851456621658
4.7323458508306817e-05
4.7725390740026186e-05
0.00034117179071155475
0.0006325851456621658
0.0006325851456621658
0.0006325851456621658
0.0003805540021098364
0.0003905715929032113
0.0005171153357106502
0.0004280599665686865
0.0002619464919733335
0.00018020573624034195
0.00023484732463453092
0.0004868784681868603
0.0004868784681868603
0.0001656396166896845
0.0006354365083311172
0.0006575843740429636
0.0004634249316408641
0.00014443574118521026
0.00036299575739816856
0.0003714086582353447
0.00012343613284610658
0.0002619464919733335
0.000559731806924513
0.0006325851456621658
0.0001906502950569319
0.000559731806924513