0.0013867482483772356
0.008661340983491627
0.001628645556762664
0.003232227628193847
0.0007374623901236885
0.0025763231662738377
9.689060158540038e-05
0.000752897661613713
0.0003057019524357078
0.001197483855907006
0.0006402859289655997
0.005034685596504256
0.0012317821969255744
0.0003043663704157754
0.008641745930859328
0.0008472930557806447
0.00044524077578935486
0.0001257339649227805
0.0006216770145492405
0.005392446875346261
2.2545756215775677e-05
0.00011703762346143708
9.483904034696532e-05
0.002127583375062874
0.010978296236278258
0.0007878268981467209
0.0003195846889365642
0.000430227235207836
0.00015250291283682381
0.00011531311171324404
0.0011905194888529702
0.0017083348648032663
0.0010527004271608288
0.00031543786509231886
0.007470141228847212
0.00012149668458197289
6.579903760594436e-05
0.0002588990728789588
0.0004702407048632962
0.00019538326243366075
2.1467686003364757e-05
0.00020493160913426
0.001723431992724109
5.776257852487545e-05
0.0005100673444080178
0.00027352406521636164
7.165195740131487e-05
0.0003622732242515609
0.0009435042084414078
0.00042732981984212214
0.0004937539614224899
0.000696305898665758
0.0017757134888712388
0.0001109537798906369
0.0003717272658582247
0.00022200476380092717
0.000279588673534177
0.0005041346736690826
0.0006519287938255397
0.00014603696277491578
0.0001316626157988399
0.0007548807400878544
0.00020617941679129402
0.0005250905594173809
0.0005395373578867521
0.0001770950606726078
1.930736082732753e-05
0.0009410229631338595
5.536981460673899e-05
0.0005640876161569811
0.0019191830170181134
0.00017011724358914984
0.0005358330283594832
0.00044380017150817707
0.00015884256387325776
0.00021849649321508083
0.006193780451482112
0.0005069311735712956
8.599342964989719e-05
0.0011323211101317817
0.00019471595036655437
0.0009298169475404699
0.0006188744997460716
0.0005572469640514051
0.0002968791191954407
0.00028075608637827466
0.0001364558749191218
0.00032014296448279987
8.614287311003709e-05
0.0005296811324547426
0.0014464284409316157
0.00022362381227102474
0.0005172505497374118
8.860869754981193e-05
0.0004408235496680784
0.0012317821969255744
0.00019436602146824584
0.00014639291444655056
0.00044531867879316105
0.00019565727376137914
8.001744861356874e-05
0.00015944753957349342
0.0002452498288001103
0.0007676732068072453
0.0003349277565227392
0.0004292924880120824
0.0030421146500962657
0.0005756663036383817
0.0005937582383908814
0.0012451310233439344
0.004927128787702298
0.00028723866545401816
0.0005356835848993434
0.003609560447766353
0.000948059298090531
0.0005426219717140023
0.00017126381694965845
4.3686964265802515e-05
0.00021182326394516117
0.0024282056595702722
0.0011937602550146109
0.00039652895713629367
0.00043113657754008025
9.293181646455617e-05
0.000948059298090531
6.810799050847155e-05
0.00025211012952443973
1.7535588167825527e-05
0.0002679165141797416
0.00010840078034667197
0.0003108385072746202
0.0004116301283608978
6.717724355189946e-05
0.00023245423688511747
0.0001525952924192041
0.0008061978486730092
3.171496625727531e-05
8.82801887424571e-05
0.00010500914410144819
0.0002536733555530341
7.625145641841191e-05
0.0001364558749191218
0.00012343849035562247
0.0006525261227516673
2.940236753213669e-05
0.0005426219717140023
0.00021849649321508083
0.00035937015700141086
0.00033751872317890085
0.000948059298090531
0.00033751872317890085
0.0006643363992554874
0.000203580694595333
0.0003622732242515609
0.0014464284409316157
0.0003991612853023353
0.000353684713362683
0.00015154842154551987
0.0002906749993836976
0.00040431996522317514
0.00010116568281922443
0.00011009923664677809
0.0018234991648712763
0.00010840078034667197
0.000299772957863912
0.00026976867894337606
0.0002084306019004745
7.456235376109313e-05
0.00044380017150817707
5.1390229084133595e-05
0.000833526758653069
0.0008086399304463503
5.5748107601140775e-05
0.00019565727376137914
0.0006308757301846377
7.349666594819834e-05
0.00021895509388345392
0.00026329406726651226
0.0005042202590488795
0.00048198737740319037
0.00018188271313025243
9.450615353195917e-05
0.0001126736455541778
1.7130076361377864e-05
7.522687636186064e-05
0.00027928959604435954
0.000948059298090531
0.0005448639240677724
0.00011808775247467008
0.0018260450430850374
6.204872045325153e-05
0.0014803091375112133
0.00020903869296942123
0.00015567181076401186
0.0009943110107470707
0.00010372397626662398
0.0008722632962189787
0.004883597745426021
0.0003913145475227583
0.0012317821969255744
0.0009230830692851063
0.0004467132285342437
0.00025474652704383997
0.00023875205100292216
8.981901410898273e-05
0.0006643363992554874
7.487855552394082e-05
0.0007068324550279135
0.00036521806368464366
0.0009023901119415883
0.002463564393851149
0.0003108385072746202
0.001774142919264505
0.00017315757970093763
0.0010454161676015324
0.00020010631856365335
0.005034685596504256
0.0017752006860327083
0.0005813436095124024
0.0002588990728789588
0.000105045577178459
0.00019308286485397944
0.00029190231491808334
0.008980101648398655
0.004906724810571053
0.0019817862596420055
0.00756202010503624
0.0095974697020266
0.0006252918057014236
0.00017655064931755378
0.0008232602567217957
0.0015364754568607123
0.00017357641567479707
0.0004904996576002206
0.0005470481304327233
0.00011528085036094549
0.00038061350042044393
0.001667053517306138
0.0007114780088267957
0.0004231095561928699
0.00044841182603374847
0.000348152949332879
0.0005546992993508943
0.003123513616834315
9.689060158540038e-05
0.0010996077196360507
0.0015890477101487745
0.0009539491546733977
0.0003402344871782997
7.421102202970132e-05
0.00043791018776690783
0.0012373344262130894
0.0027097789475234242
3.289055090099292e-05
0.0031831624202641466
0.00043949132163076426
0.0007289801074918374
0.00030193872209065525
0.0016717408921542154
0.0012804611845172128
0.0009855231836089294
0.00041807738593884245
8.603222961182694e-05
0.00019565727376137914
0.00039726192753719363
0.000327409863100846
6.415876555348622e-05
0.0001525952924192041
0.002418593546019028
0.0001001137045685792
0.0011459960539152042
0.00029762987221324254
0.000387111278217632
0.0005177981457579176
0.0001354882002579254
4.9708235840728754e-05
4.4304348774905964e-05
0.00043113657754008025
0.0005100673444080178
0.0003003411137057376
0.0006643363992554874
0.0005492919983273417
6.421893780469898e-05
0.00014415078145100976
0.014781386363106894
0.0006402305922586064
0.0002502704607237592
0.00026976867894337606
0.00011760947012854676
0.00020493160913426
0.000516177135720161
0.00016447879305680148
0.00034544214401285476
0.003963925860456994
0.0011205409087119346
0.0002648405662273713
0.00032014296448279987
0.00027928959604435954
2.2827477781183157e-05
0.00021750870758388907
0.00022634444557297434
0.0001466896257432439
0.00043113657754008025
0.00013106089279740755
0.0029617668933500894
0.00043949132163076426
0.005033320342783186
0.002384028818445115
0.00016447879305680148
0.00024197515398610096
0.0007945238550743873
0.000387111278217632
0.0004261840975534012
0.001243354029098481
0.00032253670884155344
0.0016317696416020145
0.00021182326394516117
0.0005900631413093667
0.0009639747548063807
0.00022634444557297434
0.0007605286625240664
0.00044531867879316105
0.000974607186860753
0.0006579151722272059
0.0005041346736690826
0.0004292924880120824
0.0001568371605223099
0.0006835646372022568
0.0001024428308729154
0.00010256478547612292
5.0834304278941265e-05
0.00012370765007477643
0.0012804611845172128
0.00042708371620081657
0.0004526999566921421
0.0014782847754133941
0.00020493160913426
0.0003843707795377468
7.78206889589959e-05
0.0006086816810283457
0.0007068324550279135
0.0001770950606726078
0.00019695672453668022
0.000516177135720161
7.13684373124944e-05
0.0004607458307170682
0.00019054043700916033
0.00029762987221324254
0.0006916653092355472
0.0007820920416761282
9.233551193627717e-05
0.0010953108584632024
0.0001109537798906369
0.008892266560138608
0.00017828151506527813
1.2843787560939799e-05
0.00043113657754008025
0.00019883294336291502
0.000833526758653069
0.0006216770145492405
0.0005356835848993434
0.00010108451241853205
0.0018715784315131959
0.0015674248495138971
0.000299772957863912
0.0003622732242515609
0.0002219075597812738
0.0006519287938255397
0.00036820589499049613
0.0006086816810283457
0.0032697622425241586
0.00047051148156692973
0.0003887320429364917
0.0004577858772576124
0.0002652246578326709
0.0003644900537459187
0.0001525952924192041
0.00030412765001043075
0.0005546992993508943
4.9946253619339444e-05
0.0002436059419736158
0.002396643055709449
0.00040431996522317514
0.00013852422386612603
0.0018870084168828155
0.0002146462440060412
0.0002595526185404942
0.0003136743210446198
0.00023557892062640545
0.00011181190613551237
0.0032697622425241586
0.0001354882002579254
0.0008556668003498844
0.0012317821969255744
0.00017011724358914984
0.0001354882002579254
0.0001302267988234114
0.0005508558380686705
0.0001126736455541778
0.0010713671697986868
4.301611480591347e-05
0.00010587923539657713
0.0007068324550279135
0.00019946094141214447
8.448299615545262e-05
0.0004352713203805634
0.000581352771048286
0.0003249587821933023
0.00014741367870503677
0.0002652246578326709
1.2843787560939799e-05
0.0003085770167554079
0.000430227235207836
0.0001770950606726078
0.00010570083376525816
0.00016738362834914974
0.000546241233037702
0.00023557892062640545
0.0005224749498379656
0.0005729980269576021
0.002223066640034652
0.0004618192091507855
0.0012317821969255744
0.00023407524692287417
0.00023407524692287417
0.0008037495425392249
0.0006916653092355472
0.0010899207475080527
0.0002248450776247231
0.0012317821969255744
0.0008384221981859378
0.00023401061556093539
0.0002104262427558403
0.0002270780574043003
0.0001568371605223099
0.001667053517306138
0.0005792485945619384
0.00042364652789032235
0.00027928959604435954
0.00028723866545401816
7.287788513609021e-05
0.0034590524927787646
0.00036863840784965684
0.0012291803654885698
0.00022881617304838163
0.00020744795253324795
0.00024480054922588904
0.0061589109846278715
0.00018802920538566034
8.448299615545262e-05
0.00016116881024484927
0.0008844820722302206
6.579903760594436e-05
0.000466820231610824
0.0001557684227957208
0.0013833306184710943
0.0006648037728533641
0.00013452507937668776
0.0005729980269576021
0.0003743156863026392
0.0006759082314283942
0.0003379541157141971
0.00024299336916394577
0.0007714268993354019
0.0007232142204658078
0.00011412010636119853
5.8380462983616675e-05
0.00017591544467175752
0.000320154545346267
0.00014336081736577303
0.0006916653092355472
6.374897562781613e-05
8.37319391306848e-05
0.00012330787170815584
0.00012605506476221986
0.0002847200384734353
0.000833526758653069
0.0003754056910856388
0.00026608096098298186
0.0005426219717140023
0.0004641157109353847
0.004339285322794847
0.0009972056592800463
0.00029762987221324254
0.004590606099672161
0.00021322988673001616
0.001199091831455648
0.00011528085036094549
0.00017126381694965845
0.0002469070265959808
0.0008086399304463503
0.0003108385072746202
5.880473506427338e-05
0.00019436602146824584
7.066391747886989e-05
0.00022937654265375192
0.0008158848208010073
0.0001316626157988399
0.0005224749498379656
0.00018431920392482842
0.0010899207475080527
0.0005991607639273623
0.0005177981457579176
0.00026319615042377743
0.0007820920416761282
0.00041538551463388335
0.00038061350042044393
0.0010069371193008514
0.0024617165869472548
0.001647875994982025
0.0022289878562056203
2.5981739558389966e-05
0.00011808775247467008
0.0006027159769645704
0.0001557684227957208
0.0004717521042207039
0.000356507693423563
0.0011323211101317817
0.00028322554060833974
0.00013742814662683785
0.0004620044139003217
0.00031420130166606963
0.000948059298090531
0.0006916653092355472
0.0007548807400878544
0.0004927615918044647
0.0006643363992554874
0.0001918077030368612
6.717724355189946e-05
0.0015224540016817757
0.0006643363992554874
0.0003324018864266821
5.186198813331199e-05
8.599342964989719e-05
0.0005498038598180253
0.0009023901119415883
0.0003712379920712736
0.00014537721603649645
0.0012479706054569469
0.000356507693423563
0.0001316626157988399
0.00021182326394516117
0.00010116568281922443
0.00017011724358914984
0.0014490928970062435
0.00010619155508088837
0.0001384050592672079
0.00013356646961681356
0.0006402305922586064
0.0006775450343168652
0.0007067367618792164
0.0001557684227957208
0.002463564393851149
0.0015210573250481329
0.0008705426407611267
0.0017301513397666591
0.0011299420112207833
0.00012059706638813164
0.00012697905192787866
0.00028124810677534817
0.0003622732242515609
0.0006775450343168652
0.0004079424104005036
0.0004079424104005036
0.00023090960457539274
0.00019308286485397944
0.00089640338378369
0.000448201691891845
0.0007605286625240664
0.0005649710056103916
0.0001297763092702471
0.0005649710056103916
0.00047680576368902295
0.0004192110990929689
0.00013356646961681356
0.0012317821969255744
0.0012317821969255744
0.0012317821969255744
0.0012317821969255744
0.0006775450343168652
0.0012317821969255744
0.002463564393851149
0.002463564393851149
0.002463564393851149
0.0012317821969255744
0.0012317821969255744
0.0001126736455541778
0.0012317821969255744
0.0012317821969255744
0.001714863933082443
0.000353684713362683
0.0001001137045685792
0.0004572993145098406
0.000516177135720161
0.00014436653344149683
8.523681951068025e-05
0.00043949132163076426
7.421102202970132e-05
0.00015154842154551987
0.00038383660340362267
0.00035937015700141086
0.00027542791903433525
0.00044380017150817707
0.00010256478547612292
0.0008061978486730092
0.0004873035934303765
0.0016768443963718757
0.0007605286625240664
0.00027734964967544715
0.0003108385072746202
0.000356507693423563
0.00026608096098298186
0.0016278659151420071
0.0008650756698833296
0.0004927615918044647
0.0003904392021042894
0.0006355537881785585
0.0004620044139003217
0.00014037298605992056
0.0003785619391820088
0.0005572469640514051
0.0007548807400878544
0.0003249587821933023
0.0008061978486730092
0.0003131252663671802
0.0001364558749191218
0.0011917857826115811
0.0001918077030368612
0.0012317821969255744
0.00017011724358914984
4.307143655501854e-05
0.0002146462440060412
0.0007605286625240664
0.0003712379920712736
0.0005649710056103916
3.346672710503739e-05
0.0003622732242515609
0.00018188271313025243
0.0004192110990929689
0.0006597813096063642
0.0015641840833522565
0.00011615735195572583
2.6547888770222093e-05
0.0005395373578867521
0.0007820920416761282
0.0004983691428410847
0.00042708371620081657
0.0010069371193008514
5.0582841409612216e-05
7.066391747886989e-05
0.0012317821969255744
0.00026608096098298186
0.00025026222976419374
0.00015470523697846156
0.0007820920416761282
0.00046490847377023495
0.0006147948274027801
6.171924517781124e-05
0.0004467132285342437
0.00016897705785709854
0.00038383660340362267
0.00012883963573795987
0.00028322554060833974
0.0007820920416761282
0.00015791150844639027
0.00012149668458197289
4.002126371273067e-05
0.00026976867894337606
0.00012614031943347648
0.0001892809695910044
0.0002104262427558403
0.0003622732242515609
0.00023407524692287417
0.00016897705785709854
0.0006291650428478983
5.509527511915847e-05
0.000948059298090531
9.371747120888369e-05
0.0006402305922586064
0.00020223863857609344
0.0002642617240304663
3.4053995254235776e-05
0.0006086816810283457
0.0007605286625240664
0.00018431920392482842
0.00033751872317890085
0.00011181190613551237
0.00010587923539657713
2.6547888770222093e-05
0.0012317821969255744
0.0012317821969255744
0.0012317821969255744
0.0012317821969255744
0.0012317821969255744
0.0012317821969255744
0.00036521806368464366
0.0003712379920712736
0.0012317821969255744
0.0010899207475080527
0.0007605286625240664
0.0010899207475080527
0.0010069371193008514
0.00042708371620081657
0.0001393866573578264
7.421102202970132e-05
9.930315772867636e-05
0.0007820920416761282
0.00036521806368464366
0.0007068324550279135
0.00013742814662683785
8.223804337691166e-05
4.191132164092683e-05
0.00027352406521636164
0.0012317821969255744
0.00019958064265116764
0.00038383660340362267
0.00011703762346143708
1.6050059028868525e-05
0.00010671630326924587
0.0003349443142715012
0.00031543786509231886
0.0006086816810283457
0.00026067105632538053
7.207539072550488e-05
1.521831852078877e-05
0.0003427667750723785
0.00017357641567479707
0.00025196068606429985
4.1845907087287434e-05
0.000933640463221648
0.00011440808652419081
0.00032014296448279987
0.000741022213344884
0.00038383660340362267
0.0004192110990929689
0.0003904392021042894
0.00048198737740319037
0.00019958064265116764
0.000581352771048286
0.0008061978486730092
8.599342964989719e-05
0.0005426219717140023
1.5512180113312882e-05
0.00023245423688511747
0.00021895509388345392
0.0012317821969255744
0.0012317821969255744
0.0012317821969255744
0.0012317821969255744
0.0012317821969255744
0.0003712379920712736
0.00011009923664677809
0.000348152949332879
0.000107556808801959
0.0012317821969255744
0.0008650756698833296
0.0012317821969255744
0.0012317821969255744
0.0010899207475080527