0.0009167565016548215
0.02255840948070569
0.004753984545330737
0.010795414198022725
0.0009493470370919912
0.011691969171594194
0.004120392894107746
0.003440918338599163
0.003402211035489792
0.0011870188392278586
0.0001898636831488862
0.004902385605581286
0.0002931127172134378
0.0009804771211162572
0.0006129001134076364
0.007083424989748055
0.0005676865558403294
0.0006462630161622236
0.00015836853277909207
0.00016938018845746085
0.0025644935706266793
0.00045548691872774195
0.001338372668651341
0.0001001231595270475
0.00016128455989061064
0.0009362833304046491
0.0002524177172043525
0.0003695582279496102
0.0012985814448405332
0.00034273381962411707
0.00021932217142348292
0.0003380987367707774
0.0001568590803701261
0.0008134130940442401
0.0003328489475322652
0.0009026605858198674
2.7218578079237632e-05
0.0008944998795512802
0.0001504884457210293
0.0005438544983674521
0.0013791681693414285
0.000468444351018971
0.00015938319806818412
0.0001811420552437247
0.0009429829853095735
0.0024516004536305454
0.0003043911168401953
0.0006898349928083935
0.0012322092644842847
0.00017388328311110382
0.004958456938979224
0.00019015495487086965
7.601585787386118e-05
0.00016487986093885888
0.00214160798322391
0.001344855799755416
0.0001472124736033373
0.0003637358518759813
0.0004513302929099337
7.845122352136823e-05
0.0006955331324444153
1.633114684754258e-05
0.00012032232114234525
0.0035527063382674163
0.0009458737755735336
0.001239614234744806
0.00032806654801657473
0.0002756246085425184
1.1662680414526374e-05
0.0001568590803701261
0.0005608437695843224
0.00016286090327950617
0.00013661416977272923
0.0014065126283900426
0.0008915792110431942
0.0006411233926566698
0.00021431500162819522
0.0007361754033898555
0.00021579242263210574
0.0005434261657311742
0.0010517767201739955
0.0003736748519980253
0.00012114437719367203
0.014723508067797111
0.0005072158379304498
0.00038727186767815097
0.0003402211035489792
0.000778236332147774
0.00028712922600750097
0.0002739261110347471
8.373123565073502e-05
0.00023790205285237543
2.8589349313633175e-05
0.00020065126096137243
0.0006286142569135373
0.0004032091488336038
0.0004199657558155927
0.0005406067501469683
0.002676745337302682
0.0003304448916139959
0.00023008268050336579
0.0003013496961655396
0.0004575598716115997
0.0011373944199970464
0.0009109738374554839
0.0006956320106363353
0.00044324311053244687
0.0004279009582654508
0.0005294716975213819
0.00017274962503984896
0.001338372668651341
0.00046403680617559885
8.26760673351607e-05
0.0010394705959291953
0.0003672710842795166
7.444960991058644e-05
0.00024520957241147204
0.0012151298827230384
0.000910372538872705
0.00012909062255938366
0.001338372668651341
0.0003377364631012515
0.0001410063124789884
0.0004640407812484039
0.00016595533676577468
0.0006656978950645304
0.0003304448916139959
0.0010300982235269365
0.004120392894107746
0.0002053682107473808
0.002000340269252004
0.00044523028594434504
0.00025085535697244555
0.00015661445408058364
0.00255964398140928
0.00021672100239455736
0.000255964398140928
3.194665842457453e-05
0.00010991990729257258
0.0003504469514397217
0.00010983171292991551
0.0002877581574677327
0.0005579789532222657
7.010767712607403e-05
0.000645062114683159
0.00026402044514382643
0.0004379419687162232
0.00021629869067893637
0.0009036343579156855
0.00031209444346821637
0.0001835992405390492
0.0002011800895043248
4.746735185459956e-05
8.96083404876858e-05
0.0002931127172134378
0.0002756246085425184
0.0005471017619153375
0.001771245265243313
0.00043071586943797146
0.0003350593211606924
0.0003013496961655396
0.01442137512937711
0.0027667033495512236
0.00011870188392278585
0.0002775011851356598
0.0003904677281909851
0.0003504469514397217
7.224033413151912e-05
0.0006377645697721144
5.523317648741084e-05
0.00013705568757697753
0.0002508910296512972
0.00027997717054372844
0.002911002780795759
0.001338372668651341
0.00013596362459186302
0.0005676865558403294
0.0008733008342387276
0.0009280815624968078
0.0017101120240848116
0.00013696305551737356
0.000725622244052428
0.00032806654801657473
0.00024430171772640163
0.00011870188392278585
0.0004542551013631458
0.0007904866713003496
0.0004033625290195815
0.0003099883073457031
0.00037827985585477174
7.754420070512704e-05
0.014864660004881555
0.0001624048292957184
0.0006836089200835843
0.00016809242850399152
0.001070803991611955
0.000869646627271862
0.002707473940370665
0.0007361754033898555
0.0001835992405390492
0.00019463063697592185
0.0003700918877203727
3.4459374499712345e-05
0.0004640407812484039
0.0005125744829269502
0.00017992356996704542
9.261266308328903e-05
0.0012258002268152727
7.010767712607403e-05
0.0003013496961655396
8.629388646673144e-05
0.00013103275723277798
0.005806244156061983
0.0002256300836988198
0.00020702857518353212
0.00044239450479395455
5.5820823767156685e-05
0.00015051121507625163
0.00018599298440742187
0.001338372668651341
0.0004695399737951945
0.000700461270536754
0.00018236725397177914
0.00019241972286086726
0.00017709445961172705
5.9751986177089214e-05
0.0007857965058005347
0.000200246319054095
0.0003350593211606924
0.0011947606661892984
0.0006679951990520733
0.00031654205185792074
0.00025433060623161237
0.0010251489658539004
0.0003729246691310797
0.000424225287693447
0.0006613530604926522
0.0007122113035367151
0.004714779034803208
0.0019674466503055875
0.0006510082647485217
0.0010300982235269365
0.0005512492170850368
0.00023168142326732938
0.0001753529020855075
0.0006286142569135373
0.00046526520423076226
0.0010361309068593002
0.0004973997089301861
0.0008102641953937343
4.8814837118833315e-05
0.004736941784356555
0.0003210804340040063
5.495995364628629e-05
0.0008341026855325012
0.000705031562394942
0.0005294716975213819
0.00012242369475983886
0.000806725058039163
0.0008400649287644042
1.653521346703214e-05
0.00020840550222438274
6.343233100421637e-05
0.001338372668651341
0.00019241972286086726
1.6854503942882712e-05
0.0002759339971233574
0.00016016990589456633
0.00019630972887751933
0.00029233202092916684
0.0019609542422325144
0.0004170513427662506
0.00017958859263111256
0.0007515175556568515
0.00021400008677257317
7.985659249466302e-05
0.0001835872174519923
0.002188141901849879
0.0006262825511160428
0.000905654778219054
0.0007747151310238614
0.0005973803330946492
0.00017871172497006284
0.0011057005463420983
0.00011323341967045748
0.0008001361077008016
0.00011144007925260259
0.0002911002780795759
0.00012830630350806448
0.0004838536796718319
0.0001918387716451551
0.00794207546282073
0.00045146533716308794
0.0017955700282361274
0.0020505081035156517
0.0020071282372103776
0.0011494932186807952
0.002484355210931597
0.001401882977521455
0.0016995384663970753
0.001338372668651341
9.306201238823304e-05
0.00015355743255520934
7.656500059732985e-05
0.0006467696762278553
0.0005542052764126031
0.0008341026855325012
0.00011686408001933282
0.0001835992405390492
0.00044324311053244687
0.0002307613721266207
0.0004513302929099337
0.00026206551446555595
0.0001379669985616787
0.00016128455989061064
0.00010877689764184591
0.00026402044514382643
0.0008832748416200238
0.0013227061209853043
0.0004279009582654508
0.005838718798727508
0.0016781780932719876
9.179360872599614e-05
4.186561782536751e-05
0.0005354019958059775
7.677871627760467e-05
0.0005895769708024133
0.00011269957892359247
0.0009280815624968078
0.00010337812349913704
0.0011353731116806587
0.000973972340188935
0.00015251995720386657
0.0008864862210648937
0.001338372668651341
0.000271341398310902
0.0007857965058005347
0.000805145487310724
0.00041681100444876547
0.0007361754033898555
0.00010966108571174146
0.0001835992405390492
0.00034784606791218707
0.0008187980407157288
0.000826873825627555
0.0008117928881969541
0.0001868694907496998
0.0010589433950427638
1.861240247764661e-05
0.0006088446661477156
0.0003848394457217345
0.00011409595687827602
0.000460306160872127
0.00019350761417818969
0.0004640407812484039
0.0010300982235269365
0.00018608388098677688
0.0002659840068905973
0.001312266192066299
0.0012053943205887713
0.0002581812451187673
0.000413549333278127
0.0006722026759918526
0.0016526797971081095
0.0015359943364764285
5.3578750407048804e-05
0.00019113803051380924
0.0003936220081217677
0.0006956320106363353
0.0003248096585914368
0.00012260478620573602
0.00023476998689759724
0.0003013496961655396
0.00019370884534998474
0.0010940709509249394
8.26760673351607e-06
0.0001410063124789884
7.908312038752601e-05
0.00018236725397177914
0.00022119725239697728
0.0001868694907496998
9.396867244835018e-05
0.0012572285138270746
0.0005608437695843224
0.000283227845121586
0.0006467696762278553
0.0013444053519837051
0.000541494788074133
0.0009937420843726388
5.056351182864813e-05
0.0003904677281909851
0.00031430712845676866
0.00014826388457674168
0.00028712922600750097
0.0011842354460891388
0.000875961000964734
0.00043543974824021087
0.00035307861536824757
0.001338372668651341
0.001338372668651341
0.00044324311053244687
0.0005236954505118126
0.0004869861700944675
0.00011778108340790472
0.0002775011851356598
0.00032338483811392767
7.074789224354302e-05
0.0002992616713726879
0.00045548691872774195
0.0004279009582654508
0.00031209444346821637
0.0010940709509249394
0.00024268445236806584
0.0006956921358243741
0.00021829037431623458
0.0004101016207031303
0.00028516997979498033
0.00031209444346821637
0.00031209444346821637
0.0001657999029767287
0.0003611657977457345
0.0001751153176341885
0.0008786144047143653
0.00109551846136794
0.0023684708921782776
0.0002775011851356598
0.0009804771211162572
0.001338372668651341
0.00024593083128819843
0.0004664406858994567
0.00026291412020404826
0.00014598065623874106
9.675380708909484e-05
0.00028712922600750097
0.00042060938677819515
0.0001811420552437247
0.0002508910296512972
0.00024107886411775425
0.0005125744829269502
0.0003936220081217677
0.00024107886411775425
0.0001885965970619147
0.00010966108571174146
0.00027192724918372605
0.0004279009582654508
0.001162072696535792
0.0002144785834098524
0.0010300982235269365
0.0003574234499401257
0.00012242369475983886
0.0006111710011032143
0.0003099035586862015
0.000541494788074133
0.00038727186767815097
0.00010182717557872566
0.0011485169040300039
0.00012525651022320857
0.0005072158379304498
7.831232929827001e-05
0.0019840591814779566
0.00010440793576281345
0.00032338483811392767
3.194665842457453e-05
0.000875961000964734
0.0011842354460891388
0.0006956320106363353
0.001338372668651341
0.00023168142326732938
0.0006836089200835843
0.00033388642288360794
0.000350230635268377
0.0007361754033898555
8.063276433539487e-05
0.00020294822204923853
0.000205660121593503
0.00012055500303529519
0.00021054977630744455
3.382852866781702e-05
0.000205660121593503
0.0005019832904743894
6.271383924311139e-05
0.0006225815735811733
0.00032806654801657473
0.0003304448916139959
0.000939933728362737
8.455478851561152e-05
0.0004033625290195815
0.0004513302929099337
9.01644951641993e-05
0.001338372668651341
0.0006956320106363353
0.000905654778219054
0.000605467515472136
0.00012430822304369325
0.0005676865558403294
0.0002363305056287827
0.00023322034294972834
0.00015038173874296732
0.00032256911978122127
0.0002475719679370522
0.0002931127172134378
3.700080795160692e-05
0.00037242759687843686
0.001338372668651341
0.0011842354460891388
0.0002911002780795759
0.00031209444346821637
0.00011962651314104614
0.00037533447495917963
0.00011778108340790472
0.0005676865558403294
0.000283227845121586
0.00015576633612399918
0.00040670654702212004
0.0003504469514397217
0.00010614523371332004
0.0006705585556118542
0.0004918616625763969
0.0005542052764126031
0.0007427159038111566
0.0007515175556568515
0.0006241888869364327
0.0005153631454959755
0.0005236954505118126
0.0004664406858994567
5.400966536304476e-05
0.00015906081129317987
9.097756007952542e-05
0.000468444351018971
8.774298659069158e-05
6.057218859683601e-05
0.00015906081129317987
0.0004316384076978622
0.00015051121507625163
0.0006705585556118542
0.0003873575655119307
0.000605467515472136
0.0003667254124862405
6.926540004210232e-05
0.00027191830597010706
0.00014298572227323494
8.219328306658039e-05
0.0006411233926566698
7.601585787386118e-05
0.00026115622166928435
0.0008341026855325012
0.001338372668651341
2.8845171515827588e-05
0.00012148738598031605
0.0003936220081217677
0.00010097353534960994
0.00010097353534960994
0.00032806654801657473
0.00014932029039536605
0.00027191830597010706
0.0004664406858994567
2.700483268152238e-05
0.00016280483898654117
0.0006316592832383322
0.00032806654801657473
5.565378574304313e-05
0.0001451244488104856
0.00032571337254850045
0.00015795722090601407
0.00030548152673617694
0.0005820381808276532
0.0002448473895196777
6.779272574181475e-05
5.7690343031655176e-05
0.0003667254124862405
0.0008341026855325012
0.0003936220081217677
0.000605467515472136
0.00040670654702212004
0.0003034575129575684
0.000491873685663454
0.000424225287693447
0.0006956320106363353
0.0006138599456760118
8.455478851561152e-05
0.00012336396257345758
0.00032571337254850045
0.0007747151310238614
0.00042060938677819515
0.0002931127172134378
0.0002931127172134378
9.843210189771539e-05
0.0012277198913520236
0.0009937420843726388
0.0004199657558155927
0.00045548691872774195
0.00048721448788715524
0.00012430822304369325
0.00024593083128819843
0.00031654205185792074
0.0003304448916139959
5.278951092636402e-05
0.0020502979317078007
0.0007857965058005347
0.0001657999029767287
3.8926127395184374e-05
0.00047752206067612995
0.0007218237784025316
0.000205660121593503
0.000491873685663454
0.00010168363462957821
0.0004640407812484039
0.0011353731116806587
7.224033413151912e-05
8.69688905257701e-05
0.00024430171772640163
0.0006722026759918526
7.831232929827001e-05
0.0003328489475322652
0.00011686408001933282
0.0006510082647485217
0.00031654205185792074
0.00013201022257191322
0.0003936220081217677
0.00026115622166928435
0.001082989576148266
0.0004513302929099337
0.0005895769708024133
8.935439224055636e-05
0.0003936220081217677
0.0007278564617348956
0.0004597227231138095
0.0004170513427662506
0.00020294822204923853
0.00015203171574772236
0.000541494788074133
0.000205660121593503
4.746735185459956e-05
0.0003099035586862015
0.00026115622166928435
0.0004170513427662506
9.34347453748499e-05
0.00023168142326732938
0.00028130252567800854
0.0003873575655119307
0.000491873685663454
0.0004597227231138095
0.0002282710852766923
0.00027192724918372605
0.0003352792778059271
0.00019500548463078103
0.00021829037431623458
0.00028910588797024454
0.001811309556438108
0.00034081766987029355
0.00022119725239697728
0.00019630972887751933
0.0002700880651312447
9.759137119265815e-05
0.0008497692331985376
7.299032811937053e-05
0.0005294716975213819
0.0003639282308674478
0.0006613530604926522
0.0010300982235269365
0.0004279009582654508
0.0011842354460891388
0.00035574179697900424
0.00020294822204923853
0.000307734048730618
0.00015144827798940482
0.0005902870700823815
0.00023168142326732938
0.0004033625290195815
0.00022414263329256936
0.00021685106180531374
0.00015906081129317987
0.0006722026759918526
0.000939933728362737
0.00020702857518353212
0.0002911002780795759
0.00021258818992403816
0.0003842903029982659
0.0003936220081217677
8.5347562997363e-05
0.0005895769708024133
0.0006836089200835843
0.0002301530804360635
0.0002682727652005485