0.00018782163293623146
0.0001987094261813813
0.0004796040040139576
0.0009666307147050112
0.002276260745408986
0.002223367034880456
6.803738957610546e-05
0.00036363108042400264
0.013908516116404769
0.014852919984848273
0.001787388283211803
0.006714456056195406
0.002810821016572551
0.0004796040040139576
0.00023344392227880778
0.000264945901575175
0.00037129608460480983
0.0002518569038294072
0.000369134280834515
0.00018698200327287487
0.00073826856166903
0.00073826856166903
0.0002368289443383978
0.0006736479161440094
6.069715744172864e-05
0.0002549591667889891
0.00014770527971835626
3.343444381588258e-05
0.00016745595657807546
3.173077794694522e-05
6.774001240166834e-05
0.00020342969606535106
4.3411920854906686e-05
9.896366392652603e-05
0.000731506585575585
0.00012102739677738426
0.00029232465223465274
0.0001711193733028407
0.00032105232345924767
0.00024088290389212626
0.00011027607287539394
0.0023273187787903418
0.0010813891233081093
0.0009884460310913064
1.560598399669757e-05
9.81610449267635e-05
0.0001537162104218135
0.00022974568547861948
0.00034327617335620634
0.00020505546475239506
0.0003482787006525611
0.00040195518605437856
0.004404387436139085
6.066745238732535e-05
0.00019620571590034651
8.013628758208412e-05
5.502709463859153e-05
0.00012747958339449456
0.0001366257068156134
9.391081646811573e-05
0.00022210702756482624
0.00010550677465956614
0.0001574251314135005
0.00021448001621682914
0.0007003614748178532
0.00012006804664712518
0.0007109848773259541
0.00025324013493097753
0.00018710846236557105
0.00013363704198403648
0.00020863076810620612
0.00041642715162099124
0.0004665758315793992
0.00017459264125570904
0.00026691783365269254
0.00015490093318924617
0.002933441191526805
0.00015158825409438404
0.0003709420250765489
0.0005396550640164125
0.0004442140551296525
0.00018716994529178435
0.0002931465757695961
0.00017854115864272623
0.0002586645576550723
0.00039241143180069303
0.0002538335597243661
2.4159153174642153e-05
0.00019342609108934298
0.00011183861432906908
8.512671867455968e-05
0.00025514790322577873
0.0001623081604524062
0.0001975755108930296
0.0001450975065368292
0.0002732514136312268
0.00020595965652143053
0.00011105351378241312
0.00029707083533353317
9.888056814347102e-05
0.0001241642858623681
6.665033000875137e-05
0.00010289236300782558
0.0004796040040139576
0.0004796040040139576
0.0002474578235807158
0.00021407042028144033
0.0001962887665184942
8.247503964984074e-05
0.0013901908869425133
2.8360873139280383e-05
0.00017988502133880417
0.00012380918080837614
0.00018467967397314502
0.0001388090505403304
0.00014819483447562972
0.00017988502133880417
0.0001219177642625975
0.00012844549898942246
2.973493327555578e-05
0.00012296815446724408
2.6678915257867028e-05
0.0002085725811296159
0.0005504214567226541
0.000288574341757937
8.269302014005326e-05
0.0028027800932956953
0.008496944600884663
0.00040427114996678453
0.0004988651261164034
0.0013410954068885724
0.0004884415380219759
0.00018825699926948818
0.000649080286921766
0.00010289236300782558
0.0001647410051818844
0.00011236708994660235
0.00042014615538924334
0.00027286036103883954
0.00015090044518474834
0.0021033915004360845
0.0005671620433747882
0.0007670852764687543
0.006276890539769628
0.00035222025844107744
0.0018344897965843392
0.0001897354541760108
6.927456474856821e-05
5.168313758753329e-05
0.00021268328376256954
0.00010671566103146811
0.00024346224067860932
0.0002169684509572627
0.0028809861642191165
0.0002884055286807365
0.00012739547630714608
0.0006169028246864149
0.00030667543907978914
0.00022109406466354757
0.00036352019503786004
0.00026089691860999964
0.00033765351324130334
0.00011027607287539394
0.00042014615538924334
0.0002068600286682241
0.00020595965652143053
9.780505036806229e-05
0.000649080286921766
0.00026785769940122105
0.00010062119820522865
0.0004796040040139576
0.00016947628290780835
0.0003045136353094943
0.0002085725811296159
0.0004243691424242363
3.6438190537902065e-05
0.00026140421798670434
0.0001158845117131194
0.00014191704477960359
0.00014819483447562972
9.678568645895798e-05
0.000392058819661726
8.52518732515026e-05
0.0002693129884028547
6.346155589389044e-05
4.122490596541958e-05
2.535972399463355e-05
0.00013363704198403648
0.0002169684509572627
0.00010475677740819503
0.00012146714988418736
0.00018522704146221527
4.83658355122764e-05
0.00017279705760373426
0.0002693052818711617
0.00035135262707156886
0.000324540143460883
0.00029611776548184754
0.00022974568547861948
0.000392058819661726
6.057860852415856e-05
0.0004796040040139576
8.774072508842764e-05
0.0004988608527307952
0.0003070925378094967
0.0002169684509572627
0.00010491520070051085
0.00021664306131801255
0.00014844549588978906
0.00012014686780825241
0.00010032943377466087
0.00019473601865559325
9.876969917129144e-05
4.2536656752513905e-05
6.249215643900736e-05
0.00012942326660503109
0.00029148546287493594
5.8620309112572356e-05
9.744155074488425e-05
9.11138580220743e-05
6.629594305457643e-05
0.00010626031801041339
3.865411932787305e-05
0.00016027140043703214
0.0001416349054173929
0.00022256521504592931
8.247503964984074e-05
0.00013868637449174475
6.99434671336739e-05
9.780505036806229e-05
0.0001494497747564197
9.251889389301882e-05
0.00026140421798670434
1.0116192906954771e-05
0.00014844549588978906
0.00035782788689753064
0.00012760997025754173
0.0004363572965088032
0.0001897354541760108
6.491200621853108e-05
0.00016628695091026508
9.233983698657251e-05
6.275233308982938e-05
0.00010431538405310306
0.00012014686780825241
9.172448982921695e-05
0.00029035705937687395
6.819266556948693e-05
8.412950172679036e-05
0.0003824387501834837
0.00017451082388889817
0.00018070707130364886
0.000324540143460883
0.0001507247949317092
4.674777335692541e-05
0.0004846288681932685
4.1871649366123115e-05
0.00020097759302718928
2.8063115434774558e-05
3.851491144169533e-05
0.0001246607289518011
0.00033325165004375684
0.00026263555305669495
0.00013157645346192329
0.00026263555305669495
0.0001962887665184942
3.7725111296187085e-05
0.00012498431287801472
0.0003325767507442689
3.31876203672777e-05
6.527399964920861e-05
5.17507310644131e-05
8.580710003879212e-05
9.531500283620853e-05
0.0001246607289518011
8.247503964984074e-05
0.00010105883606292269
0.00010062119820522865
7.359341570452012e-05
0.00012129930024679617
5.941416706670664e-05
0.00015174289360432157
9.421491316669839e-05
0.00014574273143746797
0.00021963191219910347
0.00016786638853945877
6.414000891889273e-05
0.00018975268056951468
0.0004243691424242363
0.000324540143460883
0.0004796040040139576
8.412950172679036e-05
0.00015826016198934923
0.0003456057554905417
0.00017933557882544905
8.001326151725285e-05
5.7599614428421826e-05
0.0004796040040139576
0.0003138994192447937
0.0002493093376971665
0.0003142703322245851
0.00011263152694973747
0.0002885227773794209
0.0004334683308286394
5.0603198379269334e-05
0.0003845407049076486
0.0001307799181808538
0.0002523885051803711
5.393548679704944e-05
0.00016092435552832564
0.00038685218217868596
0.002243508963477957
0.0012058655581631357
9.764386928799368e-05
0.0001158845117131194
0.0002864698000259638
0.00013345891682634627
0.0002939187028378765
0.0012589457047922938
0.0006663210826944789
0.000392058819661726
0.00012550466617965877
4.944028407173551e-05
0.00027111213155389696
4.1477596937210345e-05
0.0016805846215569734
0.00015541655915808357
0.0003138994192447937
0.00021011908163246908
0.00012465466884858324
9.918754686000521e-05
0.0002574571300171548
0.001147316250550451
0.0002586645576550723
0.0007270403900757201
0.0026463508284451298
0.00014576057986102482
0.0006175665666372221
0.001469821894594393
0.00041096430120381963
0.0023855192459835374
0.0001859199457718168
0.00037989897401709234
0.0003138994192447937
0.0002713564100122088
0.0004274604004400718
0.0005569441269072147
0.0009383277200454771
0.0007931607745968192
0.0007195400853552167
0.005426395011734111
0.00032054280087406427
0.00016347727896021778
0.0004719390502133567
0.0001020591612903115
0.0002685273801939542
2.4030869406846868e-05
0.0013681849324381134
0.0007176091881058299
0.00015883555869171902
0.00013465649420142735
0.0004339369019145254
0.000369134280834515
0.0018776769129558552
0.00033330101315245546
0.000392644179707054
0.00012943612161363014
0.0002631701407506518
0.000324540143460883
0.0002885227773794209
0.000314850262827001
2.145177500969803e-05
6.747093117235911e-05
0.00015379159856429632
8.706967516314027e-05
0.0001472692493844326
0.000392058819661726
0.00011475597757955022
0.00038808782426010344
0.00016027140043703214
8.57359927209039e-05
4.964232157145902e-05
0.00015091068370064236
5.378600841284575e-05
0.00018953883173843277
0.001580315186740663
0.00019888433562199767
0.0001876655440090954
0.0002758133715576321
0.00010149430853623073
4.93938777232574e-05
0.0003212848167489086
0.00010219026982377919
0.00012465015974908283
0.0002181786482544016
0.000122818192610257
6.106577149143883e-05
0.0001822277160441486
8.639027919669249e-05
0.00027065121190857956
0.0004796040040139576
0.00013465649420142735
0.00029611776548184754
0.00017413935032628054
8.639027919669249e-05
0.0001918605684053347
0.0005631781929645666
0.00015601543955607984
0.00021963191219910347
0.00018564804230240491
0.000784117639323452
0.00020342969606535106
3.86644588440828e-05
0.0004289175127629384
0.00012563424675839837
0.00014576057986102482
0.00018571377121256424
4.393525641464265e-05
0.000492431248345792
5.465531677415622e-05
0.0001429725042543128
7.110445189236061e-05
0.0003014495898634184
0.00026283109379289087
0.0001711193733028407
0.001227009439115725
5.200514651869328e-05
0.0004243691424242363
8.584950007820747e-05
0.0004796040040139576
0.000784117639323452
3.783409718869319e-05
0.0004243691424242363
0.0004796040040139576
0.00040427114996678453
0.0003368239580720047
0.0003045136353094943
0.0004796040040139576
0.00011183861432906908
0.0001507247949317092
0.00035135262707156886
0.0058781098007006476
0.0010149430853623074
0.0004796040040139576
0.00033573277707891753
0.0002758133715576321
0.0002851614973579496
0.00038808782426010344
0.0004243691424242363
0.0002085725811296159
0.00017451082388889817
0.00013141554689644544
9.113902274685119e-05
0.0001876655440090954
0.00022484094235805966
2.5086342597505832e-05
0.0002586645576550723
5.4480356120238855e-05
0.0002986885833054993
0.00020438053964755837
0.0001425807486789748
8.639027919669249e-05
6.803738957610546e-05
0.0001265252359292087
0.00014336383654492345
9.346625282091351e-05
0.0002231012501291801
4.911371703446552e-05
0.0003289626759383148
0.00023699495910865133
0.000510951349118896
0.00040131773509864346
0.00012747958339449456
8.812897495520212e-05
0.0001762622583671056
0.0001507247949317092
6.527399964920861e-05
0.0004243691424242363
0.0002295866614400646
0.00041726153621241224
0.0001876655440090954
0.00012943612161363014
0.0001897354541760108
9.29599728859084e-05
0.00013345891682634627
0.000369134280834515
0.0002169684509572627
0.00014965776039983463
0.0004796040040139576
0.00017818272264538194
0.00035524341650759674
9.04535415963487e-05
0.00031652032397869845
0.0001964418080434219
8.11540802262031e-05
0.00023540385272553685
0.001273107427272709
7.190310323991933e-05
0.0002301174633430548
0.001382376460829874
0.0001284441019981287
0.00020298861707246146
0.00040451615097787083
0.00024088290389212626
0.0003898005157697708
0.00035135262707156886
0.0003045136353094943
0.00017625794991040424
0.00043054795718823583
0.00014351598572941192
0.00012942326660503109
0.000392058819661726
0.00017743414802974788
0.00011005418927718307
0.00020342969606535106
0.00018564804230240491
8.706967516314027e-05
0.0005692063625280325
0.0006178789695642917
0.00015202054804867927
0.0002436118888329436
5.1633644396415384e-05
0.00023005990979825807
0.0001265252359292087
0.00041497622425805793
0.0001762622583671056
0.00010644859091690739
0.0005199310897386145
0.0005692063625280325
0.00023312483873712538
0.00017037342004337647
0.00021748716433252514
0.0003368239580720047
0.0004243691424242363
0.00036736072115828755
0.00014616713329976616
0.00026380744271933723
0.00013041318071268357
0.0001876655440090954
0.00020863076810620612
8.357418895060908e-05
0.00017338830025671336
0.00020031550018248406
0.00018101573969549333
0.00022210702756482624
0.0001155785605482761
0.000249278773719773
0.0006133508781595783
2.255241450032423e-05
0.0002867276730898469
0.000138830596318723
0.0004243691424242363
0.0005442991166088437
3.2636999824604304e-05
5.8197547085236344e-05
0.00020595965652143053
5.167355876403214e-05
5.5575715220958944e-05
7.517831912296227e-05
0.00011183861432906908
0.00018698200327287487
2.273088852316231e-05
0.000243835528525195
0.00013345891682634627
0.0017805305419997832
0.00017364768341962674
0.0002693052818711617
0.00023343787764668674
0.0010346582306202893
0.00039719739626928953
0.00010289236300782558
0.00010649872777782007
9.113902274685119e-05
9.678568645895798e-05
2.8063115434774558e-05
9.172448982921695e-05
8.412950172679036e-05
0.0003657532927877925
0.00010431538405310306
0.00014447320068534513
7.369802155451585e-05
0.0001593904770156201
0.00026283109379289087
4.944028407173551e-05
6.0235690434549616e-05
6.148407723362204e-05
0.00032644622101845135
0.00023388030946186247
9.00510349853439e-05
0.00019605316349002828
4.03857390161057e-05
0.00012465015974908283
0.002398020020069788
0.00010431538405310306
0.0004068593921307021
0.00018176009751893002
0.00018176009751893002
0.000226354234892562
0.00030532885745719417
8.774072508842764e-05
0.0032355816651257773
0.0002317690234262388
0.000392058819661726
2.7240178060119428e-05
0.0006051369838869213
0.00021748716433252514
0.00044110429150157575
1.629303024572916e-05
0.00014220050112638785
6.462064552502063e-05
0.0003045136353094943
4.6606667804803895e-05
0.0004796040040139576
0.00011927596229917687
0.0001780530541999783
0.00035135262707156886
0.0002231012501291801
0.0002810511779475746
0.00012662006746548877
0.00047398991821730267
0.004288560084676414
1.994345753324096e-05
0.00018121057025908218
0.0009592080080279152
0.0002939187028378765
0.000196322089853527
0.0004243691424242363
0.0005396550640164125
0.0001507247949317092
0.0004988651261164034
0.00021748716433252514
0.00042254819228517907
0.0003294820103637688
0.0004986006389963313
0.0006277988384895874
0.0002199758667716057
6.317961057947759e-05
5.8197547085236344e-05
4.8722377766588714e-05
0.00014841990158740478
0.00035135262707156886
0.00032054280087406427
0.00016495007929968148
0.0003223768184822383
0.0004981363152012048
0.00010550677465956614
0.001438812012041873
0.000245636385220514
0.00028908881437623583
0.0003974188523627626
0.002165478411610082
0.00014336383654492345
0.00010576427962118268
0.0002085725811296159
0.00011694015473093124
0.00013555606577694848
0.0004796040040139576
4.730568159320119e-05
0.0002885227773794209
0.0002572079781627117
0.000190681246420836
3.289411336548082e-05
0.0006736479161440094
0.00022055214575078788
0.0005631781929645666
0.0002199758667716057
0.0002693052818711617
9.29599728859084e-05
7.420995079370239e-05
0.00029611776548184754
0.00010133369277449241
0.00012982401243706216
0.00010012035965686378
0.0004243691424242363
8.369474510399459e-05
0.00046365532775655626
0.00035135262707156886
0.000245401887823145
7.369802155451585e-05
8.639027919669249e-05
0.0003419953370153178
0.00023339003576889394
3.9296899155051574e-05
0.00014454440718811792
0.00013893928805239737
0.0001410539049287729
3.31876203672777e-05
0.00013793516188142198
0.00014336383654492345
7.567792615699407e-05
0.0005770455547588418
0.0003942466406893364
6.283747115100847e-05
0.000249278773719773
0.0003355158429872073
0.0004796040040139576
0.0007109848773259541
0.0003604406034247573
0.000789427313396944
2.8616500026069153e-05
9.251889389301882e-05
0.0002420547935547685
0.000249278773719773
0.000245636385220514
6.623647539379376e-05
0.0005023287311279093
9.00510349853439e-05
0.00030036107897059137
0.00018368036057914378
9.432773549263523e-05
0.0004068593921307021
0.0005781776287524717
0.00013034424196583329
0.0001366257068156134
7.670022211234171e-05
0.0002885227773794209
0.0001870722004997933
0.00010550677465956614
0.0001184144721691989
7.130751331887155e-05
0.0002775566816790565
4.115544389906015e-05
0.0006277988384895874
0.00042814084056288067
0.0004243691424242363
0.001438812012041873
0.00012942326660503109
0.00013516666204107134
0.0003925775330369884
0.00021433998180225974
6.173857563393456e-05
0.00034029722602487296
0.0001366257068156134
8.247503964984074e-05
0.00014220050112638785
0.0002885227773794209
0.00012465015974908283
0.0002693052818711617
0.0002693052818711617
0.0004796040040139576
0.0004899406315314643
0.00010012035965686378
0.0003368239580720047
7.955513166549173e-05
0.0002815890964822833
0.00016786638853945877
5.982387008180608e-05
9.461136318640239e-05
0.00019212330212836667
0.00020097759302718928
9.358497264589218e-05
0.00028908881437623583
0.00015644811047324996
5.8197547085236344e-05
0.00021748716433252514
0.00017743414802974788
3.500580191379812e-05
0.00017861909119679323
0.0005878109800700647
0.00014837681003061954
0.0004796040040139576
0.000629700525654002
0.0005935072401224782
6.520336691204153e-05
0.0006418225983644583
9.868234009644246e-05
0.0003045136353094943
8.640143887263542e-05
0.0004243691424242363
0.00017988502133880417
8.581904333905159e-05
8.696563953666652e-05
0.0004243691424242363
0.00022686481734991528
0.00010149430853623073
6.874515982073173e-05
0.00018101573969549333
1.0001657689656606e-05
0.00015644811047324996
0.00016322311050922568
8.508261941784117e-05
0.00010289236300782558
0.00029707083533353317
0.00012676204912994451
0.00027521072836132705
7.926573099656819e-05
0.00034476671444704014
0.00016628837537213445
0.00027521072836132705
7.567792615699407e-05
0.00012721838292589188
0.0004796040040139576
6.517212098291664e-05
0.00013749031964146346
0.00011801311945673144
0.00012942326660503109
0.00010360069710199772
0.00027521072836132705
0.000226354234892562
9.678568645895798e-05
0.0009592080080279152
0.0009592080080279152
0.000369134280834515
7.766167296817808e-05
0.00019473601865559325
0.0004796040040139576
0.00015333771953989457
0.000784117639323452
0.00036352019503786004
0.00013157645346192329
0.00021245235812608938
0.0009416982577343811
0.00016322311050922568
0.0001507247949317092
0.00010576427962118268
0.0003045136353094943
0.00024088290389212626
0.00010724000810841457
0.0002332879157896996
8.99064552126575e-05
0.00013607477915221093
6.491200621853108e-05
0.00031207846910573644
0.0007027052541431377
0.0001543464390848364
0.00013345891682634627
0.001622700717304415
0.0001184144721691989
0.00036183727438126277
0.0002231012501291801
8.99064552126575e-05
0.00013450059258628952
0.00027521072836132705
0.00014454440718811792
0.00021152855924236536
0.0002085725811296159
0.00020595965652143053
8.193109855557672e-05
0.00028908881437623583
0.00016604543840040157
8.930954559839662e-05
0.00017988502133880417
0.00035135262707156886
0.00024088290389212626
0.0004231617147863187
0.0003368239580720047
7.770827957904178e-05
0.0004243691424242363
0.0004243691424242363
0.0002085725811296159
0.0001410539049287729
0.0003925775330369884
0.0008883532964455427
0.000784117639323452
0.00023765666826682655
0.00012662006746548877
0.00036736072115828755
0.000226354234892562
8.99064552126575e-05
0.0008079158456134851
0.0001219177642625975
0.0002776181010806608
0.00011183861432906908
0.00012747958339449456
0.00011789069746515472
0.00016786638853945877
3.9389647512365915e-05
0.0003837211368106694
0.00013516666204107134
0.0001473960431090317
0.00010724000810841457
7.420995079370239e-05
0.00012102739677738426
0.00024497031576573215
1.9446963335823543e-05
0.0002169684509572627
0.00022210702756482624
0.00013330066001750274
7.224472180477323e-05
6.66829026728762e-05
0.00021901228718432616
0.00010798824891950438
0.00020024071931372755
0.00021007307769462167
7.979172010695408e-05
0.0003138994192447937
0.0003561061083999566
0.0003882697998150933
0.00010080437296314692
0.00019859869813464476
4.801088142471683e-05
0.0001809070831926974
0.0007506621760363816
0.0001333658053457524
0.00013992357305632914
0.00019753939834258287
0.00012558218278197733
0.00023298501890453422
0.0002815890964822833
0.00026691783365269254
0.00027521072836132705
0.0002538335597243661
0.0003045136353094943
0.00012558218278197733
8.989367195728186e-05
6.060018420953736e-05
3.334864407233379e-05
0.0003138994192447937
0.00011559220017114222
5.6210235589514916e-05
0.00011263152694973747
0.00012102739677738426
0.00011343240867495764
3.115541760697117e-05
0.000122818192610257
0.0003149727640796112
7.224472180477323e-05
0.00016495007929968148
0.00020097759302718928
0.00010360069710199772
0.00027521072836132705
0.00022526305389947493
5.739666536001615e-05
7.668663659941934e-05
0.00010874358216626257
0.00035782788689753064
0.00016937742293321565
6.201976510503994e-05
0.00021127409614258953
0.00025116436556395466
0.0001876655440090954
0.0001897354541760108
0.00010798824891950438
8.754518435223164e-05
4.730568159320119e-05
4.2536656752513905e-05
4.908052246338175e-05
0.0002586645576550723
0.0002586645576550723
0.00015202054804867927
0.0003138994192447937
7.517831912296227e-05
5.946986655111156e-05
1.9446963335823543e-05
0.00012047138086909923
0.0002199758667716057
0.0001150587316715274
0.00014353223879944436
1.9354289257619526e-05
7.321063739970115e-05
7.297925647899126e-05
0.00010950614359216308
0.00012277742924475166
0.00015202054804867927
0.00020595965652143053
0.00013141554689644544
0.00016027140043703214
0.0001494497747564197
7.719582082965276e-05
3.0017011661781296e-05
5.660375273934779e-05
0.0004796040040139576
0.0004243691424242363
0.000249278773719773
9.744475553317743e-05
0.0003138994192447937
0.0005386105637423234
0.0004796040040139576
0.00013770990123956206
0.0002169684509572627
0.00011927596229917687
0.0001831973144743165
0.00027521072836132705
5.427128200244176e-05
0.0003368239580720047
0.00019737760556298888
0.00010581902477407604
0.00017335796811468094
8.640143887263542e-05
0.0005262482338607359
0.0001158845117131194
4.522677079817435e-05
0.0002152983581991666
0.00021127409614258953
0.0003045136353094943
0.0003138994192447937
4.489805927623924e-05
0.0001464212747994023
0.00025884653321006217
0.00010550677465956614
0.00017279705760373426
0.0005173291153101446
9.461136318640239e-05
6.404110070945555e-05
0.0002332879157896996
0.0004243691424242363
0.0001897354541760108
0.0003045136353094943
0.00012942326660503109
0.00014695935141893825
0.00016628837537213445
0.00010649872777782007
0.0022662432836843605
0.0004243691424242363
0.00029611776548184754
0.00020595965652143053
0.00011671893882334337
0.0003294820103637688
0.000226354234892562
0.00014336383654492345
0.0004665758315793992
0.0003045136353094943
0.00013749031964146346
7.321063739970115e-05
0.00027521072836132705
0.0003368239580720047
0.000392058819661726
0.00013345891682634627
0.0002199758667716057
0.00019404391213005172
7.719582082965276e-05
0.00047227539424050155
9.548993334198792e-05
8.412950172679036e-05
6.874515982073173e-05
6.819266556948693e-05
4.155082486923665e-05
0.0001280822014189111
0.000324540143460883
3.977756583274587e-05
0.00030404109609735854
0.00018368036057914378
8.581904333905159e-05
0.000249278773719773
0.00023512439202802587
0.00018176009751893002
0.00027521072836132705
5.890769975377303e-05
0.00021407042028144033
0.0002815890964822833
7.297925647899126e-05
0.00010431538405310306
0.00010724000810841457
0.0004796040040139576
0.0010540578812147066
4.088612913454552e-05
0.00010950614359216308
0.0003368239580720047
0.0001574251314135005
0.000369134280834515
0.001286524744668899
0.000392058819661726
0.00010724000810841457
8.357418895060908e-05
0.000369134280834515
0.00016628837537213445
0.0004796040040139576
0.00042254819228517907
0.00213159544716646
0.002583939965841605
0.00026380744271933723
0.0017767065928910855
7.224472180477323e-05
0.0005922355309636951
0.000243835528525195
0.00018564804230240491
0.0011074028425035452
0.0002885227773794209
4.494683597864093e-05
0.0005692063625280325
8.37561645055989e-05
0.0002885227773794209
4.5569511373425596e-05
6.579253518766295e-05
0.00010701744115308254
0.0001922703524538243
0.0002169684509572627
0.00012465015974908283
0.00022974568547861948
0.00012550466617965877
0.00015883555869171902
0.00017451082388889817
0.0007226487116763788
0.0007227220359405896
0.0002586645576550723
0.0003138994192447937
6.803738957610546e-05
0.00015333771953989457
0.0004243691424242363
0.00014336383654492345
0.00017701967918509715
0.0003368239580720047
9.612347762738747e-05
0.00018877420378967302
0.00010874358216626257
0.00037129608460480983
0.00019097986668397584
8.84146124425551e-05
6.623647539379376e-05
0.00018227804549370238
0.0006277988384895874
0.0002693052818711617
0.0001184144721691989
0.00019859869813464476
0.00011424142131808702
0.0004796040040139576
2.2896082166309745e-05
5.900655972836572e-05
0.00023512439202802587
3.211102549953218e-05
0.0003138994192447937
0.0002199758667716057
3.80369984297457e-05
0.0004796040040139576
3.86644588440828e-05
0.0002966417044304131
0.00013041318071268357
0.00016786638853945877
0.000369134280834515
4.944028407173551e-05
0.000249278773719773
0.0004796040040139576
0.0001158845117131194
0.00023960639425357747
7.176611939972218e-05
0.0001265252359292087
0.0001158845117131194
0.00026380744271933723
0.00021127409614258953
0.0004796040040139576
0.00016322311050922568
0.00013770990123956206
3.5951551619959666e-05
0.00023855192459835373
0.0004665758315793992
0.00027521072836132705
0.00011756219601401293
7.468182492554485e-05
0.00022974568547861948
0.00014695935141893825
0.00020595965652143053
0.0003138994192447937
0.00024088290389212626
0.0003368239580720047
8.302271920020078e-05
0.00014220050112638785
0.00021127409614258953
0.0004243691424242363
0.00023699495910865133
5.982387008180608e-05
0.0002231012501291801
0.0009592080080279152
0.00016173358936754137
0.0006998637473690989
7.979172010695408e-05
0.00017451082388889817
8.930954559839662e-05
0.00016786638853945877
0.00017218999608004847
0.0001876655440090954
0.000392058819661726
0.0006028991797268368
5.900655972836572e-05
0.0001647410051818844
0.00031949618333346023
0.0004408780542568148
0.0005755817052160041
0.0005888662995554827
7.418840501530977e-05
0.0003045136353094943
6.758333102053567e-05
0.00024088290389212626
7.468182492554485e-05
0.00026380744271933723
0.00012014686780825241
8.507331350502781e-05
0.00019859869813464476
0.00012942326660503109
0.00015973759616905164
0.00014454440718811792
0.00013877834083952825
9.678568645895798e-05
0.00011183861432906908
0.00010798824891950438
0.000392058819661726
0.0002885227773794209
0.00022974568547861948
0.0001410539049287729
0.00014734115110339658
4.1871649366123115e-05
0.00020160874592629383
0.00018716994529178435
0.00021104196357676805
0.004798745650848695
0.00015202054804867927
0.0002199758667716057
0.00016173358936754137
0.0001280968420181779
0.00024497031576573215
0.0002732514136312268
0.0005596942922253165
0.00011399844567177259
0.00047398991821730267
0.00023699495910865133
0.00021407042028144033
0.00034902164777779633
0.0002231012501291801
0.0001410539049287729
0.0003138994192447937
9.233983698657251e-05
0.00012747958339449456
0.00014574273143746797
0.0003045136353094943
0.000392058819661726
5.3130159005206694e-05
0.00021448001621682914
0.00010724000810841457
0.00013041318071268357
0.000324540143460883
0.0005076671194487322
0.000392058819661726
0.00035135262707156886
0.00029148546287493594
0.000452708469785124
0.0001425807486789748
0.00010360069710199772
0.0001897354541760108
0.0004068593921307021
0.00073826856166903
0.0004796040040139576
5.016471688733043e-05
8.930954559839662e-05
0.00015883555869171902
0.00033082821862618185
6.579253518766295e-05
0.00014695935141893825
9.29599728859084e-05
0.00014454440718811792
0.0003368239580720047
0.00024088290389212626
4.420730622127755e-05
8.090323019557417e-05
0.0006257177433888478
0.0004171451622592318
7.770827957904178e-05
0.0006998637473690989
5.3889089131195444e-05
6.758333102053567e-05
0.0003138994192447937
7.176611939972218e-05
0.000369134280834515
0.0002885227773794209
0.0001410539049287729
7.297925647899126e-05
0.0001184144721691989
8.032120418722715e-05
4.488549806714244e-05
0.00013607477915221093
0.0003455941152074685
0.00039719739626928953
0.00042814084056288067
0.0005922355309636951
0.0001559202063079083
0.0004817658077842525
0.0004336332215643538
0.0002586645576550723
0.0004068593921307021
0.000369134280834515
0.00015202054804867927
0.00024497031576573215
0.000649080286921766
0.00073826856166903
0.000369134280834515
0.00023343787764668674
0.00011964774016361216
7.369802155451585e-05
0.00010149430853623073
0.0003368239580720047
4.980167725758953e-05
0.0002815890964822833
0.00015603923455286822
0.00024088290389212626
0.00011027607287539394
0.0002815890964822833
0.000392058819661726
7.770827957904178e-05
0.0002231012501291801
0.00017625794991040424
0.00020024071931372755
0.00016495007929968148
0.00029611776548184754
0.00024497031576573215
0.0002586645576550723
0.00020342969606535106
0.00045606164414603784
0.00016278169045178415
0.0001780530541999783
0.000245636385220514
0.0001537162104218135
0.0005386105637423234
0.0004796040040139576
0.00014220050112638785
0.0002041121687283164
5.231196727234152e-05
8.468871146660782e-05
0.000226354234892562
0.0002693052818711617
0.00015603923455286822
0.0011761764589851781
0.00011559220017114222
0.00010724000810841457
9.876969917129144e-05
0.00016628837537213445
9.172448982921695e-05
0.00013770990123956206
0.0004883450713553526
0.00033573277707891753
0.0004796040040139576
0.0001780530541999783
2.8894640137069025e-05
0.0001493636498510897
0.0002798471461126583
0.0002199758667716057
0.0001159933765322484
0.00019605316349002828
9.613517622691215e-05
7.84679509085123e-05
0.0003387548458664313
0.00019737760556298888
0.00019859869813464476
8.871707401487394e-05
0.000736909155661542
0.00011671893882334337
0.0005297227296774964
0.000249278773719773
3.5951551619959666e-05
0.00011343240867495764
0.00020863076810620612
0.000369134280834515
0.00024497031576573215
0.00029611776548184754
0.00011343240867495764
0.00012844549898942246
0.00044834932426925914
0.00016386219711115343
1.9694823756182958e-05
3.977756583274587e-05
0.000226354234892562
6.987994706126887e-05
0.0001507247949317092
9.744155074488425e-05
4.3534837581570135e-05
0.0001388090505403304
0.00019357137291791597
7.418840501530977e-05
0.0006338222884277687
0.0004399517335432114
4.155082486923665e-05
0.00026380744271933723
0.00011756219601401293
0.0004796040040139576
8.696563953666652e-05
0.0004243691424242363
0.0004243691424242363
0.00032346717873508275
0.000138830596318723
0.0006338222884277687
6.317961057947759e-05
2.2473417989320466e-05
0.0001705037465030052
0.0001711193733028407
0.00024497031576573215
0.0002693052818711617
0.00035135262707156886
0.0002885227773794209
0.0002538335597243661
3.587899643235298e-05
0.000249278773719773
0.00035135262707156886
0.0001606424083744543
3.086928781696728e-05
0.00013041318071268357
0.0001711193733028407
0.0001876655440090954
2.7898248367998195e-05
0.000226354234892562
0.0001150587316715274
9.744155074488425e-05
0.00018445223170086616
0.00010701744115308254
0.0014336383654492346
0.00011671893882334337
0.0004004814386274551
0.00011224332029987598
0.00018194895037019427
0.0005631781929645666
7.877929502473183e-05
7.567792615699407e-05
0.00024088290389212626
0.000324540143460883
0.00014353223879944436
0.0001017915919367118
9.233983698657251e-05
6.0649650123398084e-05
0.0002586645576550723
0.00035486829605949576
0.00014336383654492345
0.000245636385220514
0.00019357137291791597
0.00018564804230240491
0.00010431538405310306
0.0001388090505403304
0.0003368239580720047
0.000324540143460883
0.0004243691424242363
0.0004796040040139576
0.0002332879157896996
4.7657501418104264e-05
9.678568645895798e-05
8.357418895060908e-05
8.930954559839662e-05
0.00019859869813464476
0.0002538335597243661
0.00032644622101845135
3.7725111296187085e-05
8.52518732515026e-05
9.172448982921695e-05
0.0001762622583671056
0.0002317690234262388
0.0022688015860478864
0.0001762622583671056
0.0004796040040139576
0.00015337327319883868
1.9446963335823543e-05
0.00045949137095723896
6.623647539379376e-05
0.00035135262707156886
0.0002885227773794209
0.00010401029303738655
0.0001494497747564197
0.0003368239580720047
0.0003368239580720047
0.00035135262707156886
0.0001447349097525051
0.00010401478086880856
0.0001897354541760108
0.00011671893882334337
0.00018564804230240491
7.87431910199028e-05
8.302271920020078e-05
0.0002530504718584174
7.909350550892714e-05
7.224472180477323e-05
0.00023699495910865133
0.0004796040040139576
0.0001711193733028407
0.0001571875966202063
0.00035135262707156886
9.613517622691215e-05
0.00020595965652143053
0.0001265252359292087
0.001438812012041873
0.001438812012041873
0.00010649872777782007
5.660375273934779e-05
5.739666536001615e-05
0.0009592080080279152
8.412950172679036e-05
0.00010431538405310306
0.00010360069710199772
0.00011964774016361216
8.581904333905159e-05
0.00022974568547861948
0.00012844549898942246
9.744155074488425e-05
0.0004243691424242363
0.00015202054804867927
0.0005720566117056261
4.6955408234057866e-05
0.0002586645576550723
8.357418895060908e-05
0.0006102890881960532
0.0001918605684053347
0.000324540143460883
0.0001711193733028407
8.032120418722715e-05
0.00022974568547861948
0.0003045136353094943
0.00010724000810841457
0.0004399517335432114
0.0002199758667716057
0.0009592080080279152
0.00010626031801041339
0.00019404391213005172
0.0010772211274846467
0.0002844010022527757
0.0001780530541999783
0.0003368239580720047
5.941416706670664e-05
3.348221242515263e-05
1.9199871476140608e-05
0.00010798824891950438
0.00020097759302718928
4.4545680661345485e-05
6.579253518766295e-05
0.0005504214567226541
0.00010012035965686378
0.00020160874592629383
0.0002815890964822833
0.00010724000810841457
0.0002538335597243661
4.286799636045195e-05
0.0011074028425035452
0.0004796040040139576
0.0001237289117903579
8.247503964984074e-05
0.000784117639323452
0.0004796040040139576
0.0004796040040139576
0.0004796040040139576
0.00024088290389212626
0.00024088290389212626
0.0002231012501291801
7.081745270869645e-05
0.000324540143460883
0.0001158845117131194
0.000249278773719773
0.000249278773719773
0.00041191931304286107
0.00010854256400488352
0.0001366257068156134
6.623647539379376e-05
0.00012465015974908283
0.0004796040040139576
0.00035135262707156886
1.2122406695091126e-05
0.00010219026982377919
0.00016027140043703214
0.00012747958339449456
4.6955408234057866e-05
0.00016947628290780835
0.000249278773719773
5.1263866188098766e-05
0.00017451082388889817
0.00024497031576573215
0.00013041318071268357
0.0002085725811296159
0.00015202054804867927
0.0002199758667716057
0.00019097986668397584
8.99064552126575e-05
0.00021127409614258953
6.94152981593615e-05
0.00015202054804867927
0.00035782788689753064
0.00024497031576573215
0.000392058819661726
0.000392058819661726
0.0001918605684053347
0.00012942326660503109
0.000324540143460883
0.00017279705760373426
3.9389647512365915e-05
0.00024497031576573215
0.000249278773719773
0.00024497031576573215
0.00010360069710199772
0.0002549591667889891
0.000249278773719773
0.000784117639323452
9.876969917129144e-05
0.0002368289443383978
0.00019859869813464476
0.0004796040040139576
0.00018368036057914378
6.987994706126887e-05
0.0001780530541999783
0.00035135262707156886
0.00016027140043703214
0.0001647410051818844
0.000324540143460883
0.00019404391213005172
0.00026380744271933723
0.00027521072836132705
0.00012558218278197733
0.00016322311050922568
0.00017279705760373426
0.00021127409614258953
0.00015883555869171902
0.00020097759302718928
2.615598363617076e-05
0.0001918605684053347
0.0004243691424242363
0.00013345891682634627
0.00012558218278197733
0.000226354234892562
0.0002885227773794209
0.0002821078098575458
0.00027111213155389696
0.0008487382848484726
0.000324540143460883
0.0003368239580720047
0.0002815890964822833
0.0004796040040139576
0.00026380744271933723
5.890769975377303e-05
0.0002169684509572627
0.00015883555869171902
0.00016947628290780835
0.0004796040040139576
0.00014695935141893825
0.00012942326660503109
0.0001410539049287729
0.00012465015974908283
9.29599728859084e-05
0.0001158845117131194
0.0001711193733028407
0.0001219177642625975
4.591373247411466e-05
0.0001876655440090954
0.00013041318071268357
0.0006277988384895874
8.50179820826633e-05
0.0004243691424242363
4.387036254421382e-05
7.87431910199028e-05
0.00020160874592629383
0.0001647410051818844
0.0001918605684053347
0.00010649872777782007
0.00010503653884731084
0.0002815890964822833
0.00016786638853945877
7.272621608480052e-05
8.696563953666652e-05
4.730568159320119e-05
0.00024497031576573215
0.0001711193733028407
0.0001219177642625975
0.00013345891682634627
6.0649650123398084e-05
9.172448982921695e-05
0.00019404391213005172
0.0004796040040139576
0.0001184144721691989
0.00029611776548184754
0.0002815890964822833
0.00026380744271933723
0.0004796040040139576
0.0004796040040139576
0.0001762622583671056
0.00011263152694973747
0.00017393127907333304
0.00014336383654492345
0.0001158845117131194
0.00015883555869171902
7.176611939972218e-05
0.00013450059258628952
0.00012465015974908283
0.0004243691424242363
9.172448982921695e-05
0.00010431538405310306
0.000392058819661726
0.0002332879157896996
6.190459040418807e-05
0.0004796040040139576
0.0001237289117903579
0.00010874358216626257
0.00016027140043703214
0.00020097759302718928
0.00015202054804867927
6.232733442429162e-05
5.739666536001615e-05
0.00011263152694973747
0.00011027607287539394
5.581865219269181e-05
0.0003138994192447937
0.000369134280834515
4.2536656752513905e-05
2.7513547319295766e-05
0.0004796040040139576
0.000369134280834515
0.000122818192610257
0.00014695935141893825
0.0002815890964822833
0.00018564804230240491
0.00013345891682634627
0.0001647410051818844
0.00011424142131808702
0.00018176009751893002
0.0002538335597243661
8.52518732515026e-05
7.369802155451585e-05
0.0002169684509572627
9.944216781099884e-05
7.926573099656819e-05
0.00018368036057914378
0.000369134280834515
0.00013992357305632914
0.0002231012501291801
0.0001897354541760108
0.000392058819661726
0.00015467702940072018
0.00027521072836132705
0.0001962887665184942
4.320071943631771e-05
4.4545680661345485e-05
0.0002693052818711617
0.00026380744271933723
0.00010950614359216308
0.0002885227773794209
0.0008487382848484726
6.190459040418807e-05
0.0004243691424242363
0.00010360069710199772
0.00024497031576573215
0.0004796040040139576
4.625944694650941e-05
0.0004796040040139576
0.0004796040040139576
2.8894640137069025e-05
0.0004243691424242363
3.348221242515263e-05
0.00014336383654492345
0.00010950614359216308
0.0002231012501291801
0.00014220050112638785
0.0004796040040139576
0.0004796040040139576
0.0002693052818711617
0.00014336383654492345
0.000392058819661726
0.0001494497747564197
4.025507175226659e-05
0.0004796040040139576
0.0001507247949317092
9.421491316669839e-05
0.00029611776548184754