0.000881236225914586
0.002137361935143309
0.006521148071767935
0.0033907098912865897
0.0008902476098411375
0.00025944602078121294
0.0010952934999144278
0.005070498199565604
0.0012610164782357206
0.001267624549891401
0.00022251791336496803
0.00031297714516107374
0.00017252342293316535
9.888879657845522e-05
0.00017862713582052347
0.0006972602147528555
0.008265464956097479
3.3138527909170724e-05
0.001525168900793253
0.0002424337873759614
0.00017982724209009444
0.00021512129315281854
0.0003140710092274987
0.0001046269579824572
7.859136098534384e-05
0.005321915062343471
0.0001496073969104973
0.0003394898009177267
0.00021943444211498269
9.432236421262143e-05
0.0004041798994516245
0.00020739589352637827
0.0032287041374206914
9.118703016522838e-05
0.00017009530621171816
0.000727399839752295
0.002218962579506287
0.001553984825921752
0.0005829336538999971
0.003924282653292632
0.01034293037477892
0.01745759615405508
5.4813992072695544e-05
0.0005702199865061483
0.00046787451578990277
0.0003789199365518103
0.0002269058076751846
0.0003246164644645493
0.0011216352212473754
0.00015865674022773736
3.9738331402123196e-05
5.464075651834266e-05
0.0005734617156726875
0.00029559672555452306
0.0003524944903658344
0.0009134277050827854
0.00029999393260675736
0.003184824379526117
0.0001021926773522072
0.000162097044459219
0.0002854199595593108
4.118580096916319e-05
0.00032945847266367673
0.0015653169950301349
0.0048290959624735525
0.00048177271966085255
0.0006694516012437039
0.002051001705945894
0.00028688505035238374
0.0006169914806859566
0.00023547425761816964
0.00040270100380373087
0.003294703905066822
3.5257053383941634e-05
0.0004684922915813648
0.0010340715347489703
0.001317833890654707
0.0010878048077451977
0.00039837542792328575
0.00016620955655831295
0.0005128706697908738
0.00019451218020835826
2.5577322127552476e-05
0.0008708423649284869
0.0004804037495044465
9.006160419363741e-05
0.0014860591366356525
0.0006474724640752862
0.0007810298020688892
0.0011216352212473754
0.0001401795886120045
0.0002729421551507894
0.00949787210209026
0.0018572956523181866
0.00290959935900918
0.0024145479812367763
0.00021472207971404806
0.0007826584975150674
0.0009286478261590933
0.0005577976243905848
0.0002664325085592389
0.0020724738769703267
0.00021654921781178132
0.00031525411955893014
0.00038204026148168894
0.0033948121935999513
0.0004986286696749389
0.00021964306065697355
0.00043542118246424344
5.347551051688022e-05
0.00034776511705503487
0.0002664325085592389
0.0001922201152580809
0.0004497577845075017
3.132228118439745e-05
0.0026707428295234125
0.0005311968389903887
0.0065005347831136534
0.0001935004722737009
0.000281483058384636
0.00011745855444149044
0.001102849356138529
0.0003420741042664498
0.00013294802213432617
0.0004709485152363393
0.0003062902952650343
2.2133898064536466e-05
9.80708612574389e-05
0.0005829336538999971
0.0005394817262702834
0.00020950447814320884
0.0009756458926033496
0.0005553583874379033
0.00031525411955893014
0.0007625844503966265
0.0011216352212473754
0.0007000457994040629
0.00035549380678723464
0.0003446734720374649
0.00023733697677546449
0.0012824171610859854
0.003810553295971181
0.004513348218881344
0.00019891450119748807
8.626171146658268e-05
0.0006165951217526008
0.0006324735052295697
0.0009357490315798055
0.0001812941878838327
0.001545266105411113
0.0011687319616065317
0.002535249099782802
0.000770415020692726
0.00011745855444149044
0.000309964866271583
0.0006125805905300686
0.000359488915375522
0.0008008511249805496
0.00015569687859265908
0.0009457623586767905
0.0015028903486534314
0.0006539606684165354
0.0004942055857600232
0.0002445334489412961
0.00022836461777684918
0.0006540471088821053
0.0004010548470769527
7.373688341687204e-05
0.00035998780414076356
0.002734668941261192
0.0004302425863056371
0.006729811327484253
0.00015381989894012516
0.0003884231160199871
0.0005188039658224023
0.0002081233710273862
0.0014235827218213688
7.373688341687204e-05
0.0003611106217968443
0.0002558108589725126
0.0003140710092274987
0.0002893333761958068
0.00020675126141590986
0.0014885165623942233
0.0006072327768469817
6.64016941936094e-05
0.00117440769009924
0.0008000867071883952
0.00025238609927926
0.001267624549891401
0.0007176545451070117
0.00010513469145900338
0.00012730729071710746
0.00015920684426202493
0.00012044317991521314
0.0001636178553359966
0.0004567138525413927
0.00018842509221639493
0.0005013887573889551
0.001780495219682275
0.00012981074579914505
0.02408486644793662
0.015211494598696813
0.021549617348153815
0.0003420741042664498
0.0002040335710580056
0.0010362369384851633
0.00022532624113515482
0.0005896711024267854
5.469571273439267e-05
0.00019451218020835826
0.0001159522191396534
1.7628526691970817e-05
3.870791261878474e-05
2.61567394956143e-05
0.0002874163544161644
0.0038028736496742033
0.0001483356104846653
0.0004000433535941976
0.001367334470630596
0.0002700955240250226
1.8045838066016376e-05
0.0004302425863056371
0.0029269376778100487
0.002535249099782802
0.00022836461777684918
0.0004612434482029559
0.0011461207844450669
0.001267624549891401
3.870791261878474e-05
0.001267624549891401
0.0007826584975150674
0.002535249099782802
0.004102003411891788
0.0005362387696809008
0.0002456992493832206
0.0004809028998630256
0.000683667235315298
0.0002874163544161644
0.00022532624113515482
0.00013258860670996647
0.00023293060790778448
0.0003800891490374009
0.00014042646293810693
8.864945525678889e-05
0.00017904125489286735
0.0038028736496742033
0.00310871081545549
0.0001926273424448558
0.00031988327470259176
0.0002238377679403553
0.000524909265195836
2.320179179916391e-05
5.469571273439267e-05
7.272009354518037e-05
0.00017982724209009444
0.00017156665077157826
9.970992073919477e-05
4.495816594182005e-05
0.00012877641068278784
0.0011628210222165384
0.0038028736496742033
0.008973081769979003
0.001267624549891401
0.001267624549891401
0.0010420194916376736
0.0033649056637421264
0.0037117965348293824
0.001267624549891401
0.001267624549891401
0.00028943185382021764
0.0003344144208604207
0.0004436817737827596
0.0005512708861088296
0.0028617500832383486
0.000683667235315298
0.0009286478261590933
0.00278594347847728
0.001951291785206699
0.00020605361890836573
0.0003263581350193437
0.001367334470630596
0.0003451962145774354
0.0003728146371783765
0.00010279917573252988
0.0003582834910205476
0.00035274059005993563
0.001267624549891401
0.00017982724209009444
0.0004809028998630256
6.771365557701937e-05
9.791342152949303e-05
0.0002558108589725126
0.001267624549891401
0.0006474724640752862
0.0020724738769703267
0.000484202407315725
0.00030657803205662163
0.00010053425870131623
0.00017156665077157826
0.0005814105111082692
0.00013745298182680813
0.0009756458926033496
0.0002610547335031709
0.00022833512202811545
0.0006708985938398619
0.001267624549891401
0.0002834423104708339
0.0006708985938398619
0.00023759481676391184
0.0005070999504408701
0.00045227962390906003
0.001267624549891401
0.00020538803283500374
0.00012972301039060647
0.001267624549891401
3.0257916538891398e-05
0.00043542118246424344
0.000683667235315298
0.0001636178553359966
0.0007396541931687622
0.000727399839752295
6.842161617791311e-05
0.0002184659434153849
0.00029300481165888927
0.0001636178553359966
0.0005376779066712722
0.0005734617156726875
0.00028510999325307416
0.002243270442494751
0.0007516903308814877
0.0010420194916376736
0.001397617810039853
0.0005311968389903887
0.0008902476098411375
0.0009286478261590933
0.00045896211185109885
0.0005443647565673116
0.00038549386868301234
0.0004906798402270159
0.00015811837630739243
0.0003639762181162043
0.0015994163735129588
0.0005621357403035906
0.009326132446366469
0.0004105296970674787
0.0017203851470180627
0.0009045592478181201
0.0006789796018354535
0.00035274059005993563
0.00014142702577213867
0.00033624645341712454
0.0029215481801809435
0.0005188039658224023
0.0003446905115829901
0.00013542731115403874
0.00015381989894012516
0.00016020154337596177
0.0003781763461253077
0.0001468902269419138
0.0009756458926033496
0.0004236077266643187
0.00019941984147838954
0.000117440769009924
0.00027954186417819863
0.0001270302989983661
0.001367334470630596
0.000507794372744713
0.0005013887573889551
0.001357959203670907
0.0004062819334621162
0.00025409151815551466
0.0002238377679403553
8.463100293201094e-05
0.00013258860670996647
0.00027382337497860695
0.0004614596968203755
0.0004804037495044465
0.00010302680945418287
0.0006263930781484722
5.0095446978398204e-05
0.0007587300693084111
0.004526416258133268
0.0016752334975418716
0.0008161342842320224
6.0925678089928504e-05
0.0006161640985050113
0.0004436817737827596
0.0006946796610917825
0.00035549380678723464
0.00041981270362263275
0.00022532624113515482
0.00043542118246424344
0.0003062902952650343
0.0003420741042664498
0.00020526484853373934
1.4860837976453167e-05
0.00011953729430167323
0.00023293060790778448
0.00012730729071710746
0.0009508956026154051
0.0012942278646100097
0.00044970859224287247
0.00010674213270503205
0.0005311968389903887
0.00027680586628919834
0.0005128706697908738
0.0003922834450297556
0.000960807499008893
0.00010410939812919217
0.00047544780130770253
0.0005982689525530858
0.0004597116735934361
0.0003420741042664498
0.0004436817737827596
4.313085573329134e-05
0.0005070999504408701
0.0005102859186351545
0.0005070999504408701
0.0019918771396164286
0.00048547912956175247
5.23134789912286e-05
5.23134789912286e-05
0.0011216352212473754
0.0003421080808895656
0.0005342101421366912
0.00026082383779127617
0.0004881203798029293
0.00017982724209009444
0.000366881341146848
0.0002854199595593108
0.00021531768874690578
0.0005116217179450252
0.0003399087005302567
0.0007783380623436389
0.0005128706697908738
0.003902583570413398
0.000745629274356753
0.00023448499194037972
0.0012912064195086
0.000732180569704394
0.0005621357403035906
0.00015867382498225806
0.0007900109334844688
0.00037936503465420556
0.009920244566921145
0.0002456992493832206
0.00038204026148168894
0.00024081984782749996
0.0003728146371783765
1.5963552958511122e-05
0.00019738891651029073
8.173227947115737e-05
0.00043542118246424344
0.00021370298422104515
0.00017862713582052347
0.0004960122283460572
0.0003950054667422344
0.0003084957403429783
0.00046586121581556895
0.0003582834910205476
6.527561435299536e-05
0.0003728146371783765
0.00015811837630739243
0.0009045592478181201
0.00031664763547090136
0.0005292492338796388
0.00021229416237652179
0.0008577806895547101
0.0004182918927458551
0.00010982153032848678
0.0005365121062293477
0.0003532113864272545
0.00011474052796277471
0.00024406018990146466
0.000366881341146848
0.00012503199063188482
0.001679250814490531
0.00022833512202811545
0.0005450937745242307
0.00018842509221639493
0.0004436817737827596
0.000173893946058566
0.00041981270362263275
0.0005188039658224023
0.00019094749458584582
0.0011216352212473754
0.0005982689525530858
0.0005070999504408701
0.0003950054667422344
0.0002976924451387338
0.00040537552809586367
0.0014564373886852575
0.0004804037495044465
0.0002392181817023372
0.0015994163735129588
0.00017506730887302424
0.0003950054667422344
0.0010362369384851633
0.000161400802438575
0.001267624549891401
0.00021943444211498269
0.00033283708192780536
0.00020135050190186543
0.00022833512202811545
7.199756082815271e-05
0.0001935004722737009
0.0005584111658472905
5.939870419097796e-05
0.0001798326637672802
0.00017862713582052347
0.0009286478261590933
0.00038204026148168894
0.0012339829613719133
6.700806670787563e-05
0.00016250641169895255
0.0011216352212473754
0.0009756458926033496
0.0004124218372032647
0.00013660189129585665
0.00021089470154359832
0.00039837542792328575
0.0011216352212473754
0.00020605361890836573
0.0006263930781484722
0.0002575528213655757
0.0004479368292180192
0.00034733983054589123
0.00013745298182680813
0.00024901613809820867
0.0001270302989983661
0.00011396192686275473
0.0005512708861088296
0.0003090804283625486
0.0004536506170687014
0.0001335525355341728
0.00012226672447064805
0.00015170311649470805
0.0004804037495044465
0.00025566809266916235
0.0004566702440562309
0.0003175559794156041
0.00037936503465420556
0.00015381989894012516
1.3217515617999153e-05
0.00010053425870131623
0.0003394898009177267
0.0003062902952650343
0.0003013053001509023
0.00028510999325307416
0.00014042646293810693
0.0004804037495044465
0.0008902476098411375
2.673775525844011e-05
0.00018717512961318898
0.00011155502225782634
0.00043542118246424344
3.414414346071474e-05
8.237160193832637e-05
0.00024406018990146466
0.00035274059005993563
0.0001527408232269895
0.00032702355444105266
0.00021798688947217848
0.00025409151815551466
0.0020090009380826918
5.0746508023747e-05
0.0014118173793257252
0.00043084184004683115
0.0001354937297406102
0.0002971346110211991
2.5577322127552476e-05
5.944335190581267e-05
0.00011418230888842459
0.0003084957403429783
0.0001159522191396534
0.003328134609153918
0.0005658020322666585
0.00035274059005993563
9.084896242070512e-05
4.559351508261419e-05
0.0010899344473608926
0.0004881203798029293
0.0005365121062293477
0.00022985583679671805
0.00015419876359879482
5.139958786626494e-05
0.00032945847266367673
0.0004479368292180192
0.000683667235315298
0.00011155502225782634
9.563594303481483e-05
0.000385207510346363
0.00023138761140623784
0.00012103166615556559
0.0025898898563011447
0.0009173457200982546
0.001267624549891401
0.0005070999504408701
0.0006125805905300686
0.000733762682293696
0.0002081233710273862
0.00011068649286021193
0.0005896711024267854
0.00031525411955893014
0.0005014831354312604
0.0001468902269419138
0.00039216955124484794
0.0005584111658472905
9.64444587319356e-05
7.637041161349476e-05
9.725609010417913e-05
0.000733762682293696
0.0008248436744065294
0.00015170311649470805
0.0005311968389903887
0.001267624549891401
0.00012226672447064805
0.0008873635475655192
0.00028449155755042255
0.00026548698988906183
0.00046896998388075943
0.0005982689525530858
0.0005443647565673116
0.0003084957403429783
0.0011216352212473754
0.0008296565639593237
0.0004854119146147913
0.00010410939812919217
0.0026707428295234125
0.00032060193324201703
5.3371066352516026e-05
0.0002575528213655757
0.0002081233710273862
0.00021472207971404806
0.0001364710775753947
0.00028688505035238374
0.0014990461379207547
0.0012527861562969444
0.0011823869022180922
0.0008296565639593237
0.00010542370858987705
0.0003084957403429783
0.00013297418288518335
3.965254685399746e-05
0.00018224816622079232
0.0005896711024267854
9.243256447102878e-05
0.00021089470154359832
0.0002992147938209946
0.00023727057659158712
0.0005512708861088296
0.0003408251524206011
0.0001935004722737009
0.000366881341146848
0.0020917806442585663
0.0006474724640752862
1.541147379454922e-05
0.0006368824871295654
0.00011863528829579356
0.002535249099782802
0.0002040335710580056
0.0007826584975150674
0.001267624549891401
0.00027954186417819863
0.0003038096638594204
0.00027195120193629943
0.00018224816622079232
0.00043951098243362403
0.0003062902952650343
0.00011953729430167323
0.00039837542792328575
0.000727399839752295
0.0004436817737827596
0.00027571233903463224
0.00020538803283500374
0.0004960122283460572
0.00020538803283500374
0.00047544780130770253
0.0010362369384851633
8.771703734319276e-05
0.0006165951217526008
0.00031988327470259176
0.000727399839752295
0.0002776183980202929
0.00015381989894012516
7.637041161349476e-05
0.0004124218372032647
0.002535249099782802
0.0004848675747519228
0.0005829336538999971
0.001267624549891401
3.965254685399746e-05
0.0005584111658472905
0.002535249099782802
0.00025944602078121294
0.001267624549891401
0.0004612434482029559
0.00035274059005993563
0.0001727270839024659
9.888879657845522e-05
0.000173893946058566
0.00026548698988906183
0.000727399839752295
2.732037825917133e-05
9.502228725935023e-05
0.00015920684426202493
0.0003582834910205476
0.00012226672447064805
7.272009354518037e-05
0.00018224816622079232
0.0008296565639593237
0.00047544780130770253
0.00021449550787236028
0.0009813596804540319
0.00016585849434508736
0.00018593254146352824
0.00048547912956175247
6.007921554376071e-05
0.00012503199063188482
0.0008048493270789253
0.0007165669820410952
0.00016585849434508736
0.0006638437402151081
0.00029559672555452306
0.00038204026148168894
0.0008577806895547101
0.00031297714516107374
0.00048547912956175247
0.0007625844503966265
7.417263778832266e-05
5.0095446978398204e-05
0.00032702355444105266
0.0010376079316448046
0.00022089201250282225
0.00014753232514557246
0.0010184694027531801
0.0002537917592286195
0.0002392181817023372
0.0005014831354312604
0.0002456992493832206
0.00017156665077157826
7.563526922506153e-05
0.0011216352212473754
0.0005814105111082692
0.0004960122283460572
0.0008577806895547101
9.084896242070512e-05
0.0003950054667422344
0.0003175559794156041
0.00027571233903463224
0.00012877641068278784
4.1809854997444506e-05
0.00033192187010755404
0.00015275884843179562
0.0003870009445474018
0.0006165951217526008
0.0003420741042664498
0.00017982724209009444
0.0002000216767970988
0.0003454541678049318
0.00041981270362263275
0.0002424337873759614
0.00039837542792328575
0.00029559672555452306
0.0003446905115829901
0.00045227962390906003
0.00039837542792328575
0.0008048493270789253
0.0002874163544161644
0.00011418230888842459
0.00012135297865369782
8.008511249805496e-05
0.00027571233903463224
8.616836800936622e-05
0.0008048493270789253
0.0002610547335031709
0.0001762472451829172
0.00043309843562356265
0.0005443647565673116
0.0004804037495044465
0.0001987011829389643
0.00010302680945418287
0.00031297714516107374
0.0004088214404626212
0.0003789199365518103
0.0002998092275841509
0.0001762472451829172
0.0003062902952650343
0.00018593254146352824
0.00013943063091528503
0.000524909265195836
0.0003446905115829901
0.00031988327470259176
0.00011330290017675224