0.02314388375201488
0.0011255749056146007
0.0002700050244450956
0.0007831499541155327
0.0009709980256920617
0.0033003053306516024
0.0004125381663314503
0.0001186223859682051
0.0002533038327892335
0.0012509185359543705
9.7580024374418e-05
0.00014635402733661666
0.00015473064493315699
0.004956241980743114
0.0021831724630391137
0.00020719883620771594
0.0008122912767816504
0.0027467389351125975
3.6016491326605264e-05
5.082234349961985e-05
0.00017765363760130295
0.0003314526370702427
0.00019376320134976933
0.00012797635662571694
0.0006427566859394629
4.731687014637891e-05
0.00031599051930439825
0.0006044418615972382
0.00011898386355945337
0.00024475937919886967
0.00017498292985419244
0.0003372349379981703
5.65923795411558e-05
2.7815991144768025e-05
0.00014408809866020013
0.014890616824979584
0.002011498384131041
4.9714132807191065e-05
0.0013337597741314208
0.0009438236011806199
0.00032188797976400325
0.0003193755778245287
0.00011312062302047754
0.00011998536427208819
0.002179915590665404
0.00036502711903599875
0.00036502711903599875
0.0004963538941659861
5.075532678655195e-05
0.0001378597115501618
0.0002628560020193547
0.0005007288452219611
0.00028607059525824903
0.0007309756008757494
0.0003175160717405472
0.0012252388199367195
0.0016652269327731622
0.00038380739053157567
0.0010535237686017333
0.006268133572713072
0.0008531066065644181
0.0002547098835031675
0.00028296189770577894
0.00017397745460482464
0.0003195998990862173
0.0002301314134644491
0.0006019976993626245
0.0002848345569413866
0.006715389630292541
8.497368484588158e-05
0.0005065562643429691
0.0005191966074854031
0.0010325518742905467
0.00015932565908602795
0.0017735517917125633
0.001243319159051835
0.0003395320413671789
0.0004098739559042939
6.684187558487654e-05
0.00013541145299930205
0.00047727077612359157
0.0008374733815633581
4.4455981668569506e-05
9.25295914930585e-05
0.00033962141458233707
0.0006015768802638888
0.00015210215840022896
0.0002243534832336255
0.0013489397519926812
0.0014303529762912449
0.00967106978555581
0.0015700740538338845
0.00020696242480752172
0.0002316533754412181
0.0005824358032807275
0.0002661787772004006
0.0015111046539930952
0.00047398577895659737
2.804279905860372e-05
5.7370615591609576e-05
0.0002757194231003236
0.00020461538680780178
0.0005969928388926773
0.0006629589877721775
3.560055544770129e-05
0.00013368375116975308
0.000194512232362729
0.003504207173004176
0.0033313096587714356
0.0017827779133411709
0.00011479657460599547
0.002789787404468019
0.002362495219650011
0.0006255648321688176
9.896939514043945e-05
0.0016991630697081388
0.0006189225797326279
2.43950060936045e-05
1.6779634781802744e-05
9.363749451381369e-05
9.0753144238421e-05
0.000177386589891974
0.00013807884807866947
0.0005382199655096623
0.00010421509357849247
0.000217664941860539
0.0003547103583425126
0.00017287371874971302
0.00030630970498417986
8.91136046726464e-05
0.00011660046693250777
0.00027915779385445275
0.00033072787441241276
0.0007580538407604981
0.0001893204497603132
0.00021999181307797786
8.389817390901372e-06
0.00014303529762912451
0.0002700050244450956
0.00018672884274830028
0.00032199375058087904
0.0015835103222470311
5.288639850429927e-05
0.00012873023898028705
0.0022950810076239328
0.0001171551218652548
0.00018274390021893734
0.0004125381663314503
0.0006504533351093541
0.00016863790104492646
0.00020850442168054208
0.00016303450646692843
0.0002887852959406725
7.839451925036916e-05
0.00015992167052657856
0.002573047948433263
0.00013212032770829082
0.00019190369526578784
0.0002469225699043472
0.0006161327308834413
0.00022590968499984018
0.00023839012059683937
0.002607515016324468
0.00017674837764842304
8.600561934156316e-05
0.0010086166906214007
0.00028257977394757994
0.00015473064493315699
4.069065099162666e-05
0.0002700050244450956
0.0004125381663314503
2.8685307795804788e-05
4.3149890630674066e-05
0.0003175160717405472
5.932344004527697e-05
0.00027915779385445275
0.0001676314556690717
0.0001330476341909604
0.00027915779385445275
0.0004125381663314503
0.00036502711903599875
0.0004125381663314503
0.0004125381663314503
0.0016501526653258012
0.00022691770246533903
4.570065760391044e-05
7.333060435932595e-05
0.0004690305546771632
0.0002229582584544806
7.24166567800764e-05
0.0001285513371878926
0.0002727261577849095
0.00014188414333700508
0.00036782637814777717
0.00023566450353123075
0.00034165495733390593
0.00013662465196809798
0.00010410342683660736
0.00024689460928828757
9.288761941466208e-05
0.00016503158109360387
0.00020655645651099504
0.00021071468133258213
6.552789376919927e-05
5.852332278879021e-05
0.0001080660739951501
9.84719442916573e-06
0.0004459014980778181
8.611994320232128e-05
0.00019271588344896756
8.138130198325332e-05
0.0004077091310423453
0.0001131847590823116
0.0003534967552968461
0.00012678479086872203
0.00018400338572958038
7.000948650270074e-05
0.0003236755851240691
0.00016624669798207038
2.0780837247758798e-05
0.00023409329115516085
6.256355728053658e-05
0.0003372349379981703
0.00015473064493315699
7.284619278614467e-05
0.00014577742137745513
9.941653329989029e-05
0.00016401717061135672
4.7014237318079136e-05
0.0003967346479467671
8.412839717581115e-05
6.667161346211533e-05
0.00011705017445963756
0.00046789312909413576
0.0001536417372194639
0.0002548744604562208
0.00014763692746143662
0.003130306887480342
0.00013856895107627456
0.0007181783399169188
0.00037718318015327913
9.495362584981883e-05
7.547142546274157e-05
9.353732998834139e-05
0.0003372349379981703
0.0003634608030230786
0.00013336794500570852
0.0003228463430712027
0.0004902868757190345
0.0005841053883354465
0.00014606555512757834
6.466569432136118e-05
0.00015473064493315699
5.852332278879021e-05
0.0005174641017667306
0.0001829425341707708
0.0004734527997377628
0.00021406524934450418
0.0002700050244450956
7.09203716892477e-05
0.00012758027849950687
0.00015473064493315699
2.85468009787979e-05
6.649777472755938e-05
0.00019144261710863554
0.00015967110022298555
0.00018832241847088182
0.0001234612849521736
0.00010965336639835785
0.0002548744604562208
0.0005583155877089055
0.00011660046693250777
0.0011275870887068008
4.012431687419254e-05
0.00012964806382225619
0.00013076262418959945
8.32515768941479e-05
0.0069355152616839754
0.00028947440708098786
0.0054452186805347596
0.0024623257368580074
0.003275077889436068
0.0011569620346910333
0.0006510504158660265
0.0002466328627430028
0.000692785765983076
6.625829146377511e-05
0.0002533038327892335
0.000479063366736793
0.002024142228129057
0.00031928151953477776
0.0004209186629642676
7.236518062042415e-05
0.0001378597115501618
0.0003175160717405472
0.0002144391952754108
0.00020719883620771594
0.00018321277348141396
0.00010112278539715444
7.738143410971322e-05
0.0004288783905508216
0.00014635402733661666
0.0001200825291813672
0.0003011923373992525
0.00014199700084295636
5.1105936002770075e-05
0.00011303894106465085
0.0002436585336252498
0.000275429292034827
0.0001575797607141769
0.0005400100488901912
4.686204874610192e-05
0.00019105574158395836
0.0009265869862360046
0.002193067327967157
0.00036893946410322193
0.0001080494739798158
0.00010112278539715444
0.00017893184881747373
0.0002637012171115514
0.0002566097606865264
0.0016698787949749514
0.00013411697038795775
3.186513181720559e-05
0.0002031962078875333
9.826637408200353e-05
0.0012431930172462956
0.0006031138320029913
0.00025109655796117577
0.00019144261710863554
0.001134588512326695
0.00015693534872573484
0.00033397575899499026
9.967970152091237e-05
0.0002100284595081022
0.0004077091310423453
0.0004211960001303409
4.841952068506642e-05
0.0006017862004079812
0.0004252675949983562
0.0008250763326629006
0.0021136425703881193
0.00011704664557758042
0.00034574743749942605
0.00021057001824097686
0.003857600941910763
0.00192399131342622
0.0007300542380719975
8.049843764521976e-05
2.807317693246425e-05
5.54593958563194e-05
0.00012640916433605013
0.00012640916433605013
0.00010134058196277242
0.00010642717317825925
7.780489294509161e-05
8.56404029363937e-05
0.0006674819314489319
0.00016503158109360387
0.00021128761039327672
0.00013895345810465665
3.11239448449792e-05
0.0002757194231003236
0.00017739636412073293
0.0002571026743757852
0.00027092827718337774
0.0004335415346031808
0.00015161076815209962
5.50858584069654e-05
0.00014303529762912451
8.792195540691013e-05
0.0001817304015115393
7.24166567800764e-05
9.815418628887976e-05
0.00045174332127355117
0.00022292946099525287
0.00019761900029332012
0.00016977713862346738
0.0001243319159051835
0.0002260778821293017
0.0002962233202765985
4.067941715561432e-05
5.6212633681642156e-05
0.0002547098835031675
0.00019239913134262203
8.488301034179473e-05
0.0002193067327967157
0.0003338192301479741
0.00012035724008159626
0.00026843870843217546
0.00039914290257288113
0.00026918505828097143
0.00035528728750586366
0.00025889934378404435
1.930985030425378e-05
0.0001892153525734298
0.0005289784628911466
0.000437077156716868
0.00013192618985695563
4.562031434942445e-05
0.00022691770246533903
0.00014303529762912451
0.0004125381663314503
6.863397641775564e-05
0.0002006658997875415
0.0001817304015115393
0.00019106100489390285
3.560055544770129e-05
0.00011466044777389361
0.0001947017961118155
0.0004256524300110152
9.485552354338653e-05
8.039631910889814e-05
6.680178624945873e-05
0.0001817304015115393
0.0002700050244450956
5.7330223886946805e-05
0.0004892630878401603
0.00012132951102616987
0.00036107172024478875
0.0007912725874525558
4.767802411936788e-05
0.00012594633012259196
0.00043667705192480913
2.9309821314280363e-05
0.00010291669568997575
0.0001233164313715014
3.441226919736648e-05
0.00047036711550221496
0.0002626329345236282
8.104028989244102e-05
0.0007027821205982559
0.0012762841140575702
0.0004125381663314503
0.0004125381663314503
0.0003372349379981703
0.00017715911111770778
3.138706974514697e-05
1.0193583302119248e-05
0.0001947017961118155
0.0002367263998688814
0.0001378597115501618
0.0023606445659871914
1.8016846473747695e-05
0.0003022209307986191
0.00011202413288789842
0.00031990460322737303
7.958143493007459e-05
0.00012264284726963583
0.0008250763326629006
0.0006350321434810944
0.0010117048139945107
0.00014719074881636393
2.5335145490693105e-05
0.00017082747866695297
0.00012207195297487996
0.00013457105462108781
0.0005827610382590352
4.021075833258262e-05
5.7330223886946805e-05
0.000222493977149644
3.744710618995538e-05
0.00020075373973176642
6.509543837683361e-05
0.00020973857804013776
0.00023164674655900115
0.00020385456552117265
9.967970152091237e-05
0.00027915779385445275
0.00020385456552117265
8.692718695437638e-05
0.0001361297163576315
0.00022691770246533903
0.00010334602739188379
0.00018413569926354955
5.813275790118678e-05
6.542170149225356e-05
0.0002868254241990779
0.00045918629842398186
0.00011479657460599547
0.0002673408140179392
3.376609635528218e-05
0.00016099687529043952
8.381572783453586e-05
7.889811704059856e-05
7.996083526328928e-05
0.00027915779385445275
0.0020234096279890213
0.0010950813571079963
0.00013817883927411237
6.509543837683361e-05
5.852508722981878e-05
9.847194429165729e-05
0.00013662465196809798
0.00010335246075387898
0.0003177096663995077
0.00017765363760130295
0.00017287371874971302
3.599560928162646e-05
0.0004627703469667158
8.505351899967126e-05
0.0001257277267177597
0.0003175160717405472
0.00035881331033977486
0.0002547098835031675
0.0005612239799300484
6.17306424760868e-05
0.00017715911111770778
0.00019469872780702617
0.0003022209307986191
0.0001575797607141769
0.00024265902205233974
0.00013520713408777214
0.0013783936724288094
0.0005757110857973635
9.258547848310784e-05
0.00020719883620771594
0.00015315485249208993
0.00020023777248392557
0.00012964806382225619
8.32515768941479e-05
0.0001378597115501618
7.631124579877888e-05
0.00014039866671011365
0.00023046260582919583
0.000299576849519643
0.0005056366573442005
0.000275429292034827
0.00010058772779096831
4.204404111705679e-05
0.0008035760222419682
0.0003177096663995077
0.0002203434336278616
7.431941948482687e-05
0.000401331799575083
1.2904600949012431e-05
0.0004878524520821647
0.00019190369526578784
5.018274156261284e-05
0.00023409329115516085
0.0002422128434072671
0.00017460352952097775
0.00027324930393619597
3.4049998005023165e-05
0.00016503158109360387
0.0002547098835031675
5.935216420476671e-05
3.7341377629299474e-05
0.0001234612849521736
0.0003330063075765916
0.0002581145929847288
0.00019190369526578784
0.0002422128434072671
0.0002897238907027187
0.0006433175858262324
0.0005056366573442005
0.0003581957033356064
0.0011646473129827075
0.0007982858051457623
0.00013368375116975308
0.0008250763326629006
0.00018152340269542134
0.00019895358732518645
0.000222493977149644
0.00015634351822572107
0.0002700050244450956
0.00015634351822572107
0.00013911743403615857
0.00034996585970838487
0.0007300542380719975
0.00020820685367321472
0.0002006658997875415
0.0003372349379981703
8.158645973295655e-05
0.00038894419146676856
8.670830692063616e-05
9.619956567131101e-05
6.818153944622737e-05
0.0004125381663314503
0.0003372349379981703
0.0002422128434072671
0.00011391212424014976
0.0006275715566143813
0.0009076708098613561
0.0004499687841449831
0.0002367263998688814
0.0001192930462405317
0.00036502711903599875
0.0002865727510010187
0.0009735089805590774
0.0002619317096648902
6.954790932193736e-05
0.00036502711903599875
0.0004125381663314503
0.00036502711903599875
7.663319431954953e-05
5.932344004527697e-05
0.00012665191639461674
0.00021071468133258213
0.0004125381663314503
0.00015094285092548314
0.0006044418615972382
0.00017498292985419244
0.0003372349379981703
0.00012964806382225619
0.00011303894106465085
0.00021833852596240457
0.0004125381663314503
0.0004125381663314503
0.0023915847013373415
0.0003241982219854503
0.00036502711903599875
6.521263362970777e-05
0.0004632934931180023
0.0004125381663314503
0.0003372349379981703
0.0007300542380719975
0.00023176731042062434
0.0003479989296503374
0.0003658850683415416
0.00038380739053157567
0.0002193067327967157
0.00021108652732436124
0.00036502711903599875
0.0004062343589979061
2.6104759158571736e-05
0.000154668617711169
0.00022691770246533903
0.0003594376024154194
0.00014303529762912451
6.684187558487654e-05
0.0001113252529983301
8.438456057898427e-05
7.732331315769985e-05
6.255648321688177e-05
0.0003760880143627843
0.00015010795299786854
0.0008250763326629006
0.00024817694708299305
0.00018436756641766343
0.0006350321434810944
6.760356704388607e-05
9.156326081078682e-05
0.0004125381663314503
0.00040449114158861777
0.00015010795299786854
0.00036502711903599875
5.3248108854612535e-05
5.1105936002770075e-05
0.00020590192925326692
0.00013276327225573837
0.0001088324709302695
0.0001581958401207386
0.00011048421235674755
0.00010620417667339578
9.896939514043945e-05
0.0004664018677300311
0.0002601249207619085
8.412839717581115e-05
0.0005883442508628414
0.00031763600483447347
0.00011018431013242891
9.495362584981883e-05
0.0019248122283961166
0.0007641296505095024
0.00017439827370356034
0.0003581957033356064
0.0004664018677300311
0.0006004318119914742
0.0004125381663314503
0.0003372349379981703
0.0001243319159051835
0.0004125381663314503
0.00011044005003641512
0.00022292946099525287
9.967970152091237e-05
0.0002422128434072671
0.00018413569926354955
0.00015799525965219912
0.00011133631041576455
0.0001409483860883501
0.00013911743403615857
9.034866425471023e-05
0.00015561972422489597
3.9790717465037295e-05
0.0002547098835031675
0.00020224557079430889
0.0002865727510010187
0.00017287371874971302
8.81802415939929e-05
0.0002626329345236282
0.0004125381663314503
0.0002897238907027187
0.00016731483078279543
0.00020610082839046673
0.0006744698759963406
0.0013489397519926812
0.0013829897499977042
3.325778104486289e-05
0.00011303894106465085
0.0001409483860883501
0.00037159709742413434
0.0015352295621263027
5.852332278879021e-05
7.996083526328928e-05
0.00010486928902006888
0.00012231577196004006
0.00017940665516988743
0.00018662848133161014
0.00016503158109360387
0.0002422128434072671
0.00012964806382225619
0.000678233646387905
9.670005806908343e-05
5.005944312098139e-05
0.0002144206623694386
9.160638674070698e-05
5.0406501848875666e-05
9.672679263714153e-06
4.069065099162666e-05
0.00014786050385612843
8.104028989244102e-05
0.00010362516189024477
9.419325798252666e-05
0.00015968778891226434
0.000879569187896182
2.6552654451147676e-05
0.0011582337327950055
0.00039028196166573183
0.00015799525965219912
0.0002260778821293017
0.00011937215239511188
0.00017498292985419244
4.53765721192105e-05
5.1105936002770075e-05
0.00012026815318947976
0.00029438149763272786
0.0003168021835366004
0.0001536417372194639
0.0002583598296069638
0.00028607059525824903
0.00022782424848029952
0.00036502711903599875
0.0001533178080083102
0.000128512850877776
0.0002144206623694386
0.00011660046693250777
0.00017590492011733747
0.00012102048626824345
0.00042511291583393463
6.980582974002635e-05
6.908941963705618e-05
0.00012035724008159626
8.259447719845541e-05
0.00010039744579975086
0.0004125381663314503
0.00020719883620771594
0.0002006658997875415
0.00011116872415131392
0.00020519381140483397
0.00030630970498417986
0.00019271588344896756
0.00023164674655900115
0.0002700050244450956
0.00012264284726963583
0.00030322894826411795
0.0001113252529983301
8.381848447850648e-05
9.552425033367291e-05
6.33687873669122e-05
8.495815348540694e-05
0.00038241564767622254
0.0004288413247388772
6.466569432136118e-05
0.00019935940304182474
0.0001883865159650533
0.00021444695240681146
0.00042511291583393463
7.580538407604981e-05
0.00022691770246533903
0.00019833175823837204
0.00012964806382225619
0.0004125381663314503
0.00014282633195741615
0.0001330476341909604
0.00035431822223541557
0.0001782272093452928
0.00015060645666656013
0.000573582417246173
0.00015315485249208993
0.00019761900029332012
0.0005282190259831917
8.363790260435473e-05
0.0005185922552890247
0.0001979387902808789
4.346359347718819e-05
0.0002897238907027187
0.00027915779385445275
0.0002700050244450956
4.473296220436843e-05
7.188752048308389e-05
0.00018153072940236517
0.00011704664557758042
4.099327378924689e-05
9.552425033367291e-05
0.0001113252529983301
0.00011569258674167895
0.00010564380519663836
0.0001597443265638376
0.0003175160717405472
0.0003022209307986191
0.0001114791292272403
0.00017082747866695297
9.896939514043945e-05
0.00015634351822572107
0.0008071158576780066
0.0004125381663314503
0.0004125381663314503
0.00017397745460482464
0.00027915779385445275
4.409533944525541e-05
0.00016091279872535878
0.00018662848133161014
0.00017498292985419244
0.00017511495456284072
0.00015799525965219912
0.00015326638863909906
0.00016193192014184193
0.00011939856777853546
0.00012933138864272236
2.2810157174712224e-05
3.3881562333079905e-05
0.00011569258674167895
0.00026843870843217546
0.00010802129042957331
6.640107694469818e-05
4.801320303822134e-05
8.32393280098062e-06
8.262742805199175e-05
0.00013726795283551128
8.32515768941479e-05
0.00014170430527797823
8.381572783453586e-05
0.0002547098835031675
0.0002144391952754108
8.869818206036647e-05
0.0002350410675963046
9.419325798252666e-05
0.00014403960911466403
0.0004200569190162044
0.00017063531231342616
0.00022468263713973225
6.255648321688177e-05
0.0001088324709302695
0.00021833852596240457
0.0004913318704100176
0.00013192618985695563
0.00012640916433605013
0.00017498292985419244
0.00016320363403713053
0.0001285513371878926
0.00030630970498417986
5.067029098138621e-05
0.0002547098835031675
0.00017940665516988743
0.00023320093386501554
7.260936107816854e-05
0.00038894419146676856
5.813275790118678e-05
8.488301034179473e-05
0.0002619317096648902
0.0001979387902808789
0.00014863383269260604
0.00013546413859168887
0.00012344730464414379
0.00018413569926354955
6.255648321688177e-05
0.00021833852596240457
0.00014170430527797823
0.0003216587929131162
0.00036502711903599875
0.0004125381663314503
0.0003372349379981703
0.0002367263998688814
0.0004125381663314503
0.00036502711903599875
0.0003022209307986191
9.757049041643296e-05
0.00028724732373982815
0.0003372349379981703
0.0004125381663314503
0.0004125381663314503
0.00036502711903599875
0.0002700050244450956
0.0004125381663314503
0.0002700050244450956
0.00021833852596240457
0.00036502711903599875
0.0003372349379981703
0.0006044418615972382
1.9330828289424962e-05
0.00012264284726963583
9.224400949981999e-05
0.00010112278539715444
7.480472466458848e-05
0.0004125381663314503
0.0004125381663314503
0.0003022209307986191
0.0004125381663314503
0.0001536417372194639
0.0003803543726061661
0.00011303894106465085
0.00019935940304182474
6.22478896899584e-05
0.00018032467399806598
0.0001330476341909604
0.00017715911111770778
0.0002422128434072671
0.00014377504096616778
7.036196804693498e-05
0.0005282190259831917
7.284619278614467e-05
0.0001965836813075978
3.802553960005724e-05
8.042151666516524e-05
0.00024528569453927167
0.00014912479994983542
0.00020371176556885546
0.0004932657254860056
0.0003581957033356064
0.00013662465196809798
0.00030946128986631397
0.00013541145299930205
0.00013636307889245474
0.0003022209307986191
0.0001101717168139308
0.0004632934931180023
0.00016884055832162146
0.00024817694708299305
9.097464077263978e-05
0.00044157224644909176
0.000217664941860539
0.00013546413859168887
0.00023828224979963075
0.00021999181307797786
0.0004844256868145342
0.00036502711903599875
6.728552731054391e-05
0.00013189560787443583
0.00015968778891226434
0.0003372349379981703
9.224400949981999e-05
0.0004288413247388772
8.408808223411357e-05
0.0004125381663314503
0.0002547098835031675
0.00020385456552117265
0.0030351144419835325
0.0001817304015115393
0.00023164674655900115
5.288639850429927e-05
0.0003338192301479741
0.00043941897643205756
0.00013662465196809798
0.00016155743363359558
0.00022691770246533903
4.2109765398696374e-05
0.0002615252483791989
0.00014719074881636393
0.00020973857804013776
8.629978126134813e-05
6.214231910290626e-05
2.3666166807159397e-05
7.780489294509161e-05
0.0007027821205982559
7.73343088555845e-05
0.0002466328627430028
0.00024463154392008013
0.00018672884274830028
0.0003022209307986191
0.00020385456552117265
0.00010795461342789462
0.00015315485249208993
0.0006017862004079812
0.00011217674161681275
5.813275790118678e-05
6.705848519397887e-05
0.00024071448016319252
1.4014680372352263e-05
6.818153944622737e-05
7.380819053210498e-05
0.0002144206623694386
2.241679132477568e-05
0.0002700050244450956
0.0004963538941659861
0.00014719074881636393
0.0012088837231944763
0.001460108476143995
0.00011479657460599547
0.0002710459927641307
7.236518062042415e-05
0.0005598854439948304
0.00018069732850942047
0.00024265902205233974
6.132142363481792e-05
7.837287345648752e-05
0.0004125381663314503
6.684187558487654e-05
0.0002865727510010187
0.00016503158109360387
0.0003376811166432429
0.00033955427724693477
9.552425033367291e-05
7.380819053210498e-05
0.00013541145299930205
3.462596923135305e-05
0.00013039078043156456
0.0003022209307986191
0.0006024258266662405
0.00012231577196004006
0.0004125381663314503
0.00030322153630419924
0.00010185588278442773
0.00020719883620771594
6.870027613015558e-05
0.00015634351822572107
0.00034165495733390593
6.17306424760868e-05
0.00020224557079430889
0.00021071468133258213
6.016286235456482e-05
8.655074656226264e-05
0.00015799525965219912
0.0002972676653852121
4.473296220436843e-05
7.580538407604981e-05
0.0003175160717405472
0.0003175160717405472
9.156326081078682e-05
0.0002334110534353753
3.8316597159774765e-05
0.00036502711903599875
0.00012132951102616987
0.00036502711903599875
9.160638674070698e-05
0.00024817694708299305
0.00023164674655900115
0.0004125381663314503
0.0024752289979887016
3.546018584462385e-05
4.2109765398696374e-05
0.00010334602739188379
0.0004125381663314503
0.0004125381663314503
0.0004125381663314503
0.0004125381663314503
0.0004125381663314503
0.00010649621770922507
0.00019190369526578784
2.721335890300839e-05
0.00012964806382225619
7.631124579877888e-05
6.701793055430436e-05
0.00021833852596240457
0.00027915779385445275
0.0002990391045627371
8.213701652680464e-05
0.0012376144989943508
0.00017287371874971302
0.0002144206623694386
0.00024817694708299305
0.0001233164313715014
0.0003372349379981703
0.0002422128434072671
0.00021423949793612418
0.0002848345569413866
0.00018153072940236517
0.0002619317096648902
0.0003175160717405472
6.091463340631245e-05
5.310530890229535e-05
3.910459042021294e-05
0.000425708692713037
0.0003729957477155505
0.00014521202026560254
0.00017945670552064764
0.0002887852959406725
0.00010081300369775133
7.889811704059856e-05
7.73343088555845e-05
4.868851837585945e-05
4.1297238599227704e-05
9.353732998834139e-05
6.640107694469818e-05
4.9235972145828646e-05
5.931119298410255e-05
0.0004632934931180023
4.720058275460392e-05
0.00011660046693250777
6.749531762174747e-05
0.0003240638712887199
0.00029155484275491026
0.00012132951102616987
0.0001892153525734298
0.00022959314921199093
3.3881562333079905e-05
0.00013189560787443583
0.0004256524300110152
6.068115372671659e-05
0.0004098739559042939
1.7974443536592495e-05
0.00015010795299786854
0.0002422128434072671
0.00010564380519663836
8.611994320232128e-05
0.00011759177887555374
0.00030630970498417986
0.00013541145299930205
0.0002619317096648902
0.00013662465196809798
0.0003002159059957371
0.00014863383269260604
0.00044157224644909176
4.346359347718819e-05
6.773206929584443e-05
0.0001947017961118155
0.0003175160717405472
9.353732998834139e-05
3.687351328353269e-05
3.910459042021294e-05
0.00020719883620771594
7.480472466458848e-05
5.216865422546079e-05
0.00013189560787443583
0.0002619317096648902
3.4902914870013174e-05
0.0001892153525734298
0.0002547098835031675
0.00027915779385445275
8.790040570385047e-05
0.0002422128434072671
0.001460108476143995
0.00012964806382225619
4.801320303822134e-05
0.0004125381663314503
0.00010486928902006888
7.889811704059856e-05
0.0012376144989943508
0.00016320363403713053
0.0003175160717405472
0.0004125381663314503
0.0004125381663314503
6.543612419258651e-05
0.0004125381663314503
5.288639850429927e-05
0.00016414303668231789
4.473296220436843e-05
0.0003372349379981703
0.0003175160717405472
0.00018662848133161014
0.00018519192742826038
0.00010291669568997575
0.00014439264797033624
0.00017715911111770778
0.0002865727510010187
0.00017082747866695297
0.0004211960001303409
0.0002144206623694386
6.760356704388607e-05
7.996083526328928e-05
6.466569432136118e-05
0.0002583598296069638
0.0002897238907027187
0.0005205171341830367
3.910459042021294e-05
0.0001720747251738519
9.336442137415014e-05
0.00017912565102676145
5.999268213604409e-05
0.0003534967552968461
6.908941963705618e-05
0.00010185588278442773
0.00012102048626824345
0.00026379121574887166
0.00023669435112179564
0.00011303894106465085
0.0001378597115501618
0.00017638135778102164
0.00010185588278442773
4.9714132807191065e-05
0.00020385456552117265
0.0002367263998688814
5.3611738101702864e-05
0.00022691770246533903
5.931119298410255e-05
8.972835276032382e-05
0.0004125381663314503
0.00036502711903599875
0.0004125381663314503
0.0001186223859682051
5.6212633681642156e-05
0.0004125381663314503
0.0004125381663314503
0.00036502711903599875
3.4902914870013174e-05
0.0001378597115501618
0.0011588955628108748
8.814744810594313e-05
0.00029438149763272786
2.606305271006776e-05
6.277413949029394e-05
0.00020719883620771594
0.0004125381663314503
0.00014021399529301858
0.00022691770246533903
9.485552354338653e-05
6.905188169683174e-05
0.0001175205337981523
8.850432108469847e-05
0.0003582513020535229
8.438456057898427e-05
0.0002144206623694386
6.381420570287851e-05
0.00016690961507398705
0.00017082747866695297
0.00022590968499984018
7.284619278614467e-05
9.034866425471023e-05
9.967970152091237e-05
3.8316597159774765e-05
0.0005784629337083947
0.0004896109021113916
8.495815348540694e-05
0.0008250763326629006
0.0004125381663314503
0.0004247907674270347
0.0005400100488901912
5.3611738101702864e-05
0.0003175160717405472
3.254353372449146e-05
0.0002547098835031675
0.0002897238907027187
6.640107694469818e-05
0.00016320363403713053
8.670830692063616e-05
0.00010410342683660736
0.000813234281819463
0.00023320093386501554
0.00017287371874971302
0.00017715911111770778
9.967970152091237e-05
0.00020385456552117265
0.00011569258674167895
0.0001088324709302695
3.860889590686969e-05
7.188752048308389e-05
0.00010291669568997575
0.00021071468133258213
3.5740529598696305e-05
0.00014811166013829925
0.00019761900029332012
0.00018662848133161014
3.008143117728241e-05
0.00021590922685578925
6.466569432136118e-05
0.00016884055832162146
0.00015161447413205897
0.00027915779385445275
0.00019935940304182474
0.00013662465196809798
0.0002006658997875415
0.0005676460577202894
0.00014039866671011365
0.0004125381663314503
0.0003372349379981703
0.0003193755778245287
0.0010832151607343664
0.002560309763331522
0.0010117048139945107
0.00018662848133161014
0.0003372349379981703
0.0005185922552890247
0.00018413569926354955
9.01080234966324e-05
0.00013911743403615857
0.00019376320134976933
0.00035535935689186233
0.0002700050244450956
0.00023164674655900115
5.970855034225382e-05
5.737061559160958e-06
7.480472466458848e-05
0.00015315485249208993
0.00017498292985419244
0.0003784307051468596
0.00014303529762912451
0.0002144206623694386
7.780489294509161e-05
0.0001072195976377054
0.00022959314921199093
0.0002571026743757852
0.00045174332127355117
0.00019190369526578784
2.6673589001141707e-05
0.00036502711903599875
7.000948650270074e-05
0.00017498292985419244
0.00015634351822572107
0.00016099687529043952
0.0004288413247388772
0.00018662848133161014
0.00011479657460599547
0.00019190369526578784
0.00010259690570241699
0.00017341661384127232
0.00016690961507398705
0.000248663831810367
0.0024177674463889526
0.0004125381663314503
0.00027915779385445275
0.00018662848133161014
0.0001233164313715014
0.0002422128434072671
2.76207526787327e-05
7.631124579877888e-05
6.863397641775564e-05
0.00011048421235674755
0.00022959314921199093
0.00020719883620771594
0.00014439264797033624
8.158645973295655e-05
0.0003372349379981703
0.00022691770246533903
0.00036502711903599875
6.640107694469818e-05
0.00034996585970838487
0.00024265902205233974
0.0001676314556690717
0.0003784307051468596
0.00040908923667736424
0.0004125381663314503
4.179267467606194e-05
0.0004125381663314503
0.00016641022950877928
0.0004125381663314503
0.00019190369526578784
0.0004125381663314503
0.00012536267145426142
0.0003022209307986191
0.0001947017961118155
0.00019376320134976933
9.688160067488467e-05
0.00010039744579975086
0.00015094285092548314
0.0002350410675963046
0.00015885483319975384
0.0001486196406635019
0.00036502711903599875
0.00012964806382225619
0.0001285513371878926
3.9790717465037295e-05
0.00021566256144925163
0.000389403592223631
0.00028859869701393305
0.0001892153525734298
5.216865422546079e-05
0.00010185588278442773
3.191636930442535e-05
5.005944312098139e-05
0.0002209684247134951
0.00019761900029332012
2.135027245615938e-05
7.284619278614467e-05
8.269203131891907e-05
0.0003365302248504382
5.397730671394731e-05
0.0002144206623694386
0.00025494376511748173
0.0003784307051468596
2.089633733803097e-05
0.00013421935421608773
0.00012511296643376353
0.00012640916433605013
0.00018413569926354955
0.00012069442796679398
0.00015315485249208993
0.00010965336639835785
0.00015473064493315699
0.00012747188255874086
0.0004963538941659861
0.0007568614102937192
4.767802411936788e-05
0.00017498292985419244
0.0002422128434072671
0.0004125381663314503
0.00013189560787443583
9.419325798252666e-05
3.744710618995538e-05
0.00011217674161681275
0.0003022209307986191
2.226726208315291e-05
0.00010112278539715444
0.0004077091310423453
0.00018662848133161014
4.639337169253779e-05
0.00020454461833868212
0.00015634351822572107
4.0389358408398896e-05
0.0001817304015115393
9.535604823873576e-05
0.0003193755778245287
0.00041439767241543187
0.0003391168231939525
0.00011598342923134448
0.0004125381663314503
8.972835276032382e-05
0.0004125381663314503
0.0003175160717405472
0.00012231577196004006
0.0002367263998688814
0.00222261250218383
0.00021833852596240457
0.00012964806382225619
0.0002547098835031675
0.00023164674655900115
0.00021833852596240457
0.00017082747866695297
0.00013189560787443583
7.958143493007459e-05
0.00023164674655900115
0.00017082747866695297
0.0002367263998688814
0.00014863383269260604
9.288761941466208e-05
0.00035431822223541557
0.0002422128434072671
3.6588506834154164e-05
0.00023164674655900115
6.214231910290626e-05
0.00022691770246533903
0.0002367263998688814
0.00031231028050982207
0.00019017718630308305
0.00018662848133161014
5.608559811720744e-05
2.5537498503767372e-05
3.7159709742413435e-05
9.034866425471023e-05
0.00022292946099525287
6.091463340631245e-05
0.00012964806382225619
0.00036502711903599875
0.00018413569926354955
2.5576923350975222e-05
0.0003372349379981703
0.00027915779385445275
0.00013541145299930205
0.0001015106535731039
0.0003175160717405472
0.00022691770246533903
0.0004125381663314503
0.0001947017961118155
0.000222493977149644
0.0003193755778245287
0.00027915779385445275
0.0016501526653258012
0.0004125381663314503
7.284619278614467e-05
3.325778104486289e-05
0.0003760880143627843
6.339239543436102e-05
0.00017715911111770778
3.0861826161035947e-05
0.0002367263998688814
6.184847106337758e-05
0.00043059971601160633
0.0004963538941659861
0.00012264284726963583
0.00012594633012259196
0.0007300542380719975
8.049843764521976e-05
0.00021071468133258213
0.0002006658997875415
0.0004125381663314503
7.000948650270074e-05
7.188752048308389e-05
8.158645973295655e-05
0.00017092272296220453
0.0004963538941659861
0.0003193755778245287
0.00014577742137745513
8.730176476048887e-05
0.00041338410956753515
0.00012116807522519668
0.00014439264797033624
0.00021833852596240457
0.00036502711903599875
0.00013189560787443583
4.8350029034541714e-05
5.931119298410255e-05
0.0002367263998688814
0.0003175160717405472
0.00017940665516988743
9.224400949981999e-05
0.00022691770246533903
0.00017082747866695297
0.0001330476341909604
0.0002700050244450956
0.00041735230210847567
2.4854133324972572e-05
0.00015315485249208993
0.0003372349379981703
0.0012376144989943508
0.00020385456552117265
0.00015060645666656013
0.0001817304015115393
0.0004963538941659861
0.00012747188255874086
0.00023164674655900115
0.00022691770246533903
0.00017082747866695297
4.441340940032574e-05
0.00017082747866695297
0.00020224557079430889
0.0002619317096648902
0.00017223988640464256
0.0003175160717405472
5.6974240987401516e-05
5.852332278879021e-05
0.00010642717317825925
2.9566060686788824e-05
0.00027915779385445275
0.00013076262418959945
0.000222493977149644
7.785162415880987e-05
0.00010802129042957331
0.0003175160717405472
4.7332333614318795e-05
0.0001400466320612252
0.00020385456552117265
0.0002700050244450956
0.00021833852596240457
0.00020719883620771594
2.581955706387438e-05
0.00015799525965219912
0.00017940665516988743
0.00014039866671011365
0.00014303529762912451
0.00020719883620771594
0.00018662848133161014
0.0002547098835031675
5.3248108854612535e-05
0.0008250763326629006
0.0001330476341909604
7.73343088555845e-05
0.00023164674655900115
0.00018707465997668278
0.00027915779385445275
3.546018584462385e-05
8.972835276032382e-05
0.00025494376511748173
0.0004734527997377628
0.0001285513371878926
0.0002422128434072671
0.00011939856777853546
0.0011588955628108748
0.00020719883620771594
0.00014303529762912451
8.91136046726464e-05
0.0002367263998688814
0.0002547098835031675
0.00018662848133161014
0.0004125381663314503
0.0004125381663314503
0.00019190369526578784
0.0001218292668126249
0.0003376811166432429
0.00025929612764451237
0.00014719074881636393
5.970855034225382e-05
0.0001072195976377054
0.00032640726807426105
0.00014188414333700508
0.00017082747866695297
0.00018577523882932416
0.0003022209307986191
0.00015634351822572107
0.0007857951289946705
0.00013662465196809798
0.0006321440439977464
0.00014577742137745513
0.00012640916433605013
0.00015968778891226434
0.00018413569926354955
0.0004015897831990034
3.271806209629326e-05
0.0003372349379981703
3.630468053908427e-05
0.00011582668772060906
0.0002897238907027187
0.00012762841140575703
0.00014811166013829925
0.0001817304015115393
7.204404933010007e-05
2.089633733803097e-05
0.00011217674161681275
0.00011217674161681275
0.00014039866671011365
0.0005400100488901912
0.0004125381663314503
0.00013105578753839855
4.453452416630582e-05
0.0001285513371878926
0.00016884055832162146
5.65923795411558e-05
0.00018662848133161014
0.00012132951102616987
0.00016884055832162146
9.097464077263978e-05
0.0002006658997875415
5.6974240987401516e-05
0.00045383540493067805
0.0001285513371878926
0.00011479657460599547
0.00010577279700859854
8.655074656226264e-05
8.790040570385047e-05
4.099327378924689e-05
0.00020973857804013776
2.9676082102383355e-05
3.630468053908427e-05
0.00021833852596240457
7.141316597870807e-05
0.00011939856777853546
6.640107694469818e-05
0.00036502711903599875
0.00011471648344923462
8.972835276032382e-05
0.0004125381663314503
0.00011845311896395412
0.00012640916433605013
5.1105936002770075e-05
0.0002006658997875415
0.00019190369526578784
6.509543837683361e-05
0.00011303894106465085
0.00017945670552064764
0.0002144206623694386
0.0001378597115501618
4.221730546487225e-05
0.0004125381663314503
5.082234349961985e-05
0.00015473064493315699
0.0002422128434072671
0.00013019087675366722
0.00036502711903599875
0.00014303529762912451
6.214231910290626e-05
6.489957593567539e-05
0.000279174900482161
0.0006744698759963406
0.00010965336639835785
7.785162415880987e-05
5.005944312098139e-05
3.352924259698944e-05
0.00010334602739188379
0.0004125381663314503
0.00018662848133161014
2.2498439207249156e-05
0.00014719074881636393
0.00011479657460599547
0.00018413569926354955
0.00010564380519663836
0.00036502711903599875
0.00036502711903599875
0.0002547098835031675
1.6303158407426942e-05
0.00010185588278442773
0.0003760880143627843
8.381572783453586e-05
0.0003228463430712027
0.0004125381663314503
7.942741659987692e-05
4.346359347718819e-05
0.00011479657460599547
0.00012747188255874086
0.00012035724008159626
0.00016503158109360387
0.0001817304015115393
0.0001175205337981523
0.00013280215388939635
7.094207166850254e-05
8.972835276032382e-05
9.419325798252666e-05
0.0001947017961118155
0.00015315485249208993
0.000222493977149644
0.00021071468133258213
0.0003022209307986191
0.00017700864216939693
0.0004125381663314503
0.00016690961507398705
9.097464077263978e-05
0.0006215965086231478
7.047419304417505e-05
0.00011479657460599547
8.972835276032382e-05
0.0003372349379981703
5.813275790118678e-05
0.0003175160717405472
0.00010259690570241699
0.0004125381663314503
0.0004125381663314503
0.00036502711903599875
0.00021833852596240457
2.9823261560132926e-05
0.0002422128434072671
0.0003175160717405472
0.00013541145299930205
0.00011660046693250777
5.65923795411558e-05
0.0001817304015115393
0.00018413569926354955
0.0001947017961118155
0.0004125381663314503
0.00014577742137745513
0.00013192618985695563
0.0002367263998688814
0.00024463154392008013
0.000222493977149644
0.00012640916433605013
0.0004125381663314503
0.0001243319159051835
0.0002619317096648902
0.00011391212424014976
6.339239543436102e-05
0.00013911743403615857
0.0002144206623694386
8.32515768941479e-05
0.0001072195976377054
0.00017715911111770778
4.868851837585945e-05
0.0002006658997875415
0.00012035724008159626
0.00020719883620771594
3.744710618995538e-05
0.0002700050244450956
0.000222493977149644
0.00031599051930439825
0.00018413569926354955
0.0002700050244450956
6.297316506129598e-05
0.00036502711903599875
0.0002422128434072671
0.00019190369526578784
0.0003022209307986191
4.50540117483162e-05
0.00015473064493315699
0.0003022209307986191
0.0002619317096648902
0.0002367263998688814
0.0004125381663314503
0.00011845311896395412
9.805737514380691e-05
0.00015161447413205897
7.333060435932595e-05
0.00011939856777853546
2.8294336780598245e-05
4.50540117483162e-05
0.0004125381663314503
0.0003372349379981703
6.954790932193736e-05
0.00027915779385445275
0.0002897238907027187
8.438456057898427e-05
0.00014039866671011365
0.00010564380519663836
0.00020385456552117265
7.430982033175096e-05
0.00011391212424014976
0.00012640916433605013
0.00027915779385445275
0.0003022209307986191
0.0001233164313715014
9.574910791327605e-05
0.0004125381663314503
7.682086860973195e-05
0.00010802129042957331
0.0002619317096648902
0.00019761900029332012
4.53765721192105e-05
0.0002547098835031675
8.158645973295655e-05
0.00017498292985419244
0.00027915779385445275
0.000154668617711169
0.00029527385492287325
5.1105936002770075e-05
0.00013662465196809798
0.00019190369526578784
0.00014439264797033624
0.0003372349379981703
0.0002619317096648902
0.00017715911111770778
0.00021071468133258213
0.00019190369526578784
0.00023164674655900115
0.0004125381663314503
5.0406501848875666e-05
8.381572783453586e-05
0.0007445308412489792
0.00013421935421608773
0.00019761900029332012
0.00024817694708299305
0.0004844256868145342
0.0001947017961118155
0.0004125381663314503
1.5462117765844394e-05
0.0002422128434072671
0.0002897238907027187
0.00016320363403713053
0.00012536267145426142
5.735824172461731e-05
0.00016690961507398705
0.0003372349379981703
0.0001285513371878926
0.0001243319159051835
0.00010112278539715444
3.630468053908427e-05
3.7735712731370786e-05
7.889811704059856e-05
0.00015473064493315699
0.00017940665516988743
0.00017082747866695297
0.0002367263998688814
8.70158638619058e-06
0.0003376811166432429
0.00017940665516988743
0.0003175160717405472
0.00010642717317825925
0.0002466328627430028
5.3611738101702864e-05
2.7045778537187605e-05
0.00012231577196004006
7.047419304417505e-05
5.252658690472564e-05
4.0389358408398896e-05
0.0003372349379981703
0.00023164674655900115
0.00012132951102616987
2.0670492150775798e-05
0.00036502711903599875
0.00015634351822572107
6.596309492847782e-05
4.53765721192105e-05
0.0001330476341909604
3.919725962518458e-05
0.0002422128434072671
0.00020719883620771594
8.495815348540694e-05
0.00013911743403615857
0.0007266385302218012
0.00010486928902006888
7.381846373071831e-05
0.0001072195976377054
5.735824172461731e-05
0.00019190369526578784
0.00036502711903599875
0.00016503158109360387
7.530322833328007e-05
0.0001186223859682051
0.00015968778891226434
6.509543837683361e-05
0.00023164674655900115
7.580538407604981e-05
0.00012035724008159626
4.9714132807191065e-05
0.00036502711903599875
3.352924259698944e-05
3.2987390349768176e-05
0.0003022209307986191
0.00036502711903599875
0.0003372349379981703
0.00010334602739188379
0.00014039866671011365
0.0004125381663314503
6.684187558487654e-05
0.00011845311896395412
0.0003175160717405472
0.00014170430527797823
0.00011569258674167895
0.0003175160717405472
0.0002700050244450956
0.0003175160717405472
0.0003175160717405472
0.00036502711903599875
0.0004125381663314503
0.0004125381663314503
0.00023164674655900115
0.00036502711903599875
8.946592440873687e-05
0.0002144206623694386
0.00022691770246533903
0.00012035724008159626
0.00015010795299786854
9.967970152091237e-05
0.0004125381663314503
0.0004125381663314503
5.65923795411558e-05
0.00029155484275491026
4.937055337943309e-05
0.0008250763326629006
0.000444987954299288
0.0007445308412489792
0.00036502711903599875
5.1105936002770075e-05
0.00018413569926354955
0.0002619317096648902
0.0002422128434072671
0.00015315485249208993
0.0003022209307986191
0.0003022209307986191
8.381572783453586e-05
0.00014863383269260604
5.6212633681642156e-05
0.0001243319159051835
0.00013662465196809798