0.00698065553932193
0.0007798673092425844
0.028084000149199286
0.0030975943275680005
0.0013652420468836645
0.0006705746089336295
6.565729067478682e-05
0.00023096865076362004
0.0025112114761050856
0.00550117694423195
0.0004059638684183354
0.000752960679794029
0.00011190348427439712
0.006516221601792288
0.00023615577628950053
0.0003806354961473146
0.0003807630294175598
0.0004185929449617415
0.002575827119432541
0.0007977032387567994
0.0012472866547518476
6.813264516990439e-05
7.111935483874406e-05
0.00017563795184356406
0.0004064318587958187
9.02256723717833e-05
0.00011391844441923639
0.0004067689433558282
0.0003584845620635078
0.003625377280000137
0.0005750198779458154
0.0003806354961473146
0.0014037475980365924
0.0004287954204407948
0.00012419141803133142
9.382753871839377e-05
0.0057222689907457285
7.419744125126569e-05
0.00012861122252279264
0.00022294913888806973
0.00016370652339979343
0.0014533003000453376
0.0002293955237974159
0.0004449581257838342
2.7641454593528987e-05
7.662176455580937e-05
0.0002455842990465513
0.0001808755293036554
0.00028943728108179323
0.00019429876673085768
0.0003880396605361512
0.000299757500068433
0.00010119570857249427
0.00020296548840021816
5.853797483149163e-05
0.0004320449469153427
8.695206314303387e-05
0.00015928786101744003
2.687843959757406e-05
0.00018181214485642918
0.00021088753166239118
0.0005551962358770803
7.836650194071156e-05
0.0014435482566860633
0.0075668894493779405
0.005886899679550867
0.0005178596545409025
6.145894472614572e-05
0.00012892987028420807
0.0002555265604313106
0.00044850559237392837
0.015957007766055246
0.00011641189816084536
0.0007484591166391812
0.0015157099575970245
0.0003203790844261404
0.00023222048861502276
0.000554880820310715
0.0014053960823722082
0.0001260560667511316
0.0003546331755087363
0.00010289720295414966
0.00016188750133234442
0.0017498827172062396
7.958620213379735e-05
0.0004228757544697045
0.0002730484093767329
0.0007819465922150746
0.0007295623536921139
0.0001096878442935692
0.00022470070488223075
0.00032571141999352955
0.0003447589541857027
0.0005059785428624714
0.00017042849202271397
0.00021934164263403904
0.0011908526128991232
0.002203385846164979
0.00028370654040698907
0.00019993114984464698
0.00010326565584426925
0.00013293876033952084
4.0482910350772375e-05
0.0005493510485675564
0.0001239925579737292
3.061984219309675e-05
0.000379704511194535
0.0001908080013634251
9.810022585530677e-05
0.002682298435734518
0.00028424858402333503
0.0007578549787985123
7.755547910276328e-05
0.0011326948523772582
0.0001277632802156553
0.00025098689326467634
2.107858627941074e-05
0.00020296548840021816
0.00014095858482323484
0.0001898522555972675
0.0002658775206790417
0.00012861122252279264
0.0005997934495339409
5.426949020283624e-05
0.004694022262535406
7.022311952982119e-05
0.00020590430535485457
0.00015607273426603024
0.0006705746089336295
7.265358386525077e-05
0.00025727325623076916
0.00025556626907889256
0.0004064318587958187
0.0002303262279624776
0.00020792653915498003
2.1577569203900126e-05
6.0104853998873306e-05
0.00020926274838665955
0.00016483584896764619
0.004055428079271507
4.968456155744292e-05
0.0002538420196117065
7.645757933750827e-05
0.00024441571766712814
0.0004782363472866863
0.0037147372617835784
4.9246228819028404e-05
0.00010396326957749002
3.838770466041294e-05
0.00010498269301390237
0.0015157099575970245
0.003219099803270561
0.0003054817348510456
0.00013338733307952327
0.00017755889829196368
0.0025229541740900865
0.0004205636880670307
0.0004284027593414724
0.000718604799780568
0.0003231468755765295
9.518252040252114e-05
0.00015454842693706565
0.00024190595637816654
0.00010395646149137168
0.0006537472636948804
0.0006195188655136
1.3232849466243604e-05
0.00041686012259216815
0.00016483584896764619
0.000257919962967608
0.00021253355453617796
0.001089110454501429
0.0002375887731053316
0.00023849762114460543
0.001226200498016942
0.0001347122960918206
2.8404748670452328e-05
0.00017797675322588262
0.00012692100980585326
0.0005867102525648633
0.00031381934034033454
0.0002965431182515425
0.00020765866355048642
0.00022110277563264534
0.0001679091716894036
0.0002313702370706705
0.00015511095820552656
0.0015331593625878635
0.0005832942390687465
0.0010256560057186502
0.00028037579204468713
0.00021646423519482136
0.0014067618695277643
0.006687649422426598
5.814498631337122e-05
6.932255026557417e-05
2.3141697831236343e-05
6.255169247892918e-05
0.00017183314665298086
0.0005832942390687465
3.962403279136563e-05
5.293139786497442e-05
0.0005271480658453689
0.0006195188655136
0.0008774161352771116
6.91236813032221e-05
0.0018602281559702324
0.0031498919772112296
0.00035253749295564846
0.00017755889829196368
0.001116173941471376
0.00011340253717845344
0.00012279214952327564
1.2330039545085785e-05
0.00013547728626527288
7.611123034464354e-05
0.00015799698583593625
0.0008317061566199201
0.0001599231262203641
0.0008899162515676684
0.00016671844647568438
0.00013651116892489823
0.0027354870456094706
3.072947236307286e-05
0.003681189461859539
0.0011308564706242633
0.00029335512628243164
0.00031381934034033454
0.00019036504080504227
8.266170531581945e-05
4.6913769359196884e-05
7.735792217052485e-05
0.00020241455175386188
0.0003412791862054502
0.0006517734781495877
0.0009623655044573755
4.261356959175405e-05
0.0006195188655136
0.0005428883537193429
0.00027852400930725586
0.00010396326957749002
4.215717255882148e-05
0.0007578549787985123
0.0007809554754200667
0.00028165312599033154
0.00021934164263403904
6.826440154477574e-05
0.0005832942390687465
0.00020791292298274336
0.0003101692599378931
0.00034233246859471396
0.00020453083873420822
0.0002538420196117065
6.72150708324734e-05
0.001341149217867259
0.0015157099575970245
0.00013234882474790199
0.0004195361693283003
0.0006285413912089807
0.00010661541748024273
0.00019696821415845212
0.0006593433958705847
0.0006705746089336295
0.00032145312947409776
0.000624290937064121
0.0003966369560331344
0.00019407339800692972
0.00041679611618921096
5.6694847943265804e-05
0.0001495018641246428
0.00027039738605406834
0.00013225177176479284
0.00016258723641422135
5.151614231235522e-05
2.6499735682733935e-05
0.0006229759906514593
6.285524319758335e-05
0.0006175554628546317
0.00040906167746841644
0.0004605960489035665
0.0006685013904731175
0.0005206369836133777
0.0007741885885318876
0.0004877888577311496
0.0001880833699821896
0.00022829195237318963
0.000593086236503085
9.1961911166871e-05
0.00014301765458690034
0.0006705746089336295
0.0005816643760377531
0.00025556626907889256
0.0006195188655136
0.0003058753210793395
0.00033384860074720587
0.00010119570857249427
0.00010537019993249499
7.200749115255712e-05
0.0005322384956487171
0.0002142013796707362
0.000752960679794029
0.0007578549787985123
0.00019036504080504227
0.0002505063693425901
0.0002902458582651011
0.0005744230394190598
0.0004714060434067356
0.0003475988616715718
0.00033384860074720587
9.486385245387537e-05
0.001341149217867259
0.0015157099575970245
0.00040873349933898064
9.04491503380604e-05
0.0007878047647276096
0.00045591450760157836
0.00022470070488223075
2.5745727700557824e-05
0.0002872115197095299
0.0002748406700346956
0.00025098689326467634
0.00023417275960921482
0.0015384840085779755
0.0006705746089336295
0.0006063439245051168
8.521424601135698e-05
0.0007578549787985123
0.0001831170161891855
0.0004751775462106632
0.000180136714674155
0.0001653234106316389
0.0003475988616715718
3.112113350861036e-05
0.004032200379192611
3.1608602150552916e-05
0.00029981392440106086
0.00024396475704355322
0.00023222048861502276
0.0007597672940404394
0.0005875695589773277
0.000367847644667484
8.158984110190311e-05
0.00035253749295564846
0.0007578549787985123
0.0009118290152031567
0.0003066220124989219
0.00012198237852177661
0.0007578549787985123
8.58949306477383e-05
0.00014229577868081305
0.0009355738957989765
3.197057195877269e-05
0.00040873349933898064
0.0007578549787985123
0.0005128280028593251
0.0006705746089336295
0.0013787822415113006
0.0004250671090723559
0.00012037829368560351
0.0011059024132100866
0.00013032443203584576
0.00018478510967920417
0.0003516904673819411
4.4344441611922684e-05
0.0005322384956487171
6.224226701722072e-05
8.944344808044229e-05
0.00022232119483780527
0.00014494011875013985
0.00013032443203584576
0.00029747771702485083
0.0004960138692038636
6.285524319758335e-05
0.00022470070488223075
0.0007578549787985123
0.0007578549787985123
9.222016355606714e-05
0.00021589159238767554
0.0005832942390687465
0.0007578549787985123
0.0010644769912974343
0.00019858754292432365
0.0003058753210793395
8.042391650552035e-05
0.00021589159238767554
4.4083923921597606e-05
0.0015384840085779755
0.0015483771770637752
0.0004888314353342563
0.0006429062589481955
0.0012390377310272
0.0004059309768004363
0.0006705746089336295
0.000521297728143383
0.00023615577628950053
0.00023615577628950053
3.75592874831207e-05
0.0002730484093767329
0.00041686012259216815
0.00033384860074720587
0.00024656823088232293
0.0011488460788381197
0.0002954630089409011
0.0007578549787985123
0.0002176048019007287
0.0015157099575970245
0.000497516361962063
0.0004010997102052175
0.0001277632802156553
0.0009623655044573755
0.0002500776697135266
2.37577382868014e-05
0.00022653897047545166
0.0004719781904943379
0.0004449581257838342
0.0008241792448382309
0.0002757564483022601
0.00011726420174707973
4.190349546505556e-05
0.0009527351829499985
0.00025098689326467634
0.00022110277563264534
0.0002730484093767329
0.00018052065705525494
0.0007084673288685016
0.0006686666702190307
0.0006686666702190307
0.0008510952659888843
0.0020117238268008886
0.0012552773613613382
0.00047231155257900105
0.0004090210513177265
0.0003688711026890237
0.00034936580238223664
0.0002487581809810315
0.00022653897047545166
0.00022288889007301022
0.0004494014097644615
0.0003744918895744128
0.0001671253476182794
0.00016370652339979343
0.0002882987444262847
0.00011922535009030759
9.98344092949124e-05
0.0002060747564175487
0.0007578549787985123
0.00019151696372396557
0.0015157099575970245
0.0024059137611434386
0.005304984851589586
0.0007578549787985123
0.00017672381794532518
9.219887611919918e-05
0.00015089015271494175
4.0482910350772375e-05
0.0009920277384077273
0.001341149217867259
0.001647898763636426
3.547324196223599e-05
0.0013373333404380614
0.00011415880946245696
2.3141697831236343e-05
0.0006591595054545704
0.0009358317320243949
0.00034850947936845286
0.0004377374122152683
0.00010679302814204679
0.0002142013796707362
0.0004888314353342563
0.00037039790746822406
0.000257919962967608
0.0006476747771630266
0.00021934164263403904
0.0010644769912974343
0.0003175783943166661
0.00026276359692030524
5.5261220046176096e-05
0.00015607273426603024
9.363082603976158e-06
0.00013925860061056873
0.0002142013796707362
0.0006705746089336295
0.0007050749859112969
0.0002500776697135266
0.00014077933291060184
0.0004619221092139337
9.132755739819153e-05
0.0003939023823638048
3.127584623946459e-05
3.266721946675052e-05
0.0001871147791597953
0.00012291788945229144
3.112113350861036e-05
0.00044577778014602044
0.00021088753166239118
0.0004185254967733191
0.0020117238268008886
0.0001912436394423729
0.00018906354998309257
0.00013303332483576805
8.158984110190311e-05
0.00021253355453617796
0.0007578549787985123
0.0004960138692038636
0.0007578549787985123
0.00011766482425244346
0.0007578549787985123
0.0007578549787985123
0.0001926505697973779
0.0007578549787985123
0.0004960138692038636
0.0008337202451843363
0.0007578549787985123
0.00019697533929393407
0.002246951337446477
0.0007578549787985123
0.00042177506332478237
0.00016435375385727942
6.985497793736231e-05
0.0005019737865293527
0.00023029802445178325
0.00011338969588653161
0.0004010997102052175
0.00023417275960921482
0.0013262856154538276
0.00014206731832675656
0.00011265077997976409
0.000299757500068433
0.0002652571230907655
0.0033528730446681474
0.00033384860074720587
0.00024075658737120702
0.00017797675322588262
0.00026276359692030524
0.0006705746089336295
0.00022259232375379707
0.0004250671090723559
0.0003207561504914221
0.00027039738605406834
0.00020451052565886326
0.00018576803951184996
6.773864313263644e-05
8.758711534366913e-05
0.00048118275222868773
0.00012279214952327564
9.756329138581938e-05
0.00045591450760157836
0.00023096865076362004
0.00010751051701646122
0.0002898802375002797
0.00028359532497463887
0.000504857697642029
0.0003175783943166661
0.0006195188655136
0.0005551962358770803
0.0008754748244305366
0.0002364844285819364
0.0007762935920277189
0.00021929311614248445
0.00032545089244470757
0.00034850947936845286
0.00010607960438221588
0.00016435375385727942
5.431445651246563e-05
9.66563006864888e-05
0.00022653897047545166
0.0003382672631295592
0.0007578549787985123
0.0005996278488021217
0.00012608433591849804
0.0003428466389437755
0.00012135610269059589
0.0005128280028593251
0.00021602247345767136
0.00016828589921400968
0.0005832942390687465
0.00029335512628243164
0.00013560852020812731
0.0003576777559189513
0.00021502103403292245
0.0001277632802156553
0.00015593469223705754
0.00021088753166239118
0.0005255271938406105
5.151614231235522e-05
0.00016258723641422135
1.633360973337526e-05
0.0003295797527272852
0.00022840447062198973
0.0004960138692038636
0.00029981392440106086
0.00046791586601219745
7.419744125126569e-05
0.0005128280028593251
0.0005128280028593251
0.0005832942390687465
0.0005832942390687465
0.001106613308067071
0.0006195188655136
0.0003229556222322972
0.001341149217867259
0.0003066220124989219
0.0019124363944237291
6.108000879585622e-05
0.0006591595054545704
0.00026031849180668885
0.00020102643866225304
0.0004960138692038636
0.00041686012259216815
0.0004644409772300455
0.0016881226072308758
0.00014367450559725668
0.0006669635845134159
0.00027852400930725586
5.9612019879449e-05
0.0016655887076312413
0.0010256560057186502
0.0003576777559189513
0.0003744918895744128
0.0003939023823638048
0.001166588478137493
0.0006639015792610542
0.00021929311614248445
5.074082022976236e-05
0.00015454842693706565
0.0008697584630729094
0.0002518637575341054
0.0006705746089336295
0.00010679302814204679
0.0002487581809810315
0.0002532557646801465
0.00031381934034033454
0.0005551962358770803
7.183725279862834e-05
0.0007578549787985123
0.0007578549787985123
0.0005322384956487171
0.00029747771702485083
0.00016597539481526355
0.0002872115197095299
3.3897411946319014e-05
0.0001706395931027251
0.0006705746089336295
0.0006705746089336295
0.0006195188655136
7.200749115255712e-05
0.00045591450760157836
0.0005128280028593251
0.00019696821415845212
0.0033528730446681474
0.0003207561504914221
0.0004010997102052175
0.00034850947936845286
0.0003382672631295592
0.0002532557646801465
0.0001694572467935226
0.00014301765458690034
0.0004348792315364547
2.167750741759716e-05
0.00022653897047545166
3.112113350861036e-05
0.0003382672631295592
0.0007578549787985123
0.0007578549787985123
0.0007578549787985123
0.0006705746089336295
0.00014077933291060184
0.0007578549787985123
0.0007578549787985123
0.0015157099575970245
0.00018181214485642918
0.0008034030807604136
0.0004960138692038636
0.0014880416076115909
3.9510752688191146e-05
0.00020791292298274336
0.00041686012259216815
0.0004348792315364547
0.00022653897047545166
0.00016201105869825355
0.0003424764283873709
0.001341149217867259
0.0007597672940404394
0.0012390377310272
0.0010256560057186502
4.304406217096285e-05
0.0003428466389437755
0.0006276386806806691
0.0003886207259185157
0.0005832942390687465
0.0003066220124989219
0.0015157099575970245
0.0001929883761254518
0.00014591247073842276
0.00026031849180668885
0.0004250671090723559
0.0008440613036154379
0.00017672381794532518
0.0003382672631295592
0.0007578549787985123
0.00028424858402333503
0.0003382672631295592
0.0003688711026890237
0.0018585565965408004
0.00010751051701646122
0.00010768746178444787
0.00020765866355048642
8.984935778729233e-05
0.0007878047647276096
0.0006705746089336295
0.00022288889007301022
8.096582070154475e-05
0.00023222048861502276
0.0002455842990465513
9.453177499154629e-05
7.869502495038067e-05
0.00021088753166239118
0.00015190974498018882
0.000506511529360293
0.0004960138692038636
0.0006351567886333323
0.0001439752178081487
0.00045591450760157836
0.00045591450760157836
0.000366234032378371
0.0001792422810317539
0.00020956493381208696
0.0008774161352771116
0.00013652880308955148
0.00042554763299444215
0.00022425279618696418
6.411854700388618e-05
0.00015293766053966974
2.5785974056841615e-05
6.159503655973473e-05
0.00015968995550679288
0.00016037807524571106
0.00029458549090887934
0.0009623655044573755
0.00033384860074720587
0.00034850947936845286
0.00023222048861502276
0.0003870942942659438
0.00023029802445178325
0.000363036818167143
0.00035344763589065036
0.0003066220124989219
0.0007578549787985123
0.0007578549787985123
0.00023417275960921482
0.00038328984064696587
0.00011415880946245696
0.0008501342181447118
9.453177499154629e-05
6.533443893350105e-05
0.0002538420196117065
2.646569893248721e-05
0.0003576777559189513
0.0008899162515676684
0.00011338969588653161
0.0003870942942659438
4.877866587488306e-05
0.00022680507435690687
0.0007578549787985123
6.669366653976164e-05
7.309770538082814e-05
0.0006705746089336295
0.0005744230394190598
0.0005744230394190598
0.0015157099575970245
7.021248643040397e-05
0.00018181214485642918
0.00023817052257982463
0.00023222048861502276
0.00022110277563264534
0.00010641972588670799
0.000119224039758898
0.00016597539481526355
0.0004233723022713206
0.0001187943865526658
0.00021253355453617796
0.00011958384968269575
0.000898802819528923
7.146590340679912e-05
0.0001046647697582418
0.0003077156571971537
0.0003870942942659438
6.159503655973473e-05
0.0008337202451843363
8.455277678809797e-05
0.00013833611328491227
0.0010225526282943165
0.0004530779409509033
0.00012117778181120191
0.00022470070488223075
6.932255026557417e-05
0.00019993114984464698
0.0007578549787985123
0.001341149217867259
0.0017498827172062396
0.001341149217867259
0.0003742295583195906
0.00020514377146476913
0.0004386832852680781
0.00016370652339979343
0.00011491965139523422
0.0007578549787985123
0.00018181214485642918
1.5291515867501653e-05
0.00018439775223839835
0.0008635663695507022
0.00027039738605406834
0.0004526704581448253
0.00012442748363539294
0.00022840447062198973
0.000257919962967608
0.00037812709996618514
0.00022104488018470438
0.00012784070877526216
9.1961911166871e-05
0.0004845987657248045
0.00021725782604986252
0.00010537019993249499
0.0006195188655136
0.0005832942390687465
0.0006195188655136
0.0007578549787985123
0.0005832942390687465
0.0004449581257838342
0.0007578549787985123
0.0002532557646801465
0.00048118275222868773
0.00048118275222868773
0.0003382672631295592
0.0003118693844741151
5.244202116603754e-05
0.00018181214485642918
0.0006203385198757862
0.00046791586601219745
0.0006705746089336295
0.0002757564483022601
0.0003742295583195906
0.00011190348427439712
0.0002532557646801465
0.00021765425513243687
0.0004960138692038636
4.877866587488306e-05
0.00035595350645176524
0.0007861249374747904
0.000726073636334286
0.0005013760428548382
0.00011435274835476264
0.00020239141714498854
0.00018443555134451184
0.0003939023823638048
9.98344092949124e-05
0.0005128280028593251
0.00010895787728248007
0.00016258723641422135
0.00021934164263403904
0.000119224039758898
0.00029335512628243164
0.00017425473968422643
0.00010607960438221588
0.0005322384956487171
8.515382306900991e-05
0.00012861122252279264
0.0011780012944980678
0.00031641400993326043
0.00031857572203488005
0.00047231155257900105
0.0001498787500342165
0.001341149217867259
9.131678094927585e-05
0.003044154620755183
0.000363036818167143
0.00026780102692013785
0.00031381934034033454
0.0017021905319777686
0.0003793263319291196
9.388437533011051e-05
0.00010751051701646122
0.0003382672631295592
0.00022110277563264534
0.002115224957733891
0.000406825560624382
0.0003382672631295592
0.0005322384956487171
0.0006195188655136
0.0006705746089336295
0.0007578549787985123
7.926868861581641e-05
1.4946058979296743e-05
0.0004960138692038636
0.0002060747564175487
0.0007578549787985123
5.989957185819489e-05
0.00018181214485642918
0.0003870942942659438
0.0002378438396458222
0.0001478799944679943
0.0003475988616715718
0.00018052065705525494
3.1617879419116114e-05
0.0005832942390687465
0.0001831170161891855
0.0008355720279217677
0.0003870942942659438
0.00018576803951184996
0.00012319007311946945
0.0018585565965408004
0.0022735649363955367
0.0003031719622525584
0.0002014391793273399
0.00013833611328491227
0.0001831170161891855
0.0003939023823638048
0.00045680894124397947
4.0061070905085393e-05
0.00032145312947409776
0.0020534858839770216
0.0003121454685320605
0.0002902458582651011
0.0002841346366535131
0.0001671253476182794
0.00013651116892489823
0.00025556626907889256
0.00041686012259216815
0.0008527457520700053
0.00029335512628243164
0.00010188191711964039
0.00025098689326467634
0.0014307110236758051
0.00015820700496663021
0.00011116059741890264
0.00034461559342010726
0.0003319507896305271
0.00040873349933898064
0.0006705746089336295
0.0004960138692038636
0.002682298435734518
0.00031857572203488005
8.82028571905394e-05
6.209570901566571e-05
6.411854700388618e-05
0.0004960138692038636
9.132755739819153e-05
0.00022110277563264534
0.00019431036295925784
1.5985285979386345e-05
0.0001614778111161486
0.0002872115197095299
0.00026031849180668885
0.0007578549787985123
4.787924093099139e-05
0.0002193756885871384
0.00015928786101744003
0.0003715360790236999
0.0001671253476182794
0.00019844096728378557
0.0005832942390687465
0.00045591450760157836
0.0015157099575970245
0.0002965431182515425
0.0007578549787985123
0.0006705746089336295
0.0007578549787985123
0.0006195188655136
0.0005339302596776479
0.00018648057438074407
0.0007578549787985123
0.00021088753166239118
0.00010581505231492133
0.00014619541076165628
7.038966645530092e-05
0.0003744918895744128
0.00014018789602234357
0.00013925860061056873
0.00032145312947409776
0.0003295797527272852
0.0006705746089336295
0.0007578549787985123
0.0007578549787985123
0.00032545089244470757
0.0006705746089336295
0.0001294649136352256
0.0005322384956487171
0.0007578549787985123
0.0003295797527272852
0.00011645526746074554
0.00026237971565154787
0.00013032443203584576
0.0006705746089336295
0.0003939023823638048
0.0007578549787985123
3.591862639931417e-05
0.0001320612727691561
0.005832942390687466
6.617441237395099e-05
0.0022735649363955367
0.0005779517093921337
0.0009920277384077273
0.00019407339800692972
7.021248643040397e-05
0.00021589159238767554
0.0007878047647276096
0.00045591450760157836
0.00035253749295564846
0.0003101692599378931
0.0002813537678718126
0.00011800984222795577
0.00013652880308955148
0.0011488460788381197
0.00019551248746229357
6.72150708324734e-05
0.00044577778014602044
5.814498631337122e-05
0.0006705746089336295
0.00015173053277164783
0.00015293766053966974
0.0004960138692038636
0.00011958384968269575
4.3909487960891016e-05
0.0001694572467935226
5.151614231235522e-05
9.00683573370775e-05
0.00026780102692013785
0.00022288889007301022
0.0006705746089336295
0.00023222048861502276
0.0005322384956487171
0.0006195188655136
0.00013293876033952084
9.91592390082836e-05
0.0003101692599378931
0.00017672381794532518
0.00046791586601219745
0.00042554763299444215
7.642615353491051e-05
6.617441237395099e-05
2.8789234333367098e-05
0.00021646423519482136
0.00015713534780224518
0.0002872115197095299
0.00024441571766712814
5.765974888525694e-05
0.0002652571230907655
0.0003066220124989219
8.575775207692305e-05
0.0001831170161891855
0.00042554763299444215
0.00046791586601219745
0.00035253749295564846
0.0004233723022713206
9.715518147962892e-05
0.00010326565584426925
0.0007578549787985123
0.0005322384956487171
0.0001096878442935692
0.0001065353389751782
0.0005322384956487171
0.0001754832270554223
0.0006705746089336295
0.00015511095820552656
0.00011723015579398035
0.0003428466389437755
8.636459159731847e-05
0.000257919962967608
0.00012861122252279264
0.00015820700496663021
0.00025556626907889256
0.0007578549787985123
0.0007578549787985123
0.0007578549787985123
0.0007578549787985123
8.515382306900991e-05
9.132755739819153e-05
0.0005128280028593251
0.00019407339800692972
0.0003428466389437755
0.00027302233784979647
9.1961911166871e-05
0.00020926274838665955
0.0007578549787985123
0.00041686012259216815
0.00022653897047545166
0.00015397403640464457
0.00023029802445178325
0.0006195188655136
0.00012198237852177661
0.0006705746089336295
0.00013293876033952084
0.0005832942390687465
9.583664632430256e-05
0.00031427069560449036
5.375687919514812e-05
0.00014112410075710685
0.00012861122252279264
6.059962460311138e-05
0.00012608433591849804
4.261356959175405e-05
0.0002487581809810315
0.0003939023823638048
0.0003428466389437755
0.0005322384956487171
5.5261220046176096e-05
4.4780902904273214e-05
0.00022470070488223075
0.000363036818167143
0.0003939023823638048
0.00014018789602234357
0.0004960138692038636
0.0007578549787985123
0.0003121454685320605
0.00022840447062198973
0.00021253355453617796
7.309770538082814e-05
9.069638336099971e-05
0.00026276359692030524
0.00029335512628243164
5.478694846187365e-05
0.0002193756885871384
0.0001478799944679943
0.00032145312947409776
0.00018443555134451184
0.0005832942390687465
0.00019696821415845212
0.00011568511853533525
0.00021088753166239118
0.0009118290152031567
2.4251123129309095e-05
0.00012525318467129505
0.00013032443203584576
0.0007578549787985123
0.00031381934034033454
0.00031381934034033454
9.583664632430256e-05
0.0005128280028593251
0.001166588478137493
0.00010188191711964039
0.00017425473968422643
0.0004449581257838342
0.0003939023823638048
7.530686654933843e-05
0.00041686012259216815
2.5745727700557824e-05
0.0001671253476182794
0.00017425473968422643
0.0007578549787985123
0.0005128280028593251
0.00014206731832675656
0.0001754832270554223
8.100552934912678e-05
6.72150708324734e-05
2.2041961960798803e-05
0.0003436662933059617
0.00010895787728248007
2.9174897595862626e-05
0.00021589159238767554
0.0001912436394423729
0.00011723015579398035
4.521888232591385e-05
0.00019551248746229357
0.0002757564483022601
0.00018181214485642918
4.9246228819028404e-05
0.0003382672631295592
3.6326791932625384e-05
0.0002757564483022601
0.00023817052257982463
0.00018576803951184996
0.0003295797527272852
0.00014018789602234357
0.0001320612727691561
0.00022110277563264534
0.00015928786101744003
0.0005322384956487171
8.39545858447018e-05
0.0002813537678718126
0.00019993114984464698
0.00022653897047545166
0.0005407947721081367
0.0002957599889359886
0.00040873349933898064
0.0006705746089336295
0.000802199420410435
0.0002060747564175487
0.0002532557646801465
3.551177965839274e-05
8.100552934912678e-05
0.0002658775206790417
0.0003475988616715718
6.932255026557417e-05
0.00017672381794532518
0.00023817052257982463
0.00042554763299444215
6.879236440114736e-05
0.0006195188655136
0.00032545089244470757
0.00013560852020812731
0.00046791586601219745
0.0009623655044573755
0.00025241226416971045
7.805063310865551e-05
6.159503655973473e-05
0.00023222048861502276
0.0006195188655136
0.0002965431182515425
5.8632100873539865e-05
0.00027852400930725586
6.617441237395099e-05
0.0007578549787985123
0.00029981392440106086
0.00024229938286240226
0.0001294649136352256
0.0002902458582651011
0.00019993114984464698