0.0009850346751217245
0.0012327745996713673
0.0027587362257349766
0.003609260861870728
0.0026640256812389134
0.019116939437081808
0.0015215110524710062
0.011064083885315011
0.0007454988357351034
0.0006491880231312368
0.012014992328922246
0.0027344496087238967
0.0027340326224457724
0.002505466714424453
0.007646775774832725
0.0045360566109158805
0.008404636083202794
0.006157144107845821
0.001160735662045582
0.0021522802241990373
0.0004821505880712602
0.0009510562280170662
0.0022007167079156798
0.0008600927569949535
0.0033902740005389885
0.008404636083202794
0.0019324906661443632
0.00497394144082855
0.0025559111164770785
0.007819304264977695
0.0030887647170794313
0.006304651873289277
0.00396772286082888
0.004368767656800652
0.0020254120739167355
0.0014320801005882724
0.0022016290830651803
0.000782193982799725
0.0010405504213496467
0.0017139470241348536
0.0009244564660685458
0.0010483604242631612
0.0019324906661443632
0.004683741985935684
0.0014904137969780214
0.002968189565871464
0.008501393314414053
0.0013609521468700017
0.0010411807412011292
0.00040642755692008
0.011877500940263169
0.0016632524952681141
6.253785048438115e-05
0.0008057305811937297
0.01189997344210093
0.007604360499788306
0.008404636083202794
0.005056106548931974
0.0005867461662928677
0.00568727904135631
0.0005260215869990613
0.005189201999601508
0.007404783433936418
0.00014675272607419355
0.0008663972610641752
0.005336332194330367
0.0011528805005908069
0.00302782650560755
0.008404636083202794
0.0010483604242631612
0.0009048339612876651
0.00180309767971913
0.008404636083202794
0.00230294125590234
0.006870484138766581
0.000425720879015319
0.0028086145735750005
0.0008538165878710885
0.0019737679160002223
0.001983297651744884
0.007436693974958482
0.0020307735975450183
0.006177680437946788
0.0005510033852463687
0.0010127060369583677
0.0012410132387858381
0.002533012923393063
0.008404636083202794
0.0003022952672036992
0.005189201999601508
0.00014675272607419355
0.0008289902401380916
0.003802180249894153
0.0003321440889693154
0.0013438654966779274
0.0029987157057893305
0.0017545207721218893
0.004580877775008163
0.0007966774434162995
0.006870484138766581
0.0008289902401380916
0.001565070815148751
0.0017308516414261683
0.001503902849510711
0.0024718449577550232
0.007436693974958482
0.0034617032828523366
0.006468751866714169
0.0016846839563880104
0.003088840218973394
0.0019021124560341324
0.0033249460619268778
0.0008600927569949535
0.0007110767479627121
0.0006394484691487176
0.0015190590554375518
0.0012574953733525643
0.00010383688714184493
0.005056106548931974
0.0001734250702249411
0.0028603406825571704
0.002375500188052634
0.00230294125590234
0.0011529560024847688
0.003088840218973394
0.003609260861870728
0.0019189983362613789
0.002357003953682565
0.004719336933111997
8.763510355084968e-05
0.000581583700969979
0.004448208683272653
0.006468751866714169
0.006870484138766581
1.709256687741193e-05
0.0019461146305921272
0.0001772773355077283
0.0004583604849425423
0.0007454172967884269
0.007436693974958482
0.0004489567774913631
0.0017308516414261683
0.0016960835729946013
0.0031523259366446387
0.0007454172967884269
0.0005014788589777392
0.000581583700969979
0.0017665075004795843
0.0002203688276856757
1.709256687741193e-05
0.00024040425428711447
0.0018792863157262361
0.00010951197832559167
0.0017075770146611547
0.0006448297678289947
0.001523995934002677
0.002001979891265512
0.0022680283054579402
0.003564925541981232
0.0022680283054579402
0.0020751089174345146
0.002533012923393063
0.004153127096920096
0.0009244564660685458
0.0016733766453821033
0.0019189983362613789
0.0033249460619268778
0.001828034865239266
0.0010922314231909625
0.0027344496087238967
0.0020163025325074736
0.0014168988857356755