0.0028362886855564776
0.02260787686282339
0.013734242323573762
0.0068228097602973945
8.733358339436671e-05
0.0003360125751222611
0.00015207957570107173
0.0002435675236546474
9.340514433411233e-05
0.00013441831826829594
0.00012695688493533848
0.0007585716250980171
0.00025180386592402567
0.00017745329756582048
7.289349937209657e-05
0.000997558637542581
0.0003752600519100879
0.0003617413375933018
0.0024158022720998954
3.520254362443054e-05
0.00010121852985411121
0.00013257023508571615
0.002054602022894791
0.0007970101361499563
0.0034489722843723206
7.658624698479223e-05
0.00040907271031719305
4.139482818017629e-05
6.298883929926512e-05
9.555213455552224e-05
0.00035207951913267564
9.000819822896663e-05
0.0004835428107984984
0.00016550342886944476
7.669435939269232e-05
0.00010650623304606016
0.00019538205027227597
0.00013554122819997756
2.3872866415642157e-05
0.0001034829379695387
0.00023420970807600948
3.221265082288854e-05
0.00038311428767476974
0.00028057897422800233
0.0009962626701874456
0.0006664068398477387
0.00019084582906241278
8.596479551588509e-05
0.00018519740595712426
9.218301470208019e-05
0.00022635534401622428
0.0003360125751222611
9.922426003350677e-05
0.00014396165584013476
0.005963359480390749
0.00023396311135307252
0.00034591664855703684
4.0873872032486816e-05
4.0887947564581e-05
0.000404476508888215
0.00032409562393427983
0.0009633179010715968
0.00016354755536372834
8.813802506121245e-05
0.001022887770933905
8.987351808920565e-05
7.391848848112039e-05
0.0009864125053531587
0.0005946295992318005
0.0003040180120110764
0.0001511497123249361
0.0002629585331918164
0.0001365479374563087
0.00033764023356759577
0.0003077518328033155
0.0005129167937117513
0.00010055928801349426
5.793507645755113e-05
0.002068936192876315
0.0006144116292629608
0.00020941027700796693
0.00017020078849950407
2.118388446652891e-05
0.0003192619063956415
4.766871740431055e-05
0.0003090395151926453
0.00018348899470541492
0.0003360125751222611
0.00039456500214126345
0.00028504739518091357
0.00032783012014404964
0.00012739513399199118
7.513279909896637e-05
4.2782935419506575e-05
0.0004408591830788409
0.00013839693032100228
0.013117133261888396
0.0003082040623035154
8.604694044554578e-05
0.00011254674452253193
8.852779988640001e-05
2.803703975228988e-05
0.0006720915913414797
0.000687603662119677
0.00019281378963481583
0.00016876357195167607
0.00012349007688658255
5.7022767255574216e-05
0.0002074613474580369
0.0003360125751222611
0.0009952581378555752
9.281110448545467e-05
0.0002074613474580369
0.00014058244352022154
7.32999669968534e-05
6.341019291299902e-05
4.4330593137796925e-05
0.0004981189846286733
0.00021334352904444582
0.0012827132783141111
0.00017348246186030337
0.00027467805208335346
0.0003360125751222611
0.0003360125751222611
1.4498336503190344e-05
0.0001222630145512913
1.610632541144427e-05
7.947898630110713e-05
9.36266716561253e-05
0.00012474471595190663
9.218905174772158e-05
3.0208187837896936e-05
0.00041398256620888687
7.4098897536373e-05
0.00012474471595190663
0.00020111857602698853
1.7149214138458686e-05
0.00015411601412845496
6.341019291299902e-05
0.0001660396615428911
0.0003360125751222611
0.0001759668070862004
0.00010054790104451665
9.624654670758822e-05
0.00014801951715864674
9.06744829666306e-05
2.753157223229606e-05
9.309302177785044e-05
3.5145610880055386e-05
0.0002687969710192663
0.00027467805208335346
0.00029731479961590026
0.00012682038582599803
0.00024070213806119217
0.00048625101262681625
0.00027467805208335346
0.0005436728951644695
8.216320275768146e-05
0.0006126478105161592
2.3045753675520048e-05
9.857125607347865e-05
0.00014582693205584946
5.376148841302679e-05
0.0004901552083538977
6.215555384767489e-05
0.0001520090060055382
6.628511754285808e-05
5.7022767255574216e-05
0.0001857888621403479
0.0001538615252438481
0.00026335122716296725
0.00033752714390335213
9.013466498514422e-05
0.0004719605531539852
0.0005601074295006489
0.0001442961984884685
4.0873872032486816e-05
0.00013551235880273442
0.00026405963934950674
0.0002518780772962851
0.0003360125751222611
8.118917455154914e-05
0.0002888234188347303
0.00023789867651718578
0.00016876357195167607
3.367225562856805e-05
0.00013842223092518465
6.628511754285808e-05
0.00019854651512641512
0.000784835992757847
2.2028802263995454e-05
0.00021791233576156873
0.0008392086504053699
0.00026013159289063034
0.0023779755675441875
4.5477623587992595e-05
0.00010614185754659295
0.0001376279539576616
5.1633142752553205e-05
0.0004539990762204618
0.0008558411018590392
3.145576848637407e-05
0.0002710824563999551
0.00016084937714980744
0.0005399367292652159
0.0006694791525091344
0.0003360125751222611
0.0004451234322508645
0.00043252092432907784
0.00021725653671581674
0.0001346001758934104
0.0004923182459287955
0.00020926247319899362
0.0001852305875456427
0.0005370432418101326
0.0003360125751222611
0.0001970202001114096
0.0008438178597583803
0.0003126113416130689
0.0005172340482190788
8.118917455154914e-05
8.479230138022165e-05
8.097482388328896e-05
7.618620938502777e-05
0.00029731479961590026
4.405760452799091e-05
0.00020070194242724032
0.00012418448454052888
7.92911132141225e-05
0.000288592396976937
0.0011873579404133637
0.00011556471682520428
0.00025147712452436804
0.00017585819017332312
0.0002469801537731651
0.00036315234988196996
0.0006953389091834519
0.0001813489659332612
0.00034625471586628226
3.8083508909120636e-05
2.2832368615005237e-05
0.0003360125751222611
0.00022737418458179873
8.177377768186417e-05
0.0003360125751222611
0.0002359802765769926
0.00016096079005765217
0.0003360125751222611
0.0003360125751222611
0.0003360125751222611
0.0009632629413111915
0.0003360125751222611
0.00032021750236672285
7.234949529771535e-05
0.0003360125751222611
0.0025985668801607282
0.00011650233266205589
0.00018700375284833197
8.604694044554578e-05
0.0007039150160944598
0.00035567371140192704
0.0001557463159553805
0.0003360125751222611
0.0003973561044340656
0.0002359802765769926
3.3389045215152106e-05
7.835460188885802e-05
0.00010742904891276841
0.0003360125751222611
0.0002586170241095394
0.00010930507077781656
0.00029731479961590026
3.2652826781871866e-05
0.00019728250107063172
9.220727954722919e-05
7.287004718521105e-05
2.3498544380961395e-05
0.00010016713564545633
0.00019728250107063172
0.0003360125751222611
0.00011866653232883728
0.004658347201704739
0.00018159963048818473
0.0005564042903135806
0.0010080377253667832
0.0001465999339937068
0.0002940161171450233
0.00032781495980372906
0.0002550451651482387
0.0003357384878987009
6.469367676781337e-05
0.0003360125751222611
0.0005530980882124812
2.9335453020358785e-05
0.0004828823701729565
0.00017464575353808495
7.835460188885802e-05
0.0003063239052580796
0.00042602493218424066
0.0003903355391856826
0.00012025036282242734
0.0002074613474580369
3.438601972302745e-05
0.002069757462183328
7.43132612666543e-05
0.00019828413191248583
0.00018994229553525368
6.9334357680880174e-06
0.0011836950064237903
0.00021391467709753288
0.0004149226949160738
0.00011873579404133637
0.00013006579644531517
0.00021673475002800487
0.00028323406187414523
0.0004849329829892556
0.0003572509214551975
0.0010080377253667832
0.008443889387050306
5.383243271261626e-06
4.671832106532655e-05
0.00019828413191248583
0.0001461268244191293
0.0003222871467383052
0.0007079408297309778
0.0003360125751222611
0.00022737418458179873
0.0004078439340951723
0.0003171694511285417
0.0003360125751222611
0.00019728250107063172
0.0002199192486031785
6.639465976954435e-05
3.1434151143881615e-05
0.0002586170241095394
0.00015895797260221425
0.0003360125751222611
0.0003360125751222611
0.000439838497206357
0.00016550342886944476
0.000687603662119677
2.7088481900019444e-05
0.0003360125751222611
0.0003360125751222611
0.00016122125918751107
0.00018122147309681763
0.0003932227255933188
0.00010635843855264862
7.444642411065085e-05
0.00011033561924629651
0.0005493561041667069
0.0001099499504952801
7.1594931294459e-05
0.0005784413689044475
0.0009962379692573466
0.0009104605751172063
0.00038606169115169056
0.00023506380566657405
5.027964400674713e-05
8.48832540060841e-05
0.00011435479525328191
0.00022737418458179873
0.0003360125751222611
8.003801853497548e-05
0.00011760789530017358
0.00025437690414066496
6.827020409510439e-05
9.923000829474114e-05
0.0005946295992318005
0.00012618026498781957
0.002199192486031785
0.0003360125751222611
0.00044993590070723096
3.9381126618184377e-05
0.0003360125751222611
0.0003360125751222611
0.00016096079005765217
0.0006720251502445221
0.00012734188603653022
0.00032192158011530434
0.00016190225017912805
0.00016194964776657792
0.0003360125751222611
0.0005544737997764705
0.0005172340482190788
0.0001364328707639778
0.0007384773688931933
0.00011480254200485746
0.0003360125751222611
0.000180459494094835
0.0004701276113331481
0.001594853247568107
0.00013380129495149356
0.00019728250107063172
0.0003360125751222611
0.0001498708641191183
0.00017466084860072025
0.00014616759045877662
0.0003360125751222611
4.337061546507584e-05
7.358903930040417e-05
0.00020214026696462834
0.0003360125751222611
0.00019144108552387014
0.0005564042903135806
8.79834035431002e-05
4.206008832927319e-05
0.0024105913125178026
2.9280389316840224e-05
1.7949036868468172e-05
2.8882341883473028e-05
5.822136406667689e-05
6.0146519530303465e-05
3.463807021351826e-05
4.8632648793999256e-05
0.0002940931250123385
0.00023341367146708505
0.0004926734989810663
5.590241349568064e-05
0.00026909299782975363
6.133452303890763e-05
1.141496527050057e-05
5.669957716200386e-05
2.8644993416026875e-05
0.0007815283540326724
0.0019211032889189343
0.0015782600085650538
0.0014865739980795014
0.0004532449219967094
1.8691359834859918e-05
0.00029731479961590026
0.00022737418458179873
8.931273036379938e-05
5.816606500078343e-05
0.00011928027169979439
0.0001634424914582675
0.00032136680830334934
0.0007640513162191813
0.00019644854526570715
0.0014511870796499148
0.00015560911431139005
0.0007758510723286181
3.438601972302745e-05
0.0008947675262480771
0.00028833984882279485
0.0005325311652303008
0.0013733902604167675
0.0011440974402078725
0.000630140999033605
0.0003360125751222611
0.0006540564949145718
0.00035797465647229503
0.00018122147309681763
0.00023361947393307075
0.00016204781196713992
0.00041256219727180615
6.780845753969932e-05
9.06744829666306e-05
0.0001457400943704221
0.0006559304499137152
4.2782935419506575e-05
0.00024295313958068844
4.486746353856958e-05
0.0005267024543259345
0.00013100674369211646
9.03434200143051e-05
2.8028813168082532e-05
0.00015894244177362622
8.733782912807763e-05
0.00028716162828580524
0.0011887888045218412
0.00013441831826829594
5.372697897761093e-05
0.00022175546544336115
0.0001029603374769525
6.341019291299902e-05
0.00011128085806271613
7.461345499281648e-05
0.0005493561041667069
0.00012431110769534979
2.7868329321052184e-05
0.00016876357195167607
0.0005080815778944869
0.00042668705808889164
0.00013290443729734226
0.00015082185156677498
5.129167937117512e-05
0.0003308781204024596
9.13680209389543e-05
3.591567948645562e-05
0.0003368604444202951
0.00011128085806271613
0.00024615912296439775
0.00010391421064055477
0.000439838497206357
0.0020270915909505194
0.0003360125751222611
0.00012402072908584386
0.00012203726546937109
0.00012349007688658255
4.28548118097056e-05
0.00016096079005765217
5.782831966454374e-05
0.0008039217475232714
0.0004995097732565386
5.7022767255574216e-05
0.00017466084860072025
0.00011728889170657016
0.0005239372606142548
0.0010426868916614295
0.0003320793230857822
0.00023977390011581997
0.00011650233266205589
8.097482388328896e-05
0.00036244294619363525
0.00042698005905298525
0.0006454791184099054
0.0002639502106293006
0.00013654040819020878
0.0004719605531539852
6.966959950764156e-05
0.00010559842298210762
0.000202459819429754
6.298883929926512e-05
0.0001359479780317241
0.00025364077165199606
0.0004270804828584371
9.803104167077951e-05
0.00038606169115169056
0.00012474471595190663
0.0005202631857812607
0.00040571557717654296
0.00010559842298210762
0.0007640345414615853
0.00033320341992386935
9.597443722675651e-05
0.00030775007622705074
0.002359802765769926
6.309013249390979e-05
8.998945487753598e-05
6.100137930828056e-05
0.0008049358039661433
0.000503910714394121
0.00010543683264016615
0.00021240673218007275
0.0001657127938571452
0.0003360125751222611
0.0002076518441681918
0.0002586170241095394
0.0002964688707527236
0.0001940810303034401
0.0005706917362169911
0.0004290055223946488
3.1513611423007e-05
0.00016857101472945852
0.0009515083533856251
0.0003360125751222611
0.0008733042430036013
0.00029731479961590026
0.0002435675236546474
6.337213031239239e-05
0.0004078439340951723
0.00014721030915245618
1.7389809266258622e-05
4.858212758580851e-05
8.974518434234087e-05
0.000101229909714877
0.0005493561041667069
0.0002730718352279826
0.00014785091650317388
0.00018568348235674335
7.358903930040417e-05
0.0003360125751222611
0.0003360125751222611
0.00031407224476998703
0.00015801073629778033
0.0002535032904307205
0.0002786783980305662
0.00014492700298776465
0.0009976658831331974
9.942767631428711e-05
0.0004644721553508697
4.7349164939184906e-05
0.00017464575353808495
0.0004719605531539852
0.0001634424914582675
0.00027531572232296066
3.0971824001280707e-05
0.00021240673218007275
0.00012106234270990509
0.00017464575353808495
0.0003360125751222611
0.00017783685570096352
0.00015489942825765962
4.2782935419506575e-05
2.8428444352282227e-05
1.7518008230051583e-05
0.0005493561041667069
0.0004153036883363836
0.00014801951715864674
0.0002586170241095394
4.077344538045225e-05
2.4501343095418607e-05
0.0030241131761003497
0.0011955152042249346
0.0003696491998509803
0.0010987122083334138
6.645221864867113e-05
4.7349164939184906e-05
8.651389432824041e-05
4.7234912472732954e-05
0.0005493561041667069
0.0013118608998274304
4.0097679686868975e-05
4.578522265161135e-05
0.00011106780664128979
0.0016130198192195512
8.061062959375554e-05
0.0006053117135495255
8.356523904493045e-05
0.0004241621777149944
4.812327335379411e-05
0.00014124793229185003
0.00017106830176672266
0.00015237241877005554
8.822600114862253e-05
0.000149978633569077
0.0007547056363017515
0.0002199192486031785
0.0004989788638076265
8.615200435100659e-05
0.0006224364572455602
9.491787314284419e-05
0.0006268368151108642
0.00017464575353808495
0.00019728250107063172
0.00018867640907543787
0.00018482459992549016
0.00012105078329398999
0.0004440585514759402
0.00011228681480676503
0.00027467805208335346
0.0001520090060055382
0.00015451975759632266
2.5187807729628508e-05
0.0005172340482190788
0.0003360125751222611
0.00029731479961590026
0.00024615912296439775
0.000369569776579669
4.905042304414443e-05
0.0004923182459287955
0.00012266904607781526
0.00011033561924629651
8.15468907609045e-05
0.00011988695005790998
9.803104167077951e-05
0.0001884633576540115
7.782583420056027e-05
0.00016354755536372834
9.13680209389543e-05
6.827020409510439e-05
8.15468907609045e-05
8.998945487753598e-05
0.00021334352904444582
0.0003141154155119504
0.00027467805208335346
0.00045474836916359747
0.00029731479961590026
0.00017728822106033874
0.00012147656979034422
0.0002199192486031785
0.0011029270680081988
0.00022737418458179873
0.0002074613474580369
0.0006577541570644949
6.156244953330825e-05
8.296167544956087e-05
0.00013752073242393538
0.0002199192486031785
8.061062959375554e-05
1.4674731875262294e-05
6.556602402880992e-05
0.0005279004212586012
0.0002639502106293006
0.00026615881326560656
4.7667280266072085e-05
6.133452303890763e-05
2.6648880504192578e-05
0.0004392728382840189
0.00045394211848152633
7.873991662213348e-05
0.00029731479961590026
8.479230138022165e-05
0.00022256171612543226
0.00015237241877005554
9.497114776762684e-05
0.00041485073286474716
0.0003492915070761699
0.00014366271794582247
0.00021301246609212033
0.00013752073242393538
0.00012474471595190663
0.00011228681480676503
0.00010836737501400244
0.00029731479961590026
0.00023201934955050215
2.730958749126174e-05
0.0003360125751222611
9.577857191869243e-05
1.8893714040617012e-05
3.148994164848864e-05
0.0003013239140647253
0.0003360125751222611
2.753157223229606e-05
7.565701974692106e-05
0.00020342537261909796
0.0001559301223808092
8.498279809037654e-05
7.931365276499432e-05
3.983679586172661e-05
0.00013828357762158238
3.185071151850741e-05
0.0004961500414737058
0.0004491472592270601
9.991668532918111e-05
0.00046600933064822357
6.919846516050114e-05
0.00010650623304606016
0.00029567395392448155
1.4529689118639698e-05
6.628511754285808e-05
0.00045474836916359747
3.695924424056019e-05
6.81231200541447e-05
0.0002658589086667332
3.965682638249716e-05
0.00040938675005725635
0.001199829068552616
0.00010322782793591866
0.00022539839729689913
0.0001359479780317241
0.0001038259220840959
8.061062959375554e-05
3.1686065156196195e-05
0.00013913908019460265
6.053321016272824e-05
0.0003088810124308575
0.002889161743543592
0.00015209075043748946
0.000439838497206357
0.00027467805208335346
2.980135998215719e-05
6.241778110408354e-05
8.792909508666156e-05
0.000278433313456364
0.004042805339292567
0.00010930507077781656
0.000252056399613442
0.0002163348623327459
0.0002883472828860519
0.0004328885954654055
0.0003163104979204985
0.0005317178173334664
0.00027221373165302597
0.00012316837474526658
0.0009439211063079704
0.0003704611750912854
8.940407994647156e-05
0.000126028199806721
0.00013752073242393538
0.0001700374465503298
6.174352918188091e-05
0.00013096569684380475
0.0001141496527050057
0.00014252369759045678
0.0005062907158550282
0.00018482459992549016
0.0004719605531539852
0.0003360125751222611
0.00011556471682520428
0.0004903274743748025
0.00011326476504628429
0.000326884982916535
4.127098131611557e-05
0.0003360125751222611
6.082914736064827e-05
0.00012483556220816707
5.7022767255574216e-05
0.0014785967994039213
0.00023083647724418818
0.0016255106252100365
0.00023521579060034717
7.1594931294459e-05
0.0003360125751222611
0.00014801951715864674
0.0003360125751222611
0.00011541823862209409
0.00018867640907543787
0.00011228681480676503
0.0003360125751222611
8.733042430036012e-05
0.0005436644192904529
0.0001634424914582675
0.00010044130468824178
0.00011228681480676503
0.00020941027700796693
0.00012734188603653022
0.0007306341220956465
0.0008048039502882609
0.0002404672555400011
0.0002199192486031785
0.00013526283124125062
0.0007126184879522839
0.00029731479961590026
2.5564786464230774e-05
0.0002718959560634482
0.00011128085806271613
0.00012106234270990509
0.00016096079005765217
0.0002573744607677937
0.0003310068577388895
0.0003040180120110764
0.00023420970807600948
0.0001980220889928678
0.0009094967383271949
8.118917455154914e-05
0.00017067551023776097
0.0002453380921556305
0.00015782023958762546
5.480410091780513e-05
0.00025468377207306045
0.00010650623304606016
0.000815087872900103
8.604694044554578e-05
9.350187642416599e-05
0.00027467805208335346
5.372697897761093e-05
0.00010044130468824178
0.00024615912296439775
0.0003360125751222611
0.00029731479961590026
0.0003360125751222611
0.0002960390343172935
0.0005437919121268964
5.725374871872383e-05
0.000149978633569077
0.00013454649891487681
0.00027467805208335346
3.8833778226033534e-05
0.0003360125751222611
0.00020214026696462834
0.00016996559618075307
7.308379522938831e-05
0.0002359802765769926
0.0003360125751222611
0.00045474836916359747
0.00015411601412845496
7.835460188885802e-05
0.0005717739762664096
0.00027467805208335346
0.00015630567080653445
0.00015411601412845496
9.13680209389543e-05
8.931273036379938e-05
0.00018414056577596805
0.00021774924766906578
0.00023521579060034717
0.00024615912296439775
0.0003360125751222611
6.0928491512383674e-05
0.00011128085806271613
0.0002199192486031785
0.0006720251502445221
0.00015285687530357226
0.0006664068398477387
7.4098897536373e-05
0.00041533286315093053
0.000278344473268642
0.0003360125751222611
0.0003360125751222611
8.650860964261301e-05
0.00027467805208335346
0.00032192158011530434
0.00031788488354725245
0.0002359802765769926
0.0003134184075554321
0.0002399360930668913
0.0002586170241095394
0.0006400305871333375
0.004053527051844471
0.00018157617494098498
0.00034133979403497825
0.00011760789530017358
0.00014616759045877662
0.00010126841742836388
0.0002074613474580369
7.565701974692106e-05
0.00017728822106033874
0.0005918475032118952
0.0003013239140647253
0.00018562220897090935
2.9110682033338444e-05
0.0001060405444287486
0.00040411624406993537
0.00035599959698651184
0.0004859062791613769
5.894148147718311e-05
0.0003195186991381805
0.0005064603503513936
0.00013441831826829594
6.167154362665073e-05
0.00018122147309681763
5.933326616441864e-05
0.0003360125751222611
0.00022737418458179873
0.00020214026696462834
0.00011435479525328191
0.00027504146484787077
0.00015411601412845496
0.0002564583968558756
0.00029731479961590026
0.00023333747929008626
7.040508724886108e-05
0.00043964547543330786
0.00020653257101021282
0.00017783685570096352
0.0002079068298410789
0.00037293332308604933
0.000149978633569077
2.325138591099929e-05
0.0004903274743748025
0.0004981313350937228
0.00018867640907543787
0.0001038259220840959
0.00010055928801349426
9.857125607347865e-05
7.110733789978885e-05
1.832499174921335e-05
0.00017464575353808495
9.095524717598519e-05
6.012518141121367e-05
0.0003360125751222611
0.00010470513850398346
0.00022539839729689913
0.00012827494224449345
8.236456720354422e-05
0.00010398360504581
0.0010667176452222292
0.00011336228424370207
0.00022737418458179873
0.0006400305871333375
6.645221864867113e-05
0.00034591664855703684
7.821356329866831e-05
0.0005339993954797678
0.00017083219314337482
0.00015026559819793274
0.00042971619565107365
0.00010888549266121037
0.00017799979849325592
0.00021861014155563312
0.000252056399613442
0.00019885535262857421
0.00046750938212083
0.0003360125751222611
7.672046311573323e-05
0.00021119684596421524
0.00012431110769534979
3.438601972302745e-05
0.0003360125751222611
0.0003785860090823053
0.00018501259749961914
0.0002586170241095394
0.0002854141176631658
0.000101229909714877
4.640555224272734e-05
0.0002586170241095394
0.0016309932578713587
0.00020941027700796693
0.00020253683485672776
0.00025814082133663734
0.0003013239140647253
0.0001722038130072862
0.00017445631897021658
6.0146519530303465e-05
0.0003038052522850916
1.3798276060058763e-05
6.690064747574678e-05
0.00016096079005765217
0.00013279169982960003
0.0004610413949613414
0.00012868723038389685
0.0002074613474580369
0.00017783685570096352
0.00021485809782553682
0.00028716162828580524
4.396454754333078e-05
1.3798276060058763e-05
2.883367646868207e-05
0.00019764591383514905
4.7667280266072085e-05
2.933995992772297e-05
0.00013355618086060842
0.00046167295448837635
0.0008434550705052996
0.000439838497206357
9.882295691757453e-05
0.00014028948711400117
0.0001365359176139913
0.00012734188603653022
0.00019966947194728133
6.257064192200303e-05
0.00013106356764672496
6.433470677051674e-05
0.00011788296295436622
0.0002435675236546474
8.118917455154914e-05
0.0003360125751222611
7.733978318350072e-05
0.00017150940166793025
0.00014516616511271052
4.396454754333078e-05
0.0003696491998509803
0.00016007603706995097
4.486746353856958e-05
3.0058406942500137e-05
0.00045602701801661464
0.0001461268244191293
0.0001520090060055382
7.565701974692106e-05
2.6648880504192578e-05
4.517171000715255e-05
7.725987879816133e-05
7.565701974692106e-05
7.110733789978885e-05
0.00014015496319597965
0.00029731479961590026
0.00017783685570096352
0.00015858472556427085
0.0002359802765769926
9.803104167077951e-05
0.00011331123049917735
0.00019764591383514905
0.00016650325775217955
0.00012349007688658255
5.372697897761093e-05
0.00012106234270990509
4.134024302861462e-05
7.413725221991444e-05
0.00012106234270990509
0.000439838497206357
0.00021334352904444582
0.00029731479961590026
0.0001671304780898609
0.00029731479961590026
0.0001461268244191293
0.00018867640907543787
0.00020214026696462834
0.00021332201369936654
0.0002688366365365919
7.669435939269232e-05
0.00015630567080653445
0.00014717807860080835
0.00017957839743227812
0.0001716272298397275
0.00014801951715864674
0.0006434361519194843
7.444642411065085e-05
0.00010882018708743297
0.0003390422876984966
0.00010210796841935987
4.0014832989736934e-05
0.00043665212150180064
0.000288592396976937
0.00024615912296439775
0.00020205812203496768
0.00013441831826829594
0.0002074613474580369
7.780455715569502e-05
0.0004965102866083343
0.0001660396615428911
0.00010126841742836388
0.00040594587275774574
0.0001716272298397275
0.00012402072908584386
0.000153678799245382
0.003949468279706192
7.208682072151298e-05
0.0002718959560634482
0.0004923182459287955
0.004890503760820167
0.0014252369759045677
0.0003360125751222611
0.00011556471682520428
0.00011556471682520428
4.077344538045225e-05
0.0006073794582892619
0.000617762024861715
3.2409562393427985e-05
9.13680209389543e-05
0.00029731479961590026
7.835460188885802e-05
0.0002199192486031785
9.218905174772158e-05
0.00013561691507939865
0.00027621084866395203
0.0003126113416130689
0.00022870959050656382
6.512814657773503e-05
0.0002199192486031785
0.0001461268244191293
6.337213031239239e-05
0.0001520090060055382
4.486746353856958e-05
0.00011760789530017358
0.0002359802765769926
0.00011541823862209409
2.080030730426405e-05
0.00016122125918751107
0.00017728822106033874
3.829174397983692e-05
6.147151969815279e-05
0.00018197130883016753
0.00016472913440708845
0.0013328136796954774
0.00011710485403800474
0.00019728250107063172
6.174352918188091e-05
4.0878509285913094e-05
1.6836127814284024e-05
8.541609657168741e-05
8.382570817478935e-05
0.0001722038130072862
0.00020253683485672776
0.00011650233266205589
6.383475076749002e-05
0.0002074613474580369
1.9276106554847912e-05
0.00010742904891276841
6.0525391646994994e-05
9.281110448545467e-05
0.00029887880105623364
0.00014015496319597965
0.0005399367292652159
0.00010470513850398346
9.962626701874454e-05
9.9892670047617e-05
0.00011788296295436622
0.0003360125751222611
0.00016096079005765217
9.12437210409724e-05
0.00029731479961590026
0.00027467805208335346
0.00029731479961590026
0.00023977390011581997
5.590241349568064e-05
0.0002199192486031785
0.00014028948711400117
0.00027467805208335346
0.00020088260937648356
0.00015560911431139005
0.00024212468541981018
3.249748558995883e-05
4.3666791697183355e-05
0.00014252369759045678
0.0001884633576540115
0.0001716272298397275
3.2409562393427985e-05
7.258308255635526e-05
3.6174747648857676e-05
1.5800316110909765e-05
8.118917455154914e-05
0.00017464575353808495
9.13680209389543e-05
0.00011404553451114843
8.479230138022165e-05
0.00017209388089109155
4.1912854087394675e-05
0.00014080574392572073
8.356523904493045e-05
4.928562803673933e-05
1.3451510418429916e-05
0.00013441831826829594
9.13680209389543e-05
5.197670746026973e-05
6.298883929926512e-05
0.0002898540059755293
0.0038562757926963167
4.337061546507584e-05
9.942767631428711e-05
0.00013561691507939865
7.513279909896637e-05
0.00024615912296439775
0.00027467805208335346
8.192876247378522e-05
0.00010470513850398346
0.00023112943365040855
0.0005172340482190788
0.0001222630145512913
7.110733789978885e-05
7.4098897536373e-05
0.0003360125751222611
3.7754921682094766e-05
4.7349164939184906e-05
8.479230138022165e-05
0.0002573744607677937
0.00024615912296439775
0.00019281378963481583
0.00015451975759632266
7.358903930040417e-05
9.962626701874454e-05
0.0003360125751222611
7.358903930040417e-05
0.0001329294543333666
5.441009354371648e-05
0.0003360125751222611
0.000299957267138154
0.0001980220889928678
6.0066995800093355e-05
0.001008225598453768
6.512814657773503e-05
7.062396614592501e-05
4.928562803673933e-05
1.9084582906241276e-05
0.0002586170241095394
0.00029731479961590026
0.0003360125751222611
0.00045474836916359747
0.0003360125751222611
0.0003360125751222611
6.190647197417335e-05
7.891011979381273e-05
6.0928491512383674e-05
0.00027467805208335346
6.0928491512383674e-05
7.618620938502777e-05
0.0002718959560634482
4.6327474001545044e-05
2.024370597082224e-05
0.0001365359176139913
0.00018482459992549016
0.00021334352904444582
6.556602402880992e-05
0.0001359479780317241
5.553390332064489e-05
0.00012474471595190663
0.0002984538199712659
0.00013561691507939865
6.174352918188091e-05
0.00013752073242393538
0.00024212468541981018
9.962626701874454e-05
0.0005849566733145132
2.6903020836859832e-05
0.001024993158860249
0.00029731479961590026
0.0004042805339292567
8.733042430036012e-05
0.00028504739518091357
0.00013735566795483405
0.0002718959560634482
3.2897155788098134e-05
0.00023341367146708505
0.00015209075043748946
0.00012868723038389685
0.0001520090060055382
0.00016592335089912175
0.00027467805208335346
0.0003360125751222611
6.341019291299902e-05
8.382570817478935e-05
0.0001634424914582675
0.00011541823862209409
7.110733789978885e-05
0.0002940931250123385
0.00020214026696462834
0.0001660396615428911
0.00017464575353808495
8.615200435100659e-05
0.0002074613474580369
7.131561589601225e-05
9.803104167077951e-05
9.572054276193507e-05
0.0002074613474580369
0.0003126113416130689
0.0002573744607677937
0.0003360125751222611
0.00015670920377771605
0.00013441831826829594
6.469367676781337e-05
0.00029731479961590026
4.1625814438044887e-05
0.0001222630145512913
0.00015411601412845496
0.00015630567080653445
0.00016770724048704194
0.0004174172405838079
0.000148197795072746
0.0001660396615428911
0.00011404553451114843
5.1633142752553205e-05
8.479230138022165e-05
6.873127340640754e-05
9.497114776762684e-05
0.00016882011678379788
0.00016876357195167607
0.00014801951715864674
3.2897155788098134e-05
0.0003360125751222611
0.00017862546072759875
4.928562803673933e-05
0.00039456500214126345
9.207028288798402e-05
0.00024948943190381326
0.00013257023508571615
0.0003809310469251389
0.00023300466532411178
0.00016472913440708845
0.0001046447990343796
4.5477623587992595e-05
5.855242701900237e-05
0.00010126841742836388
5.0952291767857415e-05
0.0003360125751222611
4.8309000995921554e-05
0.0002199192486031785
0.0001744981950023503
0.0003114777662522877
8.733042430036012e-05
0.00010674501476324631
0.0001285251239411833
0.0006720251502445221
0.00029731479961590026
0.0003360125751222611
0.0003360125751222611
0.00016237834910309829
0.00012474471595190663
0.00010044130468824178
2.5136975261129163e-05
5.816606500078343e-05
0.00010044130468824178
0.0003360125751222611
0.0003360125751222611
0.0003360125751222611
0.00017783685570096352
0.00016876357195167607
0.0006720251502445221
0.00010836737501400244
0.0001029603374769525
6.780845753969932e-05
9.06744829666306e-05
0.00015630567080653445
0.0001329294543333666
0.0004224172317771622
0.0002782781603892053
0.00029731479961590026
4.609452587386079e-05
6.512814657773503e-05
2.1030044164636595e-05
0.00033993369149753203
0.000439838497206357
0.00016660170996193467
0.00013441831826829594
0.00018482459992549016
0.00010932174165228588
4.640555224272734e-05
0.00020214026696462834
7.725987879816133e-05
4.3666791697183355e-05
0.00025468377207306045
9.9892670047617e-05
0.00018414056577596805
0.0002359802765769926
0.00011228681480676503
0.0002445260291025826
0.00027467805208335346
0.0003360125751222611
0.0001461268244191293
0.0003360125751222611
0.00011650233266205589
0.0003360125751222611
0.00011650233266205589
0.00013752073242393538
0.00012474471595190663
0.0001716272298397275
0.0001314792665959082
0.00017862546072759875
0.000149978633569077
6.012518141121367e-05
4.220137715237118e-05
8.931273036379938e-05
0.0004149226949160738
0.00012868723038389685
3.460555773129616e-05
0.0001520090060055382
0.00015630567080653445
0.0001314792665959082
5.129167937117512e-05
8.998945487753598e-05
0.00012165829472129654
0.0002586170241095394
3.120889055204177e-05
8.733042430036012e-05
9.803104167077951e-05
0.00013913908019460265
0.0010080377253667832
0.00019728250107063172
0.00029731479961590026
3.1446968050639714e-05
0.00013470541468997847
0.0003360125751222611
0.0003360125751222611
0.0001716272298397275
7.618620938502777e-05
0.0001029603374769525
0.0003360125751222611
0.00010470513850398346
0.00017464575353808495
9.533456053214417e-05
0.00010044130468824178
5.590241349568064e-05
2.730958749126174e-05
0.00014252369759045678
3.965682638249716e-05
0.00027467805208335346
0.00019728250107063172
0.00019281378963481583
0.00010650623304606016
0.00011435479525328191
4.486746353856958e-05
7.258308255635526e-05
0.0002658589086667332
9.06744829666306e-05
9.207028288798402e-05
0.00010126841742836388
4.831897623433281e-05
9.350187642416599e-05
0.0001716272298397275
2.730958749126174e-05
0.00021334352904444582
9.497114776762684e-05
9.882295691757453e-05
0.00011435479525328191
0.00010742904891276841
1.397246992623258e-05
0.00012349007688658255
7.835460188885802e-05
0.00016096079005765217
0.00010742904891276841
0.0003360125751222611
0.0002074613474580369
9.207028288798402e-05
4.378226669142436e-06
6.100137930828056e-05
0.00011988695005790998
0.00017464575353808495
0.00010742904891276841
0.0001634424914582675
0.0001716272298397275
0.000199785340095234
0.0001634424914582675
0.0010518341327672657
0.00014801951715864674
0.00019728250107063172
0.00045741918101312764
0.00011435479525328191
9.772814860881228e-06
5.627337226126596e-05
2.5350471080831495e-05
4.5477623587992595e-05
8.604694044554578e-05
0.00020941027700796693
0.00041882055401593386
0.0005115865666057183
0.0001716272298397275
0.00014080574392572073
8.479230138022165e-05
0.00015411601412845496
0.000439838497206357
0.00019728250107063172
0.0002586170241095394
2.8996673006380688e-05
9.13680209389543e-05
0.00027467805208335346
9.06744829666306e-05
4.077344538045225e-05
5.027964400674713e-05
6.215555384767489e-05
6.426256197059165e-05
0.0002074613474580369
0.0001442961984884685
6.780845753969932e-05
2.2840876055445836e-05
0.00012106234270990509
8.061062959375554e-05
0.0002359802765769926
0.00011128085806271613
0.00016835079818870694
0.0001634424914582675
0.00023083647724418818
0.00016354755536372834
0.000288592396976937
0.00012431110769534979
0.0003492915070761699
0.0005946295992318005
5.480410091780513e-05
0.0003360125751222611
6.298883929926512e-05
0.0001759668070862004
0.0004923182459287955
0.0003360125751222611
1.574497082424432e-05
5.972781967099746e-05
0.00010745395795522186
0.00027467805208335346
0.00029731479961590026
8.118917455154914e-05
4.021234428745186e-05
0.0003360125751222611
4.0492189930114745e-05
7.780455715569502e-05
5.0952291767857415e-05
0.0003360125751222611
0.0005335105671028905
5.1633142752553205e-05
9.497114776762684e-05
0.00024615912296439775
9.497114776762684e-05
0.0001029603374769525
0.0006720251502445221
0.00013913908019460265
9.278149108954734e-05
0.00015344092623146647
0.0002074613474580369
0.0003360125751222611
3.748843387866691e-05
8.733042430036012e-05
6.966959950764156e-05
0.00011331123049917735
0.00024615912296439775
7.308379522938831e-05
9.725020252536324e-05
3.050068965414028e-05
6.426256197059165e-05
7.308379522938831e-05
0.00019606208334155902
0.0005172340482190788
0.00010559842298210762
4.7667280266072085e-05
9.962626701874454e-05
7.461345499281648e-05
0.0002199192486031785
3.185071151850741e-05
0.00011128085806271613
0.0001314792665959082
5.740127100242873e-05
0.0001359479780317241
0.00012474471595190663
2.3664936608003752e-05
0.00015858472556427085
0.0001329294543333666
9.725020252536324e-05
2.82028719693859e-05
8.604694044554578e-05
0.0003360125751222611
1.2593903864814254e-05
3.050068965414028e-05
9.803104167077951e-05
0.0001660396615428911
0.0003360125751222611
0.0003360125751222611
0.00016592335089912175
0.0003360125751222611
0.0001314792665959082
0.00012349007688658255
0.00012349007688658255
5.855242701900237e-05
0.00029731479961590026
8.79834035431002e-05
8.541609657168741e-05