0.0010570482086274962
0.0004134061898833246
0.000370052605651748
0.00024207033168897917
0.0007699518452535662
0.002266494640700171
0.0014433160228388502
0.01212476108330868
0.00047894591915720525
0.006983253778978038
0.006103062434718352
0.02144725221632948
0.00465274769499195
0.0001646216223454217
0.0030041047214446554
0.000576857553214213
0.00044113746596919127
0.010665630835083359
3.3350630204611475e-05
0.0008677083590891123
0.004772395974990117
0.0011273848703368854
0.0003286689750306421
0.002992639844138997
0.00035325134765794286
6.156183274473397e-05
0.0007817741175571558
0.0025933713607748025
0.0022486910028997878
0.009283047768324854
0.007996067558014196
6.233562900969447e-05
0.00019184083508200992
0.00017715120387703584
0.0004607980520069887
0.0008755694169261976
0.0006144118664897729
7.226401141324998e-05
0.00047659584308206094
0.0004028137240782236
0.009164295208760078
0.0009384456502975128
0.0006173662989687243
0.0018498115420500151
0.0002951065521781996
0.0001698226154134199
0.00010019898840213267
0.00013917594852752514
0.0002660406685711587
4.969116312338787e-05
6.20025794581233e-05
0.00022769139164050665
0.0027647883120419325
0.0003056157521316351
0.00019907417618848937
0.00011476365918041095
0.0006545925149114342
0.0016061172831166007
0.0007441311417899842
0.0002902016961491626
0.00010999312075050946
2.5220475000054432e-05
0.001002794131298875
0.0002017031249564016
0.0007378701034652256
0.0006408836735894988
0.0046079805200698876
0.0001698872156944668
0.006271895879454417
0.00017735765069158474
0.0018534778449487885
0.004151824538423902
8.109883812840238e-05
7.577975677067925e-05
0.004264960802835322
0.00010565462845960452
6.0744684031066727e-05
1.2148936806213345e-05
0.0014963199220694985
0.0002700267383779332
0.0009334200936703351
0.00040752845912536435
0.00033739516991890093
0.00025473392312012986
0.001889718148799968
0.0004927915179865197
0.0011273848703368854
0.00033095979638310207
0.0017275241159239684
7.123907320276756e-05
0.00012604227823827032
0.00021679203423974995
0.00013917594852752514
0.0015347266806560794
0.0027647883120419325
0.002992639844138997
0.000992134810850282
0.0010874012760771028
0.0006782183035229001
0.000997546614712999
0.000997546614712999
0.0009215961040139774
0.0009215961040139774
0.0011273848703368854
7.961679266532078e-05
0.0008350556911651508
5.223194721983034e-05
0.00047819359221745234
0.0020716612208339993
0.0006330445487159073
0.0002637761100559913
0.00020307397956522495
0.0002353486996462832
0.00406546599986735
4.6525940772013534e-05
3.9296467284140626e-05
0.00024329651438520714
0.00020942329920580797
0.00020375262588419476
0.00015674868215103524
0.000596675825101486
2.3510474189617643e-05
0.00016185442349700524
2.314789507681629e-05
0.00016536247595332984
1.6049393181852824e-05
0.00015932295848271926
0.001691077305505328
0.00018066710088395158
0.0024938665367824973
0.0001240051589162466
0.0008259097768126161
0.00042550605190443765
0.00020993617576504705
0.0012780947224630818
0.001691077305505328
0.0028184621758422135
0.00016713235521647915
0.00025160314654601034
2.6506503995420972e-05
0.0001475092582875006
0.0006690046745261542
0.0001580824303634414
3.998435978953329e-05
0.0002879206859873281
0.00014435176832562014
9.142631026977641e-05
0.00016314628540970469
9.538273392986994e-05
0.0002622173416441733
0.0001381742437516434
3.428875606373927e-05
0.002072613656274651
8.604657619762158e-05
0.00010884469609821328
0.00012511210275978978
5.559973359563219e-05
2.7936593169998557e-05
4.7949010417320867e-05
0.0002459350628719097
0.00017209315239524316
0.0002718503190192757
4.874981740517498e-05
0.00011812138686132436
7.526935494210324e-05
0.00015464560521187876
0.00014111944236075744
0.0012255856013657902
9.503031129260191e-05
0.00020467100696101552
7.601557899212862e-05
0.00043385417954455615
0.0002831166327824214
0.00013888737046089772
3.461796028230138e-05
0.0005636924351684427
2.6716269668154966e-05
0.0005244346832883466
0.0001478214818301666
1.612372721226927e-05
8.450979354271304e-05
0.00016713235521647915
0.00010711832520386866
0.0002136278911964996
0.000676497798884456
0.0004607980520069887
0.00027419002394950677
5.810859352834991e-05
0.0011273848703368854
0.0010988267390955012
0.002750961273387314
0.0020284777472821575
0.002280727471022446
5.5188047201987355e-05
0.0002435297818442474
0.0005636924351684427
0.0024711720523377845
5.343253933630993e-05
0.00015327837715853473
0.0004607980520069887
0.001144324206509691
0.0001568581187629043
0.00041295488840630804
0.00016713235521647915
0.00012345247718737202
0.002254769740673771
0.00011452963503468127
0.0001371831392251933
0.0002803769655080931
0.00030868314948436214
0.002264428318914093
0.0028315261196248335
0.0008884519508904663
6.935211354746456e-05
0.0005636924351684427
0.00023341878473879965
0.00014018848275404656
0.0007875283097787604
0.0002797927725117843
0.0006549919219620488
0.0013974495382724711
2.6910426527148614e-05
0.0001305244015773456
0.0007389949204323448
0.0002353486996462832
7.548203104267862e-05
9.844103872234505e-05
8.604657619762158e-05
0.00021819750497047806
0.0006330445487159073
0.00023217375910439438
3.919562436795754e-05
0.00025854398833410636
0.00017565263584698888
0.0004987733073564995
0.00017589708737957702
0.00028658693777492187
0.0008259097768126161
0.0008259097768126161
0.00039587892419504537
0.00013523184981881052
7.996630864562752e-05
0.00017417766829678285
0.00044113746596919127
0.00014435176832562014
0.00010153698978261248
0.000997546614712999
0.000997546614712999
3.6629338623426565e-05
0.00046140771081552444
0.00029702728286232726
6.840125762659868e-05
0.00036044449924193465
0.0005332815417541679
0.001899133646147722
0.0002136278911964996
0.00014159349271869546
6.68299406962198e-05
0.00024831654603776427
0.00013680251525319736
0.0034914131514954963
0.00025854398833410636
0.00014870876338455628
0.00010204656832402047
0.0007966147924135963
0.0005636924351684427
0.00018026403686298702
7.732786645951328e-05
0.00033699931385371265
0.0015526573437563557
0.00019842696217005644
6.983118622246089e-05
0.00037035743156211605
0.0022085338040280685
0.00020510761056598988
6.699283253301278e-05
0.0003891569882538458
0.00020510761056598988
0.0002660406685711587
9.69352956850619e-05
0.0006619195927662041
0.00021077828436461018
0.0001217648909221237
0.0002776474386835046
0.0009015774761170392
0.0004205654482621397
6.889814204518425e-05
0.0004056955494564315
5.343253933630993e-05
0.0008796293951019025
0.0004499510488916987
0.0006688787692922313
3.1695967548406236e-05
0.0002675241594390778
0.0004528971120286947
0.0001743915494213665
0.0038783928631596584
0.000555078908477622
3.6446810418640036e-05
0.000970389348438149
0.00038018031574427457
0.00045634470756787974
0.00022056873298459563
0.00023070385540776222
7.425682071558181e-05
6.887547891189912e-05
0.00018146095472141799
0.00026611210043514814
0.00013301823801868857
0.0011273848703368854
0.0002578105195880583
0.000259221305659218
0.00030401592392066945
6.244541008806912e-05
4.7034749241549056e-05
5.8054050806933974e-05
0.00017688012100665356
4.354053810520048e-05
0.00039459642766445993
7.890199601342734e-05
0.00019362486052216304
0.0001063126594134355
0.000103580529114913
7.784964220318654e-05
0.0002136278911964996
0.00012010717501393068
0.00015564960517265233
0.0008069247982710048
0.002254769740673771
0.00020000011896796822
0.0001478921386997478
9.237356066207939e-05
6.792942537553646e-05
0.00033095979638310207
0.00025160314654601034
0.0003557121332309211
0.00025387526517999946
0.00041295488840630804
0.00015602547423046234
0.0002785470190084429
0.0001345351952918498
0.00013620241294727212
9.953708809424469e-05
0.00021167916354113616
0.000236214768599996
0.000637291833930877
0.00016536247595332984
8.577462752005658e-05
0.00025208455647654065
5.8288994003345733e-05
0.0005100185713681612
0.00014870876338455628
0.0005636924351684427
0.00035790366884553464
0.0001664675942473132
0.00026157678014748266
0.0007491041741129094
0.0003735677541982506
0.000498130099818648
9.855249985955288e-05
0.00046386582620650446
0.000555078908477622
0.00028242416629500785
0.00030401592392066945
0.0016736775727610833
0.000735424132298732
0.000207161058229826
0.00021679203423974995
8.941196525430841e-05
0.000388831958488827
0.00039587892419504537
0.0004987733073564995
0.000735424132298732
0.00020716612208339995
0.00012604227823827032
0.00043385417954455615
0.00022300155817538473
0.00020716612208339995
0.000230606243618048
0.0008259097768126161
0.00035130527169397775
0.00024690495437474405
0.00012650886169268306
0.00038368167016401985
6.156183274473397e-05
0.0006408836735894988
3.3350630204611475e-05
3.0111183480658598e-05
7.37546291437503e-05
4.4339899985062634e-05
0.0001574104444400102
3.831769998604985e-05
3.526571128442646e-05
0.00020716612208339995
0.0002929845410335913
6.859334572026646e-05
0.00048195817186934574
0.00013425722916849843
0.0005406667488629019
0.0003052738433016763
0.00034545113876782984
7.275825268553483e-05
0.0005636924351684427
4.194365214716959e-05
0.00014307410089480491
0.00035790366884553464
0.0005483800478990135
0.000981319379278326
0.0005758413719746562
0.0002929845410335913
0.0011273848703368854
0.00012296753143595484
6.832510398360407e-05
0.00031174874130596847
0.0004911357879888069
5.315632970671775e-05
0.00019681582129620686
0.0004607980520069887
0.0008677083590891123
0.00010764170610859445
0.00015932295848271926
0.00021443656880014146
5.753881250078503e-05
0.0005320813371423174
4.629579015363258e-05
0.0001657847275958189
0.0014963199220694985
0.0002418647308141684
0.00018022224962096733
0.0003435776050633723
0.0001642638393288399
0.0024938665367824973
0.0006435286635510986
0.00018837160499931532
0.0005244346832883466
0.0002668393557616677
0.00023695658082775533
0.0005360224197963998
0.00028134453822486506
0.0009655327591732615
0.00035790366884553464
6.792140985422738e-05
0.0002929845410335913
8.604657619762158e-05
0.00033910915176145007
0.0002244641521301851
8.434879247972523e-05
0.0009215961040139774
0.000103580529114913
0.0007917578483900907
0.00022300155817538473
6.944368523044886e-05
0.0006323297214537656
0.0014316146753821386
9.757899927562956e-05
0.0004607980520069887
0.00019907417618848937
0.00040620042428799916
0.00030401592392066945
0.0004902827548658213
0.0002905429676417495
0.0002011215407592154
5.286702248427247e-05
0.0003122270504403456
0.00016185442349700524
0.00011608687955219719
0.000128202685181993
0.00019534353723298662
0.0002831166327824214
0.00013491991641668668
0.0001580824303634414
0.000236214768599996
0.0011273848703368854
0.0005032062930920207
0.0003322656768308028
0.0005636924351684427
0.0002660406685711587
0.00032346311614604966
7.996630864562752e-05
0.0004987733073564995
0.00013917594852752514
0.00035790366884553464
0.00012517103006019396
0.00023413339750171487
0.0002908058870551857
0.0001786741399321333
0.00018837160499931532
0.0022156559205056756
3.957748917222944e-05
0.00018445129715393227
0.000310060505244854
0.00021093816602060157
0.00021819750497047806
0.00014121208314750393
0.0002637761100559913
0.00021998624150101892
0.00035790366884553464
7.732786645951328e-05
0.00030401592392066945
0.00015232515910799967
0.0011876367725851362
0.0005257886116829213
0.00016311019141156542
0.00020237987462503
0.0002946814727932841
0.0003637068648569632
0.001691077305505328
0.00039587892419504537
6.333740258033538e-05
0.00026664077087708396
9.69352956850619e-05
0.0005437006380385514
0.00018029597175426453
0.00022887886600668172
0.00010289438316145406
6.423797205502511e-05
0.00017816605236454453
0.0002353486996462832
0.00019544352938928895
0.0017769039017809325
0.0003299793622515284
0.0008003407795408831
9.013201843149351e-05
7.275825268553483e-05
0.0003149042636475706
0.00017154925504011317
0.0001782131751899195
2.314789507681629e-05
0.00035790366884553464
6.339193509681247e-05
0.00010874012760771028
0.0001305244015773456
0.00010153698978261248
0.00039620485672351693
0.00011866631315385816
0.00020854347784389173
0.0004134061898833246
0.00014760036578860823
2.6112019160929835e-05
0.0002597614643671052
0.00031987487831626634
0.00039587892419504537
0.00043385417954455615
0.00039587892419504537
9.629598600989716e-05
0.0014963199220694985
0.00015880055369735707
0.00021133930597756455
0.00013121054753080456
0.0004921890540480704
0.0003689350517326128
0.0002337545027258761
0.0001176743498231416
0.00011847829041387767
0.0004837294616283368
0.0005636924351684427
6.510085517023735e-05
4.03990857260069e-05
0.00015361796291002143
0.000620121010489708
0.00011889853643067394
9.254914622783488e-05
0.0001216115588293268
0.0004205654482621397
6.403233574623717e-05
8.547722183786131e-05
0.0023737640623301506
0.00035130527169397775
0.00010874012760771028
4.324823329627288e-05
0.000186684018734067
0.00022295958976407707
0.0003480357605943647
0.00020307397956522495
0.00015587437065298424
0.00016100607012873387
0.000185026302825874
8.858332548666547e-05
0.00016849965692685632
0.00024207033168897917
0.00010496808788252353
0.00014329346888746093
4.3610549043096616e-05
0.0002660406685711587
0.00021142406001649399
0.00019184083508200992
0.00033669622819527766
0.000986737295437128
7.784964220318654e-05
9.127800683126386e-05
0.00012119725717802069
9.566101067093204e-05
8.378963557261297e-05
8.661941286868911e-05
0.0004742472910903242
0.00012225157553051686
0.00015569928440637307
0.00013620241294727212
0.0002668393557616677
0.00032855236650039467
1.8037982245630163e-05
0.00021142406001649399
0.0005863305881678668
0.00012650886169268306
0.0002550092856840806
0.00011995307936859988
0.00042363624944251175
0.00019132202134186408
0.00018445129715393227
0.00022598089732010836
8.158580439260733e-05
0.0007909331406203792
0.00025854398833410636
8.491130770670995e-05
7.17723645952861e-05
7.943264051367681e-05
0.00032346311614604966
0.000212638898574281
0.0003573482798642666
0.0004987733073564995
0.0005731738755498437
0.0002879206859873281
0.0005096616470834004
8.719577471068325e-05
1.3192496390743146e-05
0.00039587892419504537
0.0002556189444926164
0.00043385417954455615
0.00011285715064253039
0.000228065413221648
0.00041295488840630804
0.00013398566506602557
0.00012224630085265402
0.00011375501212019
0.0005816117741103714
0.00015946898912015325
0.000747223679130901
0.0006564705891913518
0.00036292190944283597
4.8452822409216455e-05
5.04257812391004e-05
5.7724769859356716e-05
0.0002831166327824214
3.363379882296245e-05
0.0001568581187629043
0.0004226786119551291
0.0002664642382865444
0.00017715120387703584
9.69352956850619e-05
0.00033739516991890093
0.00033910915176145007
0.00041295488840630804
6.964259629310712e-06
0.00038018031574427457
0.00018339741822582097
4.5814380223102236e-05
0.0018240955435240168
4.004896007058019e-05
0.0002879206859873281
0.0001515595135413585
3.763405823718063e-05
0.00010874012760771028
0.00020510761056598988
0.0011876367725851362
0.0013015625386336685
0.00041021522113197977
3.233746665735647e-05
0.00016679920078689658
2.3262970386006767e-05
0.00010925854048483952
0.0005320813371423174
4.03990857260069e-05
0.00010565462845960452
0.0007744994420886521
0.0011719381641343651
0.00017688012100665356
0.00011928919161579847
0.0009334200936703351
2.9379534405226662e-05
3.0426002277087952e-05
0.00010221322740453581
7.629295533556057e-05
0.0001381742437516434
0.0002551164208100512
0.0002783518970550503
0.000160677487805803
0.0008727900198819122
0.0001580824303634414
0.00041021522113197977
0.0008494360784723341
0.0006080318478413389
0.00034545113876782984
0.0005320813371423174
6.596677986608641e-05
0.0002109610938118329
3.0426002277087952e-05
0.0002015359759883227
0.00024207033168897917
0.00018285262053955282
0.00019362486052216304
0.00033699931385371265
0.00017565263584698888
0.00016556414160596208
0.0004987733073564995
0.0002011215407592154
2.402732410861258e-05
0.00033910915176145007
0.0002785470190084429
0.0002785470190084429
0.0005636924351684427
0.0003186459169654385
8.547722183786131e-05
6.0222366961317196e-05
0.0011273848703368854
0.000381441402169897
0.00022549926629481865
0.0004966330920755285
0.0001657847275958189
0.0002831166327824214
0.00038368167016401985
8.378963557261297e-05
0.00020949355866738267
0.00015445648707906572
0.0002831166327824214
7.996630864562752e-05
4.874981740517498e-05
0.00020927089613756347
0.00019907417618848937
0.0005570940380168858
0.00014766155808351757
0.00017154925504011317
0.0004769136696493497
8.547722183786131e-05
3.82993378646642e-05
0.00012430781193345817
0.000735424132298732
0.0006080318478413389
0.000997546614712999
0.00011537151064284259
6.652802510878704e-05
0.00039587892419504537
0.0003877411827402476
0.0002136278911964996
0.0005636924351684427
0.00018022224962096733
0.00023070385540776222
0.00017806286604592333
0.00012010717501393068
0.0004363950099409561
0.0002700267383779332
0.0002622173416441733
0.00018837160499931532
0.00015932295848271926
5.222403832185967e-05
0.0002011215407592154
0.0001786741399321333
0.0002929845410335913
0.000560052056202201
0.00033910915176145007
0.0002929845410335913
7.055972118037872e-05
0.00017272556938391492
0.00010153698978261248
0.00011452586835445744
0.00010019898840213267
0.0001568581187629043
0.00016058013848287535
0.00011608687955219719
0.000550192254677463
5.7264817517340634e-05
5.116775174025388e-05
0.00025854398833410636
0.0001509657040095649
5.282731422980226e-05
0.0011273848703368854
3.116781450484724e-05
0.0003983807383427024
0.0001498304355186533
0.0012160636956826778
2.1072082945151992e-05
0.0001217648909221237
0.0001991903691713512
0.0003480357605943647
0.00020442645480907163
0.0003530230494694248
0.0001712956407880527
0.00025854398833410636
0.00048414066337795834
0.0011273848703368854
0.0005400534767558664
0.00035790366884553464
0.00036032152504179203
0.00023857838323159693
0.00019135981469482917
0.000298337912550743
0.0002831166327824214
0.00021275302595221882
0.00027419002394950677
0.00020949355866738267
4.4339412672896184e-05
0.0002622173416441733
0.00016803971278542263
0.0003689350517326128
0.000186684018734067
0.0002844939885429132
9.566101067093204e-05
0.000103580529114913
0.0002785470190084429
3.428875606373927e-05
0.000762882804339794
0.00022239893438252877
0.00011375501212019
3.2983389933043204e-05
0.00014650493220455066
0.0004668375694775993
0.0001422469942714566
0.00023695658082775533
0.0003315694551916378
6.727606631787153e-05
1.763285564221323e-05
0.00015213001138543976
0.00028242416629500785
0.00018837160499931532
0.00017417766829678285
0.00012692170727006662
0.00017555141075877484
0.00020624841567044668
0.00012806467149247434
0.00014917639837037005
9.690564481843291e-05
0.00014551650537106967
0.00039587892419504537
0.0002700267383779332
3.412148257085176e-05
0.00013966237244492178
2.7412947133371136e-05
0.00033095979638310207
5.2355824801451994e-05
0.00022300155817538473
0.00013144715292073034
2.5511642081005118e-05
0.00021093816602060157
0.00041295488840630804
4.6186780331039695e-05
3.942099994382116e-05
9.033355044197579e-05
6.98966514348842e-05
8.378963557261297e-05
2.4618231455179076e-05
8.434879247972523e-05
0.00011119946719126438
0.00018445129715393227
4.6186780331039695e-05
0.0002647581720405733
0.0001498304355186533
0.000373368037468134
7.732280260593938e-05
0.00016185442349700524
0.0002743662784503866
6.025190224825065e-05
3.774101552133931e-05
3.935261111000255e-05
0.00016849965692685632
0.0009278818018566865
0.00014882022162754233
0.0034914131514954963
4.513232673925655e-05
0.00039587892419504537
0.00013620241294727212
0.0003480357605943647
0.0001786741399321333
7.732280260593938e-05
0.0002564316655135839
0.00022300155817538473
0.0011273848703368854
0.0003609347274232817
0.0001580824303634414
0.00022549926629481865
0.00015327837715853473
9.887983273905703e-05
0.00010471164960290399
0.0003776153226831037
0.00013917594852752514
6.068651325435925e-05
0.0006469262322920993
0.0004987733073564995
0.00043385417954455615
3.6617861970669156e-05
0.00038724972104432607
5.6013237595140875e-05
0.00020442645480907163
0.000214177496752342
0.0014396034299366403
0.0004607980520069887
0.00012517103006019396
0.00024831654603776427
0.00036359275834976274
0.0004987733073564995
0.0001287057327102197
8.835924934659141e-05
4.225489677135652e-05
0.0004272557823929992
0.0004987733073564995
6.699283253301278e-05
0.0002785470190084429
0.00035790366884553464
9.953708809424469e-05
0.00025854398833410636
0.0001205038044965013
0.00011375501212019
0.0002011215407592154
0.00013917594852752514
0.000103580529114913
0.00030107741976841297
0.00036359275834976274
0.0005758413719746562
0.00019184083508200992
0.0001008515624782008
0.0003543024077540717
0.0005636924351684427
0.00019362486052216304
0.0008356410570253287
0.00015350325522076164
0.00013237908602028664
0.00033910915176145007
0.00043385417954455615
0.0001568581187629043
0.00018179637917488137
0.00017272556938391492
0.00010019898840213267
2.7019863139017677e-05
0.00016445621590618803
0.000620121010489708
3.6617861970669156e-05
0.00037812683471481095
0.00039587892419504537
0.00015847983774203118
0.0001580824303634414
0.0002011215407592154
0.0014963199220694985
0.0004973541827874567
8.941196525430841e-05
0.0002418647308141684
0.000997546614712999
0.00011621718705669982
7.325511593970009e-05
0.00028134453822486506
0.0002887035366512403
0.00024831654603776427
0.00020927089613756347
0.0006619195927662041
0.00021705935371007986
0.00015445648707906572
0.0004312257662878865
0.00023217375910439438
0.00031652227435795364
0.0005636924351684427
0.00010289438316145406
2.641365711490113e-05
8.661941286868911e-05
0.00012489082017613825
7.526935494210324e-05
0.00033910915176145007
0.00041295488840630804
0.00025854398833410636
0.00043385417954455615
8.220657663975043e-05
3.461796028230138e-05
9.895016979912962e-05
0.0001664675942473132
0.0003480357605943647
0.00023341878473879965
3.116781450484724e-05
0.0002136278911964996
0.000236214768599996
3.866140130296969e-05
0.00014329346888746093
0.0005570940380168858
0.0002879206859873281
0.00014650493220455066
6.935211354746456e-05
6.514728505937349e-05
0.00013237908602028664
0.00010637651297610941
0.0005636924351684427
0.0005636924351684427
0.00029084432575262047
7.122514641836934e-05
3.561257320918467e-05
0.00012345247718737202
0.00023070385540776222
0.0001509657040095649
0.000735424132298732
6.148376571797742e-05
0.00025208455647654065
0.0007378701034652256
0.00044612629015366886
0.00018179637917488137
0.0001657847275958189
8.104285502421258e-05
9.822715759776137e-05
0.00016445621590618803
0.00023512302322655287
0.000236214768599996
0.00019729821383222997
0.00021275302595221882
9.133278492684445e-05
0.00031652227435795364
0.0002610488031546912
0.00012260488313336462
0.00012430781193345817
0.0002622173416441733
6.068651325435925e-05
0.000298337912550743
0.0001305244015773456
0.00035790366884553464
0.0005636924351684427
0.00017565263584698888
0.0005570940380168858
0.00021588483182150822
0.0003237088469940105
0.00043385417954455615
0.00013332038543854198
0.0002660406685711587
8.491130770670995e-05
8.547722183786131e-05
0.0002929845410335913
0.00033095979638310207
8.719577471068325e-05
0.0001657847275958189
0.00016058013848287535
8.104285502421258e-05
2.7019863139017677e-05
0.0001371831392251933
0.00010780644157197162
7.80861134796095e-05
0.0007449496381132928
7.17723645952861e-05
0.00011147979488203854
3.628156536607109e-05
0.00018205953976307775
0.00043176966364301644
9.316330255149809e-05
0.00019729821383222997
6.112315042632701e-05
0.00011537151064284259
7.325511593970009e-05
8.953735926712239e-05
0.00041854179227512694
0.00021561288314394324
0.00044600311635076945
0.0004987733073564995
0.00014760036578860823
0.000115303121809024
0.00012604227823827032
0.0001712956407880527
0.0019889249909353307
9.822715759776137e-05
6.289034443436488e-05
3.831769998604985e-05
7.17723645952861e-05
0.0011273848703368854
0.00018022224962096733
0.00033443938464611565
0.00022751002424038
4.5814380223102236e-05
0.00011375501212019
0.0006782183035229001
0.0004607980520069887
0.0034708334363564492
0.0006619195927662041
0.00023989892593688253
0.0002622173416441733
0.0007602424903408153
0.00018022224962096733
0.0018339741822582098
0.0005636924351684427
0.0004272557823929992
0.0005636924351684427
0.0005636924351684427
0.0005636924351684427
0.00018509829245566976
0.00033095979638310207
0.0002831166327824214
0.0004987733073564995
0.0005636924351684427
0.0005636924351684427
0.000493368647718564
0.000381441402169897
0.0005758413719746562
0.00044113746596919127
0.0005244346832883466
0.000298337912550743
0.00023217375910439438
0.00010884469609821328
0.0003211602769657507
0.000236214768599996
0.0011273848703368854
0.00033910915176145007
0.0004987733073564995
0.00017565263584698888
0.00043385417954455615
2.8244174739554765e-05
0.00032346311614604966
0.00047120242321306794
0.00014329346888746093
9.844103872234505e-05
8.604657619762158e-05
0.0002136278911964996
0.00015211490252262658
0.00022056873298459563
0.0001209323654070842
0.0004987733073564995
0.00016185442349700524
9.953708809424469e-05
0.00024207033168897917
0.0004987733073564995
0.001199069485516369
0.00015445648707906572
0.0031323218453492823
7.784964220318654e-05
0.0007378701034652256
0.00010999312075050946
0.00031652227435795364
0.00014542216287631024
0.00027419002394950677
0.00021275302595221882
0.00022300155817538473
0.00015569928440637307
0.0004528971120286947
0.0002622173416441733
0.00011687725136293805
0.00030655675431706946
0.0004894388562291141
0.00018026403686298702
0.0006258551503009698
0.00017272556938391492
9.440383067077592e-05
0.00044113746596919127
9.193899095096099e-05
7.031272200686719e-05
0.00018837160499931532
0.00043385417954455615
0.00039587892419504537
9.757899927562956e-05
2.2566163369628274e-05
0.0001217648909221237
0.00028658693777492187
0.0001698872156944668
0.00020309337156358676
0.00011223207606509254
0.00020510761056598988
9.378151274162168e-05
7.079674635934773e-05
0.00011687725136293805
3.82993378646642e-05
0.00027219143208212694
0.00020716612208339995
9.254914622783488e-05
0.0005808745815664891
0.00021819750497047806
0.00015445648707906572
1.558390725242362e-05
0.00019544352938928895
0.00024207033168897917
0.0002785470190084429
0.00020993617576504705
3.2016167873118584e-05
0.0004607980520069887
0.0002831166327824214
0.00039587892419504537
0.0003480357605943647
0.00023070385540776222
0.00019544352938928895
0.00018837160499931532
0.00017417766829678285
2.34401215346481e-05
0.00016058013848287535
8.661941286868911e-05
0.00021384985540598634
9.073047736070899e-05
0.0005636924351684427
0.00019006062258520383
0.00019009015787213728
0.0008677083590891123
0.00014760036578860823
0.0011273848703368854
0.0009563871844349047
0.0006619195927662041
7.837434107551762e-05
0.00020309337156358676
0.0001712956407880527
8.434879247972523e-05
0.00019775966547811406
9.998912197593305e-05
0.00014435176832562014
0.0002017311995677512
0.0004987733073564995
0.000228065413221648
0.0002929845410335913
0.0005636924351684427
0.000186684018734067
0.0005636924351684427
0.00033095979638310207
0.0002929845410335913
0.0001712956407880527
3.461796028230138e-05
0.00011452586835445744
0.0002660406685711587
0.00039587892419504537
0.00012345247718737202
0.00021819750497047806
0.00031652227435795364
7.629295533556057e-05
0.000381441402169897
0.00015211490252262658
0.0006960715211887294
0.00024831654603776427
4.9994560987966525e-05
0.00033095979638310207
0.00020927089613756347
9.440383067077592e-05
0.00031652227435795364
6.792942537553646e-05
0.00010471164960290399
8.835924934659141e-05
0.00035790366884553464
4.03990857260069e-05
0.0002136278911964996
0.0003689350517326128
0.00017671849869318283
0.00019009015787213728
5.7264817517340634e-05
0.00020805634064239366
0.00039587892419504537
0.00016445621590618803
0.00027419002394950677
0.0001580824303634414
3.866140130296969e-05
0.0002011215407592154
0.00015993261729125503
0.0005636924351684427
0.00012517103006019396
5.9388684121514844e-05
0.00033910915176145007
0.00020927089613756347
0.00024207033168897917
0.0002831166327824214
0.0003573482798642666
5.116775174025388e-05
0.0005636924351684427
0.00025160314654601034
1.91496689323321e-05
0.000186684018734067
9.953708809424469e-05
0.00013620241294727212
7.526935494210324e-05
4.25277797148562e-05
0.00016445621590618803
0.0005636924351684427
9.316330255149809e-05
0.000186684018734067
0.000997546614712999
5.355916260193433e-05
8.719577471068325e-05
0.00038724972104432607
0.000103580529114913
5.275522201119826e-05
0.0005636924351684427
0.00035790366884553464
9.503031129260191e-05
0.00016314628540970469
0.0005636924351684427
3.0426002277087952e-05
0.00011223207606509254
7.226401141324998e-05
0.0008822749319383825
0.0001498304355186533
0.0005636924351684427
0.0005636924351684427
0.0011273848703368854
0.00022751002424038
0.00025160314654601034
0.00016713235521647915
0.00043385417954455615
0.00023070385540776222
0.0001422469942714566
0.00021142406001649399
6.983118622246089e-05
4.25277797148562e-05
0.00014435176832562014
9.440383067077592e-05
9.133278492684445e-05
0.0005636924351684427
0.00017565263584698888
0.0001240051589162466
0.00035790366884553464
0.00024514137743291065
0.00019729821383222997
0.0004987733073564995
0.00039587892419504537
5.396373560145027e-05
0.00010925854048483952
0.00038012124517040766
0.0002011215407592154
4.110328831987521e-05
0.00041295488840630804
0.0002622173416441733
0.00015327837715853473
0.0005636924351684427
0.0005636924351684427
0.0005636924351684427
0.0007166201356531083
0.00015445648707906572
0.00011147979488203854
0.00012866194128008488
6.98966514348842e-05
0.00033095979638310207
0.0003480357605943647
0.0002929845410335913
8.89464519205559e-05
0.0005636924351684427
0.0005636924351684427
0.0005636924351684427
0.00011392576604853218
0.00039587892419504537
0.0002136278911964996
0.0005636924351684427
0.00011706669875085743
0.00019729821383222997
0.00022056873298459563
6.745995820834334e-05
0.00022549926629481865
0.0003426332371113156
0.0007378701034652256
0.0001509657040095649
0.00022300155817538473
0.0001422469942714566
8.213191966441995e-05
0.00020927089613756347
0.00010852967685503993
0.00010427173892194587
6.112315042632701e-05
0.0001008655997838756
0.0005636924351684427
0.0011273848703368854
0.0009215961040139774
0.0011273848703368854
0.0005636924351684427
0.0004607980520069887
0.0005636924351684427
0.00023070385540776222
0.00012010717501393068
0.00031652227435795364
0.0003480357605943647
0.00016713235521647915
0.00041295488840630804
5.896004033555119e-05
0.00032346311614604966
0.00021588483182150822
0.0003689350517326128
0.00018837160499931532
0.00031652227435795364
4.9220519361172524e-05
4.9994560987966525e-05
0.00015932295848271926
0.00011073350803504555
0.000236214768599996
9.013201843149351e-05
0.00033910915176145007
0.00024514137743291065
0.00043385417954455615
0.0005636924351684427
6.378660489827638e-05
0.0004607980520069887
7.784964220318654e-05
6.244541008806912e-05
0.0005636924351684427
4.807132084811086e-05
0.00011452963503468127
0.00014329346888746093
6.112315042632701e-05
0.00019184083508200992
0.0003689350517326128
5.684576311018037e-05
0.000228065413221648
0.0005636924351684427
0.0005636924351684427
0.00020307397956522495
3.7294099592592513e-05
0.00010925854048483952
0.00015327837715853473
0.00016058013848287535
0.000236214768599996
0.0004987733073564995
0.00014121208314750393
0.0003689350517326128
0.00033095979638310207
0.0005636924351684427
0.00027419002394950677
0.0002831166327824214
0.0004966330920755285
0.0001217648909221237
0.0002785470190084429
4.5713155134888206e-05
0.00017417766829678285
0.00026854248271881574
0.0003689350517326128
0.00022549926629481865
0.0004607980520069887
0.00023909679610872617
0.0005636924351684427
0.0002011215407592154
0.00022598089732010836
0.0005636924351684427
0.0004987733073564995
0.00014760036578860823
0.0004607980520069887
2.9484702858832605e-05
0.00014329346888746093
0.0003480357605943647
0.0002550092856840806
0.00031652227435795364
7.996630864562752e-05
0.00025854398833410636
0.00015211490252262658
0.0003689350517326128
1.1889853643067394e-05
0.00035790366884553464
0.00033910915176145007
0.0002831166327824214
0.0005636924351684427
0.0002622173416441733
0.0005636924351684427
0.0001498304355186533
0.0004987733073564995
0.00027419002394950677
0.0004987733073564995
0.00016713235521647915
1.7212791852476632e-05
0.00016445621590618803
1.6666676580664018e-05
7.680898145501071e-05
0.00033910915176145007
0.00012010717501393068
0.00043385417954455615
0.00014542216287631024
0.00018179637917488137
8.547722183786131e-05
0.0001991903691713512
4.9220519361172524e-05
0.00014870876338455628
0.0002660406685711587
0.0005636924351684427
0.0005636924351684427
0.000236214768599996
0.00010852967685503993
0.00039587892419504537
7.784964220318654e-05
9.566101067093204e-05
0.00013620241294727212