0.0010129799124953345
0.0004913371848443448
0.0004279653728514958
0.0111254957117766
0.00038466281399183793
0.024061388669718412
0.012811652258913692
0.0009535427253720195
0.00234464806286761
6.292798747448047e-05
0.00029677857290798915
0.00014562006876147268
0.001613334952881847
0.0008151937473853154
4.5685982843442077e-05
8.560813312388646e-05
0.0001033707892862528
6.570579291963701e-05
0.0001907085450744039
0.00020941346502406096
0.00022647821175316097
0.0002023935967216149
0.00010066992861987252
0.00022120182632681098
0.0006439827312050224
0.002978114613256505
0.00038455797860641574
0.00026254271590217787
0.0007760686914565501
5.321848612021333e-05
1.5569797311813844e-05
0.00016357735949389316
0.0006918633628133931
0.0013511032156163128
8.811051767053355e-05
0.00029677857290798915
0.00044469546476038024
0.00013050050667035495
0.0001448184699824175
0.0002470441916300891
0.00016218008670518827
5.1433073151147487e-05
0.0038356655583561506
0.00013717151123614397
0.00010614226863141316
0.00031835541192920644
0.00010755566352545646
0.0015612522074862762
0.00015638612845408117
0.00014783803406918328
0.00041756207832172943
0.0003011058286952558
0.00032043246917551576
0.00048051468615574087
1.4958773691699503e-05
0.00029677857290798915
9.011058520602696e-05
0.00010133871977584733
6.512264426803519e-05
0.00024614497032802177
0.0007819657947114606
0.00019713493968566805
0.0004220761464013514
0.000623552064446948
0.0007466984036312147
0.00021914534494539174
0.0003250904958119473
0.00021319969059844403
0.0011258146671151753
0.0005184832331555959
0.00027701736024055663
0.0006119286586471263
0.00016830913737226933
0.0002298618413327683
0.000366096770702766
0.0003582410998774301
0.0009194473653310732
7.067594986047754e-05
0.0003838050126233449
0.0002469567562968286
0.0003606446465630311
0.0002268111834125893
0.0005645135040791038
0.00014069204880045048
9.431703600749213e-05
0.00019711737875891102
0.0030481281438392563
0.0005215329673313173
0.00093476778986578
4.3351963743257445e-05
8.818962402915342e-05
8.870437382650115e-05
0.0002469567562968286
0.00043700889620011386
8.519013884953203e-05
0.0002105242574669156
0.0016446384965234974
0.0003939081820542029
0.00010370577549159145
0.00010646821197611079
0.0002040235145066319
0.00021319969059844403
0.00031424241473649277
0.0004741671224679111
0.00012123692310723432
6.436470371859068e-05
0.00017507454908418255
7.219391918801748e-05
0.0006379892169577908
0.00025239400177184745
0.0002926210578240789
0.0004375998496128424
0.0006379892169577908
0.00015866585172821918
0.00019880431350316997
0.0006938233379172708
0.0001378139612413687
0.0010584514076830323
0.00046738389493289
0.00012788301450736422
0.0022901425065688687
0.0006061846155361716
0.00028104560018967856
6.116236532859407e-05
0.00014669382405928653
0.00010544257601447318
0.0002105242574669156
0.00019730257373026008
0.00021712617824634612
0.0005583964899855947
0.00012123692310723432
0.00014365046536765898
0.0002298618413327683
0.00016957865010983533
0.0002018547156806328
0.00014639866525766358
6.210645698606464e-05
0.0006379892169577908
0.00019713493968566805
9.738783837646357e-05
0.0003483795685102898
0.00021942346404277863
0.00045702268293336927
0.009632495829555754
4.208538979972203e-05
0.001780671437447935
5.505616776095567e-05
3.941087613023404e-06
0.00024178485025095646
0.0005570796882542275
0.0002177109767437848
0.0003146399373724024
0.00019093256076567534
0.00011044027816477772
0.0005520186532112316
0.00025924161657779794
0.0011327037745406485
2.1707548089345066e-05
0.000366096770702766
0.00022763011581656864
0.00015376555795282526
7.760748121569806e-05
0.0004217703040578927
0.0024474020571634823
0.0007355924166257286
0.00017348104341814144
0.00017113926261152964
0.0019178327791780753
0.0022157949488253864
0.00025924161657779794
5.791185375141744e-05
1.5526841303630734e-05
0.00011821472574979902
7.319933262883179e-05
0.00019549144867786515
0.00014235905645211127
4.837719049664142e-05
0.000982075582400833
8.669466911322816e-05
0.00017980432221719278
0.0005381794528348885
0.0005645135040791038
0.0002581252919474693
0.0001708635512551507
0.0005479522226223073
0.001056737031812364
0.0006632020096523128
0.0005708003248692106
0.0006206585994893156
0.00043171681275611725
0.000815626512872243
0.0005215329673313173
0.0001833921226015084
0.00026111149073121637
0.00046738389493289
0.000471021622238706
0.00037458154157394294
0.00034432843690379274
0.0002774519324277292
0.00011939151449139786
0.00033765997083177817
9.431703600749213e-05
0.0012526862349651884
0.0008431368005690356
0.0003582410998774301
9.626620187346262e-05
0.0009168518324567803
0.00028636641038270506
0.00021942346404277863
0.0011481946929375912
0.00029213785815765056
0.0008543177562757536
0.0006964246938207188
0.0003701485478591039
0.000698081404989509
0.00023260428110722644
0.000366096770702766
0.00029677857290798915
0.00015089251337039764
0.00013138756663010455
0.0004910377912004165
0.0006379892169577908
0.00012449062751284168
0.00016337787398728354
0.000689585523998305
8.288846763875659e-05
0.0003582410998774301
0.000226915134250699
3.066359487952955e-05
5.8358183028060846e-05
0.001073509733358962
0.0006517394293010692
9.064501509953829e-05
0.0006379892169577908
0.000982075582400833
0.0002807254770510592
0.00023685358686597065
0.001407503388883196
4.612159757017384e-05
0.000347937785738664
0.0003924649139853468
1.3164558662425357e-05
0.00028862046807836997
0.0005485586601069466
0.0002298618413327683
0.0002627751332602091
0.0006379892169577908
0.0006379892169577908
0.0012759784339155815
0.00024433926413383784
0.0004044481263682216
0.00029965429430122976
0.0012759784339155815
0.0002847653869987429
0.00021319969059844403
0.0012759784339155815
0.0001068466104028284
0.00046274125992173064
0.00038774610023636826
0.0008351241566434589
0.00019713493968566805
0.0005804606458318226
0.001358032620333579
0.011290270081582074
0.0009788566955291167
0.0005215329673313173
0.0008431368005690356
0.0004689427913598856
0.0001212034479424713
0.0010713914115862266
0.00044240744241060915
0.0004910377912004165
7.68737069792659e-05
0.000200775761612825
0.0003939081820542029
0.00018032232328151556
0.00019348688194394085
0.00021248960193344678
0.0005486092756316314
0.00037458154157394294
0.00018101233741263107
0.0006379892169577908
0.0003888752142952041
9.868850557320923e-05
2.4235799173976844e-05
7.582273967673427e-05
6.4874155465891015e-06
0.00011493479176369612
0.0006379892169577908
0.00018032232328151556
5.305923532153441e-05
0.0006161345719135088
5.983509476679801e-05
0.0006379892169577908
0.0006379892169577908
2.3269557454986933e-05
0.0002517119498979219
0.0001377450549756962
0.0002847653869987429
0.0004689427913598856
0.00025239400177184745
0.00013876466758345416
4.220960210174554e-05
0.00031632772804341953
0.00040507671770484356
4.4147554552517326e-05
0.00037879890118316457
0.0006379892169577908
0.0006379892169577908
4.572383707871466e-05
0.0005215329673313173
0.0006379892169577908
0.0003939081820542029
0.0007445286533141263
0.0005215329673313173
0.000366096770702766
0.0010539682138430756
0.0006112345549711868
0.00014982714715061488
0.000286398841148513
0.00015376555795282526
0.0001907085450744039
9.011058520602696e-05
0.0001033707892862528
0.00023919462089772194
0.00019549144867786515
0.00023343273211224338
0.00010755566352545646
0.00012091933266120769
0.0004382906898907835
4.479395101089283e-05
0.00010971173202138931
0.00028104560018967856
0.0004979625100513667
0.0002496405210762924
0.00035960864443438555
3.7977586527981523e-05
0.00024178485025095646
5.791185375141744e-05
0.0009033174860857673
0.00014877238176554223
0.00034408636544304227
0.00011568531498043266
0.00037527155570505846
0.00025522091720992776
0.00010066992861987252
0.0001397239777197569
0.0006379892169577908
0.00018344921588834453
0.00027887164619276204
0.0001477280083266174
0.00022330286002930202
0.0003152605631296436
0.0001068466104028284
0.0003509276453064164
0.00015226743972865695
5.173832081046537e-05
9.545547012756834e-05
0.00019227898930320787
0.00012585597494896094
0.0001033707892862528
0.000718252326838295
7.466144941153104e-05
0.0001891610278591198
0.00011340559170629465
0.00026111149073121637
0.00029677857290798915
0.00011340559170629465
0.00022330286002930202
0.0002581252919474693
0.0005215329673313173
0.00010201175725331594
0.00033765997083177817
0.00022544440855444363
0.0004591677478226685
7.422282333687584e-05
0.00041061511720233055
0.0005215329673313173
0.00012205305628546493
6.95875571477328e-05
5.569941153169904e-05
0.0001907085450744039
0.00012449062751284168
6.153624258200544e-05
0.00010544257601447318
0.00025576602901472844
0.0004591677478226685
0.0003152605631296436
0.00011723283219571676
0.0008863680499597045
2.5869160405232685e-05
0.00011848102796182821
0.00012307248516401088
0.0001468455390247625
0.001069395051987485
0.0005935571458159783
0.00021319969059844403
0.00016193180518652925
0.001851820427655681
0.0014939593070748506
0.00017347246749847513
0.00044660572005860403
4.037094313612656e-05
0.0003909828973557303
0.00018464957906878218
0.0001789182888931603
0.0012759784339155815
0.00014349446084643372
0.00010405689554298416
0.00043171681275611725
0.00043171681275611725
0.00021319969059844403
0.00023685358686597065
0.0003438442939822919
0.0002681883488646086
0.00010870805742810657
0.00021104801050872768
0.0005272128800723659
0.00025576602901472844
0.00015415440293788156
0.00014438783837603496
0.0003939081820542029
3.3419646919019425e-05
0.00041756207832172943
0.0003447598400941963
0.00015483360098342107
6.788167305738317e-05
0.000215909073582039
0.0003056172774855934
0.0001958668641143011
5.4388431482370777e-05
0.00041756207832172943
0.00043425235649269223
0.00028450027348074665
0.0008351241566434589
0.00027397611131115365
0.0005215329673313173
0.00043316351512810486
0.0004079524390980842
0.00040507671770484356
0.00023702607723146977
0.00028862046807836997
0.00018613216332853157
0.00010870805742810657
0.00031424241473649277
0.0002663685428996376
9.485622347762996e-05
0.00015415440293788156
0.00021319969059844403
0.00019093256076567534
7.958020306220238e-05
0.00046738389493289
2.135771161489509e-05
0.00018032232328151556
0.00017348104341814144
0.00031052878525126746
0.0004115156505901513
0.0002067415785725056
0.00014265512428383195
6.116236532859407e-05
0.0006379892169577908
0.00019227898930320787
0.00022120372120530457
0.0007819657947114606
9.70800458409818e-05
0.00024433926413383784
5.527263742673657e-05
0.0006379892169577908
0.00018032232328151556
0.00018591443079517468
0.00043171681275611725
0.00024403147159835606
0.0002581252919474693
0.00043171681275611725
0.00043171681275611725
2.223794469081768e-05
0.00012032506753724687
0.0003219913656025112
2.887417240166481e-05
0.0008351241566434589
0.0005215329673313173
0.0006379892169577908
0.00024433926413383784
0.0003103292997446578
0.0010287891264753784
0.0007676100252466898
0.00022531290089968886
0.00047838924179544387
0.00013057790940953408
0.00011229019082042368
0.00037097768042094277
0.0006379892169577908
0.0012759784339155815
7.168551031608864e-05
0.00028138409760090097
0.00029754476353108445
0.00032043246917551576
0.00020050039843246648
0.00059641294050951
0.0023028300757400692
0.0015645989019939517
0.0006753199416635563
7.174723042321686e-05
2.199056750415053e-05
0.0001378139612413687
0.0023028300757400692
0.000614171481055431
0.0007491630831478859
0.00021712617824634612
0.00023446566439143352
0.00015751986168468002
0.00022763011581656864
0.0003011058286952558
0.00046738389493289
0.0002581252919474693
0.0007842894165918699
0.0006015011952973994
9.111363768451781e-05
0.0015554496994667876
0.0005550586703338167
0.0013144088166977517
0.0004939135125936572
0.0002022240631841108
0.00043686020628441806
0.00043171681275611725
0.0006379892169577908
0.00037458154157394294
0.0001068466104028284
7.017475248897186e-05
0.0001737355612542523
7.219391918801748e-05
0.0012759784339155815
0.0012759784339155815
0.0001416690423209957
0.0003056172774855934
0.0005215329673313173
0.0006379892169577908
0.00022589000666056538
0.00017153562711527445
0.00018174520433124065
0.00034408636544304227
0.0006379892169577908
0.000608032318655084
0.0002902303229159113
0.00033765997083177817
0.0006379892169577908
0.0006379892169577908
0.00013050050667035495
0.00021319969059844403
0.0004886785282676757
9.740751259450104e-05
0.0006379892169577908
0.00024433926413383784
0.0016935405122373113
0.00012201573579917803
0.0001609956828012556
0.0001043813357215992
0.000125478681580391
0.0012759784339155815
0.00021942346404277863
0.0006379892169577908
3.623601914270219e-05
0.00023710559715417465
0.0012759784339155815
0.0005215329673313173
0.0001176127990754028
0.00010898815892797001
0.0006379892169577908
8.986553179090124e-05
0.0001130944599342238
8.178867974694658e-05
0.0006379892169577908
8.870437382650115e-05
0.0003258697146505346
0.00011191256636832009
0.0001724021876455442
0.0007242035947304957
0.0010824426102574209
0.00019880431350316997
0.0001708635512551507
0.00015982436650109242
0.00013050050667035495
0.0005645135040791038
0.00010744558342093049
0.000264184257953091
8.061288844080513e-05
4.259436857354322e-05
0.00019404071499580058
0.0001378139612413687
0.00015196869567575647
3.941087613023404e-05
0.0002926210578240789
8.673623374923757e-05
0.0003417271025103014
0.00011880327642452077
0.00041756207832172943
0.0011514150378700346
0.0002774519324277292
0.00022763011581656864
0.00010544257601447318
0.0001891610278591198
0.0005377783176272823
0.00014465524110474274
0.00093476778986578
0.0003582410998774301
0.00044631714529662673
0.00016957865010983533
0.0002901096367356481
0.00019730257373026008
0.0006379892169577908
0.00012585597494896094
0.00010474747157883092
0.0004050358663820777
0.00017348104341814144
0.0013241271950138387
9.233912008018555e-05
0.00014365046536765898
0.00028104560018967856
0.00022544440855444363
0.00033765997083177817
9.174354799289111e-05
0.0001907085450744039
0.0021077408008667903
0.0006379892169577908
0.0003582410998774301
0.00043171681275611725
0.0006379892169577908
0.0005645135040791038
0.0008941038595552783
0.0002847653869987429
0.00012532860062448284
6.292798747448047e-05
3.843685348963295e-05
0.00019387305011818413
0.0007571820053155423
0.00014365046536765898
0.00010479549862943337
0.00011491994669806543
0.00021878559658514824
0.00020050039843246648
0.00043171681275611725
0.00019713493968566805
0.00022763011581656864
6.721633592176332e-05
6.917941140514482e-05
0.002258054016316415
0.0008961145089052601
0.0036650889620075677
0.00012874835030542373
0.0006305211262592872
0.0003578365777863206
0.0011478364183654505
0.00022531290089968886
0.00119282588101902
0.000286398841148513
0.0004597236826655366
0.00019549144867786515
0.0003939081820542029
9.610293723114817e-05
0.0003939081820542029
0.00037226432665706313
0.0002469567562968286
0.0002067415785725056
8.837815675004864e-05
0.0006379892169577908
0.0006379892169577908
0.00012061933829701837
0.0008219283339334609
0.00032043246917551576
0.00044805725445263005
1.3164558662425357e-05
6.673119527360284e-05
0.0003017850267407953
0.00024433926413383784
8.404414880599289e-05
9.93448732839198e-05
0.00015415440293788156
0.00010826949145255354
0.0003011058286952558
0.0002706106525643552
0.00029677857290798915
0.0003316010048261564
0.00037458154157394294
0.0002774519324277292
0.00025522091720992776
0.0002706106525643552
0.00018318744490007646
0.0002847653869987429
7.635143427192776e-05
0.0004910377912004165
0.00021914534494539174
0.0005164926553556891
0.0004382906898907835
0.0012759784339155815
0.0006379892169577908
0.0006379892169577908
0.0006379892169577908
0.00044805725445263005
0.0006379892169577908
0.0005645135040791038
0.0006379892169577908
0.002158584063780586
0.002158584063780586
0.0006379892169577908
0.0003056172774855934
0.0006379892169577908
0.00014465524110474274
0.00017616480819760528
0.0008634336255122345
0.00044805725445263005
0.00044805725445263005
0.0016935405122373113
5.6584032048132966e-05
0.0004591677478226685
0.0004910377912004165
0.00011491994669806543
0.00032043246917551576
0.00017216421845189637
0.00016830913737226933
0.00019348688194394085
0.00011265645044984443
3.407995064676932e-05
0.0008961145089052601
5.2397749314716686e-05
0.0005645135040791038
0.00014265512428383195
6.917941140514482e-05
0.00019093256076567534
0.00028862046807836997
0.0002887986056203879
9.224319514034768e-05
0.00013138756663010455
0.0006395990717953321
0.00041479563515507207
0.0002847653869987429
0.0003316010048261564
0.0002022240631841108
0.0007691159572128315
0.000918335495645337
0.0004910377912004165
0.0001990809846666094
0.0006379892169577908
9.803617707398374e-05
0.00031277225690816234
0.00023446566439143352
0.0002715185061189466
0.00021878559658514824
0.00019227898930320787
0.00012788301450736422
0.0005215329673313173
7.477319598800494e-05
0.00018763577785252923
6.691208729338067e-05
0.00015196869567575647
0.0002496405210762924
0.00022088055632955543
0.00014982714715061488
0.0003838050126233449
0.00025213244641797866
0.00032043246917551576
0.0001891610278591198
0.00020531806029103206
0.00044240744241060915
0.0006379892169577908
0.0003101123678587584
0.0002469567562968286
0.0001813102541833345
0.0003053817939759884
0.0008932114401172081
0.002086131869325269
0.0004910377912004165
0.0006379892169577908
0.00010826949145255354
0.00011117386619009506
0.0009457816893889307
4.259436857354322e-05
9.625148640294824e-05
0.000366096770702766
9.625148640294824e-05
0.00039475402229283694
0.00014877238176554223
0.00034936874887942084
6.917941140514482e-05
0.00010744558342093049
0.0002456685924221724
0.00015483360098342107
4.652085622144529e-05
0.00010347664162093074
0.00019227898930320787
0.00013443267184352664
0.00012788301450736422
0.00012988994083953272
8.990216110859639e-05
0.00044318402497985223
0.0003316296659177454
0.00017503993984513698
0.001357111350827289
0.00026970648332578915
0.00044805725445263005
5.108093704904385e-05
0.00016705464880687734
8.123223203034944e-05
0.0005645135040791038
0.00040507671770484356
7.466144941153104e-05
0.0006379892169577908
6.481253571586734e-05
6.39337262715721e-05
0.00039760862700633995
0.002455188956002083
7.529666888685513e-05
0.00010544257601447318
0.0004910377912004165
0.0005215329673313173
0.0004901808853699187
0.00047947309950327726
2.391212549777644e-05
0.0006379892169577908
0.0006379892169577908
0.00045088881710888726
2.989507640756567e-05
4.987780120955676e-05
4.9120928390593214e-05
0.00018763577785252923
4.334733455661408e-05
0.0006379892169577908
0.0003152605631296436
0.0006035700534815906
0.00017753260842167127
0.00040507671770484356
0.00023685358686597065
0.00033765997083177817
0.00020753823421543449
0.00016458935056320494
0.00025522091720992776
9.172460794417226e-05
0.00015982436650109242
0.00014365046536765898
0.00028138409760090097
0.00018032232328151556
7.425229544793029e-05
0.00030611183188177904
0.0003783220557182396
0.0001456696320667046
0.00015305591594088952
0.0001331842714498188
0.0002135385846781669
5.185288774579572e-05
0.00018032232328151556
8.123223203034944e-05
4.813310093673131e-05
0.00023603029210693822
0.00013638665888461717
0.0001814254465968776
0.00034936874887942084
0.00021128967412005581
0.00024898125502568336
0.0012759784339155815
0.0012759784339155815
0.0012759784339155815
0.0006881727308860845
0.0008634336255122345
0.001098290312108298
0.00023702607723146977
0.0010196874244669323
0.0005162505838949386
0.0002581252919474693
0.0007491630831478859
0.00023547894839120808
0.00021514475519968283
0.00013593775214537383
0.00013593775214537383
0.00011265645044984443
0.0006379892169577908
0.0006379892169577908
9.93448732839198e-05
0.0002926210578240789
0.00029677857290798915
0.00033765997083177817
0.00093476778986578
0.001726867251024469
8.870437382650115e-05
0.00019018797856626917
0.00093476778986578
0.0012759784339155815
0.00041756207832172943
0.0006379892169577908
0.00035506521684334255
0.0012413171989786311
0.0005234123719160347
0.00024731845361396183
0.0002469567562968286
0.0003578365777863206
4.85400229204909e-05
0.00037431574371276077
1.4931317003630943e-05
6.868522381265898e-05
0.0002496405210762924
0.0001708635512551507
0.00041756207832172943
0.0001378139612413687
0.00023386057777481783
0.0005645135040791038
2.391212549777644e-05
0.0006379892169577908
0.0005539487372063466
0.0006379892169577908
5.6584032048132966e-05
0.001964151164801666
0.0008605790207987313
0.00034408636544304227
0.00024898125502568336
0.0002681883488646086
4.3757119317029647e-05
0.0008020015937298659
0.000501163946420632
0.00019549144867786515
0.00024079467447899404
0.0007676100252466898
0.000264184257953091
0.00037431574371276077
0.00021128967412005581
2.750042468655664e-05
0.00016712390647626824
0.00034248019492152634
3.711141166843792e-05
0.00034408636544304227
0.00017348104341814144
3.2316132139068635e-05
0.0004552602316331373
0.00041756207832172943
0.00017216421845189637
0.0001477280083266174
0.00015196869567575647
0.0003103292997446578
0.00014465524110474274
0.0003205120945748552
0.00022544440855444363
0.000982075582400833
0.00012365922680698091
0.000264184257953091
0.00028862046807836997
9.42043244477412e-05
0.00027397611131115365
0.0001907085450744039
6.38660736550419e-05
0.00012039733723949702
0.0003316010048261564
0.0006379892169577908
6.673119527360284e-05
0.0001708635512551507
0.0006379892169577908
0.00026734876299687124
0.00015982436650109242
7.688277897641263e-05
0.00018613216332853157
0.0003056172774855934
0.00024178485025095646
0.00017616480819760528
0.00018222727536903563
8.404414880599289e-05
0.000366096770702766
0.00041756207832172943
9.172460794417226e-05
0.00025522091720992776
8.01280236437138e-05
0.00040507671770484356
0.0011290270081582075
0.0006379892169577908
0.00021319969059844403
0.0005645135040791038
0.0008351241566434589
0.0006379892169577908
0.0006379892169577908
0.0006379892169577908
0.00022330286002930202
0.00093476778986578
0.00018289534831485865
0.00046738389493289
0.0003939081820542029
0.0003152605631296436
0.0008101534354096871
0.0005645135040791038
0.0005852421156481577
0.00029677857290798915
7.903519905139154e-05
0.00021088515202894636
0.00031277225690816234
0.00015916040612440476
0.0003056172774855934
0.00016337787398728354
0.00046738389493289
0.0006632593318354908
0.0011442512704464235
6.339599285542305e-05
0.00023929054583755982
0.0001708635512551507
5.6584032048132966e-05
4.4539433174781995e-05
0.00015698596559413872
0.00014982714715061488
0.0002496405210762924
1.258212287517561e-05
7.836147514231462e-05
0.00029677857290798915
0.0002643315530116007
0.00016337787398728354
2.000010723729022e-05
0.0001958668641143011
0.0004910377912004165
6.933502066574502e-05
0.00012874835030542373
0.0006379892169577908
0.0003582410998774301
0.00012039733723949702
0.0005215329673313173
0.00018318744490007646
0.0005215329673313173
0.0003316010048261564
0.0006379892169577908
0.0003258697146505346
0.0003582410998774301
0.0003509276453064164
0.0003316010048261564
0.00018464957906878218
0.0005645135040791038
0.00028104560018967856
2.391212549777644e-05
0.00017980432221719278
7.688277897641263e-05
0.00025239400177184745
0.00015415440293788156
9.590058940735814e-05
0.0002555704165485961
0.00031964873300218484
0.00022382513273664018
1.3304621530053332e-05
2.493890060477838e-05
0.00020457998832692576
7.635143427192776e-05
0.00013876466758345416
6.819332944230859e-05
7.067594986047754e-05
0.0008398657769912054
0.00014669382405928653
0.00011880327642452077
7.741680049171053e-05
0.00010709794535018448
0.00016246446406069888
0.00012788301450736422
0.0003582410998774301
0.0004910377912004165
0.00018715787185638038
0.0006379892169577908
8.347576649733224e-05
0.0003316010048261564
0.00046738389493289
0.000982075582400833
2.294699245798156e-05
8.811051767053355e-05
0.0003582410998774301
0.0003011058286952558
0.0006379892169577908
0.0006379892169577908
0.00013346239054720568
0.0006379892169577908
0.00017481443265453446
0.00019387305011818413
0.00044805725445263005
0.00010755566352545646
6.576752457675336e-05
0.00011801514605346911
0.00041756207832172943
0.0003582410998774301
5.2274371587754715e-05
0.0003524420706821342
0.0001391751142954656
0.0006379892169577908
0.00012039733723949702
0.00034408636544304227
0.0006379892169577908
0.0004910377912004165
0.00016218008670518827
9.871716666479814e-05
0.0002756279224827374
7.958020306220238e-05
0.0001658148329588727
0.0006454342655990485
7.067594986047754e-05
0.00015698596559413872
2.2308417956980556e-05
0.00021712617824634612
4.692162436080989e-05
0.0006379892169577908
0.00018101233741263107
8.634865362240527e-05
0.00034408636544304227
0.00018101233741263107
3.696456528609058e-05
0.0004382906898907835
0.00011404958758333567
0.0002847653869987429
0.0002470441916300891
0.00032043246917551576
0.0006379892169577908
0.00025522091720992776
0.0005645135040791038
0.00026111149073121637
9.610293723114817e-05
0.00034408636544304227
0.00026111149073121637
0.00044805725445263005
0.0005645135040791038
0.00026111149073121637
6.339599285542305e-05
0.0006379892169577908
0.0005645135040791038
0.00018763577785252923
0.0001397239777197569
0.0003056172774855934
0.0004044481263682216
0.0001891610278591198
0.0003316010048261564
0.00046738389493289
0.0007445286533141263
0.0004901336219618505
0.0003663748898001529
0.0006379892169577908
0.00014877238176554223
0.00022763011581656864
9.674344097197042e-05
2.041545610763658e-05
0.00022120372120530457
0.0005479522226223073
7.614330473907013e-05
0.0003582410998774301
0.0003939081820542029
0.00012123692310723432
0.00019713493968566805
0.0002926210578240789
4.85400229204909e-05
0.0005772409361567399
0.0001416690423209957
0.0001397239777197569
0.00021514475519968283
0.00044805725445263005
0.00014932289882306209
0.00043466346962031324
3.733072470576552e-05
0.00027397611131115365
0.0006379892169577908
0.0003258697146505346
0.0001658148329588727
0.00014465524110474274
0.0006379892169577908
8.870437382650115e-05
0.0005215329673313173
0.0006379892169577908
0.0006379892169577908
0.0002926210578240789
0.0006379892169577908
0.0004910377912004165
0.0008101534354096871
0.0003939081820542029
0.0005645135040791038
0.0006379892169577908
0.0002509175696414689
0.00019880431350316997
0.00043171681275611725
0.00021712617824634612
0.0006379892169577908
0.00044805725445263005
0.0006379892169577908
0.0011290270081582075
0.0006379892169577908
0.00038774610023636826
0.0006379892169577908
0.0006379892169577908
0.0006379892169577908
0.0006379892169577908
0.0006379892169577908
0.0006379892169577908
0.0006379892169577908
0.0006379892169577908
0.00017348104341814144
0.0006379892169577908
0.0006379892169577908
2.989507640756567e-05
0.00045088881710888726
0.00044805725445263005
0.0003056172774855934
0.00021942346404277863
0.00037458154157394294
8.693269392406265e-05
0.0002469567562968286
0.00015866585172821918
8.930157566860204e-05
0.00021914534494539174
0.0001609956828012556
0.00020941346502406096
9.233912008018555e-05
0.00020756988731099142
0.0001907085450744039
0.00014365046536765898
0.00021128967412005581
0.00010971173202138931
0.0002926210578240789
0.00017269730724481054
6.673119527360284e-05
0.00010614226863141316
0.00028862046807836997
9.803617707398374e-05
4.589398491596312e-05
0.0006379892169577908
0.0001331842714498188
0.00017216421845189637
0.0001397239777197569
8.519013884953203e-05
0.0003011058286952558
0.00012874835030542373
0.00016218008670518827
0.00030393739135151294
4.572383707871466e-05
0.0002926210578240789
0.0004552602316331373
1.4339119672382246e-05
0.00018613216332853157
0.00019387305011818413
0.00011491994669806543
0.00010624480096672339
5.6584032048132966e-05
3.587361521160843e-05
0.00015415440293788156
0.0005215329673313173
0.00011265645044984443
0.00032043246917551576
0.0002706106525643552
0.000264184257953091
9.674344097197042e-05
0.00022120372120530457
0.0006379892169577908
6.624826484106979e-05
0.0002039762195490421
0.0006881727308860845
0.00041756207832172943
0.0001033707892862528
4.145722313810812e-05
0.0005645135040791038
0.00016705464880687734
8.519013884953203e-05
3.992987882760753e-05
0.00016458935056320494
0.0003578365777863206
0.00018715787185638038
0.00019880431350316997
9.868850557320923e-05
0.0012759784339155815
0.00010223985194030797
0.00010614226863141316
0.0002022240631841108
0.00037458154157394294
0.0003469620868362829
0.00019227898930320787
0.00043425235649269223
0.00039760862700633995
0.00014669382405928653
2.5212792694522112e-05
2.989507640756567e-05
3.992987882760753e-05
0.00012874835030542373
0.00044805725445263005
0.00014982714715061488
0.0006379892169577908
8.347576649733224e-05
0.00020756988731099142
5.527263742673657e-05
0.00018715787185638038
0.0006379892169577908
0.0005215329673313173
0.0003939081820542029
0.00016322190488603127
0.00017481443265453446
0.00023291249925294725
5.88063995377014e-05
8.576781355763723e-05
0.00015638612845408117
1.345698104537552e-05
0.0003838050126233449
0.0005645135040791038
0.0006379892169577908
0.00010755566352545646
0.0003939081820542029
0.0008118319576930656
0.00015059333777371026
0.00011851303861573489
0.0002847653869987429
0.00031277225690816234
0.00033765997083177817
9.738783837646357e-05
0.00024433926413383784
0.00025239400177184745
0.00012449062751284168
0.0003685028886332586
6.481253571586734e-05
0.00041756207832172943
0.00010133871977584733
9.111363768451781e-05
5.2274371587754715e-05
0.00017481443265453446
0.0001079545367910195
0.00021514475519968283
8.560813312388646e-05
5.925651930786744e-05
0.00011491994669806543
3.266655575272603e-05
0.0011290270081582075
2.135771161489509e-05
0.0006379892169577908
0.0003939081820542029
0.00022330286002930202
0.00029677857290798915
0.00022763011581656864
0.00046738389493289
0.0001658148329588727
0.0003838050126233449
0.00017503993984513698
0.0002039762195490421
0.0006379892169577908
0.00044805725445263005
0.00047858109167511965
0.0002136932208056568
0.0008605790207987313
0.0006379892169577908
0.0001708635512551507
0.0013973795336307035
0.0008441522928027028
0.0003582410998774301
8.576781355763723e-05
0.0002960655167196277
0.001127222042772218
0.0004992810421525848
0.0006379892169577908
0.0010957267247269588
0.0008431368005690356
0.0006379892169577908
0.0012759784339155815
0.00031733170345643835
7.662140557356576e-05
0.007495003436962295
0.00014349446084643372
0.0009033174860857673
0.0008961145089052601
0.0006305211262592872
0.00029338764811857307
0.00041756207832172943
0.00011723283219571676
0.00023214156460690628
0.00022330286002930202
0.0005772409361567399
9.610293723114817e-05
0.0001368717057341102
0.0001891610278591198
5.0598399180403724e-05
0.0002926210578240789
0.00029677857290798915
5.791185375141744e-05
0.00027397611131115365
0.0003056172774855934
0.00033765997083177817
0.0002847653869987429
9.738783837646357e-05
0.00044805725445263005
7.219391918801748e-05
0.0006379892169577908
0.0003838050126233449
0.00016218008670518827
0.00015982436650109242
0.0003316010048261564
0.0010430659346626345
0.00010826949145255354
0.00014947538203782834
0.00011645624962647362
0.0001456696320667046
0.0002067415785725056
0.0003496288653090689
0.0003316010048261564
0.0003582410998774301
0.0006379892169577908
9.674344097197042e-05
7.903519905139154e-05
0.00037458154157394294
0.0010430659346626345
0.00010405689554298416
0.0004910377912004165
0.0006379892169577908
0.00010000533053945433
0.0002022240631841108
8.811051767053355e-05
0.00012874835030542373
0.0003582410998774301
0.0008323557972831877
0.00017038027769906405
0.0005864743460335955
0.0004189898863153237
5.483908652954276e-05
0.00015415440293788156
0.00018174520433124065
0.0002833380846419914
8.751996992256849e-05
0.0002022240631841108
0.0003968463372491655
0.00010967817305908552
0.0003453946144896211
0.0007491630831478859
0.0003103292997446578
0.0001331842714498188
0.00028862046807836997
0.0003817571713596388
0.0002436966960910483
2.853604437462882e-05
0.00019227898930320787
0.0001708635512551507
0.0003103292997446578
0.00043171681275611725
0.0002298618413327683
0.0006379892169577908
0.0007833344721936491
0.0005346975259937425
9.674344097197042e-05
1.7637924805830685e-05
7.219391918801748e-05
0.00037458154157394294
0.0015638612845408116
0.0008961145089052601
0.0003939081820542029
0.0005645135040791038
0.0006379892169577908
0.0006379892169577908
0.0003942698793713361
0.00018763577785252923
0.0003838050126233449
0.0002847653869987429
0.0020878103916086473
0.00019549144867786515
0.0012759784339155815
0.0033870810244746225
0.0019139676508733723
0.00093476778986578
0.0011290270081582075
0.0006379892169577908
0.0012759784339155815
0.0006379892169577908
0.00037458154157394294
0.001964151164801666
0.0006379892169577908
0.00015751986168468002
0.00012962507143173468
0.0001322821124163885
0.0005215329673313173
0.00022330286002930202
0.000982075582400833
0.00021319969059844403
0.0002756279224827374
0.00025239400177184745
0.0006379892169577908
0.00020050039843246648
0.0006379892169577908
0.0006379892169577908
0.0006379892169577908
8.061288844080513e-05
8.067869005919443e-05
0.0004865402601155648
7.958020306220238e-05
6.967591370205796e-05
9.42043244477412e-05
0.0006379892169577908
0.0001477280083266174
0.0002794479554395138
0.00014265512428383195
0.00013501195546069256
8.811051767053355e-05
0.00010614226863141316
0.00011191256636832009
9.93448732839198e-05
0.00011801514605346911
0.00017503993984513698
5.970855857113164e-05
0.00026734876299687124
0.00015415440293788156
0.0003316010048261564
0.0003341092976137547
9.42043244477412e-05
0.0008351241566434589
0.0011290270081582075
0.0005645135040791038
0.00016458935056320494
0.0003316010048261564
0.00018613216332853157
7.425229544793029e-05
0.00017216421845189637
2.072861156905406e-05
0.0006517394293010692
0.00044805725445263005
8.067869005919443e-05
0.0006379892169577908
0.00046738389493289
0.00019227898930320787
0.0006379892169577908
8.751423863405929e-05
0.0005645135040791038
0.0006379892169577908
6.673119527360284e-05
0.0006379892169577908
0.00028104560018967856
0.0006379892169577908
0.0012951504382683516
0.00033765997083177817
0.0002893104822094855
0.00013050050667035495
0.00033796935134953326
0.00017503993984513698
0.0006379892169577908
0.0003011058286952558
0.0002039762195490421
0.00011645624962647362
0.00020756988731099142
0.0006379892169577908
0.00044805725445263005
0.00025522091720992776
0.0005645135040791038
0.00016337787398728354
0.0006517394293010692
0.00021319969059844403
0.0001331842714498188
0.00025522091720992776
0.00017481443265453446
0.00012532860062448284
0.0001261732508830883
0.00012039733723949702
0.00017616480819760528
0.0001658148329588727
0.00041756207832172943
0.00015751986168468002
0.0005645135040791038
0.0006379892169577908
0.0002706106525643552
8.178867974694658e-05
0.0006379892169577908
0.0001477280083266174
7.017475248897186e-05
0.0001212034479424713
2.786300689716021e-05
0.00011265645044984443
0.0006379892169577908
0.0002627751332602091
5.970855857113164e-05
0.0003258697146505346
0.00012702468555377938
0.00019713493968566805
0.00010066992861987252
0.00010201175725331594
0.00018763577785252923
0.00014669382405928653
9.483342449358222e-05
0.00034408636544304227
0.00015415440293788156
0.0003316010048261564
0.0003509276453064164
0.0002706106525643552
0.0003838050126233449
0.00032043246917551576
0.00013138756663010455
0.00017753260842167127
0.00019549144867786515
0.00016218008670518827
8.123223203034944e-05