0.0009825919878105696
0.011282898846680624
0.009189838891964733
0.008149603972332636
0.00015934561565093515
0.000408082614048206
0.00016720800718884182
0.0001309732328400937
0.0004398181145825489
0.00026663407094463924
0.0010626040304103931
0.0006207543874431952
0.0002084247364896515
0.0006218731028941474
9.344001698469302e-05
0.00011814123167210345
1.7259052918425682e-05
0.0001684196350519019
0.001662771389579219
0.00046236948060668565
6.75650179318171e-05
0.00019323564372576523
0.000408082614048206
0.00021245441550216278
0.0003366875714488543
0.0004992058483338558
0.0007098895480835588
0.00016827475311211718
8.420981752595095e-05
0.0003842211288288974
0.0001763000296000812
0.00027887911965885883
0.00020431126385137382
0.00010006430680608693
0.00016682183582540587
0.0003657127229832029
0.00026945258319109404
0.0002328191169188031
0.0001390989073363252
2.4670184798406242e-05
0.00023446975625518302
7.596198392102796e-05
0.0003681127867165204
0.0004374136726115189
0.0004992058483338558
0.0024065132641066357
0.0003378043892020268
0.00029309789454324756
6.576181773455937e-05
5.379547361574798e-05
0.001085946271786288
0.0003378043892020268
0.00021865895214585334
0.0004992058483338558
0.00010120889054644606
0.0003573088922691171
0.00010282529930930207
0.0001507788230726172
4.2909804719544824e-05
0.00013567152763823367
8.3411529282345e-05
0.00011808002949509404
0.0002084247364896515
0.0006613092397783566
6.848153490694483e-05
1.6958940954779208e-05
0.00032672876907641814
0.0007421097261578713
0.00145647072033931
0.0001638592372428529
9.728630211496918e-05
0.0001565018484416136
3.1538483951678626e-05
3.471163296299067e-05
6.487470829113623e-05
0.00019118754109173674
5.520441400266487e-05
0.00022281966969706833
0.00016610575805305565
0.0001139817575586877
0.00010217297457044711
0.0001297447231918452
6.847705035976718e-05
3.511426421785306e-05
0.0003534403752152766
0.00044171348858137663
6.226892512334667e-05
0.00013588361271512107
0.00015045206630543212
3.090251919783615e-05
5.61313855028973e-05
6.015827835492028e-05
0.000408082614048206
0.0004992058483338558
0.004148308222124573
0.00025194778931884805
5.648939780620848e-05
0.0003003149611760588
0.0007282118727625992
0.00041674050613268944
2.2335244953256764e-05
0.00011582615828341072
0.0002141953317007828
0.00014564237455251983
4.5314145305492214e-05
0.0007314254459664058
0.00014109636334690015
0.00023221959763254995
0.000149223244684842
2.0601679465224097e-05
8.797531388055502e-05
0.00012236706804361544
9.731679327549408e-05
0.00011040543533103587
0.0022022835614834194
0.00020284814803652373
0.0003742708267129001
0.00047483774712106714
0.00012415087748863902
0.0004992058483338558
0.0004992058483338558
0.0004992058483338558
0.00014771732124691357
0.0004992058483338558
9.675933006650131e-05
3.959160455349772e-05
0.0004992058483338558
0.0004987986434996169
0.0002751926547970884
0.00020286600562884364
0.0003921445165174426
0.0003534027328261987
0.000298446489369684
0.0002751926547970884
0.00010932947607292667
0.0003842211288288974
6.891571847539367e-05
0.00014991938718375097
9.42070073854506e-05
4.1403310501998655e-05
0.0001122627710057946
0.0004992058483338558
5.1460952672069994e-05
0.0004992058483338558
0.0009984116966677116
1.885991951897437e-05
0.0004992058483338558
0.0004992058483338558
0.0008834269771627533
0.00010072658179337893
6.399698642537053e-05
0.0005368842355166382
0.00031695937976255616
3.0950226575970015e-05
0.00015964177596135807
0.000408082614048206
0.0001278378819186212
8.360400359442091e-05
0.00037752286402053804
0.0007684422576577948
0.00018918879516389774
0.0006385792058041158
6.89436193460993e-05
0.0002679796330392463
0.0001747272378800707
0.0001670870094397345
0.0009984116966677116
0.00022860846476033497
0.0003657127229832029
0.00026923640932393896
4.56633834732554e-05
0.0010330483908590666
0.00044171348858137663
0.0004992058483338558
0.0004513561989162964
0.0004328973402587582
0.0003609496701295217
8.76302401372353e-05
0.005201656656825214
0.00011801955207416828
0.0003657127229832029
7.999936466757865e-05
0.00011008696026269014
0.0008197086352056214
0.00011085142597194794
0.0003378043892020268
2.127859088839506e-05
0.00040025722722434774
0.000571436208211134
0.009704077269307814
0.00018164323724111824
0.0004992058483338558
3.5777417973929325e-05
8.420981752595095e-05
0.0004509949137445257
0.0004992058483338558
0.0003505902542957268
0.00029096587537477653
0.00021285973526803862
0.0010004590214743707
0.00018552743153946782
0.00044171348858137663
0.0004856498662069236
0.00044171348858137663
0.00020766761034164092
0.0002821927266938003
5.205217189517619e-05
0.0004992058483338558
0.00024282260142357963
0.0006640476924737152
3.083773099800781e-05
0.0001378872386921986
0.0001596047691925946
0.0009984116966677116
0.000596892978739368
0.00011162300309221915
6.848153490694483e-05
0.00022409779453503778
0.0026460439510529667
0.0004992058483338558
5.850759815944543e-05
0.00029602472541589525
0.00012712316830723516
0.0002259310243117279
0.00015664498111303524
0.0002501303251858584
5.236683825615891e-05
0.0003192095383851892
0.00014163627700144185
0.00044171348858137663
0.0002594894463836904
0.0003389363868372509
0.0003939128566584362
0.00030090413261086424
7.671012556763014e-05
8.81500148000406e-05
0.0002821927266938003
0.00031695937976255616
0.00012851251102934176
9.022676971754748e-05
0.0005559907250133013
0.00012505737768429633
0.00010421236824482574
0.00024650835497407714
0.0001493816123424933
0.00048564520284715925
9.234302012625343e-05
6.31284555333307e-05
2.8923572188142306e-05
9.483776283810254e-05
0.00010442998740869016
0.0004404567122966839
0.00023446975625518302
0.0003842211288288974
0.00014681890409889463
0.0004341942578901477
0.0001596047691925946
0.00044171348858137663
9.847821416460905e-05
3.491122550410594e-05
0.0003294567925293939
0.0007684422576577948
5.1671247624990764e-05
0.0005766830919520476
0.00021865895214585334
0.00013364174122053595
8.698994075263931e-05
0.00014319025295088036
0.00019323564372576523
0.0003137701040404183
4.355771207188412e-05
0.00012690065225957913
0.0002673903626785151
5.9742518375112303e-05
0.0003366875714488543
0.0002745473271078282
0.00021103656649842594
0.0009330298593801678
0.00023221959763254995
0.00018468604025250685
2.4670184798406242e-05
0.00021128494328588902
0.00030090413261086424
4.601409833956505e-05
0.0001883009173797175
0.00015555792063072716
0.0003378043892020268
0.0001872370829443244
0.00024668115491637693
0.00012415087748863902
0.0003505902542957268
0.00014069104433228396
5.23565358367037e-05
0.00030279440615902433
0.00041352972833398903
0.0005099649430570054
0.00017888708986964666
0.0003685591264919745
0.0003075219998604785
0.0001297447231918452
0.0044979005989082
0.00040837503098872417
0.0007005435972666271
8.740144285789909e-05
0.00023952256975165174
0.00010783495019210993
0.0001261539358067145
6.18424771798226e-05
5.379547361574798e-05
6.461949560255025e-05
0.0005659401478286201
0.0008834269771627533
0.0007054818167345008
0.0003657127229832029
0.00023221959763254995
0.0007684422576577948
0.00027458948869755307
0.00013659716013071795
0.00030822036323072366
0.0005729176736322507
7.519742815813867e-05
0.000491768973711005
0.00019199095927611163
0.0001883009173797175
0.00015171794504251058
0.0004992058483338558
0.00018988340886868805
5.183711632044747e-05
0.0004992058483338558
0.0006164407264614473
0.0004992058483338558
0.00011164264114099912
0.0001781131750382891
9.285067972791005e-05
0.0002751926547970884
6.399698642537053e-05
3.5158430457154545e-05
8.993274290600897e-05
0.0002211354758951847
0.0005606240588990951
0.0004782711939871949
9.992293692223674e-05
0.0003505902542957268
0.00020422481888023082
0.0008992112712413561
0.0007980238459629731
1.795527656614791e-05
0.00021566990038421986
8.048941967160093e-05
0.0001070976658503914
0.0004966035099545561
0.0001070976658503914
9.896255349830657e-05
0.0006867669459001253
0.0002143774117726884
0.0001070976658503914
0.00021103656649842594
0.0001853302416711004
0.00024180819652628807
0.00015823376372522957
0.00019533560253047553
0.0007011805085914536
0.00014299119305544858
0.00019728545320367812
5.267139632677958e-05
3.643652032662333e-05
0.0003003149611760588
8.415881464167209e-05
0.0004992058483338558
9.774903547578891e-05
0.0008834269771627533
7.999936466757865e-05
0.00024668115491637693
0.00022896647706364612
0.0004992058483338558
0.0004829964535335705
0.00029602472541589525
0.00016989418492652407
0.000305226575555255
4.090299854756132e-05
7.17715276446283e-05
0.0005471464710356209
0.00019862686791809897
0.00030090413261086424
0.000149223244684842
0.0004992058483338558
0.00020671560443732121
0.00012031655670984056
0.00012878582300562464
4.56633834732554e-05
0.0004992058483338558
0.0004072165733301676
0.00020148280794550077
0.0001278378819186212
6.665742094950595e-05
4.029063271735157e-05
0.0001139817575586877
0.0001503779495292458
0.0001853302416711004
0.0002594670200100769
0.0034980036432884875
2.1059301506074677e-05
0.00016590490827638073
0.00046790506198336843
0.0006693007453145429
0.0001422959341015104
0.00020241778109289212
0.00025924779582186456
0.0002167570903180979
0.002773983269076513
6.89436193460993e-05
0.0003625131624439377
0.0001763000296000812
8.81500148000406e-05
0.0002143774117726884
9.55025537818086e-05
0.00014681890409889463
6.915303823623935e-05
0.0002803120294495476
0.0007011805085914536
0.0004992058483338558
0.0006345032612978957
5.9742518375112303e-05
0.0004992058483338558
5.899516200032021e-05
0.00016834378572442714
3.7005277197609365e-05
0.000230165889273573
6.531707703200347e-05
0.0005556540081769191
0.00025704754561111027
0.00044403708812384296
0.00012505737768429633
0.0007289360770670986
0.0001714741173111669
2.024177810928921e-05
0.00013369518133925755
0.00030822036323072366
0.0001390989073363252
0.001044562712793894
0.00022281966969706833
0.0002743855776850295
7.225236343936596e-05
0.00014939852969002518
0.00036692353972945114
0.0004992058483338558
0.0010360865389556335
0.00020543115107930155
6.89436193460993e-05
2.6149788660661306e-05
9.719257229637387e-05
0.0004992058483338558
4.785756507854277e-05
6.576181773455937e-05
0.000209191726890409
0.00019728191686298145
0.000503707019863752
0.00014109636334690015
0.0004992058483338558
0.00035725645165119715
0.0002889646010102371
0.0010280650505797143
0.0004992058483338558
0.00022409779453503778
0.00034111878313819184
0.0001557744068332885
0.0003842211288288974
0.0005376826653760107
6.684686362584048e-05
7.569860153975608e-05
0.00025011475536859266
4.358298110110217e-05
0.0002179483845280338
9.291914768934854e-05
0.0005642781924779715
0.00026420796418980046
0.0004992058483338558
4.358298110110217e-05
0.0006913274555249722
0.00010350645809204425
0.00015039485631627734
0.00033705078323325704
0.00035971885559218936
9.675933006650131e-05
0.0004992058483338558
0.00044171348858137663
0.00014840815131787866
9.847821416460905e-05
7.982088798067904e-05
0.000135743283973286
9.249918475877131e-05
0.00044171348858137663
0.00010217297457044711
9.740987412530793e-05
0.00019351866013300262
4.358967690560676e-05
0.00015065035487989931
0.0001288693726901547
5.259460051021091e-05
0.00016229280450307491
7.722055143877735e-05
0.0001307148388391475
0.00030822036323072366
7.17715276446283e-05
0.0003842211288288974
0.00025072800347824447
7.081813850072093e-05
0.0001139817575586877
0.00019533560253047553
0.00011976128487582587
0.0006164407264614473
0.00013331703547231962
7.050860725536525e-05
0.00028645883681612536
4.8150111890465295e-05
8.471736181839416e-05
0.00012415087748863902
0.00013699015041976622
0.00013696306981388965
0.00010857884703770277
0.00044171348858137663
0.00019323564372576523
0.0001963348515701104
0.0009984116966677116
0.00010280650505797142
0.00022281966969706833
0.00021174404957145974
0.00022956630907979255
0.00015240564317355664
0.00020197466025759773
0.00020671560443732121
0.0008573705865558346
0.00010671813243893745
0.00014337080327574
0.00021820800887160927
0.00010932947607292667
0.0004992058483338558
0.0003657127229832029
0.00020422481888023082
0.00016532730994458914
0.00040862252770274763
0.00012115226570455999
0.0003842211288288974
0.00408082614048206
8.935824587972319e-05
0.00011478315453989628
0.0001638592372428529
0.00016989418492652407
0.00023560553479076832
0.0001853302416711004
0.00024282260142357963
0.00023118474030334283
0.00017169173647503132
2.3391926669556255e-05
0.00010280650505797142
1.4760003686886755e-05
0.0004992058483338558
0.00015555792063072716
0.00028645883681612536
0.00020984867557263204
0.00018346625441190327
0.0001835732381648569
0.0004404567122966839
0.00017710067173506552
0.00010280650505797142
0.0003842211288288974
0.0006756087784040536
0.0007413209666844016
0.0003378043892020268
0.00024668115491637693
0.00016241669753879522
0.0001389135020442298
0.0003300215690842602
0.0008834269771627533
0.0006605217615761409
0.00026420796418980046
0.0003378043892020268
0.000408082614048206
0.00029309789454324756
0.00030684050227052054
0.00022281966969706833
0.0002803120294495476
0.00012878582300562464
0.00017984225424827122
5.769441574108381e-05
2.3124796189692827e-05
2.024177810928921e-05
0.00022956630907979255
0.0003505902542957268
0.00020431126385137382
0.00016682183582540587
0.0004992058483338558
7.017578000866876e-05
2.2328528228199822e-05
0.00021128494328588902
0.00044620049687636194
0.0001326897879106179
5.632752682805029e-05
2.3831865509241428e-05
0.000209191726890409
0.0001419595215254789
0.0005779618507583571
0.00021709712894507386
0.000408082614048206
7.371182529839489e-05
0.00021174404957145974
0.00044171348858137663
5.1504198663060246e-05
0.0020398597722280217
0.00030130070975979863
0.00018104000591093682
0.0004992058483338558
0.0015432670558005023
5.6707016970072914e-05
0.00030822036323072366
0.00019323564372576523
0.00044171348858137663
8.250539227106505e-05
8.81500148000406e-05
6.487470829113623e-05
5.0572648347503516e-05
5.5301636092126906e-05
0.000408082614048206
0.0001464449581733366
3.855948724098828e-05
0.00032672876907641814
0.00032672876907641814
0.00027357323551781043
0.00015045206630543212
0.00017169173647503132
3.5777417973929325e-05
0.00013784324277799634
0.00029128474910503966
0.000158588516012852
0.0003657127229832029
0.0006339187595251123
0.0003192095383851892
0.0003300215690842602
0.0002084247364896515
6.786828679729302e-05
0.00025072800347824447
0.0002549824715285027
0.00010671813243893745
0.0001961311217564959
0.0002138803897594363
5.8100010399192205e-05
0.00021174404957145974
0.0003505902542957268
0.00023560553479076832
9.675933006650131e-05
0.0003003149611760588
0.00048564520284715925
0.00024282260142357963
9.675933006650131e-05
0.00012690065225957913
4.0244709835800466e-05
0.00011318802956572403
0.0004992058483338558
0.00016532730994458914
0.0003842211288288974
7.273600295720308e-05
6.399698642537053e-05
0.00019481974825061587
0.0001774723870208897
0.00011318802956572403
0.00025011475536859266
0.00029419668263474386
4.678385333911251e-05
0.00019323564372576523
0.0004992058483338558
0.00029309789454324756
0.00018449791925912416
6.248766751593127e-05
0.00018346625441190327
0.0005729176736322507
8.088428642203547e-05
0.0002594670200100769
0.00013881658501419986
0.0001781131750382891
6.89436193460993e-05
0.00022595759122483392
0.0004516722909538127
0.0004992058483338558
5.689117793112097e-05
0.00033663525856668836
0.00034677711045501427
0.00010857884703770277
0.00019533560253047553
0.00040158044718872573
0.00021865895214585334
0.000408082614048206
0.00015214111468367562
0.000408082614048206
0.00024668115491637693
0.000209191726890409
0.00025072800347824447
0.000408082614048206
0.00021128494328588902
0.0001781131750382891
0.00018967552567620508
0.00027458948869755307
0.0003059314229309448
0.00031695937976255616
0.00030822036323072366
2.6001699867169166e-05
0.00014681890409889463
0.00026420796418980046
0.00033978836985304814
0.0003003149611760588
0.00021709712894507386
0.00026923640932393896
0.00013999775202354426
0.00035673171095315566
0.0005099649430570054
0.00039508930623425567
0.000135743283973286
0.0005189340400201538
7.081813850072093e-05
0.00018224646857129963
0.00039498022355204695
0.000408082614048206
0.00010564247164294451
0.00023560553479076832
0.00022137583966883192
0.00010778103327643761
0.00010636687749037368
7.620282158677832e-05
0.0004992058483338558
0.00011538883148216762
0.00031695937976255616
8.698994075263931e-05
0.00018164323724111824
0.00015546827572353685
3.855948724098828e-05
0.00030822036323072366
0.00015102777131889211
6.308930145936462e-05
0.00011162300309221915
0.0005189340400201538
0.00015214111468367562
0.000149223244684842
0.0001781131750382891
8.305287902652783e-05
0.00031695937976255616
0.0002803120294495476
0.0002803120294495476
0.00019481974825061587
9.358101239667368e-05
0.0001747272378800707
0.00018346625441190327
0.00016989418492652407
0.00013881658501419986
6.786828679729302e-05
6.18050383956723e-05
0.0004992058483338558
0.0010769456372957558
0.00013331703547231962
0.00024105264907655133
7.982088798067904e-05
0.00026945258319109404
0.00013369518133925755
0.0005014560069564889
0.0004992058483338558
0.00037183882621181173
0.00034677711045501427
0.0005395782833882841
0.00024297869235569952
0.0005144223519335007
0.0001899049598025699
0.00014109636334690015
2.8923572188142306e-05
0.0001544859556247815
6.940829250709993e-05
7.420407565893933e-05
0.0007289360770670986
0.00020758564468327585
0.00018172839855684002
4.496637145300449e-05
9.994625812250065e-05
3.0450821991403754e-05
0.0003378043892020268
0.00016532730994458914
0.0004476697340545261
0.000408082614048206
0.00021174404957145974
0.00021990905729127444
0.00030090413261086424
0.0003842211288288974
6.802201050551655e-05
5.259460051021091e-05
0.0002279635151173754
5.333290977838576e-05
5.957216391981546e-05
0.0001650107845421301
4.6733083089286456e-05
0.00019150311095761778
0.00016392299123700165
0.00020561301011594283
0.00012539515388399367
0.00020012861361217387
0.0001493816123424933
0.00011008696026269014
0.00010518920102042182
0.00011318802956572403
0.0007011805085914536
0.00010890000826365978
0.00016989418492652407
0.00014564237455251983
0.0004992058483338558
6.305451040043242e-05
5.727610118035215e-05
0.00018164323724111824
0.00024105264907655133
5.0713704894558536e-05
0.000408082614048206
8.109732772957839e-05
0.00032672876907641814
0.0072235021062999494
0.00029309789454324756
7.225236343936596e-05
0.00031051937427613275
3.640105957587115e-05
0.000408082614048206
0.0001529657114654724
0.0004992058483338558
0.00030850337963796105
0.000408082614048206
0.0004992058483338558
0.0001250651625929292
7.983502874565742e-05
0.00012878582300562464
0.000816165228096412
7.82509242208068e-05
0.00017119262589941796
0.0003657127229832029
0.00014681890409889463
0.00011723487812759151
6.75650179318171e-05
8.196149561850083e-05
8.641593194062152e-05
0.00023221959763254995
0.00014681890409889463
5.013514771938036e-05
0.00047576554803855606
3.4850660373774225e-05
0.00024282260142357963
0.0002549824715285027
5.297595264085937e-05
0.0004992058483338558
2.6026085947588095e-05
0.00029309789454324756
0.0004992058483338558
0.00041343120887464243
0.00012325417748703857
0.000298446489369684
0.00025072800347824447
0.000149223244684842
4.496637145300449e-05
0.00021566990038421986
0.0004992058483338558
0.00016532730994458914
0.00014742365059678978
0.00014220972157087336
0.00023118474030334283
0.0003842211288288974
0.00033705078323325704
0.00021652257335895978
0.0002549824715285027
5.4130643339739945e-05
0.0005431200177328105
0.0022565520313042003
0.0003366875714488543
0.00014681890409889463
0.0004992058483338558
0.0002803120294495476
6.443468634507734e-05
0.0004992058483338558
0.00021174404957145974
0.00023446975625518302
6.0576132852279996e-05
0.0009984116966677116
0.00015342025113526027
0.00026923640932393896
0.00011040882800532974
0.0003494544757601414
0.0004992058483338558
0.00029309789454324756
0.00029309789454324756
0.00028074303719002105
0.0004992058483338558
0.0003657127229832029
2.5013032518585836e-05
6.848153490694483e-05
0.0003461694598083013
8.584586823751566e-05
0.0003842211288288974
0.0003505902542957268
0.00044171348858137663
0.0001714741173111669
0.00018346625441190327
0.00014564237455251983
0.00018552743153946782
0.0004992058483338558
0.0027693556784664105
0.0006018082652217285
0.0004220731329968519
0.0008792936836297427
0.000408082614048206
0.0002629730025510546
0.009019324532338086
0.0010983579547902123
0.00023118474030334283
0.00019878538453545994
0.00010217297457044711
0.0003378043892020268
0.00010292190534413999
0.00015964177596135807
5.445000413182989e-05
0.00026420796418980046
0.00011085142597194794
0.0003505902542957268
0.000408082614048206
0.0006756087784040536
0.0004992058483338558
4.358967690560676e-05
0.0001853302416711004
0.0012258675831082432
0.0004992058483338558
4.636630244544173e-05
0.00010748791518734295
0.00012325417748703857
0.00012283642113047866
0.00025415208545518254
0.0008268624177492849
0.00029602472541589525
0.0006384190767703785
0.0001781131750382891
0.00013471291119125658
0.0019968233933354233
0.0003378043892020268
0.0001236849543596452
0.0004992058483338558
0.00042922934118757835
0.00019997555320847943
0.0004617151006312672
0.00018164323724111824
0.0005384728186478779
6.248766751593127e-05
5.4130643339739945e-05
0.00031051937427613275
0.0004829964535335705
0.0002866764559799898
0.00029309789454324756
9.675933006650131e-05
0.00010280650505797142
0.000408082614048206
0.0004992058483338558
0.0004992058483338558
8.250539227106505e-05
0.000149223244684842
0.000135743283973286
0.0003036611189219996
9.847821416460905e-05
0.00022583614547690636
0.00021174404957145974
0.0001781131750382891
0.000408082614048206
0.00017985942779609468
0.00044171348858137663
0.00032199763568904695
0.0019968233933354233
7.182110626459164e-05
0.00020197466025759773
0.00044171348858137663
0.00019323564372576523
0.00019749011177602348
0.0006597271718738234
0.0002653795758212358
0.00041999325607063287
0.00031695937976255616
0.0003657127229832029
0.000408082614048206
0.0003657127229832029
6.665851773615981e-05
0.00019749011177602348
9.8726472281897e-05
0.00044171348858137663
0.0005284159283796009
6.75650179318171e-05
0.0003378043892020268
0.00032672876907641814
0.0003378043892020268
0.00018716202479334736
0.00028645883681612536
0.00031695937976255616
0.0010940645903417371
0.0004992058483338558
9.463968101698593e-05
0.0001532594618556707
0.0004234880991429195
0.0002803120294495476
0.0002279635151173754
0.0004992058483338558
9.48639560676736e-05
0.00017308472990415065
0.00021174404957145974
0.00017308472990415065
0.0004992058483338558
9.109833567659988e-05
0.0004992058483338558
0.0003657127229832029
0.0001638592372428529
0.00209191726890409
0.0004992058483338558
7.671012556763014e-05
8.03508830255171e-05
0.0002653795758212358
0.0004992058483338558
0.0001180684926047592
0.0004992058483338558
0.00010142407401826187
0.0001596047691925946
7.82509242208068e-05
1.8207673203415103e-05
6.13153100951228e-05
3.945638337259629e-05
0.0003657127229832029
0.0004992058483338558
0.00033663525856668836
0.00019118754109173674
0.00023952256975165174
0.00030822036323072366
0.0003842211288288974
0.00022281966969706833
0.00019481974825061587
5.4909465421565646e-05
0.0003003149611760588
0.0003378043892020268
0.0001747272378800707
0.00024650835497407714
0.0003657127229832029
0.00044171348858137663
0.0005861957890864951
0.00021715769407540554
0.0001716392188781793
0.0011526633864866922
0.00019842122439164877
0.0004782711939871949
0.00017169173647503132
0.0011780743243543054
0.00015688505202020916
8.924009937527238e-05
8.415881464167209e-05
0.0002803120294495476
0.0004992058483338558
0.0004992058483338558
0.00039940416264670515
0.0004992058483338558
6.75650179318171e-05
0.0015454298760674957
6.18424771798226e-05
6.531707703200347e-05
0.00019351866013300262
5.221499370434508e-05
0.00012062081528580991
0.00010903828053374005
5.9742518375112303e-05
0.0004992058483338558
0.003672743526433854
0.00047121106958153663
0.003672743526433854
0.000503707019863752
0.0004992058483338558
0.002496029241669279
0.00044171348858137663
0.0004992058483338558
0.0004992058483338558
0.00023221959763254995
0.0001755227944783363
8.14211422917506e-05
0.0001638592372428529
0.0005729176736322507
6.987558355887367e-05
0.00012062081528580991
0.0002884720787054191
0.0001278378819186212
0.0005405438600714415
0.000836766907561636
0.0004644391952650999
0.0004287548235453768
0.0009082459160759072
0.0009867246196655077
0.0006339187595251123
0.0004992058483338558
0.00012712316830723516
0.001257871290864517
0.00019878538453545994
0.00033026088078807043
0.0004992058483338558
8.756794965832839e-05
3.926697031402208e-05
8.447092002154449e-05
0.0001180684926047592
0.00031695937976255616
0.00011976128487582587
0.0003657127229832029
0.0001638592372428529
0.00010492433778631602
0.00032672876907641814
7.155483594785865e-05
5.4909465421565646e-05
6.711052943957977e-05
0.000408082614048206
0.00020671560443732121
0.00044171348858137663
0.0007684422576577948
0.0003657127229832029
0.0003657127229832029
0.0010587202478572987
8.698994075263931e-05
0.00021174404957145974
0.00023913559699359745
3.454402807518401e-05
0.00011085142597194794
0.0004992058483338558
0.0011140983484853417
0.00016682183582540587
5.807694942917882e-05
0.0003842211288288974
0.0009984116966677116
0.0003842211288288974
0.0002594670200100769
7.371182529839489e-05
0.00019970208132335257
0.0003842211288288974
0.0004992058483338558
0.00017985942779609468
0.00019222769731734918
3.272766478449592e-05
0.0004992058483338558
5.1460952672069994e-05
7.671012556763014e-05
0.00013678661775890522
0.0003505902542957268
0.000471035036927253
0.0003366875714488543
0.00044171348858137663
0.0003710203782946967
0.0004992058483338558
0.00015555792063072716
0.00030822036323072366
0.0003492286753782047
0.0004992058483338558
0.00023560553479076832
0.00010271557553965078
9.571513015708554e-05
0.0003277184744857058
9.54733517129932e-05
0.0001435430552892566
0.0004992058483338558
0.00012270899564268396
0.000408082614048206
0.00022281966969706833
0.00044171348858137663
0.00020431126385137382
0.00017308472990415065
0.00014801236270794763
0.0003378043892020268
0.00024124163057161983
6.848153490694483e-05
0.0004992058483338558
0.00026420796418980046
9.295970655295293e-05
0.0004992058483338558
0.00015754190128174853
0.00044171348858137663
0.00022637605913144806
8.114640225153746e-05
0.00044171348858137663
0.00026420796418980046
0.0001872370829443244
0.00018164323724111824
0.00027458948869755307
0.0004992058483338558
7.982088798067904e-05
0.00019118754109173674
0.00016946819341862545
0.00018346625441190327
0.00015823376372522957
9.112323428564981e-05
0.000222612226976818
0.00019118754109173674
0.00022896647706364612
0.00026923640932393896
0.0003657127229832029
0.0007124527001531564
0.00023952256975165174
0.0001909467034259864
0.0003003149611760588
0.0001638592372428529
0.00014034969587658493
0.00015425168981898053
8.992112712413561e-05
0.0007011805085914536
0.0005099649430570054
0.00021715769407540554
0.000408082614048206
0.00021174404957145974
0.0002167570903180979
0.0004992058483338558
0.0002821927266938003
2.6388585475866985e-05
0.00030222421191825115
0.00013678661775890522
0.00010981893084313129
8.698994075263931e-05
0.0004125269613553253
0.000149223244684842
0.0005606240588990951
0.0005014560069564889
0.0014654894727162378
0.0004782711939871949
0.00016834378572442714
0.0002143774117726884
0.00012453785024669334
0.0005038955786376961
0.0004234880991429195
0.0002549824715285027
0.00019323564372576523
7.129346325314542e-05
3.798099196051398e-05
2.0499768806569352e-05
0.0001532594618556707
0.00026942582238251317
0.0004992058483338558
0.00011530659489090551
0.00022709580461926826
0.000418383453780818
0.0001168308051249664
0.0001853302416711004
8.360400359442091e-05
0.0003088822057551094
0.00022409779453503778
0.00027458948869755307
0.0004992058483338558
0.00011640955845940156
0.00017985942779609468
0.000418383453780818
8.527969578454796e-05
9.630022378093059e-05
7.17715276446283e-05
6.711052943957977e-05
0.00045793295412729224
0.0003861027571938868
0.0004992058483338558
2.2439791175611177e-05
0.00028645883681612536
0.0004287548235453768
0.00015555792063072716
0.0007684422576577948
0.0001596047691925946
0.00031695937976255616
0.0006339187595251123
0.00013179514279734793
0.00024124163057161983
0.0004992058483338558
0.0001488159182937366
0.0002679796330392463
0.00032672876907641814
0.00023952256975165174
6.356158415361758e-05
0.00020448415419238892
4.090299854756132e-05
0.0003842211288288974
0.000408082614048206
0.0001853302416711004
9.611384865867459e-05
4.190033251525075e-05
0.0004992058483338558
0.00023560553479076832
0.0002594670200100769
0.0007536560590836048
0.00025380130451915827
0.0001488159182937366
0.0001516993671379298
6.399698642537053e-05
0.0004992058483338558
0.0004992058483338558
9.173088493236278e-05
0.0006756087784040536
0.000408082614048206
0.0003657127229832029
7.129346325314542e-05
0.0004992058483338558
0.00030822036323072366
0.00013678661775890522
0.00013471291119125658
0.00020671560443732121
6.226892512334667e-05
0.0001460504002287255
0.00019749011177602348
0.00014801236270794763
0.0004992058483338558
0.00032672876907641814
0.00036693250882380654
0.0005099649430570054
0.0018918879516389776
0.001255150361342454
0.00031910063247112105
0.00012712316830723516
0.0003842211288288974
0.00019323564372576523
0.00016682183582540587
0.0008683885157802954
0.00017308472990415065
0.0004992058483338558
0.0003657127229832029
7.034552216614198e-05
0.0004644391952650999
0.000408082614048206
0.00010492433778631602
0.00013471291119125658
0.00015555792063072716
0.00016682183582540587
0.0002070129161840885
0.000209191726890409
0.0005991062439700578
0.00023788277401927803
0.000197452944563794
5.9742518375112303e-05
0.0005284159283796009
0.0003706604833422008
7.28021191517423e-05
0.00026942582238251317
0.00010981893084313129
4.707522934492937e-05
0.00013471291119125658
0.00021174404957145974
0.0004992058483338558
4.5314145305492214e-05
0.00012597389465942403
0.0005210618412241287
7.081813850072093e-05
0.00020984867557263204
0.00011240182517404485
0.00011478315453989628
0.00014801236270794763
0.0004992058483338558
6.226892512334667e-05
0.0005861957890864951
5.3359066219468726e-05
0.0004992058483338558
0.00023913559699359745
0.0003657127229832029
0.00039498022355204695
0.00016682183582540587
0.00011865766403956467
0.00010783495019210993
0.0004992058483338558
0.00032672876907641814
0.0002549824715285027
0.00031695937976255616
0.00021990905729127444
0.00024282260142357963
0.00031695937976255616
0.00011538883148216762
0.00022583614547690636
0.00031646752745045914
0.00020012861361217387
0.0001872370829443244
0.0004992058483338558
0.0004992058483338558
0.0004992058483338558
6.443468634507734e-05
0.0003003149611760588
0.0004992058483338558
0.0003657127229832029
0.00021715769407540554
0.0001694347236367883
0.0004992058483338558
0.0004992058483338558
0.00016682183582540587
0.00016532730994458914
0.0004992058483338558
8.196149561850083e-05
0.0004992058483338558
0.0002803120294495476
0.00031695937976255616
0.0008593765104483761
0.00022896647706364612
0.00038351364575586364
0.0008266365497229457
0.00016834378572442714
0.0007926238925694014
0.0005924703353280705
0.0009984116966677116
0.0004992058483338558
0.0004992058483338558
0.00020431126385137382
0.0007684422576577948
0.00023118474030334283
0.0002143774117726884
0.00011976128487582587
0.00032672876907641814
0.00016834378572442714
0.00019878538453545994
0.0009984116966677116
0.0003562263500765782
0.00030850337963796105
0.0002803120294495476
0.00016989418492652407
8.083577495732822e-05
9.037240972469115e-05
9.611384865867459e-05
6.937438856907849e-05
0.00016241669753879522
0.0003657127229832029
0.00014109636334690015
0.00020671560443732121
5.4130643339739945e-05
0.00012062081528580991
0.00014681890409889463
0.0004992058483338558
0.0002549824715285027
0.000408082614048206
0.0004992058483338558
0.00016682183582540587
0.00029309789454324756
0.00026923640932393896
0.00029309789454324756
0.00017640293007019776
0.0001464449581733366
0.0004992058483338558
0.00032483339507759045
1.0759094723149595e-05
0.0003505902542957268
7.17715276446283e-05
0.0003003149611760588
0.0004992058483338558
0.00044171348858137663
0.0004992058483338558
0.00013471291119125658
0.0001529657114654724
0.00044171348858137663
0.00019970208132335257
0.00044171348858137663
3.3917881909558416e-05
0.0003505902542957268
0.00024668115491637693
6.226892512334667e-05
0.000408082614048206
4.324904422027115e-05
0.00013696306981388965
6.443468634507734e-05
0.00019118754109173674
8.932654434641543e-05
0.00028262102215635183
0.0004992058483338558
0.00022583614547690636
0.0001529657114654724
0.00013999775202354426
0.00013999775202354426
0.0004992058483338558
0.0004933623098327539
0.0004992058483338558
9.234302012625343e-05
0.00015425168981898053
5.648939780620848e-05
0.0004992058483338558
0.00012062081528580991
0.0004992058483338558
0.0004992058483338558
0.00023560553479076832
0.0003842211288288974
0.0004992058483338558
0.00014801236270794763
0.00021990905729127444
0.00044171348858137663
0.00010280650505797142
0.0004992058483338558
0.00044171348858137663
0.00024282260142357963
6.940829250709993e-05
0.00026923640932393896
7.773413786176843e-05
0.00022583614547690636
0.0004992058483338558
0.0003378043892020268
0.00010142407401826187
0.00014681890409889463
3.06576550475614e-05
0.00029309789454324756
9.112323428564981e-05
0.0001326897879106179
0.0004992058483338558
0.0008834269771627533
0.0004992058483338558
0.00019878538453545994
0.00022583614547690636
0.0003505902542957268
0.00012325417748703857
0.0009984116966677116
0.0018890958816761472
0.00011723487812759151
0.0005099649430570054
0.0008334810122653789
3.894360170832213e-05
0.0006756087784040536
0.00044171348858137663
0.0004992058483338558
0.0004992058483338558
0.0004992058483338558
0.0039936467866708465
0.0003378043892020268
0.0003842211288288974
0.0001529657114654724
0.00044171348858137663
0.0007245452066443097
0.0004992058483338558
0.00010074140397275038
0.00023221959763254995
9.630022378093059e-05
8.584586823751566e-05
0.00024668115491637693
0.0003842211288288974
0.0002361369852095184
0.00010074140397275038
0.00016989418492652407
0.0004992058483338558
0.00022583614547690636
0.00031695937976255616
9.295970655295293e-05
0.003091994420069636
0.00012690065225957913
0.0001763000296000812
0.00044171348858137663
0.0004992058483338558
8.786342853156528e-05
0.000816165228096412
0.0034944409383369903
0.0003657127229832029
0.000408082614048206
0.00040394932051519546
3.441381018506674e-05
0.0004992058483338558
0.0004992058483338558
0.0004992058483338558
0.00028645883681612536
0.0002143774117726884
0.00018918879516389774
0.0004992058483338558
0.00010783495019210993
0.00030822036323072366
0.000408082614048206
0.0001389135020442298
0.0003657127229832029
6.89436193460993e-05
0.00012415087748863902
0.00031695937976255616
0.0004992058483338558
0.00012062081528580991
6.802201050551655e-05
0.0004992058483338558
0.0004992058483338558
6.015827835492028e-05
7.877095064087427e-05
0.00019970208132335257
0.00021990905729127444
0.00015823376372522957
0.00019118754109173674
0.0004992058483338558
0.00013331703547231962
0.00021990905729127444
4.707522934492937e-05
2.3659920254246482e-05
0.00031695937976255616
0.0003003149611760588
0.00039067120506095106
2.6945258319109403e-05
0.00028645883681612536
9.611384865867459e-05
0.00023560553479076832
0.00023221959763254995
0.0009009448835281765
0.00044171348858137663
6.399698642537053e-05
0.0003378043892020268
0.0001139817575586877
0.00019118754109173674
7.273600295720308e-05
0.0003378043892020268
0.0004829964535335705
0.00024282260142357963
0.0003505902542957268
0.0003505902542957268
0.0003378043892020268
0.00044171348858137663
0.00044171348858137663
0.00032672876907641814
0.00031695937976255616
0.0009984116966677116
0.0004992058483338558
0.004992058483338558
0.00032672876907641814
0.0002084247364896515
0.00014564237455251983
0.0001529657114654724
0.0003378043892020268
0.00022896647706364612
0.00021174404957145974
0.000408082614048206
0.0001516993671379298
7.569860153975608e-05
0.0009984116966677116
0.00044171348858137663
5.03425904396307e-05
0.0004992058483338558
9.8726472281897e-05
0.00026923640932393896
8.992112712413561e-05
0.00013471291119125658
0.0004992058483338558
8.471736181839416e-05
2.259310243117279e-05
0.0001872370829443244
0.001632330456192824
0.0002594670200100769
0.002496029241669279
0.0004992058483338558
8.447092002154449e-05
0.0003842211288288974
0.0004992058483338558
0.00038351364575586364
0.00010564247164294451
0.00024124163057161983
0.00024473413608723087
0.0004992058483338558
0.0004992058483338558
0.0002803120294495476
9.675933006650131e-05
0.00031695937976255616
0.00012062081528580991
8.471736181839416e-05
5.1460952672069994e-05
0.00023560553479076832
1.3801103500666217e-05
0.00022583614547690636
0.0009984116966677116
0.00019533560253047553
0.00010636687749037368
0.0004992058483338558
7.620282158677832e-05
0.00032672876907641814
0.0004992058483338558
0.0004992058483338558
0.0004992058483338558
0.00011478315453989628
0.0004992058483338558
0.0004992058483338558
0.0004782711939871949
0.0004992058483338558
0.00020431126385137382
0.0001180684926047592
0.00029309789454324756
6.75650179318171e-05
0.0017668539543255065
0.002448495684289236
0.00265028093148826
0.0004992058483338558
0.000408082614048206
0.0008834269771627533
4.8150111890465295e-05
0.00016099881784452347
0.00010280650505797142
0.0004992058483338558
0.00044171348858137663
0.0004369271236575595
0.0009984116966677116
0.0003378043892020268
0.00010564247164294451
0.0004992058483338558
0.0004992058483338558
0.0004992058483338558
0.00014220972157087336
0.0002549824715285027
0.0001638592372428529
0.0004992058483338558
0.0004992058483338558
0.0004992058483338558
0.0004992058483338558
0.0003505902542957268
0.0003842211288288974
9.234302012625343e-05
0.0009984116966677116
4.5314145305492214e-05
9.847821416460905e-05
0.00028645883681612536
0.0001278378819186212
0.0004992058483338558
0.0004992058483338558
8.584586823751566e-05
0.0009984116966677116
8.305287902652783e-05
9.54733517129932e-05
0.0004992058483338558
0.0002594894463836904
8.114640225153746e-05
0.0004992058483338558
6.89436193460993e-05
0.00019970208132335257
0.00011318802956572403
0.00016834378572442714
0.0004992058483338558
9.806556087824794e-05
0.000408082614048206
5.8917198706922354e-05
0.00031695937976255616
6.18424771798226e-05
0.00016834378572442714
3.393414339864651e-05
0.00024668115491637693
0.00044171348858137663
0.0003003149611760588
3.423852517988359e-05
4.223546001077224e-05
0.0001326897879106179
8.641593194062152e-05
0.00044171348858137663
4.057320112576873e-05
0.00010142407401826187
0.00011976128487582587
0.0003505902542957268
0.00014681890409889463
0.0004992058483338558
0.0003505902542957268
0.00011085142597194794
4.636630244544173e-05
0.00014220972157087336
0.00032672876907641814
8.873619351044485e-05
0.00022281966969706833
0.0004992058483338558
0.00012062081528580991
0.0004992058483338558
0.00027458948869755307
9.675933006650131e-05
0.00014109636334690015
0.0003505902542957268
0.0001326897879106179
0.0004992058483338558
0.00030822036323072366
0.00018918879516389774
0.00019970208132335257
0.00025072800347824447
0.00032672876907641814
8.305287902652783e-05
0.0003505902542957268
0.000408082614048206
0.00017985942779609468
0.00026923640932393896
2.7225002065914945e-05
0.0003505902542957268
4.9239107082304525e-05
4.9239107082304525e-05
0.00021990905729127444
0.00032672876907641814
0.000408082614048206
8.415881464167209e-05
0.0003378043892020268
0.00020671560443732121
0.00015823376372522957
0.000408082614048206
0.00027458948869755307
0.0004992058483338558
0.00017640293007019776
0.0004992058483338558
0.0004992058483338558
0.0002594670200100769
0.00032672876907641814
0.0004992058483338558
0.0001747272378800707
0.00019533560253047553
0.00044171348858137663
0.00016099881784452347
0.00024668115491637693
3.393414339864651e-05
0.0002549824715285027
0.0004992058483338558
7.9294258006426e-05
0.0003632864744822365
0.00020671560443732121
0.0001747272378800707
0.0004992058483338558
0.00022583614547690636
0.0001781131750382891
0.00031695937976255616
4.324904422027115e-05
8.088428642203547e-05
3.3328710474752974e-05
3.926697031402208e-05
0.0003505902542957268
0.0003378043892020268
0.0004992058483338558
0.0001389135020442298
3.4850660373774225e-05
0.00011318802956572403
0.0004992058483338558
0.00027458948869755307
0.00014564237455251983
8.492725794695067e-06
3.608865264419446e-05
6.665851773615981e-05
7.569860153975608e-05
1.6465225554761377e-05
0.0003842211288288974
0.0003657127229832029
0.0003378043892020268
0.00010783495019210993
0.0004992058483338558
0.00010857884703770277
0.00015045206630543212
3.798099196051398e-05
0.00028645883681612536
0.00033364367165081174
0.0004933623098327539
0.0004992058483338558
6.0576132852279996e-05
3.798099196051398e-05
0.00014564237455251983
2.0758564468327586e-05
0.00013471291119125658
4.8874517737894454e-05
8.088428642203547e-05
7.982088798067904e-05
0.0004992058483338558
7.620282158677832e-05
6.18424771798226e-05
9.234302012625343e-05
8.698994075263931e-05
0.0002803120294495476
0.00016682183582540587
0.0003505902542957268
0.00012415087748863902
0.000408082614048206
0.00018164323724111824
0.00020197466025759773
6.848153490694483e-05
0.00032672876907641814
0.00025072800347824447
0.0004992058483338558
0.00014564237455251983
0.0003657127229832029
0.00044171348858137663
0.0003505902542957268
0.0003505902542957268
0.000408082614048206
7.034552216614198e-05
0.00044171348858137663