0.0004725373670346936
0.00020603811009377282
0.0002836177424163006
0.002963486054159394
0.01085452121209198
0.000316672117438068
0.0012676229565689399
0.0004353118438193277
6.162247596037791e-05
0.0007379564714500476
0.00016872262223450175
0.0001452870759504595
0.0002195903991217485
0.0004919709809666984
5.318391288062215e-05
0.0004049342933628042
0.00048248206660755417
0.00011857283849665446
0.0015967414722020986
0.0007635862295823477
0.00018879733041165164
6.892057779176987e-05
0.00018405011246715302
0.0002959625704343768
0.00014113451992355514
0.000832108812696312
0.000995269460110209
0.0002530673600252265
0.00018033630475125702
9.040366159427118e-05
0.00022995518701933578
0.0020781021885337555
1.672117210947799e-05
3.680833340189026e-05
0.0001594081872405103
0.0001147224634092653
0.0004485024767556185
0.00014553629988592453
0.0001718053747753593
0.00031121697380835216
9.321101537455227e-05
0.0001656187441188513
0.0003037534014447711
0.000314583313191201
0.00011166707420280888
0.0002653344323772152
0.0002459854904833492
0.0008386026283299026
0.0002040625230711146
0.00016099678476229302
0.00011855884716508653
0.0003037534014447711
0.0007559109539535862
2.051911703693902e-05
7.718738199772751e-05
0.00036528859227927035
9.995415990205516e-05
0.00012131374208683723
0.00022885409621758545
2.7202175015805876e-05
0.00018020626929607099
0.0007379564714500476
0.00022256315786129901
0.00010836098475222219
0.0006783696769338341
0.0018659110015134424
0.00018139590660222848
0.00010980486859937414
7.293362800101767e-05
0.0005230669900244647
0.0003123657655630988
0.00010340369520970274
7.183798821905894e-05
0.0028170226159101443
0.00017901072655646433
0.00017703842112078608
0.00030894458203302785
0.00018162682246936396
1.9404839984789938e-05
0.00035225279535195227
0.000349755342888861
6.299257949613219e-05
0.00020465793482944323
0.00014950082558520616
4.710575140855105e-05
0.00013560217772610152
0.00016099678476229302
0.0006846544138110181
7.864582829780025e-05
9.861409946107119e-05
0.0009918344407536309
9.040145181740102e-05
6.02968161374337e-05
4.430896119160305e-05
6.679699849216303e-05
0.0001290134032084477
0.00023839255233775683
0.0003003937314725174
0.00010752278698021325
0.00017087567761551426
5.0840749331275016e-05
5.0613472005045304e-05
0.001992944954167577
0.0003061889098481445
6.27723210912244e-05
0.00021152382855851626
0.00031274094768447006
3.970671050405662e-05
0.00023052913239562687
5.050667676980855e-05
0.00011282406116179663
6.393449512749658e-05
0.00012971308898669187
9.279188525211189e-05
0.0002603788632595135
0.0021123623147027808
9.795221846674838e-05
0.00011358619368212197
0.0002262392611221144
0.0011409568603901999
0.0006305152652366969
0.0002459854904833492
0.0003201256647141471
0.0007573054133439137
0.002755309875649734
0.00018644692856731952
2.0401631261854407e-05
3.047310469730389e-05
0.0005696071798776399
0.00016312351471534697
0.0001696794458415858
0.0002459854904833492
0.0002459854904833492
9.42083535814355e-05
0.00023609542485340085
0.00022425123837780924
0.00012564353669520425
2.1227660391175923e-05
0.0002459854904833492
7.537440854820379e-05
4.710575140855105e-05
0.00011128157893064951
0.005079751292571331
0.00010185986305607133
5.424574853523862e-05
0.0002899329625965591
0.0005932302036727057
7.387332122097873e-05
3.457936985934403e-05
8.528812777885685e-05
0.00015187670072238556
0.00012859382546042333
9.91284658775078e-05
2.4012595364766164e-05
0.00010307998136628849
0.00038531625328653126
0.0002971817188201114
0.0010914857289519933
0.0002459854904833492
0.00020110855279891848
0.000127864364884717
2.9926023314052133e-05
5.538640660750036e-05
0.0002459854904833492
3.7799192308687314e-05
7.870493831428846e-05
0.0002653344323772152
0.0001444250494850785
0.0002194326090688164
2.794258807220984e-05
0.0012840628867067457
0.00016985493319719144
0.0005023606542536191
0.00017384636586628187
0.00023711769433017307
0.00038885248747391624
0.0004430896119160305
0.0006349441669669037
4.314942446932123e-05
9.500163523142038e-05
0.00010185986305607133
0.00010063251944822968
5.65598152805286e-05
0.00013086354908530904
9.655567909078773e-05
0.000477585743067251
0.00018020626929607099
0.00014515831565473623
7.503936051489426e-06
4.295134369383982e-05
3.39722182285127e-05
7.176580775051701e-05
6.299257949613219e-05
0.0003185165042035988
9.301287954129197e-05
2.01864610720991e-05
9.920686960633532e-05
0.00014813275240353958
0.00019410198733893957
0.00011863071045476957
1.2820713442220594e-05
4.040534141584684e-05
0.00011000527840972321
0.00011718722871891103
3.191034772837329e-05
0.00012155303285734516
0.0002459854904833492
0.0001204154784846675
0.00011391711841034284
0.00022450651925449955
0.00016743195036237154
0.00017219495907021463
0.0005570501306270122
0.0008980260770179982
4.580623221449855e-05
0.00014115362973548206
9.16124644289971e-05
0.0006494515536382754
0.0020897186564050757
0.004727592848910334
0.00042790158748594266
0.0003060755660215344
1.6713159201811392e-05
0.000482990354286879
7.864582829780025e-05
6.845013144208425e-05
4.532001180943859e-05
0.00010063251944822968
5.296505965753131e-05
0.00012564353669520425
0.0002459854904833492
6.44102104424785e-05
0.0007379564714500476
0.0006965728854683585
0.001305935531457983
0.0005406188078882129
0.0006529677657289915
0.00011741759845065076
2.372614209095391e-05
3.9332031758595464e-05
7.353029448238591e-05
6.569245226172271e-05
0.00013376937687582392
1.868888936867742e-05
0.00017725276942223825
5.6164924014425825e-05
0.000655094207268921
0.0002190026757758455
0.00034225065721042123
0.00016597877077578735
0.0002404190483756019
0.0001593284839738643
0.00044203534400684554
9.268337460990835e-05
0.00019407335665142937
0.00039230024251834855
0.00047779863094514767
4.397338230085886e-05
0.00011972863101585193
3.730076017901024e-05
4.490130385089991e-05
5.4113676067629913e-05
0.00014892207543797882
0.00011956807558040026
9.25357869578521e-05
7.665172900644527e-05
0.00017275461805876392
0.0006074014400442063
0.00016293126197437769
0.0024598549048334925
9.499583207367118e-05
0.000239303433287006
0.00021395079374297133
0.0002459854904833492
0.00012189241878921556
0.00044394385565156515
0.0007089433790656488
0.000901031346480355
0.0012533627939107774
0.00011289202551489699
0.0005387249545622474
0.0002459854904833492
8.862638471111912e-05
0.00022059088344715774
7.5533353015731e-05
0.00011111468889357881
0.0005061678667035052
7.119417706049319e-05
0.00017862967424773742
0.00020462303528274973
3.680833340189026e-05
0.00018020626929607099
0.00043059484650310206
0.00031258026344562135
0.0002603788632595135
0.00041753033161110614
0.0002459854904833492
0.00034550923611752785
0.00017219495907021463
0.00012487005568402227
0.0013560549239140676
0.00044394385565156515
0.00015330345801289053
0.00022268284352592327
0.0012004712426780515
0.0002536157856905216
8.635461005629019e-05
0.00019991489465681048
8.460172521958065e-05
0.000240830956969335
0.0002459854904833492
0.00015993014466688597
9.100471548674251e-05
0.00012354713214870016
0.00011442704810879273
0.000105635246380745
0.00026552110031899845
8.510847496784466e-05
0.00010485102756600464
0.0006865760067752678
0.00024443194309116157
0.00015461135561411918
9.205972068562669e-05
0.00021765592190966385
0.0008706236876386554
0.00028680615852316326
0.0002459854904833492
0.000739446724665215
0.0003610850658155896
0.0001365623461410501
8.651340459471041e-05
0.0002262392611221144
0.00011282406116179663
7.351593676696619e-05
3.5602613868673086e-05
0.00022425123837780924
0.00018452350203208783
2.9849108941703188e-05
0.0003108140447411807
0.00040216837326489865
0.0004866802098052498
4.795320248357679e-05
0.0004977120621417845
0.0001353049654451711
0.0003498006468817536
0.00011783493185191758
6.162631200231292e-05
4.767851046755137e-05
0.00037244455812351446
0.00042790158748594266
0.0014202578430594587
0.00013018943162975674
0.00024310606571469032
0.000318848201547734
0.00020108418663244932
0.0002459854904833492
0.0012837047624578279
7.176580775051701e-05
0.000284583816819036
3.9593188737211324e-05
1.4393372776164252e-05
8.146563098718884e-05
0.0002823072594709641
0.00015187670072238556
0.0002095694105415738
9.012690942000676e-05
0.003689782357250238
0.00024351154230433462
0.0002766742975206004
0.00011065251385052491
0.00033443997500664667
0.0005768543915995311
0.00011595063210802666
0.00020872393491488418
0.004590856495056577
1.255446421824488e-05
8.077364785591385e-05
0.00040216837326489865
0.0002459854904833492
9.205972068562669e-05
0.00032199356952458604
0.00014993617099260783
6.948674338209909e-05
4.146956083792538e-05
0.0002459854904833492
0.00010067511552096681
0.0005033755776048341
7.762934266057175e-05
9.729565384302892e-05
0.00011609548091139308
0.00014469109389456282
8.130966194829599e-05
0.00031258026344562135
0.0001444250494850785
0.00012691936180264456
0.0003329086734164902
0.00010896530696284463
0.0001664543367082451
2.7755592929763916e-05
5.65598152805286e-05
3.196724756374829e-05
0.00020108418663244932
8.003141617853678e-05
0.0005617159347877747
0.0004049342933628042
7.864582829780025e-05
0.00023324561965397885
0.00027396644420945275
2.992262850938405e-05
0.00013018943162975674
0.0002459854904833492
0.0002459854904833492
7.353029448238591e-05
4.6420844218917686e-05
0.00015187670072238556
0.00011128157893064951
5.695855920517142e-05
4.609823930189633e-05
0.00010655561619487095
8.950536327823217e-05
0.0001253430981876104
5.575976205609814e-05
0.002236999795865171
0.00010185986305607133
0.00012324495192075582
0.0003905682948892702
0.00014115362973548206
7.119417706049319e-05
0.0002705683803381496
0.00032508295425666655
0.0004556301021671567
0.000248296372082343
0.0008054009241677345
0.0002459854904833492
6.89843995478334e-05
0.0004919709809666984
0.0001353049654451711
3.329290738669249e-05
0.00011000527840972321
0.00017292992981467428
0.00016759046066576542
0.00016293126197437769
0.0002459854904833492
3.996100206964732e-05
0.000901031346480355
0.0005182638541762917
0.00029584229838321353
0.00029385665540024514
6.89843995478334e-05
0.0002611053212530717
0.00013175757001550017
0.0003123657655630988
3.8191791722819256e-05
0.00010340369520970274
2.0754094237870696e-05
9.521756357501475e-05
2.470427568781061e-05
0.00020371972611214265
3.9832120993466074e-05
5.1003182248253685e-05
0.00015723799281185672
3.8000654092568156e-05
0.00023027521010138301
0.0008665502969104709
0.000520757726519027
0.00010836098475222219
0.00015074881709640757
6.845013144208425e-05
0.00019975744432015492
0.00010405837973668522
0.00010307998136628849
0.00015390683805300602
0.000226557465351861
0.0020861087916566106
0.0014489710628606371
0.001498089030374206
0.0003697348557622674
0.000200663985003988
0.00012606563724672305
0.00025850923802425685
7.537440854820379e-05
0.0013164886850656151
0.00018650380089505123
0.0002653344323772152
0.0006780108886305076
0.00011718722871891103
0.00042134155884494774
0.0006504772955863679
0.00013812476813455967
7.183798821905894e-05
0.0002961060382685323
7.007435555666223e-05
6.3431885237588e-05
7.293362800101767e-05
0.0002199887487820454
0.00014399720522871608
6.264040177457964e-05
0.0013834349014712382
0.00017219495907021463
3.680833340189026e-05
0.00011082847075261638
8.348957396595366e-05
0.00023156214599318254
6.368298117352777e-05
0.0006813646355180459
0.0003675260302121058
0.0002459854904833492
0.0007671664915234063
0.0001741404770447936
0.0001105573257161736
0.0007250595517108698
0.0001990039267591007
0.0005564078946532475
2.4262748417367447e-05
0.00010482532854123782
0.0003435478875778322
0.0002459854904833492
0.00021189129355042723
0.00030264045785770104
0.00010739485614424854
0.00021765592190966385
7.312865427257788e-05
2.7250081552642245e-05
0.00024681233268971536
0.00021880088400305303
4.745228418190782e-05
0.00013018943162975674
6.207409302058574e-05
8.074223284430432e-05
3.3426318403622785e-05
0.0002459854904833492
6.489389570997435e-05
0.00042254098552298
0.00018020626929607099
0.00016099678476229302
0.00011995555115444667
0.0004185798759059289
0.00011002463184910058
0.00019071404187020547
0.00015993014466688597
7.293362800101767e-05
0.000603252559897348
0.00023566986370383516
0.0006075068028895422
1.010133535396171e-05
7.475041279260308e-05
0.0011989219559226019
6.638027507974961e-05
2.1647511377342172e-05
0.00010492660286665832
5.871619038508757e-06
0.00017219495907021463
4.34362391768316e-05
2.3317022859257402e-05
0.00016898898517622246
0.000577700197940314
0.0005406188078882129
3.711675410084476e-05
7.511360419719004e-06
0.0006247315311261976
9.795221846674838e-05
0.00022225297608881753
0.0003101627283412214
0.00022600362954350254
0.0001326672161886076
0.00010836098475222219
0.00016003842378705722
0.00010739485614424854
0.00017750299617322695
6.453753502265486e-05
0.00011567527928293178
0.00016004532911773197
0.0002459854904833492
0.00010774499091244947
0.00030660691602578106
0.0002170366408418442
0.00036041253859214197
4.56943270476817e-05
0.00010469083926824724
0.00012105618314308043
3.39722182285127e-05
5.2585746419186576e-05
7.864582829780025e-05
3.3068956535445106e-05
4.239382414102424e-05
0.00010924488356655739
0.0002649450814896285
0.00012354713214870016
0.0015461135561411917
0.000288850098970157
5.65598152805286e-05
3.8884551729515186e-05
0.000142081341495432
0.00015328292583127466
0.0002459854904833492
0.001424943904840261
3.730076017901024e-05
0.00024351154230433462
0.00010185986305607133
8.146563098718884e-05
7.612351436583437e-05
1.1513948007505359e-05
0.00018452350203208783
0.0001214678850596902
2.783535544074041e-05
8.449449258811123e-05
4.534722734913658e-05
4.024565522787426e-05
0.000127853314207864
7.864582829780025e-05
0.0002459854904833492
3.3068956535445106e-05
0.00012564353669520425
0.00011442704810879273
1.903087859145859e-05
9.731396812151882e-05
3.525890466995934e-05
0.00015439928532626402
0.00041840794272674685
0.00017418997878568347
0.00026587915413335734
0.0006658173468329804
0.00022600362954350254
0.00011939643576681275
0.0002459854904833492
4.674455806233192e-05
0.00014115362973548206
2.5729127332575836e-05
0.00020108418663244932
4.618653685960137e-05
1.985335525202831e-05
1.1394827107964582e-05
0.000310517370642287
0.0003254744912114317
4.0803262523708815e-05
0.0001664543367082451
0.00031188104154538
0.00015330345801289053
6.952574425789283e-05
2.020267070792342e-05
0.0001561828827815494
0.0002642228567328941
0.0007675865746422455
0.0003489589433368857
0.0012770502900253241
0.0002459854904833492
0.00015461135561411918
8.892962887249084e-05
9.795221846674838e-05
0.0002857538263999083
0.00046438192364557234
6.845013144208425e-05
0.00020108418663244932
0.00018020626929607099
0.00011128157893064951
0.0005189506055172877
8.72765435398521e-05
5.013947760543418e-05
0.00039591870696370024
0.0002459854904833492
3.998518371814889e-05
0.0001379687990956668
9.732280341651187e-05
0.00016099678476229302
3.0791024573067584e-05
7.866406351719093e-05
4.42376379165963e-05
0.00010697539687148567
0.0001497221712066638
5.170184760485137e-05
0.000502574146780817
0.0001326672161886076
2.1108335144916036e-05
4.7999068409572026e-05
7.97120503869335e-05
6.538337375305809e-05
0.0007017323434771051
0.0003348639007247431
0.00022885409621758545
0.00017219495907021463
0.00010411142132927866
0.00021765592190966385
4.8525496834734893e-05
0.00029031663130947246
0.0002071930811399715
0.00021478266926603634
0.000361727734736407
0.00017862967424773742
3.6080641868793075e-05
0.00040441260902632844
0.0008055482695040896
0.00010468768300106571
6.489389570997435e-05
0.00026960840601755227
8.371597518118577e-05
7.864582829780025e-05
0.00019536266465351333
0.0002459854904833492
0.0006957183199613491
0.0002459854904833492
0.0002653344323772152
0.0004919709809666984
0.0003123657655630988
0.0004919709809666984
0.0003329086734164902
0.00027624953626911934
0.00016615921982250108
3.7549216434064677e-05
2.9849108941703188e-05
1.5106670603146199e-05
0.00012358852705262222
2.783535544074041e-05
0.00019666015879297733
5.3872495456224735e-05
5.296505965753131e-05
7.234554694728141e-05
1.1132833082027172e-05
9.201041339936183e-05
0.0001561828827815494
5.500263920486161e-05
0.00019462793624303764
0.00043265234934455015
0.00030557958916821394
8.609747953510731e-05
9.521756357501475e-05
6.494253413202651e-05
5.3872495456224735e-05
8.68724783536632e-05
0.00017219495907021463
0.0002459854904833492
3.068323846657662e-05
0.0002459854904833492
0.00018932635333597842
0.0001444250494850785
0.0001444250494850785
0.00010067511552096681
0.0001444250494850785
0.00033464287002040144
0.00012155303285734516
6.906436037999049e-05
5.501231592455029e-05
3.0778675555408525e-05
9.4720894330288e-05
2.783535544074041e-05
5.577381167006691e-05
0.00036041253859214197
2.284716352384085e-05
7.665172900644527e-05
4.0386823927956924e-05
1.3136410504782041e-06
3.132020088728982e-05
0.00020108418663244932
6.958946946641733e-05
0.0003359934788670042
0.0024756566529503836
3.907253293070267e-05
0.00010067511552096681
0.00014115362973548206
0.00011282406116179663
4.997872366420262e-05
0.0001444250494850785
0.00011282406116179663
0.00019856276725063843
7.660755615362685e-05
0.00027810297703157133
0.00031279339151649404
0.000119651716643503
0.00028875697765374646
0.000288850098970157
9.204971539972985e-05
9.95237456341786e-05
0.0005616492401442582
0.0009306332568873248
6.638027507974961e-05
0.00048011527136117174
0.00020108418663244932
9.226175101604391e-05
0.00033180804142785643
7.883995358543981e-05
6.638686832244346e-05
0.002833950358459384
0.00063926657103932
0.0003751845371152774
0.0008501769986160551
0.0015743530231679377
0.0003757030828467915
0.00015403448458874082
0.012944023021449765
0.0009466317666798922
5.3136062413503443e-05
0.00016118702339770267
0.0002947569777693877
0.0014346736851645928
0.0017792592189164146
0.003702926049532739
0.001305935531457983
0.0001904351271500295
0.000250468721897861
0.00011154762334013382
0.0001277452906948318
0.00036041253859214197
0.00044752527709650947
5.3136062413503443e-05
0.0015371327938522397
0.004165179773391526
5.1518367509057546e-05
2.8223006378724247e-05
0.00037710746819357316
0.000804983923811465
9.587635570750585e-05
0.0002459854904833492
0.0004622406699046513
0.0002459854904833492
0.00017219495907021463
0.0001131196305610572
0.00015866507101481705
0.0017412473752773108
0.0005646145189419282
0.00048485245910602265
0.0002459854904833492
0.0007280377238939401
0.00027624953626911934
0.00010697539687148567
0.000127853314207864
0.0004052662228372207
0.0006587711973652455
2.6673070631176204e-05
0.0002459854904833492
0.0005829815308649557
0.0004919709809666984
0.0002470942642974003
0.00021765592190966385
0.0001539551228653379
0.0001358888729140508
0.0001561828827815494
5.1003182248253685e-05
0.0005817867751538859
7.575698988001521e-05
0.00035221381806880387
0.00018644692856731952
0.0024598549048334925
0.00027967039285097927
0.00014473020516185818
0.00018932635333597842
0.00020108418663244932
9.322346428365976e-05
0.0002337227903116596
0.0009154163848703418
0.00020867529522984439
0.0004580623221449855
0.00013292688357480914
0.00018080732318854237
0.0002984910894170319
0.0001968078482606953
0.00018264429613963517
0.000217181195884158
0.001975672836331451
0.0017653510913325685
0.000511413256831456
0.0002766312846263123
0.000478606866574012
0.0003201256647141471
0.0010358689965203189
6.585245219562642e-05
2.537888050063838e-05
0.000119651716643503
0.00032586252394875537
0.0001692034504391613
6.886289394207841e-05
0.00022377073294623802
0.0010054209331622466
0.00011877956621163397
0.0002667307063117621
5.846899387456809e-05
0.00011887268752804456
0.00016743195036237154
3.132020088728982e-05
0.00015201615808247356
0.0002955095428957883
0.00017447947166844286
8.510847496784466e-05
3.39722182285127e-05
0.000257640841769914
0.0002653344323772152
0.00015187670072238556
0.00013377599000265867
0.00013812476813455967
0.00019941608209593297
0.00034762872128946414
0.00013905148851578567
0.0001412608623669515
0.0007087144434011946
0.00017275461805876392
0.0002521312744934461
0.0030142283465259875
0.000127853314207864
7.278824525210234e-05
6.39321824423585e-05
0.0001869266050142311
0.00018160884493807438
7.332958292734846e-05
4.832216043275985e-05
0.0002459854904833492
0.0002459854904833492
0.001931961417147516
0.0001353049654451711
0.00020108418663244932
0.00011154762334013382
0.0019237567078234491
0.00041275552702208965
0.00018080290363480203
0.0008293912167585076
0.0004993630101247352
3.4431446971039204e-05
3.656432713628894e-05
0.000282521724733903
0.001377559672561717
8.820490051095046e-05
4.673165125355777e-05
9.861409946107119e-05
0.00020371972611214265
8.192827960863273e-05
0.00011442704810879273
0.00010977697238552604
5.736123170463265e-05
0.0001790946536502191
0.00018020626929607099
0.00010700524055889549
0.0006439871390491721
0.00025516138804353026
0.00029028692586547766
0.0002459854904833492
0.00031037046510292874
0.0001561828827815494
7.932290634302701e-05
0.0001584835095878678
0.00012235158940909353
5.0715141763779126e-05
0.00027886905835033455
4.1196175684207406e-05
5.500263920486161e-05
4.716397717885374e-05
5.500263920486161e-05
0.0004858715402387608
0.0002998624797061655
0.00010123357334070104
9.294161565142085e-05
0.0001290134032084477
0.0005191511656797948
0.00023566986370383516
0.00020108418663244932
0.00026762435656399355
3.8698309096694035e-05
0.00018452350203208783
6.792275731089675e-05
8.89191353738149e-05
0.0011609548091139309
0.00016423113065430677
1.9291825112566354e-05
0.00011775336955094599
0.00011391711841034284
0.00015594052077269
0.00010849149707047724
0.0006658173468329804
0.0002459854904833492
0.00012325262400462585
9.222476584020015e-05
0.0007229634236152198
6.207409302058574e-05
0.0001019166546855381
5.4622441783278694e-05
0.00014249374811050678
3.4663010922446775e-05
6.792275731089675e-05
0.00011442704810879273
0.00037693061008561266
0.00023566986370383516
0.00030005225940765446
0.0004715106933548856
0.00042254098552298
0.00013381217828199678
0.00041130271616950125
0.0003321659892733548
0.0008861825057200058
0.00016615921982250108
0.00012354713214870016
0.00016615921982250108
0.00021765592190966385
0.00016898898517622246
4.1196175684207406e-05
0.00016440412805982028
0.00034550923611752785
0.0017675239777787636
0.00011282406116179663
7.413580078818394e-05
5.6064648300235534e-05
8.117051410144487e-05
9.346330250711554e-05
3.743054280166595e-05
0.00010055427639945924
0.00015300954674476105
8.776591233770767e-05
7.413580078818394e-05
0.0004993630101247352
7.47595671223965e-05
0.0003329086734164902
0.00018932635333597842
5.18323599231064e-05
7.662878064761799e-05
7.549108142097397e-05
7.176580775051701e-05
3.374452444690035e-05
0.000113924574346675
0.00014115362973548206
5.4622441783278694e-05
0.00010067511552096681
1.4252194991258527e-05
0.00020108418663244932
3.6080641868793075e-05
4.363349883327701e-05
5.9864315507925966e-05
0.00011442704810879273
0.0001552586853211435
0.0001664543367082451
0.0007208250771842839
7.697756143266896e-05
0.0002459854904833492
0.00015330345801289053
0.00012155303285734516
0.0015126456154001032
0.00018932635333597842
0.0003850093035383286
2.498936183210131e-05
0.00021395079374297133
0.000119651716643503
0.0002459854904833492
0.0001479812852171884
7.665172900644527e-05
0.0004353118438193277
0.0002459854904833492
0.00040216837326489865
0.00018932635333597842
0.0001904351271500295
0.0001116435464048359
6.162247596037791e-05
0.00030557958916821394
5.2559969056959876e-05
0.00016099678476229302
0.00016743195036237154
0.00013100689980583084
0.00020857723277367847
0.00018020626929607099
0.00018622227906175723
0.0002459854904833492
0.00027121098478281354
0.00032199356952458604
0.00014452578461782143
3.525890466995934e-05
0.00012235158940909353
0.00012235158940909353
0.00036041253859214197
0.000439180798243497
6.345968090132228e-05
7.864582829780025e-05
0.0001286456366628792
0.0002459854904833492
0.00013432720589247343
0.0002603788632595135
0.00011128157893064951
0.0002706099308903422
6.979178866737714e-05
0.00021765592190966385
3.632176898761488e-05
9.599813681914405e-05
0.0005741264620041361
0.00017725276942223825
4.149469269394684e-05
0.00010433764761492219
0.00010697539687148567
0.00016983923892157214
2.8032324150117767e-05
0.00014115362973548206
5.7235254509915364e-05
0.000717910299861018
8.062040293432376e-05
0.00014353161550103403
0.00012586525852881166
0.00010697539687148567
0.00021401048111779097
9.974209503128016e-06
6.854149057152255e-05
3.705380517937268e-05
0.00014469109389456282
0.000119651716643503
0.0004353118438193277
0.000105635246380745
0.00021765592190966385
0.00016099678476229302
0.00020108418663244932
0.000552150337401459
0.0002459854904833492
6.02968161374337e-05
0.0001297877914199487
0.00020108418663244932
4.618653685960137e-05
0.00012564353669520425
0.0002459854904833492
5.424574853523862e-05
0.0003058789735227338
0.00019856276725063843
0.00035597088530246593
0.00026351514003100033
0.00021574712234660617
5.135102203368225e-05
6.638027507974961e-05
5.736123170463265e-05
0.00015594052077269
0.0002459854904833492
0.0002459854904833492
0.0002653344323772152
0.000239303433287006
0.00032199356952458604
0.0001664543367082451
6.688799500132933e-05
2.59161799615532e-05
2.5803949285643518e-05
0.0008558031749718853
0.00021765592190966385
0.0002607695487994228
0.00018932635333597842
3.240437395615969e-05
0.0007130190413924993
0.00021698299414095448
0.00012690258782937098
0.00014993123985308275
0.0002459854904833492
0.00030005225940765446
7.7970260386345e-05
0.0004919709809666984
0.0004919709809666984
0.0002459854904833492
0.000119651716643503
0.00011972863101585193
3.489589433368857e-05
0.00028279907640264303
4.897610923337419e-05
1.4963011657026067e-05
0.00017725276942223825
9.079213735731031e-05
0.0002959625704343768
5.901280704026203e-05
0.00010131655570930517
4.7044839974518386e-05
0.0003227866804407005
0.00028875697765374646
8.295201035696411e-05
0.0002459854904833492
0.00011972863101585193
0.0005306688647544304
3.7549216434064677e-05
2.8223006378724247e-05
0.000119651716643503
5.65598152805286e-05
0.0002377453750560891
0.00011232984802885165
0.00010697539687148567
0.000609250472682504
7.234554694728141e-05
5.2559969056959876e-05
0.0002459854904833492
0.0003334842466143541
0.00010732174727433137
0.0001919962736382881
7.7970260386345e-05
0.000255706628415728
0.00011887268752804456
0.00018932635333597842
0.00027121098478281354
6.569245226172271e-05
3.4201187612194165e-05
0.0002459854904833492
0.0002459854904833492
9.731396812151882e-05
0.00010979519956087426
0.00014827160157636788
0.00010307998136628849
0.00011802561408052406
0.00018020626929607099
0.0003393588916831716
0.0001027020440673645
0.00016440412805982028
8.074223284430432e-05
0.00018020626929607099
0.00013018943162975674
7.353029448238591e-05
7.39515744027755e-05
0.0002582924386053219
5.943634376402228e-05
8.457584698345066e-05
5.277276288280156e-05
9.861409946107119e-05
0.0002826250607443065
0.00014586725600203534
0.000127864364884717
0.0002466061920897304
9.040366159427118e-05
6.688799500132933e-05
6.932602184489355e-05
4.745228418190782e-05
0.00011116141553811802
8.449449258811123e-05
0.00013812476813455967
0.00010433764761492219
0.0002459854904833492
0.0001990474912683572
0.00033464287002040144
0.0001561828827815494
0.00020108418663244932
0.0001353049654451711
0.0002459854904833492
0.0002459854904833492
0.00017183176983079766
0.00021765592190966385
8.29179942871302e-05
0.00023550673910189198
0.00017275461805876392
0.00013812476813455967
0.0002459854904833492
4.174478698297683e-05
3.8050706506064206e-05
0.00013500478592092901
0.0004878579716897759
8.460172521958065e-05
3.5565628692829326e-05
4.9307049730535595e-05
8.776591233770767e-05
0.00014892207543797882
0.00018932635333597842
0.00021880088400305303
3.5130112327636874e-05
9.861409946107119e-05
5.129779259234755e-06
4.430896119160305e-05
0.00012586525852881166
4.575250885143393e-05
0.0001444250494850785
0.0002459854904833492
0.00010979519956087426
0.0004919709809666984
7.007435555666223e-05
0.0002459854904833492
0.00021880088400305303
0.0001664543367082451
5.075776100127676e-06
0.0001968078482606953
0.0002170366408418442
9.040366159427118e-05
2.7250081552642245e-05
3.440526571419136e-05
0.0002459854904833492
0.0002459854904833492
0.00040216837326489865
3.457936985934403e-05
4.490130385089991e-05
4.66221067111771e-05
0.00023135055856586355
9.840392413034764e-05
8.590268738767965e-06
4.520072590870051e-05
0.00012564353669520425
8.003141617853678e-05
8.371597518118577e-05
0.0001444250494850785
0.00010554552576560313
3.8814671330285875e-05
0.00020126503889645935
7.353029448238591e-05
0.00023566986370383516
0.0002459854904833492
0.0004866802098052498
0.00028565269072504423
8.862638471111912e-05
0.00012354713214870016
0.0007021272987016614
2.5729127332575836e-05
0.0003905682948892702
0.00018622227906175723
0.0004919709809666984
0.0001968078482606953
0.0003123657655630988
4.258176356494394e-05
0.00017275461805876392
0.00011802561408052406
9.222476584020015e-05
8.862936982041464e-05
0.00013812476813455967
0.0001444250494850785
3.730076017901024e-05
3.329290738669249e-05
0.00011128157893064951
0.0002459854904833492
7.7970260386345e-05
0.00020108418663244932
0.00011282406116179663
0.00013560217772610152
0.00017901072655646433
0.0008706236876386554
4.174478698297683e-05
0.000188416707162871
0.00015732812703438186
0.0002459854904833492
0.00013812476813455967
0.00011000527840972321
0.00020108418663244932
0.0002069531986435002
0.00037693061008561266
0.00022425123837780924
0.0002990016511704123
0.00013812476813455967
0.00020108418663244932
0.00012155303285734516
0.005402672077893782
6.698612784290153e-05
0.00024439689296156653
0.00011718722871891103
6.162247596037791e-05
0.00019763635502325025
0.0001444250494850785
6.740210150438807e-05
0.0001566010044364491
8.074223284430432e-05
9.42083535814355e-05
7.312865427257788e-05
0.00013018943162975674
9.040366159427118e-05
0.000255706628415728
6.647202736531098e-05
0.000127853314207864
0.00026755198000531734
0.00016099678476229302
4.6112382920100076e-05
0.0008503624558776555
0.0002459854904833492
0.0009839419619333968
4.2300862609790324e-05
0.00016099678476229302
8.920811885466452e-05
0.0001353049654451711
0.0001444250494850785
9.521756357501475e-05
0.00012155303285734516
0.0002459854904833492
0.00034550923611752785
0.0007573054133439137
9.521756357501475e-05
0.0002459854904833492
0.00011128157893064951
0.00013377599000265867
0.00011423581761920427
0.0007872313930427812
0.00011956807558040026
0.0003338447367919485
9.42083535814355e-05
0.0001444250494850785
7.730567780705959e-05
0.00032938559868262276
0.00046466192555824734
0.00011282406116179663
5.277276288280156e-05
0.000105635246380745
0.0002459854904833492
0.0002459854904833492
0.00020108418663244932
0.00018932635333597842
8.077364785591385e-05
0.0002459854904833492
0.00013018943162975674
0.0002459854904833492
0.0002823072594709641
0.0003697348557622674
0.00025348347776433367
0.0007379564714500476
0.00013981330912650507
0.000482990354286879
0.0004919709809666984
2.76393314290434e-05
0.0007379564714500476
0.0003064302246145074
0.000804983923811465
0.0008706236876386554
0.000603252559897348
0.0007379564714500476
6.094620939460778e-05
0.00021395079374297133
4.0386823927956924e-05
4.767851046755137e-05
4.4015978373596004e-05
0.0002459854904833492
4.174478698297683e-05
3.4663010922446775e-05
0.00015094877917234452
1.0151552200255351e-05
0.00010067511552096681
0.00013480420300877614
0.00044394385565156515
0.0011359581200158706
8.776591233770767e-05
4.897610923337419e-05
0.00011783493185191758
6.89843995478334e-05
0.00023945726203170387
4.4031599418994034e-05
3.4648887986761e-05
0.000127853314207864
0.00013090049649983103
0.00010836098475222219
6.688468843791196e-05
0.0001353049654451711
0.0002459854904833492
5.277276288280156e-05
9.132214806981759e-05
0.00014353161550103403
5.817867751538859e-05
0.00030922271122823836
0.00010571980872931333
0.00011783493185191758
0.0001349780977876014
0.00016293126197437769
6.30694938684811e-05
0.0001586655016438782
0.0002466061920897304
0.00021765592190966385
0.0001594081872405103
0.00037865270667195684
0.00021395079374297133
0.00046530948870769363
0.00010185986305607133
0.0002603788632595135
0.00016099678476229302
0.0001444250494850785
0.00028829830977118037
0.0009049570444884576
0.00010411142132927866
5.859361435945551e-05
0.00011128157893064951
0.00013018943162975674
0.00010433764761492219
0.00020108418663244932
9.4720894330288e-05
9.625232588458215e-05
0.00020108418663244932
0.00020193411963978465
0.0002294449268185306
2.9438342387736498e-05
0.0002952117723910429
0.00030202534656290043
0.00015461135561411918
1.9694955683223474e-05
0.00017208369511389793
0.00015187670072238556
0.0006529677657289915
6.56913713705276e-05
0.00015187670072238556
0.0002459854904833492
2.358198858942687e-05
4.146956083792538e-05
0.00014353161550103403
3.5130112327636874e-05
0.00036904700406417565
0.00010823755688671086
0.0002459854904833492
0.00021765592190966385
5.0658277854652584e-05
0.00027624953626911934
0.00010979519956087426
0.00015330345801289053
0.00017801306934336542
0.0001664543367082451
6.613791307089021e-05
0.0002459854904833492
0.0001027020440673645
5.1003182248253685e-05
9.535702093510273e-05
0.0001353049654451711
8.803195674719201e-05
4.7044839974518386e-05
0.0002459854904833492
6.638027507974961e-05
6.638027507974961e-05
0.0001241481860411715
7.665172900644527e-05
0.00018932635333597842
0.00027624953626911934
0.0001326672161886076
0.00021765592190966385
0.00018932635333597842
0.0002459854904833492
0.00010067511552096681
0.00023191703342117874
7.168185798680883e-05
3.489589433368857e-05
4.363349883327701e-05
9.132214806981759e-05
5.871619038508757e-06
5.736123170463265e-05
0.00012564353669520425
0.00013905148851578567
0.00012189241878921556
0.00016743195036237154
0.0002459854904833492
4.580623221449855e-05
5.757349110465701e-05
4.639297964427822e-05
8.449449258811123e-05
7.293362800101767e-05
0.0004485024767556185
0.0002459854904833492
0.00018452350203208783
0.00021765592190966385
7.93327508219391e-05
2.49198557074655e-05
0.00018080732318854237
0.00010979519956087426
0.00011128157893064951
0.000151038310234574
0.0002582924386053219
0.0001479812852171884
0.0001561828827815494
3.489589433368857e-05
0.00018264429613963517
2.4443194309116153e-05
0.0008706236876386554
0.0002459854904833492
0.00021765592190966385
0.00010307998136628849
0.00017275461805876392
0.00016898898517622246
0.0002459854904833492
0.0002459854904833492
0.00017901072655646433
0.00018932635333597842
0.00010067511552096681
0.00014920304071604096
0.00022256315786129901
0.00034550923611752785
0.002764073888940223
0.00010433764761492219
0.0002459854904833492
0.00021765592190966385
0.0007593835036119279
4.447113556417935e-05
2.7056838033814957e-05
0.0001479812852171884
5.500263920486161e-05
0.0002459854904833492
3.28456856852638e-05
3.047310469730389e-05
0.0005182638541762917
9.16124644289971e-05
0.00041070078865250545
4.2300862609790324e-05
0.00014827160157636788
0.0012299274524167462
4.864782692151446e-05
0.00028565269072504423
6.703618426630617e-05
0.0014759129429000953
8.72423660568727e-06
3.632176898761488e-05
6.02968161374337e-05
0.000105635246380745
1.245992785373275e-05
0.00011442704810879273
0.0001664543367082451
0.0001664543367082451
0.00015236552348651947
0.0003545055388444765
0.00030202534656290043
0.00017275461805876392
0.0002459854904833492
1.903087859145859e-05
6.345968090132228e-05
1.8652489127116496e-05
3.869788378773191e-05
0.00010131655570930517
0.0002459854904833492
0.00014706058896477183
0.00017384636586628187
0.00030202534656290043
3.536568028865742e-05
0.0028979421257212742
0.0006177356607435008
0.00043327514845523546
1.4252194991258527e-05
3.985602519346675e-05
6.688799500132933e-05
0.00032199356952458604
0.000380870254300059
4.964069181265961e-05
0.0001664543367082451
0.00018080732318854237
0.00019462793624303764
0.00010433764761492219
0.00042802096223558194
0.00018020626929607099
0.00020108418663244932
0.0024598549048334925
7.176580775051701e-05
3.855842642764393e-05
0.0020303774761601424
0.0004919709809666984
0.0002459854904833492
5.776791096142191e-05
0.00027121098478281354
0.0001664543367082451
0.0001444250494850785
0.0002466061920897304
0.0002459854904833492
0.00036041253859214197
0.0003058789735227338
0.00020108418663244932
0.00040270046208386724
7.559838461737463e-05
0.0002459854904833492
0.0009471347581161976
0.000603252559897348
0.0001353049654451711
0.0018588788369384472
0.0001379687990956668
0.00012506151237175916
0.00020867529522984439
8.528812777885685e-05
7.730567780705959e-05
0.00018932635333597842
0.00018020626929607099
0.0002459854904833492
0.0005306688647544304
8.524449295589676e-05
2.337227903116596e-05
8.950536327823217e-05
2.6292873209593288e-05
3.344234421895598e-05
6.345968090132228e-05
7.665172900644527e-05
0.0001705762555577137
0.0007573054133439137
9.795221846674838e-05
0.00018452350203208783
0.0003905682948892702
0.001041515453038054
0.0005679790600079353
3.632176898761488e-05
5.205571066463933e-05
0.00014115362973548206
7.7970260386345e-05
0.00022564812232359326
5.0613472005045304e-05
0.00013276055015949923
0.00018452350203208783
3.43455783393717e-05
0.00021765592190966385
0.00014469109389456282
0.00016148446568860865
0.00044394385565156515
0.0002459854904833492
0.00010433764761492219
4.1196175684207406e-05
0.0005002460494870366
0.00030923994409886544
0.00036041253859214197
0.00014892207543797882
0.00037687204274101894
9.705099366946979e-05
0.00013018943162975674
0.000358955149930509
3.8050706506064206e-05
0.0002459854904833492
0.0002459854904833492
5.9864315507925966e-05
0.00015074881709640757
0.0005005259351770838
6.792275731089675e-05
0.00017725276942223825
0.0005153999068314424
0.0003510636493508307
0.00018899596154343658
0.00012564353669520425
0.0005721352405439636
0.0001326672161886076
0.00016099678476229302
4.34362391768316e-05
0.00016099678476229302
0.0004710417679071775
0.0005277276288280157
0.0004919709809666984
0.0001443225674751723
9.995415990205516e-05
1.68711573350151e-05
1.762945233497967e-05
4.5502357743371255e-05
0.00021765592190966385
0.0002459854904833492
0.0004919709809666984
0.0004919709809666984
0.0001598854390443461
0.0001479812852171884
7.7970260386345e-05
0.00020108418663244932
0.00036041253859214197
0.000127853314207864
5.3136062413503443e-05
8.295201035696411e-05
0.00021254424965401377
0.00015074881709640757
3.068323846657662e-05
5.334614126235241e-05
4.0120562868398845e-05
1.9508906591578587e-05
9.42083535814355e-05
0.000828748608807358
0.00037865270667195684
0.00016697914793190733
6.162247596037791e-05
0.00011609548091139308
7.413580078818394e-05
3.374452444690035e-05
0.0001561828827815494
0.00017275461805876392
9.840392413034764e-05
0.00018932635333597842
3.7549216434064677e-05
0.00040216837326489865
0.000127853314207864
5.500263920486161e-05
0.0004074394522242853
9.674470946932977e-05
0.0002459854904833492
0.00011609548091139308
0.00027624953626911934
0.00019462793624303764
1.4393372776164252e-05
0.0002459854904833492
9.928138362531922e-05
0.00018020626929607099
3.5840928993404416e-05
0.00018932635333597842
0.00021765592190966385
0.000288850098970157
0.00037865270667195684
0.00018020626929607099
6.117579470454677e-05
0.0003037534014447711
4.7360447165144e-05
0.0004353118438193277
0.00017275461805876392
0.0007303635333044554
0.0004919709809666984
0.00021765592190966385
0.0004353118438193277
0.00013175757001550017
8.192827960863273e-05
0.0004353118438193277
9.132214806981759e-05
7.730567780705959e-05
6.443691368654911e-05
5.135102203368225e-05
0.00011282406116179663
0.00017453603254616575
0.00020108418663244932
6.89843995478334e-05
0.00010185986305607133
0.0002459854904833492
0.0001664543367082451
3.2846226130861354e-05
0.00018020626929607099
0.00021765592190966385
9.040366159427118e-05
7.475041279260308e-05
8.293912167585076e-05
0.0001605078608383432
0.0001353049654451711
0.00015187670072238556
0.00010433764761492219
0.00040216837326489865
0.00040216837326489865
0.0004919709809666984
0.0004919709809666984
0.0004919709809666984
8.692318293314093e-05
0.0001214678850596902
0.0002459854904833492
0.000127853314207864
0.0003535047955557527
0.00017621136194033633
6.979178866737714e-05
8.449449258811123e-05
0.0004993630101247352
0.0007379564714500476
0.0003329086734164902
0.0004993630101247352
5.943634376402228e-05
0.0005406188078882129
0.00015732812703438186
0.00012564353669520425
9.132214806981759e-05
3.5602613868673086e-05
3.7549216434064677e-05
5.277276288280156e-05
0.00012564353669520425
8.295201035696411e-05
0.00022612322564461137
0.000565250121488613
0.0002459854904833492
0.00028477670824197276
5.901280704026203e-05
0.00016099678476229302
3.9593188737211324e-05
3.4663010922446775e-05
0.00018644692856731952
0.00018020626929607099
5.4622441783278694e-05
2.9438342387736498e-05
8.86179223832061e-05
0.00020108418663244932
0.0001479812852171884
0.00017219495907021463
4.6420844218917686e-05
4.430896119160305e-05
0.0002706099308903422
0.00037865270667195684
0.0002459854904833492
6.0528091571540214e-05
0.0001444250494850785
0.00018932635333597842
9.040366159427118e-05
0.0002459854904833492
0.0002459854904833492
0.00028706323100206806
0.00013377599000265867
4.9307049730535595e-05
7.600807904123678e-05
8.449449258811123e-05
6.117579470454677e-05
9.625232588458215e-05
0.00014014871111332446
0.00021765592190966385
4.8886388618232306e-05
0.00017275461805876392
3.196724756374829e-05
0.0002459854904833492
3.1106775190336865e-05
0.00013812476813455967
0.00014993123985308275
0.00011282406116179663
7.063043118347574e-05
0.00021765592190966385
7.776910345903037e-05
0.0004919709809666984
4.70976551823687e-05
0.00020108418663244932
0.00021765592190966385
6.44102104424785e-05
0.00021765592190966385
0.00036041253859214197
0.00024310606571469032
0.0004919709809666984
0.00015330345801289053
0.0004919709809666984
0.0001561828827815494
0.0001369002628841685
0.00010979519956087426
4.7999068409572026e-05
6.845013144208425e-05
0.0002459854904833492
1.0742964357017257e-05
5.6145814202498925e-05
1.9348941893865954e-05
0.00020108418663244932
7.176580775051701e-05
0.0002459854904833492
0.00015330345801289053
0.00011783493185191758
0.00013812476813455967
0.00020108418663244932
7.600807904123678e-05
0.000188416707162871
0.0002459854904833492
0.000119651716643503
0.0001479812852171884
0.001093280179470846
0.0004919709809666984
0.0001444250494850785
1.2820713442220594e-05
7.93327508219391e-05
0.00021765592190966385
0.00019050255093327215
0.00010411142132927866
0.0007604504332930012
9.42083535814355e-05
4.162335189467409e-05
0.00020108418663244932
0.00021765592190966385
7.475041279260308e-05
7.864582829780025e-05
0.00020108418663244932
0.0004919709809666984
0.0003432811443263782
0.00020867529522984439
1.8715271400832976e-05
0.00015187670072238556
0.0001444250494850785
8.003141617853678e-05
0.00021765592190966385
0.00021765592190966385
0.00021765592190966385
0.0002459854904833492
0.00015187670072238556
0.00012564353669520425
7.119417706049319e-05
0.00010697539687148567
3.4663010922446775e-05
8.950536327823217e-05
0.00012354713214870016
0.00012564353669520425
0.00018020626929607099
0.0001664543367082451
0.0004919709809666984
0.00010697539687148567
0.0001664543367082451
0.00017384636586628187
0.00017275461805876392
0.00018932635333597842
9.731396812151882e-05
3.047310469730389e-05
4.964069181265961e-05
0.0007379564714500476
0.0007379564714500476
6.44102104424785e-05
3.5130112327636874e-05
3.9593188737211324e-05
6.117579470454677e-05
8.692318293314093e-05
0.0002459854904833492
4.092460705654995e-05
0.0002459854904833492
0.00012506151237175916
0.0002459854904833492
1.0356779486061362e-05
0.0004353118438193277
0.0004919709809666984
0.00013812476813455967
0.00020108418663244932
0.0002459854904833492
1.7936753993907524e-05
3.907253293070267e-05
0.0001369002628841685
0.00017275461805876392
8.295201035696411e-05
0.00032199356952458604
9.226175101604391e-05
6.952574425789283e-05
0.000119651716643503
0.0001664543367082451
0.00011783493185191758
5.205571066463933e-05
0.0007057681486774103
0.0004234608892064461
0.00011609548091139308
3.1106775190336865e-05
6.538337375305809e-05
4.34362391768316e-05
0.00037865270667195684
0.00013276055015949923
3.329290738669249e-05
8.003141617853678e-05
0.0001561828827815494
0.00036041253859214197
8.369642812163254e-06
0.00010307998136628849
0.00014113451992355514
0.0001353049654451711
0.0001353049654451711
0.00037865270667195684
0.0002459854904833492
7.007435555666223e-05
0.00021765592190966385
0.00037865270667195684
0.00040216837326489865
0.0002459854904833492
0.0006247315311261976
0.00014557649050420468
0.0001479812852171884
0.00040216837326489865
0.00011887268752804456
0.0002459854904833492
0.00023714567699330893
0.0002459854904833492
0.0002459854904833492
0.00026755198000531734
3.9332031758595464e-05
0.00029194190436455643
0.00011128157893064951
7.537440854820379e-05
0.0002459854904833492
0.00015187670072238556
0.00013812476813455967
0.0007379564714500476
0.0001379687990956668
0.0001444250494850785
0.0002459854904833492
0.0001664543367082451
0.00012564353669520425
0.0004919709809666984
0.0004919709809666984
0.0002459854904833492
8.449449258811123e-05
0.0002459854904833492
0.0002459854904833492
6.89843995478334e-05
0.0002459854904833492
0.0002459854904833492
0.00021765592190966385
0.0002459854904833492
6.299257949613219e-05
8.220206402991014e-05
0.0002459854904833492
0.00015461135561411918
0.00020108418663244932
0.00010836098475222219
0.0007070095911115054
0.0002459854904833492
0.0004353118438193277
0.00020108418663244932
2.519007696572907e-05
3.985602519346675e-05
0.0002466061920897304
8.528812777885685e-05
8.528812777885685e-05
0.00014014871111332446
0.0002459854904833492
0.0001479812852171884
0.0002459854904833492
0.0007379564714500476
0.0004919709809666984
0.0004919709809666984
9.521756357501475e-05
0.00016440412805982028
0.0002459854904833492
0.00012691936180264456
0.0002470942642974003
0.0007379564714500476
0.0007379564714500476
2.1478971228849708e-05
0.00032199356952458604
0.0002459854904833492
0.00018020626929607099
0.0005406188078882129
0.00018932635333597842
7.509843286812935e-05
5.4622441783278694e-05
3.632176898761488e-05
0.00013117524258065758
0.00018932635333597842
3.8814671330285875e-05
0.0002459854904833492
0.00021765592190966385
0.0004993630101247352
2.215734245510366e-05
5.424574853523862e-05
0.0002379982524658173
0.00015187670072238556
0.00016099678476229302
0.0002459854904833492
0.0002459854904833492
0.0002459854904833492
5.736123170463265e-05
7.007435555666223e-05
0.0001664543367082451
0.0002459854904833492
2.8829830977118036e-05
0.0001664543367082451
7.864582829780025e-05
0.0002459854904833492
0.00021765592190966385
0.0002459854904833492
0.0002459854904833492
0.00021765592190966385
0.0002459854904833492
2.744424309638151e-05
0.00017275461805876392
6.89843995478334e-05
0.00030660691602578106
0.0002459854904833492
0.0001326672161886076
0.00010067511552096681
0.0001303087175304948
0.00023107164384568763
6.740210150438807e-05
4.864782692151446e-05
0.00015201615808247356
1.4308813627478841e-05
0.0001353049654451711
0.0001664543367082451
0.00016440412805982028
0.0002459854904833492
0.000127853314207864
0.0002459854904833492
5.205571066463933e-05
0.00021765592190966385
0.0002459854904833492
8.68724783536632e-05
0.00021765592190966385
6.39321824423585e-05
4.864782692151446e-05
5.9864315507925966e-05
4.2300862609790324e-05
0.0001561828827815494
0.00011282406116179663
0.00018932635333597842
0.0003338447367919485
0.000239303433287006
0.0002459854904833492
0.0002459854904833492
7.7970260386345e-05
0.0001479812852171884
7.992200413929465e-06
0.00012155303285734516
9.840392413034764e-05
0.00014353161550103403
4.9307049730535595e-05
5.928641924832723e-05
2.198669115042943e-05
9.226175101604391e-05
0.0002459854904833492
0.00010067511552096681
9.625232588458215e-05
0.00014469109389456282
0.0002459854904833492
8.862638471111912e-05
3.7549216434064677e-05
0.0002459854904833492
0.0001664543367082451
9.132214806981759e-05
0.0002459854904833492
0.00011128157893064951
0.00018622227906175723
7.665172900644527e-05
0.00021765592190966385
8.528812777885685e-05
0.0002653344323772152
0.00024310606571469032
0.0002459854904833492
0.0004919709809666984
0.0002459854904833492
7.7970260386345e-05
0.00010433764761492219
0.000127853314207864
0.00011391711841034284
0.0002459854904833492
0.00011128157893064951
0.00017219495907021463
0.0002459854904833492
0.000127853314207864
0.0001444250494850785
0.0001904351271500295
0.00040216837326489865
0.00012354713214870016
0.00021765592190966385
0.00018932635333597842
0.00032199356952458604
0.00030923994409886544
0.000119651716643503
0.0002459854904833492
0.00010697539687148567
7.063043118347574e-05
3.855842642764393e-05
0.0001664543367082451
0.0002429357701193804
0.000383559942623592
9.840392413034764e-05
0.00018020626929607099
0.00021765592190966385
0.00037865270667195684
0.00020108418663244932
2.842913239415724e-05
2.6673070631176204e-05
0.0002459854904833492
0.0002459854904833492
8.528812777885685e-05
0.0002459854904833492
0.0002459854904833492
6.094620939460778e-05
3.680833340189026e-05
9.840392413034764e-05
5.538640660750036e-05
0.0001925046517691643
0.0002459854904833492
0.00034550923611752785
5.241266427061891e-05
6.39321824423585e-05
9.840392413034764e-05
0.000239303433287006
0.0002459854904833492
0.0004919709809666984
0.0001664543367082451
0.00016099678476229302
0.00010979519956087426
8.371597518118577e-05
0.0003037534014447711
6.0528091571540214e-05
3.8814671330285875e-05
0.0002459854904833492
0.0002459854904833492
0.0002459854904833492
0.000127853314207864
2.337227903116596e-05
2.7250081552642245e-05
7.864582829780025e-05
8.692318293314093e-05
7.234554694728141e-05
2.2328709280967178e-05
0.0002459854904833492
2.372614209095391e-05
0.00020108418663244932
0.00017275461805876392
0.00021765592190966385
0.0001664543367082451
9.322346428365976e-05
0.000119651716643503
0.00012354713214870016
0.00017725276942223825
9.731396812151882e-05
0.00020615996273257698
0.0004919709809666984
0.0002459854904833492
4.258176356494394e-05
0.0002459854904833492
0.0002459854904833492
7.413580078818394e-05
0.0002459854904833492
0.00017275461805876392
0.00016440412805982028
0.00023566986370383516
0.00034828644273417924
0.00021880088400305303
0.00036041253859214197
0.0004919709809666984
0.000127853314207864
0.00018932635333597842
0.00021765592190966385
0.0002459854904833492
7.537440854820379e-05
0.00017275461805876392
0.00010979519956087426
4.460405942733226e-05
0.0002459854904833492
0.00021765592190966385
8.449449258811123e-05
0.0002459854904833492
9.731396812151882e-05
3.5840928993404416e-05
0.00014115362973548206
0.00021765592190966385
9.729565384302892e-05
0.0002459854904833492
9.42083535814355e-05
0.00013276055015949923
0.00011423581761920427
0.0002459854904833492
1.9992591859074447e-05
0.0002459854904833492
0.00016099678476229302
0.00020857723277367847
1.68711573350151e-05
0.00011609548091139308
0.0003329086734164902
2.015510073358094e-05
3.068323846657662e-05
3.39722182285127e-05
0.000288850098970157
0.000128820420884957
0.0002459854904833492
0.00010979519956087426
0.00014115362973548206
7.537440854820379e-05
0.00010067511552096681
0.000105635246380745
8.146563098718884e-05
0.00016099678476229302
0.00020108418663244932
0.0001586655016438782
0.0001444250494850785
6.740210150438807e-05
9.840392413034764e-05
0.0001736454568787262
0.0002459854904833492
0.0002459854904833492
0.00018932635333597842
0.00015187670072238556
0.000239303433287006
3.2846226130861354e-05
0.00021765592190966385
0.00020108418663244932
5.943634376402228e-05
0.0002459854904833492
3.536568028865742e-05
0.0002459854904833492
3.4431446971039204e-05
0.00040216837326489865
8.776591233770767e-05
0.0001664543367082451
7.293362800101767e-05
0.00015187670072238556
8.776591233770767e-05
6.703618426630617e-05
5.943634376402228e-05
0.00020108418663244932
6.740210150438807e-05
8.609747953510731e-05
0.0002459854904833492
0.0004353118438193277
0.00016440412805982028
0.00018020626929607099
8.003141617853678e-05
0.0001444250494850785
0.00040216837326489865
0.00011442704810879273
0.00011783493185191758
9.322346428365976e-05
0.00021765592190966385
0.00028565269072504423
0.0001968078482606953
0.0014759129429000953
1.3277373664488691e-05
0.00013018943162975674
0.0002459854904833492
0.00011128157893064951
0.00021765592190966385
0.0001664543367082451
0.00016099678476229302
0.0002459854904833492
9.226175101604391e-05
0.0002459854904833492
0.00040216837326489865
0.0002459854904833492
9.95237456341786e-05
0.0005646145189419282
0.00040216837326489865
0.00011442704810879273
0.0002459854904833492
0.0002459854904833492
0.0008637730902938196
7.293362800101767e-05
5.350262027944774e-05
0.0002459854904833492
0.0001479812852171884
6.587878500775008e-05
0.00020108418663244932
0.0002459854904833492
0.0001835273841136403
0.00010836098475222219
0.0002459854904833492
0.0002459854904833492
0.0004074394522242853
0.00018932635333597842
6.345968090132228e-05
2.7250081552642245e-05
9.95237456341786e-05
6.740210150438807e-05
0.00019763635502325025
0.00040216837326489865
0.0004556301021671567
0.00011282406116179663
0.000255728729769434
2.59161799615532e-05
7.7970260386345e-05
7.93327508219391e-05
6.740210150438807e-05
9.535702093510273e-05
0.00010836098475222219
0.0001353049654451711
4.460405942733226e-05
3.132020088728982e-05
4.065483097414799e-05
5.901280704026203e-05
4.065483097414799e-05
0.0002459854904833492
0.0002459854904833492
4.8166191393866995e-05
7.293362800101767e-05
3.656432713628894e-05
8.371597518118577e-05
0.00018020626929607099
0.0001664543367082451
0.0001444250494850785
0.0002459854904833492
0.00022564812232359326
0.0003037534014447711
5.3136062413503443e-05
9.731396812151882e-05
0.00013812476813455967
0.00012155303285734516
6.489389570997435e-05
0.00016099678476229302
5.776791096142191e-05
0.0002459854904833492
0.00015187670072238556
4.092460705654995e-05
0.0004919709809666984
0.00010433764761492219
0.0002459854904833492
0.0002459854904833492
0.0002459854904833492
0.00015187670072238556
0.00013812476813455967
0.00020108418663244932
0.00011802561408052406
0.00021765592190966385
4.767851046755137e-05
5.817867751538859e-05
2.131112323897419e-05
0.00021765592190966385
0.0002459854904833492
0.0001561828827815494
8.146563098718884e-05
0.00012324495192075582
4.9307049730535595e-05
0.00020108418663244932
0.00017275461805876392
6.44102104424785e-05
5.277276288280156e-05
0.0001326672161886076
0.00021765592190966385
0.00013812476813455967
0.000127853314207864
4.580623221449855e-05
7.7970260386345e-05
1.672117210947799e-05
0.00012354713214870016
0.00021765592190966385
5.277276288280156e-05
0.00010979519956087426
0.0001353049654451711
0.00021765592190966385
0.00011442704810879273
3.132020088728982e-05
0.00020108418663244932
7.537440854820379e-05
0.0002459854904833492
0.00018932635333597842
0.00012354713214870016
6.688799500132933e-05
3.680833340189026e-05
7.475041279260308e-05
9.226175101604391e-05
0.00018932635333597842
0.00015187670072238556
8.950536327823217e-05
0.00010433764761492219
0.00020867529522984439
0.0001664543367082451
9.322346428365976e-05
0.00013812476813455967
7.864582829780025e-05
4.997707995102758e-05
0.00011609548091139308
7.176580775051701e-05
0.00028647224939584964
0.00010675585398667919
0.0002459854904833492
0.00014115362973548206
0.00021765592190966385
0.0002459854904833492
0.00021765592190966385
6.845013144208425e-05
8.692318293314093e-05
0.0004474277242325026
0.00041275552702208965
0.001335378947167794
0.00030202534656290043
0.00016099678476229302
0.0002459854904833492
0.0007379564714500476
0.00016571735277214498
7.864582829780025e-05
0.0001561828827815494
0.00023219096182278617
0.0002459854904833492
0.0002459854904833492
0.00039591870696370024
0.0002262392611221144
0.0005477667885652427
0.00015983623781874143
9.079213735731031e-05
0.0001664543367082451
8.003141617853678e-05
0.0002459854904833492
0.0005646145189419282
9.521756357501475e-05
0.0002459854904833492
0.0002459854904833492
5.1003182248253685e-05
0.00013812476813455967
0.0002459854904833492
0.0001444250494850785
0.00034550923611752785
0.0001968078482606953
0.00010067511552096681
0.00011442704810879273
8.449449258811123e-05
0.00010185986305607133
0.0002459854904833492
0.00029784415087595763
0.0001444250494850785
7.93327508219391e-05
0.0002512870733904085
0.00018020626929607099
0.00010609704086597225
0.00028565269072504423
0.00021765592190966385
0.0002459854904833492
0.0002459854904833492
0.0002459854904833492
7.007435555666223e-05
2.9438342387736498e-05
0.00043327514845523546
0.00020108418663244932
0.00022612322564461137
5.901280704026203e-05
0.0001561828827815494
0.00012155303285734516
0.00010307998136628849
0.000603252559897348
0.0001561828827815494
0.00020108418663244932
5.241266427061891e-05
4.864782692151446e-05
0.00027624953626911934
9.625232588458215e-05
0.0002459854904833492
9.322346428365976e-05
0.00020108418663244932
0.00044481480472910364
0.00048018849707122065
0.00010307998136628849
0.000128820420884957
6.117579470454677e-05
2.9643209624163616e-05
5.567513115126713e-05
9.322346428365976e-05
0.0004919709809666984
0.00014115362973548206
0.0002459854904833492
0.000188416707162871
0.0002459854904833492
0.000257640841769914
7.511360419719005e-05
0.0001664543367082451
6.299257949613219e-05
1.9830726585756752e-05
0.00016099678476229302
0.0001561828827815494
0.00011128157893064951
5.372900779923423e-05
0.00034550923611752785
0.0001561828827815494
0.001390770926930255
0.0012247085965586615
0.00035156168615673307
0.0002459854904833492
0.0002950640352013101
0.0002459854904833492
0.00017275461805876392
8.146563098718884e-05
0.000105635246380745
0.00018932635333597842
0.00020108418663244932
0.00021765592190966385
0.00020108418663244932
3.374452444690035e-05
6.952574425789283e-05
0.00021765592190966385
0.0011717048846678108
7.537440854820379e-05
0.00013812476813455967
1.2595038482864534e-05
2.4083095696933498e-05
0.0001353049654451711
0.00020108418663244932
0.00011609548091139308
0.0004353118438193277
0.00021765592190966385
0.00018020626929607099
0.00018932635333597842
0.0002459854904833492
0.00015187670072238556
0.00020108418663244932
0.0002459854904833492
0.00010697539687148567
0.0002459854904833492
0.0002195903991217485
9.840392413034764e-05
0.0002459854904833492
0.00010067511552096681
0.0002459854904833492
0.0002459854904833492
5.859361435945551e-05
0.0002459854904833492
0.0002459854904833492
0.0001664543367082451
0.0004919709809666984
0.0004919709809666984
0.0001019166546855381
0.00015594052077269
0.00020220630451316422
0.0002459854904833492
0.00020108418663244932
0.0001444250494850785
0.0002459854904833492
0.0002459854904833492
0.0002459854904833492
0.00027624953626911934
0.00025197031798452875
0.0002459854904833492
8.295201035696411e-05
0.00010836098475222219
0.0002459854904833492
0.00018020626929607099
0.0002459854904833492
0.0002459854904833492
0.00011783493185191758
0.0002459854904833492
0.00015187670072238556
5.3136062413503443e-05
0.0001412608623669515
0.0001664543367082451
0.0002459854904833492
9.840392413034764e-05
0.00010979519956087426
0.0001326672161886076
0.00021765592190966385
0.0002459854904833492
0.0001326672161886076
0.00018932635333597842
0.0002459854904833492
0.0003432811443263782
6.44102104424785e-05
0.00010836098475222219
0.00010185986305607133
0.00020108418663244932
1.3415218409291422e-05
0.0002459854904833492
0.0001575055835744172
0.00021765592190966385
8.950536327823217e-05
8.449449258811123e-05
0.0002459854904833492
7.665172900644527e-05
0.00018020626929607099
6.587878500775008e-05
2.3021453459996832e-05
9.95237456341786e-05
0.00011442704810879273
0.00018932635333597842
0.0002459854904833492
0.00021765592190966385
0.0004353118438193277
0.0003037534014447711
1.9830726585756752e-05
0.00010433764761492219
0.0002459854904833492
0.0002459854904833492
0.0001904351271500295
0.0002459854904833492
2.7056838033814957e-05
6.299257949613219e-05
9.731396812151882e-05
0.0002459854904833492
0.0001326672161886076
0.0002459854904833492
5.901280704026203e-05
9.132214806981759e-05
0.0002459854904833492
0.0002459854904833492
0.00010185986305607133
0.0002459854904833492
0.0002459854904833492
6.44102104424785e-05
6.489389570997435e-05
0.00018020626929607099
0.00012354713214870016
2.015510073358094e-05
6.688799500132933e-05
0.0002459854904833492
0.0001664543367082451
0.0002459854904833492
0.00016099678476229302
0.00021765592190966385
8.609747953510731e-05
0.0002459854904833492
0.0002459854904833492
0.0002459854904833492
0.000105635246380745
0.00021765592190966385
0.0002459854904833492
9.731396812151882e-05
0.0002459854904833492
0.00021765592190966385
0.00012354713214870016
0.00019462793624303764
0.0001497221712066638
0.0009839419619333968
9.840392413034764e-05
0.0002459854904833492
0.0002459854904833492
0.0004919709809666984
0.0002459854904833492
0.00018020626929607099
0.0002459854904833492
0.0002459854904833492
0.0002459854904833492
0.0002459854904833492
0.0002459854904833492
0.0002459854904833492
0.0002459854904833492
0.00021765592190966385
0.0001479812852171884
0.00010979519956087426
0.0002459854904833492
2.5729127332575836e-05
0.00021765592190966385
3.985602519346675e-05
0.00011783493185191758
0.00018020626929607099
0.0002459854904833492
0.00010307998136628849
0.00010433764761492219
0.0002459854904833492
0.0002459854904833492
0.00021765592190966385
0.00021765592190966385
7.475041279260308e-05
0.0002459854904833492
0.0002459854904833492
0.0002459854904833492
0.0002459854904833492
0.0004919709809666984
7.293362800101767e-05
0.0002459854904833492
0.00017275461805876392
7.176580775051701e-05
0.0001479812852171884
0.00011128157893064951
6.952574425789283e-05
4.092460705654995e-05
0.0002459854904833492
7.7970260386345e-05
8.862638471111912e-05
8.528812777885685e-05