3.524051351234974e-05
0.0001764145406638883
9.869630348597466e-05
0.00012600113677650772
0.02873228665513428
0.0002205089276407588
0.0006883791524660065
0.0010380258557348588
0.007299247586164374
0.0019909635332729064
0.0006940264236524396
0.0014019398099028289
0.0008401630673977021
0.0003264765329489247
0.0033724909522405006
4.5689207047409697e-05
0.0008562127187293249
0.00017720163698096384
7.265277681312559e-05
3.330948654991102e-05
0.006390743672617805
0.013404948353005392
0.0007452317382972914
0.000257115445277937
0.0010037501405341445
0.0003250007928012257
0.0087198220216733
0.0087198220216733
0.0087198220216733
0.0015963270398334898
0.0014747870013733393
3.763375110429017e-05
0.0003020388418755523
9.062084656335473e-05
0.00012312869888850964
8.176139823813707e-05
8.997608676237145e-05
0.00026529752048607346
0.00013041667940958396
9.306659986188315e-05
0.00011273212490716286
0.0002041091022575
1.5899056225785443e-05
8.971619846329871e-05
0.00019394681013089267
0.0005292872941758659
2.6201788622535387e-05
0.0002885942694687953
0.00017949465126064997
4.306349285852575e-05
0.00010453819751191713
0.00016499220833901442
0.00025874065263458286
3.7042490327112777e-05
0.00017405023017250676
7.433810034225823e-05
0.0007564585979044561
9.851451228712692e-05
0.00011765526456339239
0.0001189529765626664
0.0003071639758249719
0.0006347997956822203
0.00013160999571666277
5.832412052613614e-05
0.00012912459772711338
0.0001765398108625842
0.000135404568413965
0.00014615557012738215
3.5250256421772036e-05
7.532502353099916e-05
0.0001906158948269417
1.857429650357401e-05
0.0001405227075026626
0.00012384559081641283
7.477901697118532e-05
0.00031256627557178486
0.00032547476960132605
0.00011243286605299638
0.00015358198791248594
0.00013420956983019094
0.00010505440170957358
0.00013570961945090135
0.00010410072923986985
5.017833480572022e-05
0.0014851874583007654
0.00022787535933969686
0.00046884941335767727
9.062084656335473e-05
0.0005441058588368028
0.0001520725480721713
0.00027167377475207353
9.302353786573984e-05
0.00018088682120301897
4.38106190594634e-05
0.00014858190810331873
6.539961383750279e-05
0.00015322158318053133
0.0002457978335622233
0.00014122669317291365
7.932388540367968e-05
0.00025696886074258354
9.838958528733278e-05
6.804980718125104e-05
0.00011171009299635703
0.00021292335379922612
0.00010139745335938118
8.176139823813707e-05
0.0004026388873187349
0.00010233129555680203
5.416162678269574e-05
8.432396521284686e-05
0.0002378611797391063
0.00022101214956878537
0.00034436354850566475
0.0002477364625254829
0.00010524235793627636
0.0001765398108625842
0.0005869645657286082
4.069601218117961e-05
0.00013245643897125424
0.00010618968767813474
0.00014403703967082437
9.613373651126487e-05
5.7891649784518596e-05
0.00020754785570985926
6.234439371562679e-05
0.0003006835179887345
0.00021740854397770337
0.00014403703967082437
0.00019619884151250835
0.00011198367042707043
0.0003250007928012257
0.0004405548872748304
3.6739399023867044e-05
0.0001189529765626664
4.145650756447934e-05
7.037569498194931e-05
0.00015358198791248594
8.176139823813707e-05
0.00014962917321187044
6.450746329145858e-05
0.00013636772738533155
0.0003938264378426728
0.0001196308866888176
9.364222842383975e-05
0.00035864586837635595
3.7506049918997257e-05
0.00010917513623354757
0.0005253419847766893
0.00015197101297226672
0.0001361104207093902
1.95680692009667e-05
6.583974016917052e-05
0.0003530796217251684
0.005697092590835241
0.00022721675092879278
0.00014089512025974526
0.00022790579350699842
0.0017622195490993215
3.402490359062552e-05
0.00015346110293692637
8.411143528793221e-05
0.0002933799053318519
0.0005103735538593827
0.0015464493248173502
0.0010750739153874015
0.00025824919545422675
0.00020005400861596823
0.00027442842213255635
0.0005041839870712171
0.00023797165621103903
0.00026964209450241555
0.00016797550564060562
0.0003913097104857388
0.00014635182712233324
0.00020279490671876237
0.00042763087092112436
0.00010795300570991189
0.0001398713692860959
0.0002979274278393244
8.770088482193091e-05
0.0002797427385721918
0.0005396566309588591
2.604992471383179e-05
0.0001150117265775296
0.0003881053925029622
0.00023142549528909546
4.8718523375794055e-05
8.963535582491714e-05
0.0002468367600704419
0.0001783027104886262
0.00015313859640093944
0.00013678518727556523
9.530794741347085e-05
7.477901697118532e-05
0.0006445900709942696
7.69997871535604e-05
0.00030241429965108794
0.0003975596309042187
5.5620390357881394e-05
5.9465294934776574e-05
0.00012384559081641283
0.0010306584604448821
0.0005380349547887165
0.00015676024007403434
0.0002346120142395864
0.0006879174435845401
3.776423707216098e-05
3.190867226820887e-05
0.00023278081917591322
0.0006555403142885258
2.8825746088950874e-05
0.00031252184692601934
0.0014193437820069323
6.319841627161517e-05
0.0001688385811800105
0.0003191654369763189
4.474697227802264e-05
3.380926429232374e-05
0.00013678518727556523
0.0003747346991563613
8.367089574411449e-05
3.7506049918997257e-05
0.00016216747258945637
6.039517622424377e-05
0.00015913872086711092
3.0131885026415608e-05
5.543076473161455e-05
0.00014427012253763358
0.00017850722713775712
0.001202734071954938
0.00019197665221485003
0.00010048074685169967
7.527560729631109e-05
7.297288200035386e-05
0.00038419979098557885
5.867227665019123e-05
8.633601308588673e-05
4.499313824093937e-05
0.00012912459772711338
0.00018899117275458763
0.017508346622023396
5.251019171235638e-05
0.006421625077901818
0.0005099141091575078
0.0005016751219148859
0.00018243220500088468
0.0001360264647092007
0.00046181033817736117
0.0002720529294184014
0.0007998136849076809
0.0006139877733408122
0.00019739260697194933
0.00012201322976582296
0.00013680065533054633
7.2804009976321e-05
0.0001906158948269417
0.00012753846123963685
5.170700173606719e-05
0.0002104847158725527
0.00016216747258945637
0.00011882970585234769
0.00028656486938109733
0.00010833359760040858
0.00027452222326734317
0.0001614677701919581
0.00011723242369503898
6.630798618836369e-05
0.00016138802319501337
8.941123837290922e-05
0.00014403703967082437
0.00010833724648702704
9.658634181858486e-05
3.573516213684347e-05
0.0001892114175214261
0.00015849733720730452
0.00011341810691363176
0.00022512455029649267
0.00022248156143152558
7.587706343457312e-05
0.00046285099057819093
0.00039359296787855184
0.00030339468031825666
8.65191101809276e-05
0.00016884341272236947
5.251019171235638e-05
6.150472516144534e-05
5.9412601252514864e-05
0.00012700179233629224
0.00022697245630747467
0.00012384559081641283
9.679448372750663e-05
7.947235335996752e-05
5.380349547887164e-05
0.00022101214956878537
8.460061541225288e-05
8.378256974726776e-05
9.737860754091119e-05
5.087883782731012e-05
0.0005424399394834972
9.697340506544634e-05
0.00019394681013089267
0.00019091214913571198
0.00011438425969472634
0.0003450818979798073
0.0002838215990255293
0.0001614677701919581
9.750029103239635e-05
0.0001875302495949863
8.843250682869117e-05
0.00010728178816294511
0.000337677162360021
0.0003020388418755523
0.0004057039014134473
0.00017686501365738234
3.5487225633204355e-05
0.00010833359760040858
9.449558637729382e-05
9.137212542668819e-05
5.906721232698795e-05
2.729378405838689e-05
7.957333017869618e-05
0.00018765323689844674
8.102721185516063e-05
0.00013079922767500558
8.504024503254743e-05
0.00011277733421102987
6.831196154499063e-05
0.0002962041120845303
0.0001230615181785107
5.239610373643385e-05
0.0008847177346110364
0.00106421802655566
0.00015876667840490364
0.00017401172381811315
6.450746329145858e-05
0.0002331217541599912
0.0004152103422939435
0.00023286323550177727
0.000231021636645641
0.00015409794793324276
0.00048661650574429165
0.000601367035977469
3.802376546330606e-05
8.188135217516067e-05
7.532502353099916e-05
8.251241546047346e-05
8.249610416950721e-05
6.192279540820642e-05
0.0005102237886191325
0.00020346759252983003
0.000494944211227987
8.702511508625338e-05
0.00043181202283964755
0.00010869144512621157
0.00010205455112875
0.0001231574662184113
0.00016380902244672227
0.000806271414348774
8.70386230227816e-05
0.0001307627478610844
2.8569404921795642e-05
5.9413787915251986e-05
5.674311407686867e-05
0.00020887207527234034
0.00011050607478439268
0.00012912459772711338
0.00023223874648909006
0.0001484778266012042
7.19686704732746e-05
4.8689303770455595e-05
0.00014427012253763358
0.00017291877084885484
5.636606245358143e-05
3.7284110514616126e-05
7.838064305853632e-05
0.00018088682120301897
0.00011198367042707043
0.0001539995743071208
5.3335966709122464e-05
0.00014929855451610043
0.00018238024970075364
6.80552103546951e-05
0.00013170347100376027
0.00010341400347213437
0.00010498504122288177
4.097126964303286e-05
0.0001765398108625842
2.708431162175676e-05
2.9657881592424538e-05
6.865391494044506e-05
6.804980718125104e-05
0.00010524235793627636
7.154088626784104e-05
0.00011639040958795661
0.00012671589935417662
0.00028854024507526715
0.0002137916526955892
0.0003250007928012257
0.00013170347100376027
6.17374838785213e-05
5.3012291131519506e-05
0.00013333991677280617
3.6993644371286455e-05
3.828464910023486e-05
5.3335966709122464e-05
0.00025696886074258354
0.0001230615181785107
0.00012120171442554427
0.0002111688222124037
0.0002758238752801682
0.0007981635199167449
2.0806687104758253e-05
2.8569404921795642e-05
6.464876124864625e-05
6.539961383750279e-05
7.814832286121033e-05
3.722663994475326e-05
8.305275299578419e-05
7.643527150939335e-05
0.0002361979395473748
0.00016968240019576197
0.00033851142103491255
0.0001360264647092007
0.0003491712287638698
0.000385552460701519
0.000376117522706645
9.877997420563408e-05
5.1027275564375e-05
0.00010917513623354757
0.00012450970951729138
4.226853607792357e-05
9.530794741347085e-05
3.648644100017693e-05
0.00018564843228759568
3.9419478551849274e-05
7.315261717260207e-05
0.00017997255296375747
0.00013323794619964408
5.628113757412317e-05
7.477901697118532e-05
0.0002859238422404125
0.00011277733421102987
0.00046415590331854584
0.00017686501365738234
3.381437973587018e-05
0.0009653835634805887
0.00032433494517891275
0.0003975596309042187
0.0003692472298521991
0.0002549570545787539
6.427886131948425e-05
6.817583375199942e-05
7.370458625058905e-05
9.057620427184298e-05
9.697340506544634e-05
0.00025824919545422675
0.00017012451795312759
0.00041701214576239865
0.0005850312394127978
0.00011395289675349921
0.0002202774436374152
0.00014435872827482955
5.274425220418813e-05
0.00012990309426110378
9.213487463858432e-05
3.834896825810421e-05
0.00015273033407794118
0.00012028529826401405
0.00016216747258945637
9.460570876071305e-05
0.00013079922767500558
0.0001268056082337707
0.00053210901327783
0.00040693518505966007
9.637102804542545e-05
7.061334658645682e-05
5.256964705495764e-05
0.00018124169312670947
0.0003387806930462732
1.3449001932917782e-05
0.00015101942093777616
0.00017254094898990364
8.238982291333575e-05
0.001396089046873814
0.00017106740684017893
4.2941743194923444e-05
6.363096531950506e-05
0.00024937757486250716
6.999002748192118e-05
0.00026569877128573133
0.0015917851229164408
7.932388540367968e-05
3.145032865937546e-05
0.00028228352736116654
0.00021795833043937676
0.00031230218771960953
4.0150005621365786e-05
0.00020760517114697176
0.00013925716404092586
0.0009448559030597268
5.3865459860364625e-05
5.416162678269574e-05
0.0003530796217251684
7.213506126881679e-05
3.0996151868280056e-05
6.131801731346364e-05
2.6875713811625804e-05
0.00016539175921090395
0.0006608323309122456
5.585504649817852e-05
5.416162678269574e-05
0.00016539175921090395
0.0007679099395624297
0.0009938990772605468
0.0006228956474683814
0.0005508034562483979
0.00012753846123963685
0.00040905500251199654
0.0003329427993415781
0.00028588129709474777
0.0001765398108625842
7.04610389282844e-05
8.694820441504761e-05
7.552847414432196e-05
0.0002111688222124037
4.6821114211919874e-05
0.00010425303644059966
0.00012074563789613867
5.34479131738973e-05
0.0002510783205475245
0.00017022934223060598
0.00016216747258945637
2.964969367283704e-05
8.843250682869117e-05
7.587706343457312e-05
2.6461113067483944e-05
8.176139823813707e-05
9.435098597812636e-05
6.520833970479198e-05
0.0007553501026464763
0.0012135787212730266
0.00020119252048120888
0.0005254894188304747
5.1027275564375e-05
7.370458625058905e-05
5.416162678269574e-05
3.4750714462247195e-05
6.406729213615513e-05
5.7891649784518596e-05
4.8397241863753313e-05
0.0002649128779425085
0.0001573680963255816
4.6187120298718005e-05
0.00022325759700675987
0.00020850607288119932
0.0008742065780999669
4.439580805249333e-05
0.0001505000021653668
0.00011198367042707043
5.458756811677378e-05
6.131801731346364e-05
7.692627911170712e-05
0.0003983222339214857
6.577566361644818e-05
0.00017131257382838904
2.1176756226120006e-05
0.00019231205313094925
2.9718874405718417e-05
3.907557490076951e-05
0.00013446636240443103
0.0007735236154471324
0.00016352279647627413
9.16382004467647e-05
0.00019679648393927592
0.0008178351584174035
0.00036548850170675277
0.00022546424981432573
0.0006114821720751468
0.0001725175898662944
5.539749746774353e-05
0.00040558981343752473
4.265544382719139e-05
0.0002058916674505074
3.6993644371286455e-05
1.234749677570426e-05
3.6739399023867044e-05
0.00010425303644059966
0.00012028529826401405
8.35716780277683e-05
4.0212015254568666e-05
0.0007729513775086218
0.0001897824445211631
1.606183800757091e-05
0.00014403703967082437
9.436597295967338e-05
0.00017691282181639308
0.00022949383056963723
0.0002202774436374152
0.00010833359760040858
7.69997871535604e-05
0.00010524235793627636
0.0002649128779425085
0.0001398713692860959
0.0004219739660106152
0.0007103740798571646
0.0005888115195983185
0.0005220351714543395
0.00018739244735361496
9.062084656335473e-05
0.00014828940796212268
0.00010760699095774328
0.0001150117265775296
6.817583375199942e-05
0.00025200227355301545
1.7490561785987596e-05
0.00017291877084885484
0.00015855645733033332
3.564827274915119e-05
0.00012639683254323035
9.100501247040126e-05
0.0001292975224972925
6.676844200956165e-05
0.0005087883782731012
8.531088765438279e-05
6.77022842069825e-05
3.93420240813954e-05
0.0002234951412724384
0.0003812317896538834
0.00013333991677280617
0.00031678974838544155
0.004145644397288394
9.958055848037142e-05
7.938333920245182e-05
8.474155160748174e-05
0.000675354324720042
0.0001500741543481766
9.290944988981732e-05
0.00020346759252983003
3.064431663610627e-05
0.0001582327566125644
0.00025083756095744294
0.0002457978335622233
0.0006383308739526378
0.00014191079951276464
0.0001398713692860959
0.00016539175921090395
0.0002674540657329393
0.0002568299132220713
3.805354975928e-05
0.00025452386127802025
6.495154713055189e-05
2.625106281437605e-05
0.0002925156197063989
0.00014455654206813818
0.0006913661534233257
0.0010833359760040859
0.00023605214448837235
0.00011765351225164356
0.0035510062183024887
9.862658418182168e-05
3.580759068528282e-05
0.0006837173805209953
0.0002201523006156282
0.00013245643897125424
0.00022787535933969686
0.00026992826028711435
0.0001574652930315832
0.00023872180045074058
0.00020887207527234034
0.0013940480360188027
0.0005636944422462288
0.00018243220500088468
6.585173550188013e-05
0.0005263431311333214
0.0007472362789221556
0.00036234555052204215
0.0003348863955101398
0.00012208803654353883
5.5620390357881394e-05
0.00035685892968799916
2.3651427190178262e-05
0.0004457457243099562
0.00025200227355301545
0.00029092021519633895
0.0002475372463814204
0.00029608891045792397
0.0028012539790534157
0.00025824919545422675
8.843250682869117e-05
0.00016793103206449495
0.00018564843228759568
2.0439339104487883e-05
0.00045394491261494934
0.00039359296787855184
0.00033073272857162976
6.363096531950506e-05
6.539961383750279e-05
0.00020466259111360407
0.0002409000337281947
9.975278214124695e-05
4.5898766113927445e-05
4.410363516597207e-05
6.020000086614672e-05
4.6450586723528036e-05
0.00047247793188646915
9.877997420563408e-05
6.363096531950506e-05
4.445150080785635e-05
0.00013446636240443103
5.309484383906737e-05
0.00020452750125599827
2.7216722496174103e-05
6.495154713055189e-05
4.769392417856069e-05
0.00014625780985319945
0.0002457978335622233
0.00053210901327783
5.88765615726712e-05
0.0002925156197063989
0.000329559291653343
0.0001765398108625842
0.00046878277038902894
0.00011395289675349921
0.0001624848803480872
5.1604088174365076e-05
0.00015628313778589243
6.022401750114111e-05
6.192279540820642e-05
0.00029716381620663746
0.0001603437395216919
5.5620390357881394e-05
6.0271104387055246e-05
7.604753092661212e-05
8.175735641795153e-05
7.246951465923446e-05
0.00022325759700675987
8.322674841903301e-05
0.00014625780985319945
0.00010139745335938118
0.00030135552193527625
6.585173550188013e-05
0.0001474091725011781
0.00010833359760040858
4.4398379991072785e-05
0.00013769629834178233
0.0003555772617499823
6.109213363117647e-05
5.585504649817852e-05
7.162265572110598e-05
0.00011098093311385936
0.00018959524881484552
6.495154713055189e-05
0.00021640518380645034
0.00015629664572242065
0.00020346759252983003
6.831196154499063e-05
0.0003922882435832532
0.00023316640584937715
0.00024464572371301105
0.00013079922767500558
0.00031716462161114763
0.00024271574425460533
0.00030144224055509897
0.00031555313339502153
0.0009455466360839837
0.00019746940805635355
0.00014500976984842763
0.00014858190810331873
0.0002188160566420097
0.0008391881430040695
0.00016069715329871062
0.0007085938186421245
0.005756443901881356
0.00013245643897125424
0.00019739260697194933
0.00021891864600106158
4.35193115113908e-05
0.00027186253969006417
0.00012021632650185848
9.213487463858432e-05
8.91513552443131e-05
0.00014625780985319945
0.00038225785908471916
0.0002295756990037765
0.00022158998987097412
0.00024330825287214583
0.0004519501411859949
0.0003069938866704061
7.331460293150526e-05
0.00018852954755327016
0.000696200920690027
0.0008186503644544163
0.0001701271603704476
7.502025323098808e-05
0.00014191079951276464
0.00013041667940958396
6.865391494044506e-05
0.00031968882066029926
0.0002804649479320955
7.449838042414613e-05
0.0003491712287638698
0.0005757042263520647
0.0008413948437962865
0.00036248338625341893
0.0006730111527406678
0.00014191079951276464
0.00016864793042569372
3.802376546330606e-05
0.00019746940805635355
0.0001635670316834807
0.00013231090549791622
0.0004961752776327118
0.0008060975216949655
0.00032433494517891275
0.0001379119376400841
0.00018088682120301897
9.074028047292681e-05
0.0009245008805499539
0.0016024426082294795
0.0012662077484211329
0.00024108441754822099
0.00035089542075554764
0.0002169730630779604
0.0002457978335622233
0.00038182429827142395
0.0006918322070800535
4.222266589017092e-05
0.0009869630348597466
0.000978274276214347
6.109012441730347e-05
7.932388540367968e-05
0.0002188160566420097
9.696137154043542e-05
0.00019679648393927592
0.00015628313778589243
0.00014191079951276464
0.0004376321132840194
0.00016061838007570912
6.709364480435981e-05
0.000578916497845186
0.00025593266296314836
0.0008108373629472819
0.00015628313778589243
8.988069816747185e-05
5.072156960380526e-05
3.763780364815554e-05
8.361252031914764e-05
0.00014046334263575962
0.000329559291653343
0.00026529752048607346
0.0002625423494329808
0.0001764145406638883
0.0003439944698772913
0.00016734179148822898
6.154120497536651e-05
0.0003006835179887345
0.00016498140374266235
0.0001647796458266715
0.0004745261054787926
0.00014693965305643308
0.00014427012253763358
5.5008276973648985e-05
0.0002461230363570214
0.0005272751647169941
0.00031256627557178486
0.00021795833043937676
0.0007312890492659974
0.0004915956671244466
0.00013245643897125424
0.0001701271603704476
0.0014858190810331875
0.0001592845315172021
0.00010945932300053079
0.0001474091725011781
0.00024907875964071856
9.78274276214347e-05
2.594790283177676e-05
0.00016997136971916928
1.5676128611707266e-05
0.0010149960078992687
0.0009020505539662034
0.0009020505539662034
0.00045581158701399685
1.4250930915821304e-05
4.776081156351623e-05
0.00016283846904289348
0.00037798234550917527
0.0001398713692860959
0.0001599038314795289
0.00011765526456339239
5.88765615726712e-05
0.00022930581452818003
0.00012753846123963685
0.00011277733421102987
5.239610373643385e-05
4.0150005621365786e-05
8.238982291333575e-05
5.035667350976509e-05
0.0006820593272611168
8.843250682869117e-05
0.0002361979395473748
0.00016499220833901442
0.0003505811849151194
0.000298169723178164
0.00031827744173422185
0.00018124169312670947
0.00013953530679860975
0.00047953323099044886
6.234439371562679e-05
0.00010940802832100485
0.0003006835179887345
0.00038182429827142395
2.817902405194905e-05
0.0003481201254539006
0.000634345925943483
0.00019400767656065093
8.432396521284686e-05
2.708431162175676e-05
0.00012045001686409735
4.097126964303286e-05
0.00020466259111360407
8.176139823813707e-05
0.00053210901327783
0.0003143766224186031
0.00019091214913571198
0.00011277733421102987
6.539961383750279e-05
5.674311407686867e-05
0.00014625780985319945
0.0001181344246539759
2.7504138486824492e-05
0.00024325500123573035
0.0001765398108625842
0.00017997255296375747
0.00036548850170675277
5.5620390357881394e-05
2.438420572420069e-05
0.0001574652930315832
0.00013079922767500558
7.992220516507481e-05
0.00022555466842205974
0.0006970639093625999
0.00011277733421102987
0.00028348675913188144
0.0001765398108625842
0.0001189529765626664
2.195334251270279e-05
0.0003006835179887345
9.213487463858432e-05
4.807801328273731e-05
0.00016216747258945637
4.936735201408839e-05
0.0001322930914286519
0.00020346759252983003
4.62043273291282e-05
0.0001294850394388422
8.998627648187873e-05
9.16382004467647e-05
0.0002797427385721918
0.00042069742189814325
3.307327285716298e-05
0.0001614104864366149
3.7506049918997257e-05
0.00015358198791248594
0.0002529718956385406
0.00021795833043937676
0.00027186253969006417
0.00023142549528909546
9.062084656335473e-05
8.249070187133117e-05
6.067893606365133e-05
0.00028348675913188144
3.828464910023486e-05
0.0002405705965280281
5.800390793937105e-05
6.585173550188013e-05
7.391053735017751e-05
3.854690221134708e-05
6.804180624043526e-05
8.843250682869117e-05
0.0003193850306988392
6.762875947174036e-05
0.00014858190810331873
0.0003125932914448413
0.00012054220877411049
3.145032865937546e-05
2.4636845783392507e-05
6.804980718125104e-05
8.139202436235923e-05
0.0005122313949281663
0.0001151567888135665
4.8718523375794055e-05
0.0002093637459122916
0.0001539995743071208
0.00012901492658291716
0.00011050337363530463
4.569165766953786e-05
0.00022271673990180627
0.00044543347980361255
0.00033994273943833855
5.6348773820539564e-05
4.35193115113908e-05
0.00013055793453417238
0.0002753941685697677
0.00011277733421102987
0.0009214919274749155
0.0003402543207408952
0.00012990309426110378
5.800390793937105e-05
0.0013216646618244912
0.00012028529826401405
0.00017367494935355577
9.958055848037142e-05
0.0004080793941276021
0.0002804649479320955
0.0009431298672558093
9.530794741347085e-05
0.00390707844464731
0.001379119376400841
4.265544382719139e-05
0.00036177364240603795
0.0022596270907666183
7.265277681312559e-05
0.00042912715265178044
8.565628691419452e-05
0.0001900738490312649
8.702511508625338e-05
0.00021640518380645034
0.0006962402509078013
0.0008354883010893613
0.0004386192759444345
9.449558637729382e-05
0.0005727364474071359
0.0004915956671244466
0.0001151567888135665
3.415598077249532e-05
7.757075454474298e-05
0.00011162879850337994
0.00015358198791248594
0.0001765398108625842
0.00022100674727060926
0.0002118538790187044
4.1526376497892096e-05
0.00027654646136933024
0.00019679648393927592
0.00016864793042569372
0.00019939611956347372
0.00013418728960871962
0.00014403703967082437
0.00015107002052929528
8.702511508625338e-05
6.817583375199942e-05
0.0003006835179887345
9.873470402817677e-05
8.772385518888691e-05
6.817583375199942e-05
3.942529686221573e-05
2.9657881592424538e-05
0.00019394681013089267
0.00011162879850337994
1.9243557729894646e-05
7.154088626784104e-05
0.00019091214913571198
9.613373651126487e-05
3.307327285716298e-05
0.00020850607288119932
0.00019916111696074285
8.367089574411449e-05
8.843250682869117e-05
0.0001151567888135665
0.00018274425085337638
8.367089574411449e-05
7.814832286121033e-05
0.0001230615181785107
9.743704675158811e-05
0.00010625166707092553
0.00018564843228759568
4.3850442410965456e-05
4.8718523375794055e-05
3.4498753684611046e-05
6.363096531950506e-05
3.0131885026415608e-05
4.4988043381185725e-05
5.34479131738973e-05
0.001118970954288767
0.00045394491261494934
2.6667983354561232e-05
0.00011639040958795661
0.00032433494517891275
0.00013245643897125424
0.00014294064854737388
0.00018564843228759568
0.00022433705091355594
0.00019562501911437596
0.0003567917696086594
0.0016539175921090395
0.00014758437793099916
0.00034479339332611336
0.0007679099395624297
0.0004457567762215656
0.0005697644837674961
0.00041961410785828763
0.00061040277758949
0.00011734455330038246
0.00012054220877411049
9.426025463151736e-06
0.0001574652930315832
0.00024716946874000725
0.00017062177530876557
0.0002838215990255293
0.00014191079951276464
0.00015512100520820155
0.0004915956671244466
8.305275299578419e-05
0.0001398713692860959
0.00014625780985319945
9.873470402817677e-05
0.00010233129555680203
0.00015628313778589243
8.194253928606572e-05
9.449558637729382e-05
9.489122226058155e-05
0.00022100674727060926
9.613373651126487e-05
0.00010833471711776104
4.322969271221371e-05
5.7138809843591283e-05
0.00027654646136933024
4.499313824093937e-05
0.00023142549528909546
6.363096531950506e-05
3.8810539250296214e-05
0.0001189529765626664
0.0007735425234907488
7.992220516507481e-05
0.00019679648393927592
0.00018899117275458763
8.169377075450287e-06
0.00016686117107364418
0.00010139745335938118
0.0002649128779425085
7.477901697118532e-05
0.00046285099057819093
0.000601367035977469
1.9712648431107864e-05
0.00029716381620663746
0.00010904468778898714
0.00010774793541441044
3.6739399023867044e-05
0.0001398713692860959
0.00035373002731476467
0.00031827744173422185
4.347410220752381e-05
6.150472516144534e-05
0.0001956548552428694
0.0003006835179887345
0.00011348622815373733
0.0001150117265775296
0.0002604992471383179
0.0004405548872748304
0.00017405023017250676
0.00037129686457519135
0.0002649128779425085
0.00020096149370339933
0.00015629664572242065
0.00011639040958795661
7.265277681312559e-05
0.0002379059531253328
0.00013245643897125424
9.369622367680748e-05
0.00015358198791248594
4.927369156678501e-05
0.0002104847158725527
0.00043168006542943367
5.75058632887648e-05
0.00016734179148822898
0.0001307627478610844
0.0001189529765626664
0.0001230615181785107
0.00014191079951276464
2.835452672840794e-05
8.91513552443131e-05
0.000601367035977469
7.317591356116662e-05
0.00010048074685169967
5.800390793937105e-05
7.162265572110598e-05
0.00023985969572461288
0.001202734071954938
4.6913309224611686e-05
3.799275324306668e-05
9.062084656335473e-05
0.000601367035977469
0.000601367035977469
0.0001688385811800105
7.587706343457312e-05
0.00012912459772711338
2.4636845783392507e-05
0.00020346759252983003
4.38106190594634e-05
0.0001230615181785107
7.246951465923446e-05
7.643527150939335e-05
9.552162312703246e-05
7.69997871535604e-05
0.00021110989151075255
0.00015358198791248594
1.0214772212035424e-05
8.772385518888691e-05
0.00011639040958795661
8.176139823813707e-05
0.0003006835179887345
7.992220516507481e-05
0.00020346759252983003
0.0001765398108625842
0.00019619884151250835
5.636606245358143e-05
5.75058632887648e-05
0.0002457978335622233
0.00019226747302252974
4.2941743194923444e-05
8.176139823813707e-05
8.91513552443131e-05
0.00023278081917591322
0.00017997255296375747
0.00010870427198885168
4.62043273291282e-05
8.938974810772031e-05
8.302625321357286e-05
0.0005903894518178277
4.069601218117961e-05
7.501209983799451e-05
0.0001307627478610844
6.234439371562679e-05
6.585173550188013e-05
8.367089574411449e-05
0.00029336138325095616
0.00023142549528909546
0.0010853209272181138
8.843250682869117e-05
2.481775996316884e-05
0.00042069742189814325
0.00015913872086711092
0.00014191079951276464
7.037569498194931e-05
0.0003481004603450135
9.958055848037142e-05
8.570821476538691e-05
0.0003450818979798073
0.0003696346186330256
0.0002758238752801682
2.792752324908926e-05
0.00018451417548433598
0.000266054506638915
0.002684191396603819
0.00018739244735361496
0.00015864777080735936
0.0001379119376400841
0.00038789362026178534
6.585173550188013e-05
0.00017877949621544062
0.0001646570532795338
7.011623698302388e-05
0.00011162879850337994
0.00011277733421102987
6.920811841532865e-05
0.0001151567888135665
0.00011639040958795661
4.651176893286992e-05
0.0002457978335622233
7.932388540367968e-05
0.0001251826036928177
8.91513552443131e-05
0.00015913872086711092
9.145114567327677e-05
0.0001230615181785107
0.0002361979395473748
0.00028807407934164874
0.00010341400347213437
0.0003454703664406995
0.00012165412643607291
0.00015101942093777616
8.114078028268945e-05
0.00013420956983019094
0.00023142549528909546
8.176139823813707e-05
2.94382807863356e-05
0.0001360264647092007
7.814832286121033e-05
0.00015313859640093944
0.00011098093311385936
0.00010004943623211773
0.0003338422100478083
8.772385518888691e-05
6.77022842069825e-05
0.00014403703967082437
0.0004321111190124731
0.0005139377214851671
0.00023278081917591322
4.042226298695959e-05
7.317591356116662e-05
0.00010139745335938118
0.00016185629929855278
9.213487463858432e-05
0.00020740984602699768
8.498568485958464e-05
0.00039736931691376266
0.00015358198791248594
9.78274276214347e-05
0.0001398713692860959
5.170700173606719e-05
0.0002438989457816155
0.0007190455853397748
9.213487463858432e-05
4.8397241863753313e-05
0.00015101942093777616
0.00022790579350699842
0.0001189529765626664
0.00012468878743125358
0.00010425303644059966
0.00018830874041064335
0.00018564843228759568
9.369622367680748e-05
5.867227665019123e-05
2.9308105923759745e-05
0.00011256227514824633
0.00010233129555680203
0.0002309993614606812
0.00016216747258945637
0.0004692098820991053
7.604753092661212e-05
7.587706343457312e-05
5.7891649784518596e-05
4.2941743194923444e-05
3.854690221134708e-05
0.00011050607478439268
0.00016539175921090395
5.274425220418813e-05
0.00015358198791248594
6.585173550188013e-05
0.00010328292629026458
9.369622367680748e-05
1.556140875212537e-05
0.00018088682120301897
6.495154713055189e-05
2.2876851938945265e-05
4.1248052084753606e-05
0.0002202774436374152
0.0001230615181785107
0.0001151567888135665
0.00018426974927716864
5.7123033040412395e-05
0.00010048074685169967
4.904188439429497e-05
0.0009020505539662034
2.9657881592424538e-05
0.00016216747258945637
8.238982291333575e-05
9.697340506544634e-05
7.587706343457312e-05
0.0003006835179887345
0.00020850607288119932
0.0001582327566125644
0.00016216747258945637
7.992220516507481e-05
0.00011973315005494861
0.0002720529294184014
0.00016352279647627413
0.0003826153837189106
0.00011251814975699177
5.416162678269574e-05
4.410363516597207e-05
0.00013079922767500558
6.999002748192118e-05
0.00015514150908948595
3.776423707216098e-05
5.5620390357881394e-05
0.00010139745335938118
0.00015358198791248594
9.530794741347085e-05
0.00015628313778589243
0.0003505811849151194
9.613373651126487e-05
8.843250682869117e-05
0.00012450970951729138
0.0001335368840191233
0.0001398713692860959
0.00038737379318134005
0.0003478646770411913
4.322969271221371e-05
0.00019679648393927592
0.0001765398108625842
0.00015358198791248594
3.0546066815588234e-05
5.7138809843591283e-05
0.0001151567888135665
0.00020075002810682893
0.00010833359760040858
0.00010205455112875
0.0002649128779425085
0.00018564843228759568
0.00020656585258052915
3.524051351234974e-05
0.0001379119376400841
0.00020466259111360407
4.744561113029077e-05
3.7249190212073064e-05
0.0002202774436374152
0.00053210901327783
3.802376546330606e-05
8.498568485958464e-05
0.00036177364240603795
4.5898766113927445e-05
0.0004223376444248074
9.369622367680748e-05
0.00012165412643607291
9.237424059743601e-05
0.00010233129555680203
7.69997871535604e-05
0.00018088682120301897
7.095428157053478e-05
5.9866575027474305e-05
7.213506126881679e-05
0.00021666719520081716
0.00014955803394237064
0.00025200227355301545
0.00011162879850337994
7.815114980153902e-05
0.00016138802319501337
0.00020346759252983003
0.00039359296787855184
0.00022101214956878537
8.998627648187873e-05
0.00021456357632589022
7.265277681312559e-05
8.91513552443131e-05
2.443820097716842e-05
0.00010328292629026458
7.317591356116662e-05
0.00012912459772711338
0.00013420956983019094
0.00012753846123963685
8.498568485958464e-05
0.0001379119376400841
0.00010728178816294511
5.274425220418813e-05
0.00012912459772711338
7.87326465157916e-05
8.843250682869117e-05
0.00010728178816294511
7.265277681312559e-05
7.757075454474298e-05
5.867227665019123e-05
5.035667350976509e-05
0.00017131257382838904
6.276958013688113e-05
0.00017254094898990364
5.636606245358143e-05
6.276958013688113e-05
0.00020903130079786913
0.00014403703967082437
0.0003450818979798073
0.00010833359760040858
0.000601367035977469
0.0003530796217251684
0.00020169954360664652
7.876528756853456e-05
0.00040262870949057283
0.00040693518505966007
5.543076473161455e-05
0.00014858190810331873
7.532971256603902e-05
0.0003006835179887345
0.00010233129555680203
3.623475732961723e-05
0.0002457978335622233
5.002471811605887e-05
4.8397241863753313e-05
7.213506126881679e-05
9.137212542668819e-05
6.962402509078012e-05
0.0005676431980510586
7.111545234999645e-05
0.0002202774436374152
6.0271104387055246e-05
0.0003006835179887345
8.498568485958464e-05
8.843250682869117e-05
4.2087720638935073e-05
6.192279540820642e-05
9.058638763051054e-05
9.552162312703246e-05
0.000653813739305422
0.00012813458427231026
9.302353786573984e-05
6.723318120221552e-05
0.00039359296787855184
0.00015358198791248594
2.6667983354561232e-05
7.111545234999645e-05
0.00016216747258945637
0.0002202774436374152
0.0001765398108625842
0.00010425303644059966
3.283817076237564e-05
0.00034568307671166285
0.00027849610036312047
5.452234389449357e-05
0.000312759109321799
5.170700173606719e-05
0.0003006835179887345
0.00020596174482133514
4.8718523375794055e-05
0.00018576838622461924
0.0003006835179887345
0.0003006835179887345
0.00039359296787855184
8.988069816747185e-05
0.0001688385811800105
0.00014858190810331873
9.369622367680748e-05
0.00016278404872471845
0.00020279490671876237
0.00014191079951276464
0.0001528705430187867
0.00019679648393927592
0.0002549570545787539
3.0770602487683257e-05
7.265277681312559e-05
0.0001230615181785107
0.0001688385811800105
0.00015628313778589243
0.00018564843228759568
0.0004405548872748304
0.00018564843228759568
3.870645774818168e-05
0.00012384559081641283
0.00023278081917591322
0.0003006835179887345
0.00014191079951276464
0.00041961410785828763
8.633601308588673e-05
3.1678974838544154e-05
0.0001688385811800105
0.0001622815605653789
0.00018088682120301897
4.124535093566559e-05
7.532502353099916e-05
0.00015628313778589243
0.00010832325356539148
0.0001151567888135665
0.00010728178816294511
6.913661534233256e-05
4.1526376497892096e-05
0.00010728178816294511
0.0002331217541599912
0.00010940802832100485
0.00010524235793627636
4.237077580374087e-05
7.814832286121033e-05
0.0001765398108625842
7.69997871535604e-05
7.213506126881679e-05
0.0002925156197063989
0.0002202774436374152
7.69997871535604e-05
7.643527150939335e-05
0.0002457978335622233
3.330948654991102e-05
7.477901697118532e-05
9.869630348597466e-05
0.0002457978335622233
0.00019679648393927592
0.00010728178816294511
4.62043273291282e-05
8.249610416950721e-05
5.069084935739044e-05
8.772385518888691e-05
3.260416985239599e-05
0.00011765526456339239
2.987845194163905e-05
0.0003307835184218079
9.530794741347085e-05
3.7249190212073064e-05
0.00011277733421102987
5.035667350976509e-05
3.402490359062552e-05
8.772385518888691e-05
2.407438158172468e-05
7.061334658645682e-05
0.00018564843228759568
0.00020346759252983003
0.0003006835179887345
0.0003006835179887345
0.0003006835179887345
0.000266054506638915
0.00015358198791248594
9.992845964973305e-05
5.170700173606719e-05
0.00019091214913571198
8.432396521284686e-05
0.00010728178816294511
0.0001189529765626664
4.35193115113908e-05
6.630798618836369e-05
0.0018041011079324067
0.0012670129332744222
8.378256974726776e-05
0.0003041923600781435
0.0001592845315172021
0.00010328292629026458
0.0001688385811800105
3.59843352366373e-05
0.0001765398108625842
0.00010048074685169967
0.0001360264647092007
1.1359776671039894e-05
7.69997871535604e-05
0.00010328292629026458
8.238982291333575e-05
0.00011277733421102987
3.145032865937546e-05
6.067893606365133e-05
8.702511508625338e-05
0.0002202774436374152
8.238982291333575e-05
4.410363516597207e-05
4.8397241863753313e-05
0.0001360264647092007
0.0003006835179887345
0.0003279652842911093
0.0005416862324351353
2.443820097716842e-05
4.651176893286992e-05
0.00017254094898990364
0.00010940802832100485
3.0322535780732357e-05
0.0002457978335622233
0.00021250333414185105
8.988069816747185e-05
1.62297679234852e-05
5.9866575027474305e-05
9.213487463858432e-05
9.530794741347085e-05
0.00011277733421102987
0.00016539175921090395
0.0002111688222124037
0.00010048074685169967
0.00010795300570991189
5.452234389449357e-05
0.00010328292629026458
0.00014403703967082437
0.00023142549528909546
0.00010328292629026458
7.370458625058905e-05
5.416162678269574e-05
5.452234389449357e-05
4.807801328273731e-05
8.565628691419452e-05
0.0002202774436374152
0.0003006835179887345
0.0002550769224792737
0.00012028529826401405
0.00010328292629026458
0.00019679648393927592
0.0001765398108625842
0.00053210901327783
0.00011001655394729797
0.0003006835179887345
0.000266054506638915
6.07700192300752e-05
1.9834791442477988e-05
0.00011395289675349921
0.0005069872667969059
0.00017686501365738234
0.00012450970951729138
0.00021640518380645034
0.00015065004706199832
0.0003006835179887345
0.00023271226363422889
0.000266054506638915
0.00019091214913571198
2.3651427190178262e-05
0.0002202774436374152
6.427125396750708e-05
7.456822102923225e-05
1.7940863354662014e-05
0.00019091214913571198
6.244544830412123e-05
5.069084935739044e-05
8.367089574411449e-05
0.00016502483092094693
8.565628691419452e-05
0.00023142549528909546
2.58455927196062e-05
0.00011198367042707043
3.283817076237564e-05
0.00014403703967082437
8.91513552443131e-05
0.0002188160566420097
0.0003006835179887345
6.913661534233256e-05
0.0003006835179887345
0.0003006835179887345
0.000173753572311236
0.00019091214913571198
0.0001398713692860959
5.7891649784518596e-05
4.969495386302734e-05
9.530794741347085e-05
1.5230552556512622e-05
0.00011395289675349921
0.00011395289675349921
0.0002457978335622233
0.000266054506638915
0.00019091214913571198
8.988069816747185e-05
6.630798618836369e-05
6.0922210226050486e-05
8.772385518888691e-05
0.0002457978335622233
8.052777746374698e-05
0.00023142549528909546
0.00014625780985319945
0.00017254094898990364
9.062084656335473e-05
7.814832286121033e-05
4.6821114211919874e-05
7.162265572110598e-05
0.00010139745335938118
6.495154713055189e-05
1.881890182407777e-05
0.000266054506638915
5.1027275564375e-05
0.0002202774436374152
0.000266054506638915
4.559506242518841e-05
0.00012912459772711338
9.062084656335473e-05
3.145032865937546e-05
0.000266054506638915
0.000266054506638915
0.00012753846123963685
0.0001360264647092007
6.319841627161517e-05
5.7123033040412395e-05
4.904188439429497e-05
0.0003006835179887345
0.0003006835179887345
0.00019091214913571198
0.00010328292629026458
0.00015524215700118485
0.0004758119062506656
5.274425220418813e-05
3.8810539250296214e-05
6.234439371562679e-05
9.78274276214347e-05
2.987845194163905e-05
5.867227665019123e-05
0.0002202774436374152
0.00012990309426110378