0.00010437574109623365
0.005454549973758743
0.006691304954020737
0.014343469637955231
0.0003985545108068392
0.0006391934798675021
0.0001792092534871431
0.00018412713097030052
0.00023391719092250262
0.0015816737648564755
0.00014605721694720342
0.0005465735509469896
0.00048252832637763393
0.0017159393201138142
0.00028285758475641513
0.00045042940235672386
0.0004056755312958591
0.0005431547644061898
0.00016553607220604912
0.0003690221481439196
0.00018347016353034405
0.0004588088294031937
9.72986040334116e-05
0.0007262495285205972
0.00021007080754555454
0.00020312151376974648
0.0006859568559530005
0.003083428453363206
0.008139756025718866
6.956158862035537e-05
0.00027269446382973685
0.0027592946994580455
0.0006791351452904382
0.0003131327068474714
0.0007971090216136784
0.0003985545108068392
0.0008840260606744016
0.0003985545108068392
3.758403105860123e-05
0.00016734375985134095
0.00012694439223226586
0.00015196367553537107
5.465735509469896e-05
9.225219984071586e-05
9.218984919022249e-05
0.0007645607815441846
0.0008010510569219078
0.006076366118028075
0.00014762578004137933
3.1270678516449796e-05
0.0008699994282714614
1.3912317724071072e-05
3.2876377809788e-05
0.0003136307157014563
0.0004613883506640707
0.00038653343332252244
0.00029958243303398004
0.0004767854215053576
0.0006709558854429404
8.559498086685145e-05
0.0001028098262477604
0.0007077805724434045
0.00015187163655481478
3.800327509419507e-05
8.730516150753073e-05
0.0003288565655284618
0.0001781937317351816
4.7113166816465766e-05
0.0006487560356159365
0.0002095298661388991
3.560117582955612e-05
0.0004767854215053576
0.00011341899416673422
0.00010805963942957509
0.00021258496987152555
5.5054400252200475e-05
0.0001612544461231193
0.00014055398831278626
0.0001335503586315378
0.0007127749269407264
0.00023006862328506637
0.00023703555975065004
0.00046474819861275067
0.0002488290821272969
0.000447520486749889
7.328331275374957e-06
0.00045042940235672386
0.0005251770188638864
0.00012694439223226586
8.614483363247155e-05
0.00045042940235672386
0.00012791570776120187
7.598183776768554e-05
0.00025263768037059374
0.00013141193747320245
0.00017205331102619764
7.042886491661349e-05
5.8431734441098504e-05
8.614483363247155e-05
0.0004588088294031937
0.0003985545108068392
0.0003329419628608561
0.00027946731995027226
9.29436443907577e-05
0.0002695259574462244
0.00021838601218126627
5.219501084856561e-05
0.0002831122289773617
0.00033476868873876127
0.0021900338068838888
5.364042492282674e-05
8.33203607411792e-05
7.74580331021251e-05
0.00021577011646708189
0.00045042940235672386
0.0002584694932912687
1.9435216208567583e-05
0.0001707035208475217
0.0005719797733712714
0.0001762497354557246
0.00045042940235672386
0.00014526793214439512
0.0004682299902715019
0.00045042940235672386
0.00030174086701388104
0.00045042940235672386
0.00010805963942957509
4.81454542004374e-05
0.000114501432919379
0.00029390944843498795
0.0001777121934743729
5.27086039668068e-05
0.0003563203921199467
9.195501415341726e-05
0.00029834699116659265
0.0001255078198885057
0.0005289197228428206
0.0006258293263869216
1.4413600495086518e-05
3.932457160871463e-05
0.00034378595022261873
0.0006124003402413627
0.00021258496987152555
0.002569914830876346
0.0018512190299498723
0.00039187926457998393
0.00038193032491006505
4.3006599278438086e-05
0.0008762070583267823
0.00015813611489180217
4.981049659106552e-05
1.0123621109383089e-05
0.00012058386300719047
8.858972228758607e-05
0.00019974563096777597
8.716836903436466e-05
0.0056855472933406825
8.167546708165304e-05
0.00012723869294816213
8.244372684796826e-06
0.00019105494460730022
0.003263499615922524
0.00012192673923522121
0.00023574028284650706
0.0004533120853404991
0.00045042940235672386
0.0002341352302714118
0.00045042940235672386
0.00012936231706906336
0.0001672219792159024
4.7189485930457546e-05
0.0002584694932912687
0.0005475084517209722
0.0003985545108068392
0.000623375946929738
0.00011794294264376639
0.00011548792725253838
8.167546708165304e-05
0.00018302824454923973
0.00045042940235672386
0.0009008588047134477
0.0005802930181156969
0.0001440434842208635
0.002167774098525375
0.00253075485613573
6.830996018085125e-05
0.00045042940235672386
6.115672117678135e-05
6.958382739748909e-05
0.0001666407214823584
0.0002972662012207317
9.018070093562181e-05
0.00012731010830335503
3.228167508383491e-05
8.38767919199141e-05
9.707844213408802e-06
5.2423169817365224e-05
0.00012919940797015503
5.064689548391698e-05
3.963923072473512e-05
0.00010284481864161446
0.00045042940235672386
6.650958422581349e-05
0.00018875200448012776
0.00045042940235672386
0.0002780383009782585
0.0002948047277070697
0.00045042940235672386
0.00021767037354351222
0.00018302824454923973
0.00012155037101454753
7.679800233785045e-05
0.0009084742496705372
0.00010129379096783396
0.0001707035208475217
0.00012534053019189854
0.0001945972080668232
2.9269385351857483e-05
8.636298836851625e-05
7.144636961644461e-05
0.00030131358202038376
0.0001324735105741534
7.64397908807706e-05
0.00015052199420675946
0.0003299796342478115
0.00027810474269792675
0.00018412713097030052
0.00045042940235672386
0.00016071007832164084
0.00021577011646708189
0.000343504298758137
0.00021156016607825923
0.0010155443505074583
7.95370459233177e-05
0.00029267962485989083
0.0002649470211483068
0.00045042940235672386
0.0032099076270262227
0.0027601115703086913
0.0030241718240743677
0.0003985545108068392
0.0013944288869704303
0.00036820964452117985
0.0003985545108068392
0.0004613883506640707
0.00037026437907235616
7.298123792965323e-05
0.0001346429276529093
6.806861182240207e-05
0.0002042572885769881
0.0002386111377699531
0.00036820964452117985
0.0025212336690515406
0.00031633475297129505
0.00045042940235672386
0.0002477598764122674
0.00022622985114804204
9.491136593881244e-05
3.871717000026481e-05
0.00018651781920279404
4.745568296940622e-05
0.00021007080754555454
0.0002091796998141762
9.185550999585377e-05
0.00011905103700813333
0.00023588588528753278
0.0001346429276529093
0.00011738144152768916
0.00021258496987152555
0.0002477598764122674
0.00010961885517615394
0.00014155611448868086
0.00045042940235672386
0.00034667961925695444
0.0001762497354557246
7.543521675347026e-05
7.850151593854905e-06
0.0002218595852447718
0.00045042940235672386
0.00010854784680132772
0.000254187334982209
0.00018752582696909606
0.00045042940235672386
0.00027810474269792675
0.0002506810603837971
0.00035361042426976057
0.0002483041083090737
0.00019817746748048782
0.0034379781984783344
0.00045042940235672386
0.00020004069150064428
0.0004261289865783347
6.0963369617610606e-05
0.00018057443061749825
4.1201701855241305e-05
0.00024126416318881696
7.501033078763841e-05
0.000285546092319594
0.00021749985706786534
0.0001549160662042502
9.768749883422481e-05
0.0001756077749159345
0.0008129152869470156
0.0007866122635800689
0.00024292983615718493
0.00030581956255037833
1.1344768637067011e-05
0.0005641913058374769
0.00045042940235672386
0.00014155611448868086
0.0015942180432273567
0.00030379047460041373
0.0004916856747515915
0.00045042940235672386
0.0008640605598749875
0.0011956635324205176
0.0003710459145156218
0.0005419435246313437
0.00010706385126850949
0.0011618704965318768
0.00013036521203598148
0.00014055398831278626
0.0003563203921199467
0.00045042940235672386
0.0007364192890423597
0.00011596596146990981
0.00021258496987152555
0.0010400388577708633
0.0001559447939483351
0.00045042940235672386
0.00012534053019189854
5.657151695128302e-05
0.00018678608118902074
0.000663395472020468
7.682464751772876e-05
4.647182219537885e-05
0.0005058465573661317
0.0007364192890423597
0.00029594130797062413
0.0004524597022960841
0.00045042940235672386
0.00020104838713318107
0.0005169389865825374
0.0002948047277070697
0.00031633475297129505
7.060179161742033e-05
6.137571032343351e-05
0.0011956635324205176
7.154656814090065e-05
0.00031633475297129505
0.0001601319004724071
0.0002477598764122674
0.0048134369279406305
0.00012156244404519804
0.00012030463363761324
0.00015290978127518917
0.0009008588047134477
0.000660354853017184
0.0001762497354557246
0.00021611927885915018
0.00011707754140742993
6.568876372195807e-05
0.00010542407659453478
4.7113166816465766e-05
0.00010071653355003609
0.00047938951432266225
0.0001370797683303472
0.00019298254709295334
0.000447520486749889
0.0018593514156724554
0.0001561729529171347
0.0003512028454071177
0.00010266490010248126
0.00014095529343159408
0.005937077668467557
0.0002037701288500916
0.00045042940235672386
0.00027097176231567186
8.500222138035831e-05
0.00011794294264376639
5.0969927091729726e-05
0.00019343100603856563
0.00017435495959815727
0.00013660447274243075
0.00045042940235672386
0.0003985545108068392
0.00045042940235672386
8.754311202349862e-05
0.00045042940235672386
0.0001707035208475217
0.0003985545108068392
9.532034835816947e-05
0.0003299796342478115
7.086053991529195e-05
0.0002948047277070697
0.0001412103529967756
0.0001899587319023235
0.00027603945036471254
0.0002104166530299256
0.00014175052478506705
0.00013801972518235627
0.00011121124820302153
0.000641962356501386
3.717745775630307e-05
0.00028071730912372476
0.00045042940235672386
0.00021919277872487882
0.00040286613420014437
4.590574608265928e-05
7.39531950815906e-05
1.8730284948503055e-05
0.0002587246341381267
0.00011790531470362841
6.389863401512575e-05
0.00043154023293416377
0.00011159993469362438
0.00016894250668559064
0.00045042940235672386
5.4791978380271396e-05
8.177317415804144e-05
0.0003985545108068392
0.003400691755510953
0.0005419435246313437
0.00013801972518235627
0.00013575168346979883
0.00034667961925695444
0.0004190597322777982
0.000702431099663738
0.00032670186832661215
0.0005385717106116372
4.1835939962835237e-05
7.694718027363313e-05
0.00019105494460730022
3.9023263060027526e-05
0.00045042940235672386
0.00017717944457517213
8.908009802998667e-05
0.0009008588047134477
0.0001280889289518193
0.0007971090216136784
0.00024126416318881696
0.002278074548322222
8.154229490237513e-05
0.0002086040287223781
0.00020659460174138393
9.67648483764857e-05
0.0002042572885769881
4.226962861258457e-05
6.0440551681641014e-05
0.00022622985114804204
0.0005777454504052489
6.85398841651736e-05
0.00016739990204043658
9.181149216531856e-05
0.00016887478232258604
3.9953496107809254e-05
0.00018573120674889436
0.00045042940235672386
0.0005719797733712714
0.00045042940235672386
0.00035917476968808993
0.0003985545108068392
0.00023413957836016514
0.0002095298661388991
0.00045042940235672386
0.00035675307652261606
0.0003475636544662778
0.00017078523860242575
0.00045042940235672386
0.00036820964452117985
0.0003414070416950434
0.00013828477378533373
0.0001725069731442932
0.00023411499513575096
0.00018434840212403815
4.0572793542638545e-05
0.00011972492322936331
0.0001711426938550077
0.0003153099491780287
0.0005169389865825374
0.0005719797733712714
0.00015052199420675946
7.526154873726665e-05
0.00014035865456186238
0.00017205331102619764
0.00045042940235672386
0.00033250293005644644
0.0016686284561875605
0.00027269446382973685
5.541715500940774e-05
0.00027021389263974445
0.00045042940235672386
0.00045042940235672386
0.0027093958957216703
0.0003891944161336464
0.0003985545108068392
0.0004955197528245348
0.00019842216508307993
0.00021007080754555454
0.0004784446100060329
0.0007664707498494573
0.00345232186347331
0.00030479817023295057
5.5490327143476024e-05
0.00034667961925695444
0.00034667961925695444
0.0002037701288500916
0.00018289010885283184
0.00022567652233499073
1.8496775714492007e-05
0.0003288790313421764
0.00011470220735079842
0.00010931471018939792
8.276803610302456e-05
0.0003146449054320275
3.5532626172389776e-05
0.00031633475297129505
0.0005169389865825374
0.00045042940235672386
0.0004999221644470752
1.4089876204194856e-05
0.00016389522491719715
7.743434000052962e-05
0.00039109563610794447
3.0893144553139834e-05
8.78921421540776e-05
7.444394863541213e-05
0.00013627113745058058
0.0011956635324205176
0.0006902058698551991
0.0009490042589138853
0.00045042940235672386
0.0002095298661388991
0.0002644598614214103
5.065455851179036e-05
0.00027810474269792675
0.0013512882070701717
0.0014250451172900013
0.0008520514378497942
0.00020146850560547006
0.00047889969291745326
0.00018018957398054008
0.0002095298661388991
0.0015816737648564755
0.0009437600224006389
5.541715500940774e-05
0.0006095963404659011
0.00045042940235672386
0.00045042940235672386
0.00016228570807174766
0.0001684822768880956
0.00014784886544952225
7.543521675347026e-05
0.00034667961925695444
0.0007432796292368022
0.004053864621210515
0.0005970836119472667
0.0002038797083669189
0.0018287890213977034
0.0022521470117836196
0.00012534053019189854
0.002219933461559691
0.00015916693810917723
0.0032516611477880625
7.154656814090065e-05
0.00036448020717173244
0.0001677535838398282
0.0004767854215053576
0.00036820964452117985
0.0002956977308990445
0.00031234323021228486
0.0004056755312958591
0.00017435495959815727
0.00012865503139530225
0.00010503540377277727
0.00018875200448012776
0.00018875200448012776
0.00045042940235672386
0.00045042940235672386
0.0011046289335635395
0.00027810474269792675
0.00025462021660671005
3.8333484878601314e-05
0.00045156598262027835
7.927846144947024e-05
3.8831376853635206e-05
5.2402362090501514e-05
0.0009008588047134477
0.0007594761865010345
4.6094924595111244e-05
0.00015189523730020686
4.221269275953698e-05
9.248387857246005e-05
8.614483363247155e-05
2.2259708358513713e-05
0.0001412103529967756
0.0007971090216136784
0.0001707035208475217
0.00030658829993978286
0.00021611927885915018
4.7113166816465766e-05
0.00045042940235672386
8.78921421540776e-05
0.00018018957398054008
0.00034667961925695444
0.00012631884018529687
2.110634637976849e-05
4.0572793542638545e-05
0.00015471971019149922
0.00045042940235672386
0.00011121124820302153
7.58581001681117e-05
0.00048252832637763393
0.00027269446382973685
0.00012991241763100062
0.00018875200448012776
0.00014863310061036586
0.0003985545108068392
0.00012155037101454753
5.689357512608377e-05
0.00013660447274243075
0.0003372406885623661
0.0003107037379825419
0.0005211076404478849
0.0003288790313421764
6.770717125658217e-05
0.0003010439884135189
0.00034667961925695444
0.0001725069731442932
0.00017816019605997334
8.177317415804144e-05
0.00048585967231436986
0.00017800906995941039
3.42699420825868e-05
0.0003181481836932708
0.00020104838713318107
0.00020101501095443728
0.00045042940235672386
8.22197578355441e-05
0.00020104838713318107
0.0002644598614214103
0.0002644598614214103
0.00012155037101454753
0.0002189437137889597
0.00024292983615718493
0.00018434840212403815
0.0005798001499837836
0.0007958346905458862
0.0012653390118851802
0.0009437600224006389
0.00010429806136724996
0.00045042940235672386
0.00045042940235672386
0.0002383927107526788
0.00027097176231567186
0.0003985545108068392
4.4428048368593224e-05
0.000399852435317339
0.0003299796342478115
0.00014155611448868086
0.00013918005305741545
0.0002948047277070697
0.00045042940235672386
0.00015329414996989143
0.0004928553362471167
0.0017678108615380493
0.0005419435246313437
0.00013801972518235627
0.00045156598262027835
0.00024292983615718493
0.00045042940235672386
0.0004974993756233594
0.00040725505040939647
0.0008114285403587384
7.797239697416755e-05
0.00019729420531374944
0.00019105494460730022
0.000511189072121006
0.00010356791266084731
0.00045042940235672386
0.0018232555652182134
0.0021660759426809888
0.00019449991047231684
0.00037026437907235616
0.00041318920348276786
0.00027685970530560836
0.00019588498486238266
8.006595023620355e-05
8.276803610302456e-05
0.00018018957398054008
5.774396362626919e-05
0.00045042940235672386
0.00017313181646717347
0.00045042940235672386
0.00023006862328506637
0.00022082163304372582
0.000587654954587148
0.00045042940235672386
0.0003686968042480763
0.00016437593514081417
0.00045042940235672386
0.00045042940235672386
0.00045042940235672386
0.00016894250668559064
0.00018875200448012776
0.00045042940235672386
0.0003563874634703632
0.0003985545108068392
0.00045042940235672386
0.00011620240724753585
8.443739116129302e-05
6.739291075523824e-05
0.00048359171414561207
0.00010335952637612401
0.00027810474269792675
0.0005405687219416202
0.0002095298661388991
0.00034667961925695444
0.0007971090216136784
0.00010002034575032214
0.00014236704890821866
0.0024106511748246125
0.00030006103725096643
0.00031633475297129505
0.00045042940235672386
2.346112364371838e-05
0.00034667961925695444
8.443739116129302e-05
7.64397908807706e-05
0.00022257841239740645
0.0009490042589138853
1.8792015529300616e-05
0.00010071653355003609
0.00025292327868306583
6.389863401512575e-05
3.5723184808222304e-05
0.00045042940235672386
4.318149418425812e-05
7.06051764983878e-05
0.00019588498486238266
0.0002732867754734948
7.868670636406367e-05
0.00030479817023295057
4.088658707902072e-05
0.00037026437907235616
3.635391227090347e-05
0.00045042940235672386
0.00021767037354351222
3.63027658688451e-05
0.00011882862929763698
0.00026016824655013965
0.0009490042589138853
0.00045042940235672386
0.00045042940235672386
0.00045042940235672386
0.0005565688717734328
0.0003985545108068392
0.0002477598764122674
0.00015399180238798106
0.000285546092319594
0.00047177177057506557
0.00016171557446773463
0.00019842216508307993
0.0005853380756785295
0.00019064069671633895
0.00011620240724753585
0.000285546092319594
8.968122293879615e-05
0.00010437574109623365
8.177317415804144e-05
0.00021767037354351222
0.00036820964452117985
0.00036820964452117985
0.00034667961925695444
0.00020659460174138393
5.465735509469896e-05
0.0003214201566432817
0.0006095963404659011
0.00045042940235672386
0.00019343100603856563
0.00013575168346979883
0.00011794294264376639
0.00010071653355003609
0.00031633475297129505
0.00045042940235672386
0.00045042940235672386
0.00022404066673462482
0.0004251699397430511
0.00025292327868306583
0.00045042940235672386
0.0003237943466717851
0.0003985545108068392
0.0003985545108068392
7.144636961644461e-05
0.00045042940235672386
0.00025292327868306583
0.00014401009331249792
0.000343908590632402
0.0005643905614309175
0.00012933292465200987
0.0006933592385139089
0.00011627779345263656
2.456489933088586e-05
9.467238198331047e-05
4.456931983701391e-05
0.00045042940235672386
4.1835939962835237e-05
0.0003985545108068392
0.005154935023296518
0.00028071730912372476
0.00045042940235672386
0.00013593059764796704
9.796981614499598e-05
0.0003985545108068392
0.0002644598614214103
8.885609673718645e-05
0.00047296492376704304
0.0003985545108068392
0.00045042940235672386
0.0002956977308990445
0.0005058465573661317
7.849032048609674e-05
0.00021156016607825923
4.563129187446638e-05
0.00045042940235672386
0.0002644598614214103
0.0001417210798305839
0.00045042940235672386
9.26794336594195e-05
0.0005530452063721144
0.0003985545108068392
0.00045042940235672386
5.5490327143476024e-05
0.0003539350520479105
0.00010429806136724996
0.00012342145969078538
0.00011159993469362438
5.3160512222892546e-05
0.0004641591305744976
0.00036820964452117985
0.00036037914796108016
0.00018875200448012776
0.00045042940235672386
0.00012933292465200987
0.00027603945036471254
0.00010578008303912962
0.00013687711293024305
0.00032650556031526835
0.00011627779345263656
0.00033108023715344666
0.0003450139462885864
0.00018678608118902074
5.541715500940774e-05
0.00017461032301506146
0.00045042940235672386
0.0014740236385353486
0.0003299796342478115
0.0002095298661388991
0.0009008588047134477
5.390519148924488e-05
0.0007432796292368022
0.00020713582532169461
0.0003985545108068392
0.00045042940235672386
0.00014784886544952225
0.00015052199420675946
0.00045042940235672386
1.9435216208567583e-05
0.0001968873228419345
0.00014155611448868086
0.000142773046159797
0.00011891769217420536
3.0618503331951256e-05
0.00019105494460730022
0.00015329414996989143
0.00011064861749373186
0.00034667961925695444
0.0004955197528245348
5.579996734681219e-05
0.00045042940235672386
0.0003085344559248434
0.0012062903227990863
0.00045042940235672386
0.00010108936613285736
0.00025462021660671005
3.6312476426029854e-05
4.4099082349752776e-05
0.00017435495959815727
0.0002737542258604861
0.00019842216508307993
0.00018875200448012776
0.0003985545108068392
0.0001277972680302515
0.00016554011857672333
0.00012248006804827254
0.00030479817023295057
0.0005562094853958535
0.00031633475297129505
0.00011794294264376639
0.0003085344559248434
0.0003415111818560769
0.0002095298661388991
0.00010578008303912962
0.00022733045405367712
0.00012631884018529687
0.00018651781920279404
0.00023006862328506637
0.0007364192890423597
0.00036820964452117985
5.735110367539921e-05
0.0026857298226379916
0.00029390944843498795
0.0011956635324205176
0.00032030996239795957
0.00016228570807174766
0.00015698064097219349
0.00018018957398054008
0.00019343100603856563
0.00045042940235672386
8.500222138035831e-05
2.845691917473536e-05
0.00045042940235672386
0.0002584345008974146
0.0004451568247948129
0.00013480108589642803
0.00027097176231567186
0.00018651781920279404
0.0003360610001019372
0.0003299796342478115
0.00026016824655013965
0.00022319986938724876
9.864710265687472e-05
0.0004682299902715019
0.000114501432919379
0.00045042940235672386
0.00023006862328506637
0.00045042940235672386
0.00027097176231567186
8.500222138035831e-05
0.0001781937317351816
0.00034667961925695444
0.0004682299902715019
0.00034667961925695444
0.00019343100603856563
0.0006326695059425901
0.00031633475297129505
0.00036820964452117985
0.00019588498486238266
0.0002644598614214103
0.0003299796342478115
0.00029834699116659265
0.00030479817023295057
9.151713211370273e-05
0.00036820964452117985
4.4099082349752776e-05
4.7524975214030306e-05
0.00021923771035230787
9.151412227461986e-05
0.0002644598614214103
0.0001762497354557246
5.3531925634254744e-05
0.00015189523730020686
9.796981614499598e-05
0.0002477598764122674
0.00021577011646708189
0.00014102795392382904
0.00016894250668559064
0.00022780745483222216
0.00016071007832164084
0.00031633475297129505
0.00045042940235672386
0.00013687711293024305
0.00013141193747320245
0.00020104838713318107
0.00024292983615718493
0.0002477598764122674
0.00014526793214439512
0.00045042940235672386
6.123700666390251e-05
0.0011956635324205176
0.0010400388577708633
0.00045042940235672386
0.00045042940235672386
0.0002859898866856357
0.00045042940235672386
0.00045042940235672386
0.00045042940235672386
0.00045042940235672386
0.00045042940235672386
0.0005419435246313437
0.0005058465573661317
0.00031633475297129505
0.00019588498486238266
6.220727053182422e-05
0.00036820964452117985
0.00023006862328506637
7.013888434330854e-05
4.088658707902072e-05
4.81454542004374e-05
0.00037026437907235616
4.612609992035793e-05
0.00013141193747320245
9.213520176261318e-05
0.0002948047277070697
0.00010883518677175611
0.0001561729529171347
0.00031633475297129505
0.0002948047277070697
0.00022630565026041078
0.0005562094853958535
0.00024684291938157076
0.0001672219792159024
3.543026995764598e-05
0.00015076125821582797
0.00010244284873150118
0.0001549160662042502
0.0001677535838398282
0.0002628238749464049
0.00036820964452117985
0.00039684433016615986
4.1201701855241305e-05
0.0006326695059425901
0.00012731010830335503
0.00010284481864161446
0.00012631884018529687
0.00017435495959815727
0.00018651781920279404
0.00022014516333929084
6.921492632640209e-05
6.96754794646628e-05
0.00045042940235672386
0.00011882862929763698
2.79261392989452e-05
0.0001707035208475217
0.00018651781920279404
0.00011972492322936331
0.0003288565655284618
2.8991490367477453e-05
0.00045042940235672386
0.0003153099491780287
0.0001170676151357059
4.0260310212728434e-05
0.00020104838713318107
0.0002619154845225922
0.00019041658834839878
0.0003299796342478115
0.00045042940235672386
0.00045042940235672386
0.00015329414996989143
5.853592497197816e-05
0.0001277972680302515
0.00036820964452117985
5.813889672631828e-05
0.00045042940235672386
0.00021258496987152555
6.606805109388165e-05
0.00017000444276071662
0.00013036521203598148
6.650958422581349e-05
0.0002037701288500916
0.0001707035208475217
7.901185325021668e-05
0.00045042940235672386
9.126258374893276e-05
0.00045042940235672386
0.00013575168346979883
0.00030479817023295057
0.00013687711293024305
0.00045042940235672386
0.0003985545108068392
7.321774292418578e-05
0.00018875200448012776
0.0001278479495539666
0.00022257841239740645
0.00014236704890821866
0.0001170676151357059
0.00045042940235672386
0.0003775040089602555
4.247559897467692e-05
0.00012437484390583986
0.00018875200448012776
6.519272358582115e-05
0.00019557817075746347
0.0002477598764122674
1.532583569223621e-05
0.00014236704890821866
6.22631207388319e-05
0.00011620240724753585
0.0003985545108068392
0.00010212864428849405
0.000285546092319594
0.00045042940235672386
0.00016389522491719715
7.64397908807706e-05
0.00034667961925695444
0.0003985545108068392
0.0005070962921000336
0.0002644598614214103
0.00045042940235672386
0.0002386111377699531
0.00045042940235672386
0.00036820964452117985
0.00031633475297129505
0.00011041081652186291
6.477224127638718e-05
0.0004682299902715019
0.0007237924895664509
0.00036820964452117985
0.0003985545108068392
0.00045042940235672386
6.137571032343351e-05
0.00018434840212403815
0.000343504298758137
0.00014035865456186238
0.000288086968441727
0.0001324735105741534
0.00043154023293416377
2.8723727474383927e-05
7.2127726724085e-05
0.00012694439223226586
6.441988892236137e-05
3.455834185676673e-05
0.00034667961925695444
0.00021258496987152555
3.455834185676673e-05
0.00013033637042485417
0.00011534708766601768
8.059861902426868e-05
0.0005877251091361104
0.00018289010885283184
0.00039109563610794447
4.0260310212728434e-05
4.4428048368593224e-05
0.0004655670895806944
0.00027097176231567186
5.279093295930661e-05
6.921492632640209e-05
9.864710265687472e-05
0.00025292327868306583
3.690644501034483e-05
6.031538479147006e-05
0.0007754084798738061
0.00012534053019189854
0.0009008588047134477
0.00036875939676088995
0.00023006862328506637
0.00045042940235672386
0.0006933592385139089
0.0009008588047134477
0.00041427165064338923
0.00031633475297129505
0.00045042940235672386
0.00030479817023295057
0.00036820964452117985
4.1201701855241305e-05
4.7113166816465766e-05
0.00019105494460730022
0.0001672219792159024
0.00017461032301506146
0.00016071007832164084
9.768328400030272e-05
9.663335833063061e-05
0.0003985545108068392
4.4415782715487226e-05
0.00013801972518235627
0.00013301916845162698
0.0001737818272331389
0.00015916693810917723
0.0001412103529967756
0.0018410482226058993
1.3754216064093425e-05
0.00011202033336731241
4.849273857667824e-05
9.663335833063061e-05
0.00030479817023295057
0.00045042940235672386
0.00019105494460730022
0.0001430931362818013
0.00017423928650080908
0.00045042940235672386
0.00023411499513575096
0.00030479817023295057
0.00018875200448012776
0.00019842216508307993
0.0003985545108068392
0.0002383927107526788
0.00018057443061749825
0.00045042940235672386
6.606805109388165e-05
0.000535629901982018
0.00011534708766601768
0.00031633475297129505
3.933061317900344e-05
0.0002037701288500916
0.00030479817023295057
0.0003985545108068392
0.0009008588047134477
0.0001734454977000931
0.00013141193747320245
0.00010632102444578509
0.00045042940235672386
0.00036820964452117985
0.00030479817023295057
0.0002948047277070697
0.0004251699397430511
0.00045042940235672386
0.00036820964452117985
0.0003042577752600201
0.00045042940235672386
0.0007352478264094408
0.00019105494460730022
0.0005402981971478755
7.797239697416755e-05
0.0001372756981705541
0.0008592599445280692
4.81454542004374e-05
0.00018875200448012776
0.00026073042407196296
5.657151695128302e-05
0.0003299796342478115
0.00045042940235672386
0.00036820964452117985
0.0001781937317351816
8.730516150753073e-05
9.864710265687472e-05
0.0001372756981705541
0.00012731010830335503
6.4758869334357e-05
0.00015329414996989143
4.7113166816465766e-05
0.00030479817023295057
0.0002324048144950717
0.00023411499513575096
0.00045042940235672386
0.00012731010830335503
7.849032048609674e-05
0.0001672219792159024
0.00020659460174138393
0.00045042940235672386
0.00027097176231567186
0.00013801972518235627
0.0009008588047134477
9.028721530874913e-05
0.00045042940235672386
0.00010856065671768483
5.735110367539921e-05
0.00014596247585930646
0.00041318920348276786
0.00012155037101454753
9.933057451929097e-05
0.00045042940235672386
0.0005896094554141394
0.0006095963404659011
0.00024292983615718493
0.0002037701288500916
0.00027097176231567186
0.0003245404250366872
7.369469799265757e-05
9.185550999585377e-05
0.00031633475297129505
5.116628310448074e-05
5.638211737263762e-05
6.259595012023004e-05
0.00041427165064338923
0.0001346429276529093
6.389863401512575e-05
0.0002477598764122674
0.0001725069731442932
0.00010429806136724996
8.614483363247155e-05
0.00013918005305741545
0.00011159993469362438
6.0963369617610606e-05
4.247559897467692e-05
0.00045042940235672386
0.00021909687076578714
0.0002584694932912687
3.369645537761912e-05
0.00014917349558329633
9.864710265687472e-05
5.2423169817365224e-05
0.0002104166530299256
0.00045042940235672386
0.00016625146502822322
8.457317605895643e-05
0.00030479817023295057
0.0001561729529171347
0.00019588498486238266
0.000142773046159797
8.167546708165304e-05
0.00022257841239740645
0.00045042940235672386
0.00025292327868306583
0.00034667961925695444
0.0003985545108068392
0.00025292327868306583
0.00015916693810917723
0.0017688283662424182
0.0012946206988024914
9.218984919022249e-05
0.00022257841239740645
0.00045042940235672386
8.848376301197763e-05
0.00015189523730020686
0.00040065107589461337
0.0002477598764122674
0.00045042940235672386
0.0003299796342478115
0.00045042940235672386
0.00045042940235672386
0.00045042940235672386
0.00016554011857672333
0.00045042940235672386
0.00036820964452117985
0.0003985545108068392
0.0001762497354557246
0.00045042940235672386
0.0002859898866856357
0.00036448020717173244
0.00010558186591861323
0.0002506810603837971
0.0005683261351341929
0.00018805995524036104
0.0018017176094268954
0.0005910617381290511
0.00021606522633129522
0.00030479817023295057
0.0003277904498343943
0.0003277904498343943
4.884164200015136e-05
0.00030479817023295057
0.00034667961925695444
0.0001707035208475217
7.086053991529195e-05
6.695373774775225e-05
0.00045042940235672386
4.513811417105477e-05
0.00023411499513575096
0.00025292327868306583
4.5090350467810904e-05
0.00036820964452117985
7.39531950815906e-05
0.00045042940235672386
9.585084077756291e-05
0.00016894250668559064
0.00030479817023295057
0.00021909687076578714
0.00016071007832164084
0.00016894250668559064
9.532034835816947e-05
0.00014917349558329633
0.00012171838062791565
0.00030479817023295057
0.00014917349558329633
0.00010429806136724996
0.0003674402041448176
6.796529882398352e-05
0.00036820964452117985
0.00030379047460041373
0.00011882862929763698
0.00012534053019189854
7.74580331021251e-05
9.276147862890545e-05
6.123700666390251e-05
0.00045042940235672386
5.696029522187137e-05
9.85331455829371e-05
8.303629808925129e-05
0.00020627157013357122
0.00045042940235672386
0.00030479817023295057
0.00018302824454923973
0.00017435495959815727
0.00013036521203598148
5.0969927091729726e-05
0.00011799183953701033
0.0001793624458775923
0.00027810474269792675
0.00019536656800060544
2.4312488809039605e-05
0.00010883518677175611
6.830223637121538e-05
2.8502456320646304e-05
6.785003167947855e-05
0.0002095298661388991
0.0002383927107526788
0.00015802370650043335
9.294364439075768e-06
6.262654136949426e-05
0.00045042940235672386
4.0572793542638545e-05
8.614483363247155e-05
0.00012155037101454753
0.0002189437137889597
0.00045042940235672386
0.000142773046159797
0.0003985545108068392
6.179033547695384e-05
0.00045042940235672386
4.862497761807921e-05
0.00016071007832164084
0.0002906270433123795
0.0004246683434660426
0.00027810474269792675
0.0002644598614214103
0.0002644598614214103
0.0001781937317351816
0.0002859898866856357
0.0002644598614214103
0.0004524597022960841
0.0005562094853958535
0.00045042940235672386
0.0001561729529171347
0.00045042940235672386
0.00030479817023295057
0.00019105494460730022
0.00013801972518235627
9.663335833063061e-05
0.0002383927107526788
0.00013575168346979883
0.00027097176231567186
0.0002477598764122674
0.00045042940235672386
0.00045042940235672386
0.00018434840212403815
3.0344866285659353e-05
0.0002042572885769881
0.00013801972518235627
0.0004955197528245348
0.0002095298661388991
0.00045042940235672386
8.672274885004655e-05
3.6312476426029854e-05
0.0003985545108068392
0.00027810474269792675
3.60638633620425e-05
0.0003985545108068392
0.0003985545108068392
0.0003985545108068392
0.00045042940235672386
0.00045042940235672386
0.00045042940235672386
6.96754794646628e-05
1.9001637547097536e-05
4.4099082349752776e-05
0.00013036521203598148
4.475846678074586e-05
0.00020659460174138393
0.0003985545108068392
8.252529638456054e-05
0.0001699132470599588
0.00045042940235672386
5.2423169817365224e-05
0.0002477598764122674
0.00045042940235672386
0.00045042940235672386
0.00043580379643318537
0.00018057443061749825
0.0003985545108068392
0.00012731010830335503
0.0003985545108068392
0.00012534053019189854
0.00014987588302012742
0.00012534053019189854
9.26794336594195e-05
0.0001672219792159024
0.00045042940235672386
0.00019588498486238266
0.00034667961925695444
0.00045042940235672386
9.597397389963751e-05
0.0003985545108068392
0.00027810474269792675
0.00045042940235672386
1.5750058309451895e-05
4.9898219296635615e-05
0.00031633475297129505
0.00045042940235672386
0.00045042940235672386
0.001319918536991246
0.0009008588047134477
0.00048585967231436986
0.00034667961925695444
0.0001707035208475217
0.00019588498486238266
0.00045042940235672386
0.00036820964452117985
0.00020104838713318107
0.0003299796342478115
0.00014526793214439512
0.00045042940235672386
2.713696170033193e-05
0.00021923771035230787
4.9898219296635615e-05
0.0002644598614214103
0.0003686968042480763
0.00013575168346979883
0.00019343100603856563
0.00025292327868306583
0.0005169389865825374
0.00012358067095390767
6.389863401512575e-05
0.00034667961925695444
0.0007971090216136784
8.78921421540776e-05
0.00018427040352522636
0.00019326671666126122
0.00013141193747320245
9.467238198331047e-05
8.672274885004655e-05
0.00012248006804827254
7.95370459233177e-05
5.427392340066386e-05
3.9949126193555185e-05
0.00013801972518235627
9.402997762018052e-05
0.0001303854471716423
0.0004140591755470688
0.0007364192890423597
0.00013801972518235627
6.262654136949426e-05
0.0001672219792159024
0.00045042940235672386
0.00027097176231567186
0.0003344439584318048
0.00023411499513575096
5.9336356653136795e-05
4.6094924595111244e-05
0.00021767037354351222
0.00014784886544952225
0.00012342145969078538
0.0001781937317351816
0.0001672219792159024
0.0003010439884135189
0.00045042940235672386
6.233759469297379e-05
0.00013575168346979883
7.95370459233177e-05
8.059861902426868e-05
7.989825238711037e-05
0.00013660447274243075
0.00010805963942957509
0.0001672219792159024
0.0003985545108068392
0.00045042940235672386
0.00018302824454923973
0.0006285895984166973
0.00010883518677175611
0.0002095298661388991
0.0006113103865502749
0.00017435495959815727
0.00025292327868306583
0.00045042940235672386
0.00027810474269792675
6.562910761397817e-05
0.00025292327868306583
0.0002584694932912687
0.0003299796342478115
0.00045042940235672386
0.00045042940235672386
0.0003985545108068392
0.0002037701288500916
0.00045042940235672386
0.00011972492322936331
0.00016389522491719715
0.00031633475297129505
0.00045042940235672386
8.11351062591718e-05
9.707844213408802e-06
0.0002671007172630756
9.979643859327123e-05
0.00023411499513575096
0.00020659460174138393
0.00022404066673462482
0.0001335503586315378
0.00036820964452117985
2.7662154373432966e-05
6.179033547695384e-05
2.819105868631881e-05
0.00036820964452117985
0.00020104838713318107
0.00019952875267744045
0.0017005088531002945
0.00010883518677175611
0.0001590740918466354
2.134815482530322e-05
0.00011366522702683856
1.2237876084247689e-05
0.00045042940235672386
9.151713211370273e-05
0.00034667961925695444
0.00010141925842000669
4.475846678074586e-05
0.00029975176604025484
0.0002293193726423118
0.00045042940235672386
0.00034667961925695444
0.00045042940235672386
0.00045042940235672386
0.00016554011857672333
0.00021181552949516336
4.2797490433425727e-05
0.00020355009503843566
0.00043580379643318537
0.00045042940235672386
0.0007971090216136784
3.660887146209289e-05
0.00019588498486238266
0.00022622985114804204
0.00015471971019149922
0.00014155611448868086
0.00029594130797062413
0.00023411499513575096
0.00036820964452117985
0.00019343100603856563
0.0001255078198885057
0.0002732867754734948
0.0002750287601780949
0.00016389522491719715
0.00017816019605997334
0.00021767037354351222
0.00012248006804827254
0.0007364192890423597
0.00018179630921982457
0.00045042940235672386
0.00016071007832164084
0.00045042940235672386
0.00036820964452117985
0.00045042940235672386
0.00027097176231567186
0.0001762497354557246
9.089815460991228e-05
0.00024292983615718493
0.00011159993469362438
9.908873374024391e-05
6.625465966094714e-05
0.00021458409311858495
3.601725060419285e-05
0.00034667961925695444
0.00017816019605997334
8.38767919199141e-05
0.0001335503586315378
0.0001725069731442932
8.276803610302456e-05
0.00019343100603856563
0.00027097176231567186
4.7799773914792285e-05
0.00012631884018529687
0.0003985545108068392
0.0003299796342478115
0.0003985545108068392
0.00036820964452117985
0.00020104838713318107
0.00022622985114804204
0.0012191926809318023
0.0012653390118851802
0.00045042940235672386
0.0006933592385139089
0.00045042940235672386
0.00021577011646708189
0.00045042940235672386
0.0001781937317351816
0.00011799183953701033
0.00019105494460730022
8.33203607411792e-05
0.0002584694932912687
0.00012063208159440848
0.00045042940235672386
0.000142773046159797
0.00036820964452117985
0.00045042940235672386
0.0001707035208475217
0.00021258496987152555
0.00025292327868306583
0.00026765962817127374
0.000659959268495623
4.575856605685137e-05
0.0002584694932912687
0.00014526793214439512
6.650958422581349e-05
0.00024292983615718493
0.0002948047277070697
0.00015471971019149922
0.0002477598764122674
7.64397908807706e-05
8.78921421540776e-05
6.993382368545191e-05
0.000659959268495623
7.202174211043175e-05
0.00013687711293024305
0.00019343100603856563
0.00019105494460730022
1.5525651398329263e-05
0.00010982661438627867
0.00010356791266084731
0.0003730356384055881
0.00014654727353319522
0.00012631884018529687
0.00045042940235672386
6.0553288324252915e-05
0.0002948047277070697
0.00023411499513575096
0.00024292983615718493
0.0002095298661388991
0.00020104838713318107
0.00045042940235672386
0.00045042940235672386
0.00012631884018529687
0.00015189523730020686
6.936013910606941e-05
0.00013036521203598148
0.00010503540377277727
0.00045042940235672386
0.00010883518677175611
0.00045042940235672386
2.4060926727522646e-05
0.00014155611448868086
7.64397908807706e-05
6.220727053182422e-05
0.00015243485687844454
0.00013036521203598148
0.00045042940235672386
6.606805109388165e-05
0.00014987588302012742
0.00019729420531374944
0.00016894250668559064
4.4428048368593224e-05
6.014544181742766e-05
4.9544366870121954e-05
0.0003414070416950434
7.74580331021251e-05
0.00045042940235672386
9.684502525150472e-05
0.00019974563096777597
0.00045042940235672386
0.00022257841239740645
5.025375273860932e-05
0.0002782844358867164
0.00016554011857672333
0.00014035865456186238
0.00045042940235672386
0.00016335093416330608
9.768328400030272e-05
5.852042941857414e-05
9.402997762018052e-05
5.280552801558922e-06
0.000253312173483879
0.00045042940235672386
0.00045042940235672386
0.00011534708766601768
4.4428048368593224e-05
3.746056989700611e-05
0.00040209677426636213
0.00018434840212403815
0.00031633475297129505
9.933057451929097e-05
0.0001335503586315378
0.0003985545108068392
8.006595023620355e-05
0.0003985545108068392
0.00016071007832164084
0.00014654727353319522
2.7662154373432966e-05
0.00012155037101454753
0.00023411499513575096
0.00045042940235672386
0.0002203969159260414
0.00010356791266084731
0.00027810474269792675
6.389863401512575e-05
0.00017435495959815727
6.875719004452373e-05
0.00012342145969078538
0.00045042940235672386
0.0001170676151357059
2.6356019148633694e-05
0.0004682299902715019
8.968122293879615e-05
0.0002477598764122674
9.089815460991228e-05
0.00015765497458901435
0.00018018957398054008
6.347219611613293e-05
0.00036820964452117985
2.7399097340609853e-05
0.00022257841239740645
0.00021577011646708189
6.179033547695384e-05
0.00014654727353319522
0.0001561729529171347
0.00018018957398054008
4.575856605685137e-05
6.179033547695384e-05
0.0002644598614214103
0.0004208333060598512
3.2001900370029354e-05
0.0004844263065940233
0.0001549160662042502
0.00015189523730020686
0.0002037701288500916
6.262654136949426e-05
0.0003344439584318048
6.0144452195694144e-05
0.0003985545108068392
0.00011787014142325353
0.00011366522702683856
8.22197578355441e-05
0.0001335503586315378
0.00014401009331249792
0.00024292983615718493
0.0002584694932912687
0.00045042940235672386
0.00020659460174138393
0.00025292327868306583
1.8263992793423796e-05
0.00036820964452117985
0.00045042940235672386
0.00045042940235672386
0.00010781038297848975
0.0003299796342478115
0.00036820964452117985
0.00019588498486238266
0.00045042940235672386
0.00019343100603856563
0.0003985545108068392
0.00016887478232258604
0.00030479817023295057
0.00036820964452117985
0.00045042940235672386
0.00045042940235672386
0.00045042940235672386
0.00027097176231567186
0.00045042940235672386
0.00022622985114804204
0.00012631884018529687
5.579996734681219e-05
0.00043154023293416377
0.00021577011646708189
0.00017435495959815727
0.00045042940235672386
0.00045042940235672386
0.00045042940235672386
0.00045042940235672386
0.00023006862328506637
0.0003985545108068392
0.0002233318459062364
0.0003985545108068392
0.00045042940235672386
3.0072226097847072e-05
7.298123792965323e-05
5.541715500940774e-05
1.245262414776638e-05
0.00045042940235672386
0.00045042940235672386
0.00011121124820302153
0.00034667961925695444
0.0003985545108068392
0.00045042940235672386
0.00045042940235672386
0.00024292983615718493
5.428032835884242e-05
0.00045042940235672386
7.901185325021668e-05
0.00045042940235672386
2.687574102051988e-05
0.00013801972518235627
0.00012029088363485532
0.0005058465573661317
0.0006326695059425901
0.000659959268495623
0.00015471971019149922
0.00034667961925695444
0.00034667961925695444
0.00045042940235672386
0.00023006862328506637
0.00034667961925695444
1.5301915360886425e-05
0.0003985545108068392
0.00045042940235672386
0.00045042940235672386
0.00031633475297129505
0.00014035865456186238
0.0005175209194328797
0.00045042940235672386
0.0002948047277070697
0.00027097176231567186
0.0003985545108068392
0.0002859898866856357
0.00011882862929763698
0.00013575168346979883
0.00016228570807174766
0.00027810474269792675
0.0001672219792159024
0.00012731010830335503
0.00027810474269792675
0.00014654727353319522
0.00031633475297129505
0.0002095298661388991
0.0004075402577001832
0.0001324735105741534
4.215508607029576e-05
0.00010212864428849405
0.00045042940235672386
0.00016228570807174766
0.00025462021660671005
2.4312488809039605e-05
5.8935070711626764e-05
0.00015765497458901435
9.597397389963751e-05
0.00010883518677175611
0.00015471971019149922
3.42699420825868e-05
0.00024292983615718493
0.00024684291938157076
8.78921421540776e-05
8.908009802998667e-05
0.0001762497354557246
5.735110367539921e-05
0.00021577011646708189
6.014544181742766e-05
0.0002948047277070697
0.0002644598614214103
0.00036820964452117985
0.00019588498486238266
0.00045042940235672386
0.00045042940235672386
0.00045042940235672386
0.00045042940235672386
0.00045042940235672386
0.00031633475297129505
0.0003524994709114492
0.0003985545108068392
0.00045042940235672386
0.00045042940235672386
0.00045042940235672386
0.0005058465573661317
0.00045042940235672386
0.00045042940235672386
0.00045042940235672386
0.0001781937317351816
0.0002859898866856357
0.0007364192890423597
0.00045042940235672386
0.000114501432919379
0.00023006862328506637
0.0005419435246313437
6.389863401512575e-05
6.0963369617610606e-05
0.0001725069731442932
0.00015052199420675946
0.00010805963942957509
0.0002948047277070697
0.00045042940235672386
0.00045042940235672386
0.00036820964452117985
0.0001711426938550077
0.00034667961925695444
6.568876372195807e-05
0.00013141193747320245
2.281564593723319e-05
0.00045042940235672386
0.0005719797733712714
0.00024292983615718493
0.00011548792725253838
0.0001430931362818013
0.00012155037101454753
0.00023411499513575096
6.562910761397817e-05
0.0001561729529171347
0.00011972492322936331
0.00034667961925695444
0.00034667961925695444
0.0002644598614214103
0.00011283826116749536
0.00012731010830335503
0.00045042940235672386
0.00045042940235672386
0.0003299796342478115
8.968122293879615e-05
0.00030479817023295057
9.796981614499598e-05
0.0002859898866856357
0.00010729204655929247
0.00045042940235672386
0.00045042940235672386
0.0001707035208475217
9.467238198331047e-05
0.00013141193747320245
0.00021258496987152555
5.973980587162767e-05
6.921492632640209e-05
0.0002948047277070697
0.00010883518677175611
0.00010356791266084731
8.968122293879615e-05
0.0006095963404659011
0.00045042940235672386
0.0001707035208475217
5.813889672631828e-05
6.650958422581349e-05
0.0004190597322777982
4.9544366870121954e-05
0.00019842216508307993
4.464655610176919e-05
0.0002644598614214103
4.1518149044625645e-05
6.220727053182422e-05
0.00045042940235672386
0.00012631884018529687
0.0003299796342478115
0.0003985545108068392
0.0003985545108068392
0.0004075402577001832
0.0003985545108068392
0.00011202033336731241
1.780058791477806e-05
6.650958422581349e-05
0.00045042940235672386
0.00014035865456186238
0.00031633475297129505
0.0003985545108068392
0.0004767854215053576
0.00045042940235672386
0.00045042940235672386
5.579996734681219e-05
0.00010503540377277727
9.151412227461986e-05
0.0003985545108068392
7.74580331021251e-05
0.00028071730912372476
0.00045042940235672386
0.00023006862328506637
0.00030479817023295057
0.00023006862328506637
0.00045042940235672386
5.061098324401433e-05
0.00010429806136724996
0.0001170676151357059
0.00010071653355003609
0.0005169389865825374
7.593581827740739e-05
0.00019343100603856563
5.813889672631828e-05
0.0003985545108068392
8.500222138035831e-05
2.110634637976849e-05
0.00036820964452117985
0.00034667961925695444
5.219501084856561e-05
0.00045042940235672386
0.0003985545108068392
0.0002948047277070697
0.00045042940235672386
0.00031633475297129505
4.1201701855241305e-05
0.0001346429276529093
0.0007364192890423597
0.00016071007832164084
4.344545680828472e-05
0.00014401009331249792
0.00045042940235672386
0.00045042940235672386
0.00022257841239740645
0.00030479817023295057
0.0003985545108068392
0.0003214201566432817
0.0002859898866856357
0.00018434840212403815
0.0002948047277070697
0.00030379047460041373
0.00034667961925695444
0.00045042940235672386
0.00012342145969078538
8.730516150753073e-05
0.00021909687076578714
0.0004190597322777982
0.0003985545108068392
0.00045042940235672386
0.00045042940235672386
0.0002948047277070697
0.00011392059044374273
0.00011202033336731241
0.00012534053019189854
2.0865316706743348e-05
7.543521675347026e-05
6.96754794646628e-05
8.006595023620355e-05
9.467238198331047e-05
8.38767919199141e-05
0.0002644598614214103
0.00015471971019149922
0.00045042940235672386
0.0001781937317351816
0.00028802018662499584
0.00013036521203598148
0.00012063208159440848
0.00045042940235672386
0.00017435495959815727
0.0002477598764122674
0.0001170676151357059
0.0002859898866856357
3.660887146209289e-05
0.00045042940235672386
0.00013687711293024305
0.00013036521203598148
0.00034667961925695444
0.0003985545108068392