0.0008036990989149608
0.003007029681465048
0.0007423842868880465
0.00026166456510951435
0.0001345807599908141
0.0004271108997749558
0.020214689018482432
0.0015337477701366992
0.011270614777194165
0.0004162355779301449
6.48477016181083e-05
0.0002505141692019408
9.167554104216644e-05
0.0007839715533440555
0.00015526149626195933
0.00043671960707064426
0.00010124561258298603
0.00010966281728598813
0.0008870882099515087
0.00038034041709760614
0.0008647559827680326
3.428233528672223e-05
9.902923310892149e-05
0.0004929009730744121
0.0008324711558602898
8.404948060981049e-05
0.00014433389954422715
0.002819264605475987
0.00022078434816610767
0.0005584682996597101
2.947975143915466e-05
1.1112074769620021e-05
7.732579919562282e-05
5.851391032270864e-05
2.4757308277230373e-05
0.0005374629844458562
0.00020850116134033423
0.0004936259949052214
0.0006529426706886019
0.00047865416355013124
8.022199265346017e-05
0.0004870292803044589
0.0003532673286129333
0.00011335561960044357
0.00022471168615820507
0.00010893794886685961
0.00032156930313281064
0.0003520076849494063
0.0005739274231061183
0.00041955405155890394
0.0002553984386341058
0.00026166456510951435
0.000556894138455473
9.088370515954438e-05
0.00021723039469303323
0.0005802949701794377
7.208826008781001e-06
4.486025333027136e-05
5.348557486785685e-05
0.00034015193252499284
0.0006272882631440434
0.0005193576939354625
0.00010821751392144596
0.0002917569705229968
0.00020518289271624645
0.0016546427407800246
0.0001005705921317534
0.0016470952857745727
0.00027195831000110843
0.00042151618134006653
0.0006272882631440434
0.00014739875719577331
0.00014306536240882046
0.00012191184325783348
0.00037972767534166123
4.9217181293994614e-05
0.0001531390830501458
0.00038234929189588944
0.001041297528487079
0.0004041559592923832
0.00029848423872765945
0.0008503798313124821
0.0001744430434063429
0.0004978819016795296
0.0006272882631440434
2.0619128506318166e-05
9.725232350766561e-05
0.00039807805429829975
5.62250180206439e-05
0.0004886794556723762
7.732579919562282e-05
0.00027740092618648495
0.00027666834874972196
0.00045752646827071467
0.0002545254891880293
0.00035521626869355964
0.00021191562494435388
0.0004876473730313339
0.0003044426710175743
0.00040680728765099875
0.00024061844669439212
7.201978812799254e-05
0.0006154124959930259
0.00043211872876795527
0.0005802949701794377
0.00020500155708706507
0.0010180429667280121
0.00027740092618648495
0.001474029553854085
0.0002286384079831638
8.133920959596525e-05
7.687226702654689e-05
0.00019727450412356583
9.858969904758294e-06
5.913646260767942e-05
0.0001653160965808046
0.0005456419393946588
0.0004978819016795296
0.0006272882631440434
0.0002505141692019408
0.0005210899420128699
0.00015374453405309378
0.00037141667742515374
0.0003660264431818436
0.013399261770318067
0.00022121909253569263
0.0014341460823281554
0.0002959891294439423
0.00013675833244289465
0.00021075809067003327
0.00014799456472197115
0.00035031801658317056
0.000708934586893428
0.0003062781661002916
0.00032978080097749706
0.00029514846051035106
0.0001514787716840943
0.00030930319678249127
0.0005055260609529377
4.309527931158189e-05
1.87429476228306e-05
0.0028013925042581107
0.0011052694936240382
0.0003329763069574555
0.00012834009691306832
0.0010381252775978605
0.00010510422099630194
0.0006272882631440434
0.0006210459850478373
0.00019713686984929496
0.00024127093904943858
0.018004874558576012
0.00022185071000367244
0.0010134812450041328
0.00022988066990632533
0.0004797243780476844
0.00019727450412356583
0.0002897992245784253
0.001038715387870925
0.0008207779361461236
9.595075505587046e-05
0.00021019602146428367
7.523246217183067e-05
7.797829155066931e-05
0.0005143725810421105
0.0007762260139994743
0.00020518289271624645
0.00012477703059161265
0.00034459733417882646
0.00021768847549366897
0.00023289783449134175
0.0022506093198220016
0.0002785306627385442
0.00020122095233568433
0.00016386653692449952
0.0009501539972267286
0.001147968857273042
0.00023478540679953044
0.0005197324584450386
0.00014519650547211124
0.0003083050087215641
9.858969904758294e-05
4.486025333027136e-05
0.0012828620099995462
0.0003684755402150157
0.0001318595495132457
0.00033458925418076025
0.0004650723603431385
0.0001392653313692721
0.0001763097354300282
0.0016258048195080704
0.0015742285500111729
0.00017007596626249642
0.0009010737933701605
0.00025100931849425995
0.0005609211962350198
0.0001510542366529961
6.04574762063168e-05
0.0003192492306001079
0.0007201978812799254
0.00019753780277000234
0.00021191562494435388
0.0001763097354300282
0.00033458398139010515
0.00020850116134033423
0.0012545765262880868
0.00010194556987438972
0.00032908399660348087
0.00012353656896686182
0.00036092767004158817
0.0008060150785013576
0.00019454310485432489
0.0024355413681405942
0.0002659000179811453
0.00019130914103537277
0.000157348744371344
0.000708934586893428
1.2355418958269601e-05
0.0016980119146439872
0.00047491246305439433
0.0004962689544562248
0.0001445028719922277
0.0001541955093814515
0.0001008001159082462
0.0009660643655137138
0.0002957053047739424
0.0005795282254289142
0.0008546428198266804
0.0002634720996855583
0.0011590564508578284
0.0005066035363576682
0.0006272882631440434
0.00043012833145448614
0.00029398416846755827
0.0001957546024371003
0.00020855752102656703
3.7475083686368195e-05
0.0002129042341454082
0.000708934586893428
0.000157348744371344
0.00018986383767083062
0.000708934586893428
7.965704794277602e-05
8.543226077199962e-05
0.0006896767784398498
6.584593425666746e-05
0.0003083050087215641
6.238851529580632e-05
0.00014586893233675384
0.00021905664439712016
0.0001371950218352097
7.653125715153612e-05
0.0002631920654705402
0.000708934586893428
0.0002839902350419306
0.0005933152191369035
0.000257099395429798
0.00016501852695968017
0.0004978819016795296
9.466341168064354e-05
0.0005176254458580553
0.00010260737048237597
8.543226077199962e-05
0.00042648471296930944
0.0002032335888380732
0.0003976285487362505
0.0011742477947749542
0.0004797243780476844
1.7855625820694296e-05
0.0005398166036201874
0.0003831471455295875
4.4352346955759565e-05
0.00037972767534166123
0.0012551039610564885
7.415180554270433e-05
0.00015962461530005394
0.0003577972945141005
8.461055587631415e-05
0.00023690782001134397
4.8190717340741296e-05
0.00019277239893792395
0.0004797243780476844
0.00021924291960208177
9.167554104216644e-05
0.000708934586893428
0.0005819777475704778
0.000255422827214633
0.00047828142309710374
0.00034259321336398195
8.623755100100756e-05
0.002222521503770786
0.0001750363095530605
3.786969292102358e-05
8.461055587631415e-05
0.00039828523971388005
0.00015209204729933537
0.00041955405155890394
0.00022279634726818964
0.00023270056040238071
0.0002529429304313756
0.00040680728765099875
0.0003475530069304966
4.6186907050798764e-05
0.0003450600578178581
0.0007738681775382385
0.00041700232268066846
0.00022732959375519794
6.643890862044836e-05
8.954527161829784e-05
0.00040680728765099875
0.000144034839045191
0.000708934586893428
0.0016649423117205797
0.0004379941907921386
0.00015595658310133863
0.0009179702667934474
0.0007830184097484012
0.00012870347969598983
0.00017708907630621063
0.0002744187226873086
0.0008604876493968932
0.00028682921646563107
0.000708934586893428
0.00032071550249988654
0.00022225215037707859
0.000708934586893428
0.0003650174469230462
9.725232350766561e-05
0.0003942737396985899
0.0018818647894321301
0.0005373433856675718
0.0008529694259386189
0.0002631920654705402
0.002215022113842405
0.00022973155611921765
0.000708934586893428
0.00020850116134033423
8.296391598563674e-05
7.308097320069393e-05
0.0002631920654705402
2.6276055249075484e-05
0.00038995133247094876
0.00013741032064773552
0.0001615793199995397
0.00040680728765099875
0.000708934586893428
0.0003044426710175743
0.000128549697714899
0.0003526194708600564
0.000708934586893428
0.00016729199069505257
0.0001515530625034653
0.00018986383767083062
4.026551950844884e-05
0.0007920862872437129
0.0001970405742054217
0.00017285702285966238
0.0004103657854324929
0.00031229829779688445
0.00023520027045257448
0.0004377113701860779
0.0006414310049997731
0.00018862878706362959
0.0005795282254289142
0.0003400668588013307
0.0003017117763952602
5.851391032270864e-05
0.00040769809465394496
0.00012283807731887158
0.00010608227576037048
9.088370515954438e-05
0.00040391109419316137
0.00032978080097749706
0.00014799456472197115
0.00012191184325783348
0.00018289193633237065
0.000317037181551863
6.992567525981733e-05
6.786814265905205e-05
0.00044745831033969917
0.00023690782001134397
0.00012940636146451383
0.000708934586893428
0.00025203293150023823
0.00019157357276479374
0.0018559824625810964
5.5925096197010546e-05
0.000708934586893428
0.00040680728765099875
0.00011186457758492479
0.00034015193252499284
2.956823130383971e-05
0.0005739274231061183
0.00034259321336398195
3.941408287361323e-05
0.00041223096194320654
0.0002011411842635068
0.0001958170821243157
9.64858416295598e-05
0.0007121300928733866
0.00017205133258179446
0.00024382368651566696
0.0009397548684919958
4.733092705337851e-05
0.00018053075922340204
0.00010467998840856949
0.0001763097354300282
0.0001276992193170529
0.0004639956156452741
0.0004102749973286839
0.00019277239893792395
0.00031229829779688445
0.0004890192003017876
0.0004533173699443588
0.0003062781661002916
0.0016054284480723168
0.0002529429304313756
0.00023270056040238071
0.00027151016142021523
0.0005580794199369233
0.0003021084733059922
0.00043287005568578386
6.584593425666746e-05
5.375680755756438e-05
0.0003684755402150157
8.053103901689768e-05
0.0002481344772281124
0.000708934586893428
0.00042383124988870776
0.0008189619390997887
0.002026414145430673
0.00011443545045188654
0.00022279634726818964
0.001417869173786856
0.0003560650464366933
0.000708934586893428
0.00038995133247094876
0.0005213295103957449
0.00015264625004635956
0.00041955405155890394
0.0001529923972340935
0.00018154574172115558
0.0001209149524126336
7.704518027327294e-05
0.00020037443951298323
0.0005456419393946588
0.0006327583990065634
0.0012545765262880868
0.00027970270103926933
0.0006859152239494914
0.000708934586893428
5.169404609147311e-05
0.0005381058691858281
0.00016990928312398285
0.00016415558722922472
0.00027151016142021523
0.0003044426710175743
0.00019881427436812526
7.04457235499507e-05
0.00015375116781529878
0.00018053075922340204
0.00030418409459867073
0.00047381564002268794
0.000708934586893428
0.001417869173786856
0.00041700232268066846
0.0005351428160241056
0.0003684755402150157
8.874028400146898e-05
0.0008136145753019975
0.00018702536908440129
0.00024707313793372363
0.000708934586893428
5.676121483317945e-05
0.00039807805429829975
0.00019449190978233845
0.00034459733417882646
0.0007369510804300314
0.00020037443951298323
6.735932654873054e-05
0.00020037443951298323
8.782403322851944e-05
0.0002339348746520079
0.00023478540679953044
3.618219061108492e-05
0.0001688678454525561
0.0004162355779301449
0.00044942337231641013
0.00013688984426564007
0.00023745623152719717
0.0006287626235454319
0.00043287005568578386
0.0002804605981175099
0.0031635346667059964
0.00023279109902819113
0.00020513749866434195
0.00022407268370338838
0.00018425369423176062
0.0005488374453746172
0.0005548018523729699
6.373460623569304e-05
5.356687746208289e-05
0.00042648471296930944
0.0010973516179942238
8.11127996564064e-05
7.201978812799254e-05
0.00010893794886685961
8.022199265346017e-05
0.00021575098877705582
0.000708934586893428
0.0005102278987874892
0.00011794545011741247
0.0006896767784398498
0.0003752082724431232
0.00020195554709658069
0.0001744430434063429
4.583777052108322e-05
0.00011335561960044357
0.000634074363103726
0.0004162355779301449
0.0004639956156452741
0.00036042951734806424
0.0002487148274537605
0.00038309765795115867
0.0007799026649418975
0.00024095358670370647
0.00015209204729933537
0.00016123565261429385
0.0005686345070062042
0.0011737039302819729
0.00016045672460357054
0.0002481344772281124
0.00019753780277000234
2.729162511747497e-05
0.00012272140483891899
0.0007925929538796575
0.0005795282254289142
0.0003684755402150157
0.0006155486781487394
0.0003684755402150157
0.0005456419393946588
0.0004377113701860779
0.00042648471296930944
0.00016045672460357054
0.00037555205654435527
0.00023270056040238071
0.00017889864725705024
0.0003752082724431232
0.00019881427436812526
0.0006272882631440434
0.0011590564508578284
0.0007977000539434358
0.0004613039480949997
0.000280407816039063
0.0005456419393946588
0.0001276992193170529
0.0001737765034652483
0.0001855167970380093
0.0005795282254289142
8.48418297293431e-05
0.00027666834874972196
8.722152170317145e-05
8.078965999976984e-05
0.00032831117445844944
0.000708934586893428
0.0002113371706498521
0.0005684151998228058
0.00018862878706362959
0.000708934586893428
0.0001276992193170529
0.000125766280397948
0.0006272882631440434
0.000708934586893428
0.0001856313794851577
0.00019979883594354187
0.0006272882631440434
0.00023065197404749984
0.0008324711558602898
0.0002853836626595304
0.0003083050087215641
9.026537961170102e-05
2.4789147916937714e-05
0.000556894138455473
0.0015580730818063875
0.0002458019109786094
2.6930856852666973e-05
0.00013026930119496924
0.000708934586893428
0.00038234929189588944
0.0010899702696368424
0.0004162355779301449
6.584593425666746e-05
8.84296425131118e-05
0.00021723039469303323
9.295473437028514e-05
0.0008322027785594547
6.190277957085896e-05
2.199279709345579e-05
9.955021279719441e-05
9.530532469369127e-05
0.0001685086869843126
0.0001942540630826221
5.3937747194263956e-05
0.0007172075362515057
7.653125715153612e-05
0.00021019602146428367
0.000708934586893428
0.00011410827868771564
0.0001763097354300282
0.00022279634726818964
6.141903865943579e-05
7.181947023258162e-05
0.001417869173786856
7.972563141956048e-05
2.408381199870462e-05
0.0003448383892199249
0.00040391109419316137
0.00016648815347872776
0.0012510069680420053
0.0001867799716073517
0.00029356194869373855
0.00037141667742515374
0.00021575098877705582
0.00040680728765099875
0.00025100931849425995
0.0004916038219572188
0.00021191562494435388
0.00014306536240882046
0.0005519608704152692
0.00039807805429829975
9.625507268480124e-05
0.00021756664800088674
0.000708934586893428
0.00036042951734806424
0.00023906917875050193
0.0014936457050385885
6.68526989015596e-05
5.4391662000221685e-05
0.00020195554709658069
0.00021905664439712016
2.1647875188482274e-05
0.00019881427436812526
7.436744375081313e-05
0.000679204765857595
0.00039807805429829975
0.000317037181551863
0.0006896767784398498
0.00047381564002268794
0.0005871238973874771
0.00016501852695968017
3.9198577667202775e-05
0.00013649365651663146
0.00045012186396440034
0.0005456419393946588
0.000708934586893428
0.00020037443951298323
0.00010678972981719937
0.00022078434816610767
0.0003126744366343616
0.0012828620099995462
5.303513169414802e-05
0.0008912350545143869
0.0005193576939354625
0.002886439522498979
0.00018862878706362959
0.000560815632078126
0.0002487148274537605
0.00031229829779688445
0.00046558219805638225
0.00028785226516761135
0.0002919961271947591
0.00018932682336128708
0.0005456419393946588
0.0004978819016795296
0.0004455926945363793
0.0001276992193170529
9.724595489116922e-05
0.00021905664439712016
5.3937747194263956e-05
6.68526989015596e-05
0.00011486577805960883
0.00021543202775541103
5.08083972095183e-05
0.0002817828941998028
0.00037345447283898065
0.0005373433856675718
0.00012079655852534652
9.725232350766561e-05
6.720007727216414e-05
3.786969292102358e-05
0.00029014748508971887
0.00021543202775541103
0.00019727450412356583
0.00038056451277284877
6.68526989015596e-05
0.00032831117445844944
0.0008546428198266804
0.00012518401884811843
0.0002836018708459653
2.8380607416589726e-05
0.00032978080097749706
7.653125715153612e-05
0.0005010283384038816
0.0005795282254289142
0.0002804605981175099
0.00032071550249988654
0.00027740092618648495
0.00012435741372688024
9.595075505587046e-05
0.00045012186396440034
9.724595489116922e-05
0.00018289193633237065
4.229995257447162e-05
0.00018986383767083062
0.00018289193633237065
0.001143192039915819
0.0009021089044395144
0.00030070296814650483
0.0002458019109786094
0.00032071550249988654
0.00016729199069505257
0.00016454199830174044
0.0008201756543311842
0.0007444034316843371
0.0002686716928337859
0.0004978819016795296
0.000708934586893428
0.0002836018708459653
0.0001696836594586862
0.00021723039469303323
0.0002744187226873086
0.0002744187226873086
0.0003396023829287975
0.0007961561085965995
0.0003306321931616092
0.00019727450412356583
0.0028783462682861064
0.0005456419393946588
0.00041366068519500614
1.2060730203694974e-05
0.0001957546024371003
0.0003044426710175743
0.00021191562494435388
0.00029014748508971887
0.0001957546024371003
0.00021357945963439875
0.00017205133258179446
0.00015526149626195933
9.353069813369198e-05
0.00013471865309746107
0.000708934586893428
0.00013558407094364861
0.00040680728765099875
7.687226702654689e-05
0.00048123689338878424
0.00035031801658317056
0.0001618683164028448
6.584593425666746e-05
0.0003251609639016141
0.00038995133247094876
0.0004959482897424137
0.0009940713718406262
0.0001541955093814515
0.000795257097472501
0.00021723039469303323
0.00042151618134006653
9.294101628728661e-05
0.00012518401884811843
0.0004722685650033518
0.0003251609639016141
0.00041366068519500614
6.385785758826458e-05
0.00012435741372688024
0.00010750145854683017
0.00016415558722922472
3.694952564063901e-05
0.00012435741372688024
0.0002804605981175099
0.00040680728765099875
0.00035031801658317056
0.00020683034259750307
9.790854106215784e-05
0.00011260773933323747
0.00016074112362520504
0.0007374057329358281
0.00025881272292902765
0.0002136607049566701
0.0008529694259386189
0.00013201438120728548
0.00012272140483891899
0.00010192452366348624
9.724595489116922e-05
0.0001541955093814515
0.00024382368651566696
0.00021723039469303323
0.00013649365651663146
0.0014936457050385885
0.0006824682825831573
9.380674793102873e-05
0.0002957053047739424
0.0005783171968137717
0.00020195554709658069
4.9056829672271084e-05
0.0005456419393946588
0.0007816158071698154
0.00035031801658317056
0.00011794545011741247
0.000708934586893428
9.275839851900466e-05
0.00032601280020119175
0.0005667780980022179
0.0003752082724431232
0.00016300640010059587
0.0001541955093814515
0.0007961561085965995
0.00029707835150479564
0.000708934586893428
0.00029043680552621516
0.00019450464701533122
0.0004639956156452741
7.742398113298927e-05
0.000708934586893428
0.00031229829779688445
0.0005795282254289142
0.0035095619922385387
7.104325373871193e-05
0.00018021475867403212
0.0005210899420128699
0.000708934586893428
0.0002593908064724332
0.000708934586893428
0.00012191184325783348
0.00021905664439712016
0.00028682921646563107
7.577653125173266e-05
0.00013201438120728548
0.00021019602146428367
0.00036210692186689457
0.0003396023829287975
0.00010607026338829604
0.00011523801523977492
0.0003396023829287975
0.0001244458739784551
0.00021723039469303323
0.00016044398530692033
0.0001856313794851577
0.00039807805429829975
0.0004797243780476844
4.9056829672271084e-05
0.00027666834874972196
9.989941797177094e-05
0.00030070296814650483
2.911222931141772e-05
0.00013833417437486098
0.00012191184325783348
0.0005795282254289142
0.000708934586893428
0.0004978819016795296
0.0006272882631440434
0.00021723039469303323
0.00036210692186689457
0.00035129613291407777
0.00023690782001134397
0.00020037443951298323
0.000257099395429798
0.0003083050087215641
0.0001005705921317534
0.00029707835150479564
0.00038995133247094876
0.00038995133247094876
0.0006272882631440434
0.0005456419393946588
0.0001337857040060264
0.0001510542366529961
7.632312502317978e-05
6.190277957085896e-05
0.000708934586893428
0.002987291410077177
7.149275930076115e-05
0.0001510542366529961
0.00032071550249988654
0.00032978080097749706
9.595075505587046e-05
0.0002529429304313756
0.00038309765795115867
0.000708934586893428
0.00025795605917941283
1.2378654138615187e-05
0.00038234929189588944
0.0002529429304313756
0.0006272882631440434
0.000708934586893428
0.0001531390830501458
0.00042648471296930944
0.00033458925418076025
0.0004639956156452741
0.0002804605981175099
0.00016074112362520504
0.0002836018708459653
0.0003855447978758479
4.8190717340741296e-05
0.00042428105355318417
0.00019130914103537277
0.00016648815347872776
0.000708934586893428
0.00014501236122279476
0.0005795282254289142
0.0005456419393946588
0.002126803760680284
0.0001510542366529961
0.00012353656896686182
0.0001942540630826221
3.096141558385283e-05
1.9599288833601388e-05
0.000708934586893428
0.0003684755402150157
0.0001514787716840943
0.00038995133247094876
0.00032681384660057883
0.0005871238973874771
0.000708934586893428
0.000708934586893428
0.0005795282254289142
0.000708934586893428
0.00019454310485432489
0.000708934586893428
0.00014115002351880503
0.00029014748508971887
7.330785603295746e-05
0.00013833417437486098
0.00020850116134033423
0.0004717818004696499
0.0002553984386341058
0.0003062781661002916
0.0004639956156452741
0.00014599806359737955
0.0003306321931616092
0.00011039217408305384
0.00038234929189588944
0.0005456419393946588
0.0001763097354300282
3.629912636802781e-05
0.0003560650464366933
0.0006272882631440434
9.466341168064354e-05
0.0004978819016795296
0.0002079701114715461
0.0002266586849721794
0.00016074112362520504
0.0009594487560953688
0.00015962461530005394
0.0004639956156452741
0.00036210692186689457
8.022199265346017e-05
0.000708934586893428
0.0018818647894321301
4.647736718514257e-05
8.311106023175056e-06
5.62250180206439e-05
0.00043446078938606645
3.4506899279075195e-05
0.0002458019109786094
0.000708934586893428
2.6375469895094302e-05
0.000128549697714899
0.00038234929189588944
0.0001490056502981152
0.0002937256231864735
0.00011335561960044357
0.00021191562494435388
0.0002744187226873086
0.0002631920654705402
3.6506188444772555e-05
0.00019130914103537277
0.00011951601667040822
0.00024061844669439212
0.00037972767534166123
6.190277957085896e-05
6.385785758826458e-05
0.00022471168615820507
0.00037972767534166123
0.00019603728145318357
0.0003515038518562218
0.000144034839045191
0.00020850116134033423
0.00010608227576037048
3.590973511629081e-05
2.874585033366919e-05
7.254918563206687e-05
0.00012030922334719606
0.00013558407094364861
0.0001531390830501458
0.00015962461530005394
0.00016300640010059587
0.00022471168615820507
2.0961046732991335e-05
8.022199265346017e-05
0.00011410827868771564
6.992567525981733e-05
0.00022279634726818964
0.00022279634726818964
0.00024351464015222944
0.000708934586893428
0.000708934586893428
0.00020518289271624645
8.378049043495434e-05
0.00019130914103537277
0.0010912838787893175
0.000708934586893428
7.254918563206687e-05
2.9848423872765947e-05
0.00010194556987438972
6.940791290361144e-05
0.0005795282254289142
0.0002836018708459653
0.00048123689338878424
0.00010057362427125895
0.0006272882631440434
0.000560815632078126
0.00011186457758492479
0.00016648815347872776
0.00024061844669439212
9.724595489116922e-05
0.00015242519162855488
2.5498732872348917e-05
3.321945431022418e-05
0.0003192492306001079
3.986281570978024e-05
0.0004162355779301449
0.0006272882631440434
0.00036309148344231115
0.0003448383892199249
0.0006272882631440434
8.965028293260634e-05
0.000708934586893428
0.001038715387870925
0.0004870292803044589
8.311106023175056e-06
0.00027151016142021523
0.00021019602146428367
0.00024351464015222944
0.0006272882631440434
0.0001510542366529961
0.000708934586893428
0.00020384904732697248
0.00026054497100643496
0.000280407816039063
0.0006627349653559702
0.0006272882631440434
0.000708934586893428
0.000708934586893428
0.000708934586893428
0.00038995133247094876
0.000708934586893428
0.0006272882631440434
0.000708934586893428
0.000708934586893428
0.00038995133247094876
0.0004797243780476844
0.0004978819016795296
0.000708934586893428
0.0005941567030095913
0.0001531390830501458
0.0002631920654705402
0.00038995133247094876
0.0004639956156452741
0.00031229829779688445
0.00022091165511865674
0.0004377113701860779
0.000708934586893428
0.000708934586893428
9.026537961170102e-05
0.0003164317305489151
0.00014210379995570146
0.00019130914103537277
0.00011872811576359858
3.866289959781141e-05
0.0005795282254289142
0.00039807805429829975
0.000708934586893428
0.00029707835150479564
0.0004162355779301449
0.00020037443951298323
0.00036210692186689457
0.00012272140483891899
0.00045012186396440034
3.321945431022418e-05
1.692211117526283e-05
8.782403322851944e-05
0.00020850116134033423
9.790854106215784e-05
0.00042648471296930944
0.0005193576939354625
0.0005795282254289142
0.0001392653313692721
5.822445862283544e-05
0.00029014748508971887
0.000708934586893428
0.00029014748508971887
0.0011590564508578284
0.0009562767150020077
0.00027079613883510304
9.275839851900466e-05
0.00040680728765099875
0.0003044426710175743
0.0003448383892199249
0.00038261828207074555
0.00021019602146428367
0.0006272882631440434
5.851391032270864e-05
0.0002659000179811453
2.0619128506318166e-05
0.00029014748508971887
0.00012940636146451383
0.0001490056502981152
0.000144034839045191
0.0004695708135990609
0.00014938178913559227
0.00024351464015222944
4.4788582037154684e-05
0.00021019602146428367
0.00012272140483891899
0.00045012186396440034
0.000708934586893428
0.00027151016142021523
0.000708934586893428
5.530477313392316e-05
0.00022471168615820507
0.000708934586893428
0.00026054497100643496
0.00017129660668199098
8.84296425131118e-05
0.00019727450412356583
0.001038715387870925
0.00029707835150479564
0.00047813835750100387
0.00023270056040238071
0.00027079613883510304
0.00032071550249988654
7.853522283113006e-05
0.000708934586893428
4.35376950987338e-05
0.00011039217408305384
0.0001328967130211509
0.00010124561258298603
3.866289959781141e-05
6.04365076710803e-05
0.00014210379995570146
0.00038234929189588944
0.00042648471296930944
0.00028682921646563107
0.00017889864725705024
0.00027740092618648495
0.0003560650464366933
0.00028682921646563107
0.00032978080097749706
6.584593425666746e-05
5.603298707320699e-05
0.0002659000179811453
0.00023906917875050193
0.0004377113701860779
0.00045012186396440034
0.00022471168615820507
0.00036210692186689457
0.0003752082724431232
0.0003251609639016141
0.00030070296814650483
3.170929585105893e-05
0.00015526149626195933
0.00010537904533501663
0.0004978819016795296
0.00020355816700721815
0.00010678972981719937
0.00040074887902596647
0.00015526149626195933
0.0003526194708600564
0.0001618683164028448
5.303513169414802e-05
0.0005548018523729699
0.0002458019109786094
0.0001541955093814515
4.437014200073449e-05
7.632312502317978e-05
0.00016415558722922472
0.0008136145753019975
0.0001257525247090864
0.0002836018708459653
3.5521626869355965e-05
0.0003289884518579644
0.00013269648194517294
0.00023065197404749984
1.8253094222386278e-05
0.0001402039080195315
0.00019881427436812526
0.00032071550249988654
0.00038234929189588944
0.00019881427436812526
0.0002505141692019408
0.0001402039080195315
0.00010608227576037048
0.00015526149626195933
0.00031229829779688445
0.00040680728765099875
0.0002505141692019408
0.00018154574172115558
0.000708934586893428
0.00010750145854683017
0.00013833417437486098
0.000708934586893428
0.00024127093904943858
0.00014210379995570146
5.822445862283544e-05
0.0001531390830501458
0.000708934586893428
0.00014799456472197115
0.0005918235123706975
0.0001653160965808046
0.00027740092618648495
0.0006272882631440434
0.0003126744366343616
0.00038995133247094876
0.00035031801658317056
0.00023270056040238071
0.000708934586893428
0.0002481344772281124
0.0006272882631440434
0.0004797243780476844
0.0003752082724431232
0.00045012186396440034
0.0008754227403721558
0.00012110780773742694
0.00010329419893786692
0.00020037443951298323
0.00020518289271624645
8.84296425131118e-05
0.00028682921646563107
8.022199265346017e-05
0.0001563372183171808
0.0006272882631440434
0.00011410827868771564
0.00031229829779688445
3.826562857576806e-05
6.940791290361144e-05
0.0004162355779301449
4.9056829672271084e-05
0.0004162355779301449
0.00021543202775541103
6.385785758826458e-05
9.088370515954438e-05
0.0004978819016795296
0.00044942337231641013
0.00033458925418076025
0.00022091165511865674
0.0003448383892199249
0.00019277239893792395
6.336603747341012e-05
4.148195799281837e-05
0.00026054497100643496
9.725232350766561e-05
0.00032978080097749706
0.000708934586893428
0.00013833417437486098
0.00019277239893792395
4.379342541512581e-06
3.986281570978024e-05
0.000144034839045191
0.0006014059362930097
0.00017759707880525514
0.00021543202775541103
0.0006272882631440434
0.0006272882631440434
0.0003396023829287975
0.00014501236122279476
0.0003684755402150157
0.00029707835150479564
0.0001585185907759315
0.000708934586893428
6.992567525981733e-05
0.00022471168615820507
0.00016648815347872776
0.00013201438120728548
3.866289959781141e-05
0.00017129660668199098
0.00012518401884811843
0.0002744187226873086
0.0001737765034652483
0.00013113860954192108
0.00019277239893792395
0.00032978080097749706
0.00010893794886685961
0.0004639956156452741
0.0005193576939354625
0.0004162355779301449
0.0005193576939354625
0.00010608227576037048
0.00012353656896686182
0.0001005705921317534
0.00031229829779688445
0.0005456419393946588
0.0003044426710175743
0.0001541955093814515
0.0005456419393946588
0.0004639956156452741
0.0002836018708459653
0.0006272882631440434
0.00011260773933323747
4.8190717340741296e-05
0.000708934586893428
0.00018843605356658403
0.00014799456472197115
0.00023690782001134397
0.00010329419893786692
0.0002529429304313756