0.00020220402386007482
0.00010110201193003741
0.00010110201193003741
0.0026286523101809725
0.005257304620361945
0.01678293398038621
0.01789505611161662
0.015873015873015872
0.003942978465271459
0.016176321908805986
0.003942978465271459
0.0009099181073703367
0.0016176321908805986
0.0017187342028106359
0.0008088160954402993
0.0007077140835102619
0.00010110201193003741
0.0007077140835102619
0.0010110201193003741
0.00020220402386007482
0.005358406632291982
0.007077140835102618
0.0020220402386007482
0.0017187342028106359
0.0021231422505307855
0.004650692548781721
0.002527550298250935
0.0007077140835102619
0.0007077140835102619
0.0005055100596501871
0.0006066120715802245
0.004246284501061571
0.0007077140835102619
0.0005055100596501871
0.00020220402386007482
0.0007077140835102619
0.010716813264583964
0.0005055100596501871
0.0005055100596501871
0.0023253462743908606
0.003639672429481347
0.00040440804772014964
0.00030330603579011223
0.002527550298250935
0.00010110201193003741
0.00030330603579011223
0.00040440804772014964
0.001213224143160449
0.0008088160954402993
0.0016176321908805986
0.00030330603579011223
0.0007077140835102619
0.0011121221312304114
0.00040440804772014964
0.003740774441411384
0.00313416236983116
0.00010110201193003741
0.00020220402386007482
0.0008088160954402993
0.0006066120715802245
0.0006066120715802245
0.00030330603579011223
0.00010110201193003741
0.00020220402386007482
0.0014154281670205238
0.00030330603579011223
0.001516530178950561
0.001213224143160449
0.00010110201193003741
0.0005055100596501871
0.00020220402386007482
0.00010110201193003741
0.00030330603579011223
0.00545950864422202
0.00010110201193003741
0.0009099181073703367
0.00030330603579011223
0.0005055100596501871
0.0016176321908805986
0.0011121221312304114
0.0010110201193003741
0.004347386512991608
0.00040440804772014964
0.00030330603579011223
0.0007077140835102619
0.00010110201193003741
0.00010110201193003741
0.0010110201193003741
0.0028308563340410475
0.00010110201193003741
0.00030330603579011223
0.0006066120715802245
0.0008088160954402993
0.00020220402386007482
0.0026286523101809725
0.003235264381761197
0.0006066120715802245
0.00010110201193003741
0.00040440804772014964
0.0008088160954402993
0.004448488524921646
0.005762814680012132
0.00010110201193003741
0.00545950864422202
0.00010110201193003741
0.0008088160954402993
0.0007077140835102619
0.006066120715802244
0.004751794560711758
0.0009099181073703367
0.0014154281670205238
0.00030330603579011223
0.0014154281670205238
0.0016176321908805986
0.00040440804772014964
0.00030330603579011223
0.0013143261550904862
0.003033060357901122
0.0005055100596501871
0.00020220402386007482
0.0010110201193003741
0.0008088160954402993
0.00010110201193003741
0.0007077140835102619
0.00010110201193003741
0.0005055100596501871
0.0006066120715802245
0.0006066120715802245
0.00020220402386007482
0.00010110201193003741
0.00010110201193003741
0.00020220402386007482
0.0006066120715802245
0.00040440804772014964
0.00010110201193003741
0.0011121221312304114
0.0020220402386007482
0.00020220402386007482
0.00010110201193003741
0.00040440804772014964
0.0016176321908805986
0.0026286523101809725
0.0013143261550904862
0.00040440804772014964
0.00040440804772014964
0.0007077140835102619
0.00010110201193003741
0.00010110201193003741
0.00010110201193003741
0.00020220402386007482
0.0019209382266707107
0.008492569002123142
0.0006066120715802245
0.00010110201193003741
0.001516530178950561
0.00040440804772014964
0.0007077140835102619
0.004246284501061571
0.0005055100596501871
0.00020220402386007482
0.0009099181073703367
0.0008088160954402993
0.0006066120715802245
0.0009099181073703367
0.0007077140835102619
0.0010110201193003741
0.003639672429481347
0.00010110201193003741
0.00020220402386007482
0.00020220402386007482
0.006773834799312506
0.0007077140835102619
0.00020220402386007482
0.00020220402386007482
0.0005055100596501871
0.0007077140835102619
0.00020220402386007482
0.0023253462743908606
0.0006066120715802245
0.00010110201193003741
0.00020220402386007482
0.0033363663936912345
0.00020220402386007482
0.00020220402386007482
0.0009099181073703367
0.00040440804772014964
0.00020220402386007482
0.003740774441411384
0.00010110201193003741
0.00030330603579011223
0.0020220402386007482
0.0009099181073703367
0.00010110201193003741
0.00020220402386007482
0.00020220402386007482
0.00040440804772014964
0.00010110201193003741
0.0006066120715802245
0.0007077140835102619
0.0028308563340410475
0.0005055100596501871
0.00010110201193003741
0.00010110201193003741
0.0008088160954402993
0.00030330603579011223
0.00010110201193003741
0.0005055100596501871
0.0007077140835102619
0.0020220402386007482
0.0006066120715802245
0.0017187342028106359
0.00010110201193003741
0.00010110201193003741
0.00010110201193003741
0.0007077140835102619
0.0017187342028106359
0.003639672429481347
0.00020220402386007482
0.00010110201193003741
0.00020220402386007482
0.001213224143160449
0.00272975432211101
0.0010110201193003741
0.0013143261550904862
0.0007077140835102619
0.004448488524921646
0.00020220402386007482
0.0009099181073703367
0.00010110201193003741
0.00010110201193003741
0.001213224143160449
0.00010110201193003741
0.0009099181073703367
0.00010110201193003741
0.00020220402386007482
0.00010110201193003741
0.00010110201193003741
0.00020220402386007482
0.00010110201193003741
0.00010110201193003741
0.002426448286320898
0.00040440804772014964
0.0009099181073703367
0.0018198362147406734
0.0007077140835102619
0.0007077140835102619
0.00030330603579011223
0.0009099181073703367
0.0007077140835102619
0.00020220402386007482
0.0023253462743908606
0.00010110201193003741
0.00030330603579011223
0.005965018703872207
0.0009099181073703367
0.00020220402386007482
0.00020220402386007482
0.00505510059650187
0.0017187342028106359
0.0005055100596501871
0.0009099181073703367
0.00010110201193003741
0.00010110201193003741
0.0005055100596501871
0.0011121221312304114
0.003538570417551309
0.0007077140835102619
0.0008088160954402993
0.0014154281670205238
0.0006066120715802245
0.0009099181073703367
0.00020220402386007482
0.001516530178950561
0.00020220402386007482
0.0005055100596501871
0.00020220402386007482
0.00010110201193003741
0.00010110201193003741
0.00505510059650187
0.00040440804772014964
0.0018198362147406734
0.003033060357901122
0.00020220402386007482
0.00010110201193003741
0.0007077140835102619
0.00010110201193003741
0.0005055100596501871
0.00010110201193003741
0.003033060357901122
0.00010110201193003741
0.002527550298250935
0.00010110201193003741
0.00010110201193003741
0.00030330603579011223
0.00030330603579011223
0.00030330603579011223
0.00020220402386007482
0.00010110201193003741
0.00020220402386007482
0.0005055100596501871
0.00040440804772014964
0.0005055100596501871
0.00020220402386007482
0.0017187342028106359
0.001516530178950561
0.0023253462743908606
0.004246284501061571
0.00020220402386007482
0.001213224143160449
0.0005055100596501871
0.00030330603579011223
0.00020220402386007482
0.00010110201193003741
0.00040440804772014964
0.00030330603579011223
0.00010110201193003741
0.00030330603579011223
0.00020220402386007482
0.0011121221312304114
0.00010110201193003741
0.00010110201193003741
0.00030330603579011223
0.00040440804772014964
0.0005055100596501871
0.00040440804772014964
0.00040440804772014964
0.00040440804772014964
0.004145182489131534
0.0005055100596501871
0.00040440804772014964
0.00010110201193003741
0.0006066120715802245
0.00272975432211101
0.00030330603579011223
0.00020220402386007482
0.0006066120715802245
0.00020220402386007482
0.0008088160954402993
0.00010110201193003741
0.00040440804772014964
0.00040440804772014964
0.00030330603579011223
0.00020220402386007482
0.00030330603579011223
0.00020220402386007482
0.0010110201193003741
0.00010110201193003741
0.0010110201193003741
0.001516530178950561
0.00020220402386007482
0.001213224143160449
0.00010110201193003741
0.0014154281670205238
0.00020220402386007482
0.001213224143160449
0.00010110201193003741
0.00020220402386007482
0.00040440804772014964
0.00020220402386007482
0.00030330603579011223
0.00020220402386007482
0.0005055100596501871
0.00040440804772014964
0.001213224143160449
0.0011121221312304114
0.00010110201193003741
0.00020220402386007482
0.0007077140835102619
0.00010110201193003741
0.00040440804772014964
0.001516530178950561
0.00030330603579011223
0.00010110201193003741
0.0011121221312304114
0.00010110201193003741
0.00030330603579011223
0.00030330603579011223
0.00010110201193003741
0.0011121221312304114
0.00010110201193003741
0.00030330603579011223
0.00030330603579011223
0.00010110201193003741
0.00020220402386007482
0.0006066120715802245
0.00030330603579011223
0.00040440804772014964
0.00010110201193003741
0.00010110201193003741
0.00020220402386007482
0.00010110201193003741
0.00010110201193003741
0.0005055100596501871
0.00040440804772014964
0.00010110201193003741
0.00010110201193003741
0.00010110201193003741
0.00030330603579011223
0.00010110201193003741
0.00010110201193003741
0.00010110201193003741
0.00010110201193003741
0.00010110201193003741
0.00010110201193003741
0.00010110201193003741
0.00010110201193003741
0.0007077140835102619
0.00010110201193003741
0.00030330603579011223
0.00020220402386007482
0.0007077140835102619
0.00020220402386007482
0.00040440804772014964
0.00030330603579011223
0.00010110201193003741
0.00010110201193003741
0.00010110201193003741
0.00010110201193003741
0.00030330603579011223
0.00020220402386007482
0.00010110201193003741
0.00010110201193003741
0.0006066120715802245
0.0014154281670205238
0.001213224143160449
0.0017187342028106359
0.00030330603579011223
0.0009099181073703367
0.00010110201193003741
0.00010110201193003741
0.00010110201193003741
0.00010110201193003741
0.00030330603579011223
0.00040440804772014964
0.00010110201193003741
0.00030330603579011223
0.00020220402386007482
0.00010110201193003741
0.00010110201193003741
0.00010110201193003741
0.0008088160954402993
0.00020220402386007482
0.0005055100596501871
0.0011121221312304114
0.00030330603579011223
0.0008088160954402993
0.00030330603579011223
0.00020220402386007482
0.0011121221312304114
0.00020220402386007482
0.0007077140835102619
0.001213224143160449
0.0008088160954402993
0.0014154281670205238
0.00040440804772014964
0.00010110201193003741
0.00010110201193003741
0.00030330603579011223
0.00020220402386007482
0.00030330603579011223
0.0006066120715802245
0.0018198362147406734
0.0005055100596501871
0.00010110201193003741
0.0005055100596501871
0.00030330603579011223
0.0019209382266707107
0.0010110201193003741
0.0006066120715802245
0.00020220402386007482
0.00010110201193003741
0.0009099181073703367
0.00010110201193003741
0.00010110201193003741
0.00040440804772014964
0.00040440804772014964
0.0006066120715802245
0.00010110201193003741
0.0006066120715802245
0.00020220402386007482
0.0007077140835102619
0.0005055100596501871
0.00020220402386007482
0.00020220402386007482
0.00010110201193003741
0.00030330603579011223
0.00010110201193003741
0.00030330603579011223
0.00010110201193003741
0.00010110201193003741
0.00010110201193003741
0.00010110201193003741
0.0017187342028106359
0.00020220402386007482
0.00030330603579011223
0.0006066120715802245
0.00020220402386007482
0.00010110201193003741
0.0011121221312304114
0.0005055100596501871
0.00030330603579011223
0.0006066120715802245
0.0018198362147406734
0.00010110201193003741
0.00040440804772014964
0.00010110201193003741
0.0006066120715802245
0.00030330603579011223
0.00010110201193003741
0.001213224143160449
0.00010110201193003741
0.00010110201193003741
0.00010110201193003741
0.0010110201193003741
0.0005055100596501871
0.00030330603579011223
0.00020220402386007482
0.00010110201193003741
0.00010110201193003741
0.0013143261550904862
0.00020220402386007482
0.00030330603579011223
0.00020220402386007482
0.00010110201193003741
0.00010110201193003741
0.00040440804772014964
0.00040440804772014964
0.0007077140835102619
0.00030330603579011223
0.00020220402386007482
0.00020220402386007482
0.00010110201193003741
0.0006066120715802245
0.00020220402386007482
0.00020220402386007482
0.0020220402386007482
0.0007077140835102619
0.00020220402386007482
0.00020220402386007482
0.00010110201193003741
0.0005055100596501871
0.00010110201193003741
0.00030330603579011223
0.00010110201193003741
0.00010110201193003741
0.00010110201193003741
0.00030330603579011223
0.00010110201193003741
0.00040440804772014964
0.00020220402386007482
0.00010110201193003741
0.00020220402386007482
0.00010110201193003741
0.00040440804772014964
0.0007077140835102619
0.00010110201193003741
0.00010110201193003741
0.00010110201193003741
0.00020220402386007482
0.00010110201193003741
0.00010110201193003741
0.00020220402386007482
0.00010110201193003741
0.00020220402386007482
0.0006066120715802245
0.00010110201193003741
0.00040440804772014964
0.00030330603579011223
0.001516530178950561
0.00020220402386007482
0.0007077140835102619
0.00040440804772014964
0.00010110201193003741
0.00010110201193003741
0.003235264381761197
0.00020220402386007482
0.00020220402386007482
0.00010110201193003741
0.00010110201193003741
0.0008088160954402993
0.00030330603579011223
0.0009099181073703367
0.00010110201193003741
0.00040440804772014964
0.00020220402386007482
0.00030330603579011223
0.00030330603579011223
0.0005055100596501871
0.00040440804772014964
0.0005055100596501871
0.00030330603579011223
0.00030330603579011223
0.00030330603579011223
0.00010110201193003741
0.00010110201193003741
0.00010110201193003741
0.0006066120715802245
0.00010110201193003741
0.00010110201193003741
0.0005055100596501871
0.00030330603579011223
0.0009099181073703367
0.00010110201193003741
0.0005055100596501871
0.00020220402386007482
0.00020220402386007482
0.0005055100596501871
0.00020220402386007482
0.0006066120715802245
0.00010110201193003741
0.00020220402386007482
0.0010110201193003741
0.00020220402386007482
0.00010110201193003741
0.00020220402386007482
0.00020220402386007482
0.00030330603579011223
0.0008088160954402993
0.00020220402386007482
0.00010110201193003741
0.00010110201193003741
0.0005055100596501871
0.00020220402386007482
0.00010110201193003741
0.00010110201193003741
0.001516530178950561
0.00040440804772014964
0.00040440804772014964
0.0006066120715802245
0.00010110201193003741
0.00040440804772014964
0.00030330603579011223
0.001213224143160449
0.00010110201193003741
0.00010110201193003741
0.0008088160954402993
0.00010110201193003741
0.00020220402386007482
0.00030330603579011223
0.00040440804772014964
0.00010110201193003741
0.00010110201193003741
0.00020220402386007482
0.00020220402386007482
0.00040440804772014964
0.0006066120715802245
0.0005055100596501871
0.0014154281670205238
0.0005055100596501871
0.0010110201193003741
0.00010110201193003741
0.0005055100596501871
0.00040440804772014964
0.00010110201193003741
0.00010110201193003741
0.0005055100596501871
0.0006066120715802245
0.00010110201193003741
0.00010110201193003741
0.00010110201193003741
0.0005055100596501871
0.00010110201193003741
0.00030330603579011223
0.00010110201193003741
0.00030330603579011223
0.00020220402386007482
0.00030330603579011223
0.00040440804772014964
0.00010110201193003741
0.00010110201193003741
0.00030330603579011223
0.00020220402386007482
0.00020220402386007482
0.00030330603579011223
0.00010110201193003741
0.00020220402386007482
0.00040440804772014964
0.00020220402386007482
0.00020220402386007482
0.00030330603579011223
0.00010110201193003741
0.00010110201193003741
0.00020220402386007482
0.00040440804772014964
0.00010110201193003741
0.00010110201193003741
0.00030330603579011223
0.0005055100596501871
0.00020220402386007482
0.00020220402386007482
0.00040440804772014964
0.00010110201193003741
0.00020220402386007482
0.00020220402386007482
0.001516530178950561
0.001516530178950561
0.00010110201193003741
0.00040440804772014964
0.00020220402386007482
0.00020220402386007482
0.00020220402386007482
0.0005055100596501871
0.00010110201193003741
0.00010110201193003741
0.00010110201193003741
0.0005055100596501871
0.00030330603579011223
0.00010110201193003741
0.00020220402386007482
0.00010110201193003741
0.00020220402386007482
0.0006066120715802245
0.00010110201193003741
0.00010110201193003741
0.00010110201193003741
0.00020220402386007482
0.00040440804772014964
0.00010110201193003741
0.003235264381761197
0.00030330603579011223
0.00040440804772014964
0.00010110201193003741
0.00010110201193003741
0.00020220402386007482
0.00020220402386007482
0.0007077140835102619
0.00020220402386007482
0.00010110201193003741
0.00010110201193003741
0.00030330603579011223
0.00010110201193003741
0.00010110201193003741
0.001516530178950561
0.00040440804772014964
0.00030330603579011223
0.0005055100596501871
0.00040440804772014964
0.00010110201193003741
0.0008088160954402993
0.00030330603579011223
0.0005055100596501871
0.00040440804772014964
0.0005055100596501871
0.00010110201193003741
0.0009099181073703367
0.00030330603579011223
0.00040440804772014964
0.00010110201193003741
0.00020220402386007482
0.0009099181073703367
0.0006066120715802245
0.00020220402386007482
0.00020220402386007482
0.00030330603579011223
0.00030330603579011223
0.00030330603579011223
0.00010110201193003741
0.00020220402386007482
0.00020220402386007482
0.001516530178950561
0.00040440804772014964
0.0006066120715802245
0.00020220402386007482
0.00020220402386007482
0.00030330603579011223
0.00010110201193003741
0.00010110201193003741
0.00010110201193003741
0.00040440804772014964
0.00010110201193003741
0.00030330603579011223
0.00020220402386007482
0.00020220402386007482
0.00040440804772014964
0.00020220402386007482
0.001213224143160449
0.00010110201193003741
0.0007077140835102619
0.00010110201193003741
0.00020220402386007482
0.00040440804772014964
0.00030330603579011223
0.00010110201193003741
0.00010110201193003741
0.00010110201193003741
0.00040440804772014964
0.00010110201193003741
0.00010110201193003741
0.00010110201193003741
0.00010110201193003741
0.00020220402386007482
0.00030330603579011223
0.00010110201193003741
0.00010110201193003741
0.00010110201193003741
0.00010110201193003741
0.0018198362147406734
0.00010110201193003741
0.00020220402386007482
0.00010110201193003741
0.00010110201193003741
0.00020220402386007482
0.00020220402386007482
0.00010110201193003741
0.00030330603579011223
0.00010110201193003741
0.0007077140835102619
0.00010110201193003741
0.00010110201193003741
0.00010110201193003741
0.00010110201193003741
0.0009099181073703367
0.0006066120715802245
0.00010110201193003741
0.0005055100596501871
0.0007077140835102619
0.00030330603579011223
0.00010110201193003741
0.00010110201193003741
0.00010110201193003741
0.00010110201193003741
0.00030330603579011223
0.0010110201193003741
0.00040440804772014964
0.00010110201193003741
0.00010110201193003741
0.00010110201193003741
0.00020220402386007482
0.00020220402386007482
0.00030330603579011223
0.00020220402386007482
0.00040440804772014964
0.00010110201193003741
0.00010110201193003741
0.0009099181073703367
0.00010110201193003741
0.00010110201193003741
0.00020220402386007482
0.00020220402386007482
0.00020220402386007482
0.00010110201193003741
0.00010110201193003741
0.00010110201193003741
0.00010110201193003741
0.00010110201193003741
0.00010110201193003741
0.00010110201193003741
0.00010110201193003741
0.00010110201193003741
0.00030330603579011223
0.00030330603579011223
0.00010110201193003741
0.00010110201193003741
0.00010110201193003741
0.00010110201193003741
0.00020220402386007482
0.00020220402386007482
0.00030330603579011223
0.00010110201193003741
0.00010110201193003741
0.00010110201193003741
0.00020220402386007482
0.00020220402386007482
0.00020220402386007482
0.00010110201193003741
0.00010110201193003741
0.00020220402386007482
0.00010110201193003741
0.00010110201193003741
0.0010110201193003741
0.00020220402386007482
0.00010110201193003741
0.00010110201193003741
0.0005055100596501871
0.00020220402386007482
0.00010110201193003741
0.00010110201193003741
0.00020220402386007482
0.0005055100596501871
0.00010110201193003741
0.00030330603579011223
0.00020220402386007482
0.00020220402386007482
0.00030330603579011223
0.00010110201193003741
0.00030330603579011223
0.00010110201193003741
0.00030330603579011223
0.00010110201193003741
0.00010110201193003741
0.00010110201193003741
0.00010110201193003741
0.00020220402386007482
0.00040440804772014964
0.0008088160954402993
0.0011121221312304114
0.00020220402386007482
0.00040440804772014964
0.0010110201193003741
0.00030330603579011223
0.00030330603579011223
0.00010110201193003741
0.00010110201193003741
0.0006066120715802245
0.0005055100596501871
0.00030330603579011223
0.0005055100596501871
0.0008088160954402993
0.00040440804772014964
0.0006066120715802245
0.00030330603579011223
0.00040440804772014964
0.0005055100596501871
0.00040440804772014964
0.00010110201193003741
0.00010110201193003741
0.00030330603579011223
0.00030330603579011223
0.00010110201193003741
0.00020220402386007482
0.00010110201193003741
0.0006066120715802245
0.00020220402386007482
0.00010110201193003741
0.00010110201193003741
0.00010110201193003741
0.00010110201193003741
0.00010110201193003741
0.00020220402386007482
0.00020220402386007482
0.00010110201193003741
0.00010110201193003741
0.0005055100596501871
0.00010110201193003741
0.00010110201193003741
0.00010110201193003741
0.00020220402386007482
0.00030330603579011223
0.00010110201193003741
0.00040440804772014964
0.00010110201193003741
0.0005055100596501871
0.0005055100596501871
0.00010110201193003741
0.00010110201193003741
0.00010110201193003741
0.00010110201193003741
0.00020220402386007482
0.00040440804772014964
0.00030330603579011223
0.00020220402386007482
0.00010110201193003741
0.00020220402386007482
0.00020220402386007482
0.00040440804772014964
0.00030330603579011223
0.00020220402386007482
0.0011121221312304114
0.00030330603579011223
0.00040440804772014964
0.00010110201193003741
0.00010110201193003741
0.00030330603579011223
0.00020220402386007482
0.00020220402386007482
0.00020220402386007482
0.00010110201193003741
0.00010110201193003741
0.00030330603579011223
0.0010110201193003741
0.0013143261550904862
0.00010110201193003741
0.00010110201193003741
0.00010110201193003741
0.00020220402386007482
0.00010110201193003741
0.00020220402386007482
0.00030330603579011223
0.00020220402386007482
0.0009099181073703367
0.00010110201193003741
0.0005055100596501871
0.00040440804772014964
0.00010110201193003741
0.00020220402386007482
0.00020220402386007482
0.00010110201193003741
0.00030330603579011223
0.00020220402386007482
0.00010110201193003741
0.00020220402386007482
0.00020220402386007482
0.00020220402386007482
0.00010110201193003741
0.00020220402386007482
0.00020220402386007482
0.00040440804772014964
0.00010110201193003741
0.00010110201193003741
0.00020220402386007482
0.0005055100596501871
0.00010110201193003741
0.0006066120715802245
0.00010110201193003741
0.00010110201193003741
0.00020220402386007482
0.00010110201193003741
0.00020220402386007482
0.00020220402386007482
0.00010110201193003741
0.00010110201193003741
0.00020220402386007482
0.00010110201193003741
0.00010110201193003741
0.00040440804772014964
0.00030330603579011223
0.00030330603579011223
0.00030330603579011223
0.00020220402386007482
0.00010110201193003741
0.00040440804772014964
0.0008088160954402993
0.0006066120715802245
0.0016176321908805986
0.00010110201193003741
0.00010110201193003741
0.00010110201193003741
0.00010110201193003741
0.00010110201193003741
0.00020220402386007482
0.00010110201193003741
0.00010110201193003741
0.00020220402386007482
0.00020220402386007482
0.00010110201193003741
0.00010110201193003741
0.00010110201193003741
0.0008088160954402993
0.00010110201193003741
0.00020220402386007482
0.00010110201193003741
0.00010110201193003741
0.00010110201193003741
0.00030330603579011223
0.0007077140835102619
0.00040440804772014964
0.00010110201193003741
0.00020220402386007482
0.00040440804772014964
0.00010110201193003741
0.0013143261550904862
0.00020220402386007482
0.00010110201193003741
0.00010110201193003741
0.00010110201193003741
0.00010110201193003741
0.00030330603579011223
0.0008088160954402993
0.0006066120715802245
0.00030330603579011223
0.00010110201193003741
0.00010110201193003741
0.00030330603579011223
0.00010110201193003741
0.00020220402386007482
0.00010110201193003741
0.00010110201193003741
0.0010110201193003741
0.00010110201193003741
0.00010110201193003741
0.00010110201193003741
0.00010110201193003741
0.00010110201193003741
0.00020220402386007482
0.00010110201193003741
0.00010110201193003741
0.00020220402386007482
0.00010110201193003741
0.00020220402386007482
0.00010110201193003741
0.0005055100596501871
0.00030330603579011223
0.00010110201193003741
0.00010110201193003741
0.00010110201193003741
0.00010110201193003741
0.00040440804772014964
0.00010110201193003741
0.00010110201193003741
0.00010110201193003741
0.0018198362147406734
0.00010110201193003741
0.00040440804772014964
0.00020220402386007482
0.00030330603579011223
0.00010110201193003741
0.00010110201193003741
0.00020220402386007482
0.00010110201193003741
0.00030330603579011223
0.00020220402386007482
0.00030330603579011223
0.00030330603579011223
0.00010110201193003741
0.0006066120715802245
0.00010110201193003741
0.00030330603579011223
0.0006066120715802245
0.00020220402386007482
0.00010110201193003741
0.00030330603579011223
0.00010110201193003741
0.00020220402386007482
0.00030330603579011223
0.00010110201193003741
0.00010110201193003741
0.00020220402386007482
0.00030330603579011223
0.00020220402386007482
0.00020220402386007482
0.0019209382266707107
0.00010110201193003741
0.00010110201193003741
0.00010110201193003741
0.00030330603579011223
0.00020220402386007482
0.00010110201193003741
0.00010110201193003741
0.00040440804772014964
0.00020220402386007482
0.0006066120715802245
0.0005055100596501871
0.00010110201193003741
0.00010110201193003741
0.0005055100596501871
0.00020220402386007482
0.00010110201193003741
0.00010110201193003741
0.00030330603579011223
0.00010110201193003741
0.00010110201193003741
0.00010110201193003741
0.00010110201193003741
0.0006066120715802245
0.00020220402386007482
0.0005055100596501871
0.00040440804772014964
0.00010110201193003741
0.00010110201193003741
0.00010110201193003741
0.00010110201193003741
0.00010110201193003741
0.00020220402386007482
0.00020220402386007482
0.00020220402386007482
0.00020220402386007482
0.00020220402386007482
0.00010110201193003741
0.00010110201193003741
0.00010110201193003741
0.00020220402386007482
0.00020220402386007482
0.00020220402386007482
0.00040440804772014964
0.00010110201193003741
0.00010110201193003741
0.0005055100596501871
0.00010110201193003741
0.00010110201193003741
0.00040440804772014964
0.00010110201193003741
0.00010110201193003741
0.00030330603579011223
0.0005055100596501871
0.00010110201193003741
0.00020220402386007482
0.00010110201193003741
0.00010110201193003741
0.00010110201193003741
0.00010110201193003741
0.00010110201193003741
0.00010110201193003741
0.00010110201193003741
0.00010110201193003741
0.00010110201193003741
0.00010110201193003741
0.00010110201193003741
0.00040440804772014964
0.00010110201193003741
0.00010110201193003741
0.00010110201193003741
0.00010110201193003741
0.00010110201193003741
0.00020220402386007482
0.00030330603579011223
0.00020220402386007482
0.00010110201193003741
0.00020220402386007482
0.00010110201193003741
0.0006066120715802245
0.00010110201193003741
0.00040440804772014964
0.0005055100596501871
0.00010110201193003741
0.00010110201193003741
0.00010110201193003741
0.00010110201193003741
0.00020220402386007482
0.00010110201193003741
0.00030330603579011223
0.00030330603579011223
0.00010110201193003741
0.00010110201193003741
0.00010110201193003741
0.00010110201193003741
0.00010110201193003741
0.00020220402386007482
0.00030330603579011223
0.00010110201193003741
0.00010110201193003741
0.00020220402386007482
0.00020220402386007482
0.00020220402386007482
0.00020220402386007482
0.00010110201193003741
0.00010110201193003741
0.00010110201193003741
0.00010110201193003741
0.00020220402386007482
0.00010110201193003741
0.00020220402386007482
0.00020220402386007482
0.00010110201193003741
0.00030330603579011223
0.0006066120715802245
0.0007077140835102619
0.00030330603579011223
0.00010110201193003741
0.00010110201193003741
0.00020220402386007482
0.00020220402386007482
0.00010110201193003741
0.00010110201193003741
0.00010110201193003741
0.00010110201193003741
0.00010110201193003741
0.00010110201193003741
0.00010110201193003741
0.00010110201193003741
0.00010110201193003741
0.00020220402386007482
0.00010110201193003741
0.00010110201193003741
0.00010110201193003741
0.00010110201193003741
0.00010110201193003741
0.00010110201193003741
0.0005055100596501871
0.00010110201193003741
0.00010110201193003741
0.00030330603579011223
0.00010110201193003741
0.00040440804772014964
0.00020220402386007482
0.00020220402386007482
0.00010110201193003741
0.00030330603579011223
0.00010110201193003741
0.00010110201193003741
0.00010110201193003741
0.00010110201193003741
0.00010110201193003741
0.00020220402386007482
0.00020220402386007482
0.00010110201193003741
0.00010110201193003741
0.00010110201193003741
0.00010110201193003741
0.00010110201193003741
0.00010110201193003741
0.00010110201193003741
0.00010110201193003741
0.00010110201193003741
0.00010110201193003741
0.00010110201193003741
0.00010110201193003741
0.00010110201193003741
0.00010110201193003741
0.00010110201193003741
0.00010110201193003741
0.00020220402386007482
0.00010110201193003741
0.00030330603579011223
0.001213224143160449
0.00010110201193003741
0.00010110201193003741
0.00020220402386007482
0.00010110201193003741
0.00010110201193003741
0.00010110201193003741
0.00010110201193003741
0.00020220402386007482
0.00020220402386007482
0.00030330603579011223
0.00020220402386007482
0.00030330603579011223
0.00010110201193003741
0.00010110201193003741
0.00010110201193003741
0.00030330603579011223
0.00030330603579011223
0.00020220402386007482
0.00010110201193003741
0.00010110201193003741
0.00020220402386007482
0.00010110201193003741
0.00030330603579011223
0.00020220402386007482
0.00020220402386007482
0.00010110201193003741
0.00010110201193003741
0.00020220402386007482
0.00010110201193003741
0.00040440804772014964
0.00030330603579011223
0.00020220402386007482
0.00020220402386007482
0.00030330603579011223
0.00010110201193003741
0.00010110201193003741
0.00010110201193003741
0.001516530178950561
0.00020220402386007482
0.00010110201193003741
0.00030330603579011223
0.00010110201193003741
0.00010110201193003741
0.00010110201193003741
0.00010110201193003741
0.00010110201193003741
0.00020220402386007482
0.00010110201193003741
0.00020220402386007482
0.00010110201193003741
0.00010110201193003741
0.00010110201193003741
0.00010110201193003741
0.00010110201193003741
0.00010110201193003741
0.00010110201193003741
0.00010110201193003741
0.00010110201193003741
0.00020220402386007482
0.00010110201193003741
0.00010110201193003741
0.00020220402386007482
0.00010110201193003741
0.00010110201193003741
0.00010110201193003741
0.00010110201193003741
0.00020220402386007482
0.00010110201193003741
0.00010110201193003741
0.00010110201193003741
0.00010110201193003741
0.00010110201193003741
0.00020220402386007482
0.00010110201193003741
0.0005055100596501871
0.00010110201193003741
0.00010110201193003741
0.00010110201193003741
0.00010110201193003741
0.00030330603579011223
0.00010110201193003741
0.00010110201193003741
0.00010110201193003741
0.00020220402386007482
0.00010110201193003741
0.00020220402386007482
0.00010110201193003741
0.00010110201193003741
0.00010110201193003741
0.00010110201193003741
0.00010110201193003741
0.00020220402386007482
0.00010110201193003741
0.00010110201193003741
0.00010110201193003741
0.00010110201193003741
0.00010110201193003741
0.0005055100596501871
0.00010110201193003741
0.00010110201193003741
0.00010110201193003741
0.00010110201193003741
0.00010110201193003741
0.00010110201193003741
0.00030330603579011223
0.00010110201193003741
0.00010110201193003741
0.00020220402386007482
0.00010110201193003741
0.00010110201193003741
0.00020220402386007482
0.00030330603579011223
0.00030330603579011223
0.00020220402386007482
0.0005055100596501871
0.00010110201193003741
0.00010110201193003741
0.00010110201193003741
0.00010110201193003741
0.00020220402386007482
0.00010110201193003741
0.00010110201193003741
0.0005055100596501871
0.00020220402386007482
0.00010110201193003741
0.00010110201193003741
0.00010110201193003741
0.0007077140835102619
0.00020220402386007482
0.00010110201193003741
0.00020220402386007482
0.00020220402386007482
0.00010110201193003741
0.00020220402386007482
0.00010110201193003741
0.00010110201193003741
0.00010110201193003741
0.00010110201193003741
0.00020220402386007482
0.00010110201193003741
0.00010110201193003741
0.00010110201193003741
0.00010110201193003741
0.00010110201193003741
0.00010110201193003741
0.00010110201193003741
0.00010110201193003741
0.00020220402386007482
0.0010110201193003741
0.00040440804772014964
0.00010110201193003741
0.00010110201193003741
0.00010110201193003741
0.0006066120715802245
0.00040440804772014964
0.00010110201193003741
0.00010110201193003741
0.00020220402386007482
0.00020220402386007482
0.00040440804772014964
0.00010110201193003741
0.00010110201193003741
0.00030330603579011223
0.0014154281670205238
0.0010110201193003741
0.00010110201193003741
0.00010110201193003741
0.00010110201193003741
0.00010110201193003741
0.00010110201193003741
0.00010110201193003741
0.00010110201193003741
0.00040440804772014964
0.00010110201193003741
0.00010110201193003741
0.00010110201193003741
0.00020220402386007482
0.00030330603579011223
0.00040440804772014964
0.00010110201193003741
0.00020220402386007482
0.00010110201193003741
0.00010110201193003741
0.00010110201193003741
0.00010110201193003741
0.00010110201193003741
0.00010110201193003741
0.00010110201193003741
0.00010110201193003741
0.00020220402386007482
0.00010110201193003741
0.00020220402386007482
0.00010110201193003741
0.00020220402386007482
0.0005055100596501871
0.00010110201193003741
0.0006066120715802245
0.00010110201193003741
0.00010110201193003741
0.00010110201193003741
0.00010110201193003741
0.00010110201193003741
0.00010110201193003741
0.00010110201193003741
0.00040440804772014964
0.00020220402386007482
0.00010110201193003741
0.00010110201193003741
0.00010110201193003741
0.00010110201193003741
0.00010110201193003741
0.00010110201193003741
0.00010110201193003741
0.00010110201193003741
0.00020220402386007482
0.00020220402386007482
0.00010110201193003741
0.00010110201193003741
0.00010110201193003741
0.00010110201193003741
0.00010110201193003741
0.00010110201193003741
0.00020220402386007482
0.00010110201193003741
0.00010110201193003741
0.00020220402386007482
0.00010110201193003741
0.00010110201193003741
0.00020220402386007482
0.00020220402386007482
0.00030330603579011223
0.00010110201193003741
0.00010110201193003741
0.00020220402386007482
0.00010110201193003741
0.00010110201193003741
0.00010110201193003741
0.00010110201193003741
0.00010110201193003741
0.00010110201193003741
0.00010110201193003741
0.00010110201193003741
0.00010110201193003741
0.00010110201193003741
0.00010110201193003741
0.00010110201193003741
0.00010110201193003741
0.00010110201193003741
0.00010110201193003741
0.00010110201193003741
0.00010110201193003741
0.0008088160954402993
0.00010110201193003741
0.00040440804772014964
0.00020220402386007482
0.00020220402386007482
0.00010110201193003741
0.00020220402386007482
0.00020220402386007482
0.00010110201193003741
0.0006066120715802245
0.00010110201193003741
0.00010110201193003741
0.00020220402386007482
0.00010110201193003741
0.00040440804772014964
0.0010110201193003741
0.00010110201193003741
0.00030330603579011223
0.00010110201193003741
0.00010110201193003741
0.00010110201193003741
0.00020220402386007482
0.00020220402386007482
0.00010110201193003741
0.0005055100596501871
0.00010110201193003741
0.00010110201193003741
0.00010110201193003741
0.00010110201193003741
0.00010110201193003741
0.00020220402386007482
0.00040440804772014964
0.00040440804772014964
0.001213224143160449
0.00020220402386007482
0.00040440804772014964
0.0006066120715802245
0.00010110201193003741
0.00020220402386007482
0.00020220402386007482
0.00010110201193003741
0.00030330603579011223
0.00010110201193003741
0.00010110201193003741
0.00010110201193003741
0.00010110201193003741
0.00010110201193003741
0.00020220402386007482
0.00010110201193003741
0.00010110201193003741
0.00020220402386007482
0.00030330603579011223
0.0011121221312304114
0.00020220402386007482
0.0005055100596501871
0.00010110201193003741
0.00010110201193003741
0.00010110201193003741
0.00020220402386007482
0.00010110201193003741
0.0006066120715802245
0.0005055100596501871
0.00010110201193003741
0.00030330603579011223
0.00010110201193003741
0.00010110201193003741
0.00040440804772014964
0.00020220402386007482
0.00010110201193003741
0.00010110201193003741
0.00010110201193003741
0.00010110201193003741
0.00020220402386007482
0.00010110201193003741
0.00010110201193003741
0.00010110201193003741
0.00010110201193003741
0.00010110201193003741
0.00020220402386007482
0.00010110201193003741
0.00010110201193003741
0.00040440804772014964
0.00020220402386007482
0.00030330603579011223
0.00040440804772014964
0.00010110201193003741
0.00010110201193003741
0.0005055100596501871
0.00020220402386007482
0.00010110201193003741
0.00040440804772014964
0.00020220402386007482
0.00040440804772014964
0.00030330603579011223
0.00020220402386007482
0.00010110201193003741
0.00010110201193003741
0.00010110201193003741
0.00020220402386007482
0.0005055100596501871
0.00030330603579011223
0.0009099181073703367
0.00020220402386007482
0.00010110201193003741
0.00010110201193003741
0.00010110201193003741
0.00030330603579011223
0.00010110201193003741
0.00030330603579011223
0.00030330603579011223
0.002224244262460823
0.00010110201193003741
0.00020220402386007482
0.00010110201193003741
0.00010110201193003741
0.00020220402386007482
0.00010110201193003741
0.00020220402386007482
0.00020220402386007482
0.00010110201193003741
0.00030330603579011223
0.00040440804772014964
0.00010110201193003741
0.00010110201193003741
0.00010110201193003741
0.00010110201193003741
0.00010110201193003741
0.00010110201193003741
0.00010110201193003741
0.00020220402386007482
0.00030330603579011223
0.00010110201193003741
0.00040440804772014964
0.00010110201193003741
0.00010110201193003741
0.0007077140835102619
0.00010110201193003741
0.00010110201193003741
0.00020220402386007482
0.00020220402386007482
0.00010110201193003741
0.00030330603579011223
0.00010110201193003741
0.00020220402386007482
0.0009099181073703367
0.00010110201193003741
0.00010110201193003741
0.00010110201193003741
0.00010110201193003741
0.00010110201193003741
0.00010110201193003741
0.00010110201193003741
0.00030330603579011223
0.00020220402386007482
0.00010110201193003741
0.00010110201193003741
0.00010110201193003741
0.00030330603579011223
0.00010110201193003741
0.00010110201193003741
0.00010110201193003741
0.00020220402386007482
0.00030330603579011223
0.0009099181073703367
0.001213224143160449
0.00010110201193003741
0.00010110201193003741
0.00010110201193003741
0.00010110201193003741
0.00020220402386007482
0.00010110201193003741
0.00010110201193003741
0.00010110201193003741
0.00010110201193003741
0.00010110201193003741
0.00030330603579011223
0.00010110201193003741
0.00020220402386007482
0.00010110201193003741
0.00010110201193003741
0.00040440804772014964
0.0005055100596501871
0.00030330603579011223
0.00010110201193003741
0.00010110201193003741
0.00010110201193003741
0.00010110201193003741
0.00010110201193003741
0.00010110201193003741
0.00010110201193003741
0.00010110201193003741
0.00010110201193003741
0.00020220402386007482
0.00010110201193003741
0.00010110201193003741
0.00010110201193003741
0.00010110201193003741
0.00010110201193003741
0.00030330603579011223
0.00010110201193003741
0.00020220402386007482
0.00010110201193003741
0.00010110201193003741
0.00020220402386007482
0.00010110201193003741
0.00010110201193003741
0.00030330603579011223
0.00010110201193003741
0.00010110201193003741
0.00010110201193003741
0.00010110201193003741
0.00010110201193003741
0.00010110201193003741
0.00010110201193003741
0.00040440804772014964
0.00010110201193003741
0.00010110201193003741
0.00020220402386007482
0.00010110201193003741
0.00010110201193003741
0.00010110201193003741
0.00010110201193003741
0.00010110201193003741
0.00020220402386007482
0.00010110201193003741
0.00010110201193003741
0.00010110201193003741
0.00010110201193003741
0.00010110201193003741
0.00010110201193003741
0.00020220402386007482
0.00010110201193003741
0.00010110201193003741
0.00020220402386007482
0.00010110201193003741
0.00010110201193003741
0.00010110201193003741
0.00040440804772014964
0.00010110201193003741
0.00040440804772014964
0.0005055100596501871
0.00010110201193003741
0.00020220402386007482
0.00010110201193003741
0.00020220402386007482
0.00010110201193003741
0.00010110201193003741
0.00010110201193003741
0.00010110201193003741
0.00010110201193003741
0.00010110201193003741
0.00010110201193003741
0.00010110201193003741
0.00010110201193003741
0.0005055100596501871
0.00010110201193003741
0.00010110201193003741
0.00030330603579011223
0.00040440804772014964
0.00010110201193003741
0.00010110201193003741
0.00010110201193003741
0.00010110201193003741
0.00030330603579011223
0.00030330603579011223
0.00010110201193003741
0.00010110201193003741
0.00010110201193003741
0.00020220402386007482
0.00010110201193003741
0.00010110201193003741
0.00010110201193003741
0.00010110201193003741
0.00010110201193003741
0.00010110201193003741
0.00020220402386007482
0.00010110201193003741
0.00010110201193003741
0.00010110201193003741
0.00020220402386007482
0.00010110201193003741
0.00010110201193003741
0.00010110201193003741
0.00010110201193003741
0.00010110201193003741
0.0006066120715802245
0.00010110201193003741
0.00010110201193003741
0.00010110201193003741
0.00020220402386007482
0.00010110201193003741
0.00010110201193003741
0.00010110201193003741
0.00010110201193003741
0.00020220402386007482
0.00010110201193003741
0.00010110201193003741
0.00010110201193003741
0.00010110201193003741
0.00010110201193003741
0.00010110201193003741
0.00010110201193003741
0.00010110201193003741
0.0005055100596501871
0.00010110201193003741
0.00010110201193003741
0.00030330603579011223
0.00010110201193003741
0.00010110201193003741
0.00010110201193003741
0.00010110201193003741
0.00010110201193003741
0.00010110201193003741
0.00010110201193003741
0.00010110201193003741
0.00010110201193003741
0.00010110201193003741
0.00010110201193003741
0.00010110201193003741
0.0006066120715802245
0.00010110201193003741
0.00040440804772014964
0.00030330603579011223
0.00020220402386007482
0.00010110201193003741
0.00010110201193003741
0.00010110201193003741
0.00010110201193003741
0.00010110201193003741
0.00010110201193003741
0.00010110201193003741
0.00010110201193003741
0.00010110201193003741
0.00010110201193003741
0.00010110201193003741
0.00010110201193003741
0.00020220402386007482
0.00010110201193003741
0.00010110201193003741
0.00010110201193003741
0.00010110201193003741
0.00010110201193003741
0.0005055100596501871
0.00010110201193003741
0.00010110201193003741
0.00010110201193003741
0.00010110201193003741
0.00010110201193003741
0.00010110201193003741
0.0006066120715802245
0.00010110201193003741
0.00010110201193003741
0.00020220402386007482
0.00010110201193003741
0.00010110201193003741
0.00010110201193003741
0.00010110201193003741
0.00010110201193003741
0.00010110201193003741
0.00010110201193003741
0.00010110201193003741
0.00020220402386007482
0.00010110201193003741
0.00010110201193003741
0.00010110201193003741
0.00010110201193003741
0.00030330603579011223
0.00010110201193003741
0.00030330603579011223
0.00010110201193003741
0.00020220402386007482
0.00020220402386007482
0.00020220402386007482
0.00020220402386007482
0.00010110201193003741
0.00010110201193003741
0.00020220402386007482
0.00010110201193003741
0.00010110201193003741
0.00010110201193003741
0.00010110201193003741
0.00010110201193003741
0.00010110201193003741
0.00030330603579011223
0.00010110201193003741
0.00010110201193003741
0.00010110201193003741
0.00010110201193003741
0.00010110201193003741
0.00010110201193003741
0.00010110201193003741
0.00010110201193003741
0.00010110201193003741
0.00010110201193003741
0.00010110201193003741
0.00010110201193003741
0.00020220402386007482
0.00020220402386007482
0.00010110201193003741
0.00020220402386007482
0.00010110201193003741
0.00010110201193003741
0.00010110201193003741
0.00010110201193003741
0.00010110201193003741
0.00010110201193003741
0.00010110201193003741
0.00010110201193003741
0.00010110201193003741
0.00010110201193003741
0.00010110201193003741
0.00010110201193003741
0.00020220402386007482
0.00020220402386007482
0.00020220402386007482
0.00020220402386007482
0.00020220402386007482
0.00010110201193003741
0.00020220402386007482
0.00010110201193003741
0.00010110201193003741
0.00010110201193003741
0.00010110201193003741
0.00010110201193003741
0.00010110201193003741
0.00010110201193003741
0.00010110201193003741
0.00010110201193003741
0.00010110201193003741
0.00020220402386007482
0.00010110201193003741
0.00010110201193003741
0.00010110201193003741
0.00010110201193003741
0.0005055100596501871
0.00010110201193003741
0.00010110201193003741
0.00040440804772014964
0.00010110201193003741
0.00010110201193003741
0.00010110201193003741
0.00010110201193003741
0.00010110201193003741
0.00010110201193003741
0.00010110201193003741
0.00010110201193003741
0.00010110201193003741
0.00010110201193003741
0.00010110201193003741
0.00010110201193003741
0.00030330603579011223
0.00010110201193003741
0.00040440804772014964
0.0011121221312304114
0.00030330603579011223
0.00010110201193003741
0.00010110201193003741
0.00030330603579011223
0.00010110201193003741
0.00010110201193003741
0.00010110201193003741
0.00010110201193003741
0.00010110201193003741
0.00010110201193003741
0.00010110201193003741
0.00010110201193003741
0.00010110201193003741
0.00010110201193003741
0.00020220402386007482
0.00020220402386007482
0.00010110201193003741
0.00010110201193003741
0.00010110201193003741
0.00010110201193003741
0.00010110201193003741
0.00010110201193003741
0.00010110201193003741
0.00010110201193003741
0.00010110201193003741
0.00010110201193003741
0.00010110201193003741
0.00010110201193003741
0.00010110201193003741
0.00010110201193003741
0.00010110201193003741
0.00010110201193003741
0.00010110201193003741
0.00010110201193003741
0.00010110201193003741
0.00010110201193003741
0.00010110201193003741
0.00010110201193003741
0.00010110201193003741
0.00010110201193003741
0.00020220402386007482
0.00040440804772014964
0.00010110201193003741
0.00040440804772014964
0.00010110201193003741
0.00010110201193003741
0.00010110201193003741
0.00020220402386007482
0.00010110201193003741
0.00010110201193003741
0.00010110201193003741
0.00010110201193003741
0.00010110201193003741
0.00010110201193003741
0.00010110201193003741
0.00020220402386007482
0.00010110201193003741
0.00010110201193003741
0.00010110201193003741
0.00040440804772014964
0.00010110201193003741
0.00010110201193003741
0.00010110201193003741
0.00010110201193003741
0.00010110201193003741
0.00020220402386007482
0.00010110201193003741
0.00010110201193003741
0.00010110201193003741
0.00010110201193003741
0.00010110201193003741
0.00010110201193003741
0.00010110201193003741
0.00010110201193003741
0.00010110201193003741
0.00010110201193003741
0.0005055100596501871
0.00010110201193003741
0.00010110201193003741
0.00020220402386007482
0.00010110201193003741
0.00010110201193003741
0.00010110201193003741
0.00010110201193003741
0.00010110201193003741
0.00010110201193003741
0.00010110201193003741
0.00010110201193003741
0.00030330603579011223
0.00020220402386007482
0.00030330603579011223
0.00010110201193003741
0.00010110201193003741
0.00010110201193003741
0.00010110201193003741
0.00020220402386007482
0.00010110201193003741
0.00010110201193003741
0.00010110201193003741
0.00010110201193003741
0.00010110201193003741
0.00010110201193003741
0.00010110201193003741
0.00010110201193003741
0.00010110201193003741
0.00010110201193003741
0.00010110201193003741
0.00010110201193003741
0.00010110201193003741
0.00010110201193003741
0.00010110201193003741
0.00010110201193003741
0.00020220402386007482
0.00020220402386007482
0.00010110201193003741
0.00020220402386007482
0.00010110201193003741
0.00010110201193003741
0.00010110201193003741
0.00010110201193003741
0.00010110201193003741
0.00040440804772014964
0.00020220402386007482
0.00010110201193003741
0.00010110201193003741
0.0013143261550904862
0.00010110201193003741
0.00010110201193003741
0.0005055100596501871
0.00010110201193003741
0.00020220402386007482
0.00010110201193003741
0.00010110201193003741
0.00010110201193003741
0.00030330603579011223
0.00020220402386007482
0.00020220402386007482
0.00020220402386007482
0.00030330603579011223
0.00020220402386007482
0.0008088160954402993
0.00020220402386007482
0.00010110201193003741
0.00010110201193003741
0.00020220402386007482
0.00030330603579011223
0.00040440804772014964
0.00010110201193003741
0.00010110201193003741
0.00010110201193003741
0.00010110201193003741
0.0014154281670205238
0.00010110201193003741
0.00010110201193003741
0.00010110201193003741
0.00030330603579011223
0.00020220402386007482
0.00020220402386007482
0.001213224143160449
0.00020220402386007482
0.00020220402386007482
0.00020220402386007482
0.0006066120715802245
0.00010110201193003741
0.0005055100596501871
0.00020220402386007482
0.0007077140835102619
0.00020220402386007482
0.001516530178950561
0.0011121221312304114
0.0006066120715802245
0.00010110201193003741
0.0013143261550904862
0.00020220402386007482
0.00040440804772014964
0.00020220402386007482
0.00010110201193003741
0.00010110201193003741
0.00030330603579011223
0.00030330603579011223
0.00040440804772014964
0.00040440804772014964
0.00010110201193003741
0.00010110201193003741
0.00010110201193003741
0.00020220402386007482
0.0006066120715802245
0.00020220402386007482
0.00020220402386007482
0.00020220402386007482
0.00030330603579011223
0.00010110201193003741
0.00010110201193003741
0.00010110201193003741
0.00010110201193003741
0.00010110201193003741
0.00010110201193003741
0.00010110201193003741
0.00010110201193003741
0.001213224143160449
0.00010110201193003741
0.00010110201193003741
0.00010110201193003741
0.00020220402386007482
0.00020220402386007482
0.00020220402386007482
0.0019209382266707107
0.0023253462743908606
0.00020220402386007482
0.00010110201193003741
0.00010110201193003741
0.00030330603579011223
0.00020220402386007482
0.00030330603579011223
0.0005055100596501871
0.00020220402386007482
0.00020220402386007482
0.00020220402386007482
0.00020220402386007482
0.00010110201193003741
0.00010110201193003741
0.00030330603579011223
0.00040440804772014964
0.0008088160954402993
0.00030330603579011223
0.00010110201193003741
0.0005055100596501871
0.00010110201193003741
0.00010110201193003741
0.00020220402386007482
0.00010110201193003741
0.00010110201193003741
0.00010110201193003741
0.00010110201193003741
0.00020220402386007482
0.00010110201193003741
0.00010110201193003741
0.00010110201193003741
0.00020220402386007482
0.0006066120715802245
0.00010110201193003741
0.00010110201193003741
0.00010110201193003741
0.00030330603579011223
0.00010110201193003741
0.00010110201193003741
0.00010110201193003741
0.00010110201193003741
0.00010110201193003741
0.00010110201193003741
0.00010110201193003741
0.00020220402386007482
0.00030330603579011223
0.00020220402386007482
0.00010110201193003741
0.00020220402386007482
0.00020220402386007482
0.00030330603579011223
0.00030330603579011223
0.00030330603579011223
0.00030330603579011223
0.00030330603579011223
0.00010110201193003741
0.00020220402386007482
0.00010110201193003741
0.00010110201193003741
0.00010110201193003741
0.00020220402386007482
0.00010110201193003741
0.00010110201193003741
0.00010110201193003741
0.00010110201193003741
0.00010110201193003741
0.00010110201193003741
0.00010110201193003741
0.00010110201193003741
0.00010110201193003741
0.00010110201193003741
0.00010110201193003741
0.00010110201193003741
0.00010110201193003741
0.00010110201193003741
0.00010110201193003741
0.00010110201193003741
0.00010110201193003741
0.00010110201193003741
0.00020220402386007482
0.00030330603579011223
0.00010110201193003741
0.0008088160954402993
0.00030330603579011223
0.00010110201193003741
0.00010110201193003741
0.00040440804772014964
0.0005055100596501871
0.00010110201193003741
0.00010110201193003741
0.0010110201193003741
0.0010110201193003741
0.0010110201193003741
0.001213224143160449
0.00010110201193003741
0.0006066120715802245
0.0009099181073703367
0.00010110201193003741
0.0011121221312304114
0.00010110201193003741
0.00010110201193003741
0.00010110201193003741
0.00020220402386007482
0.00030330603579011223
0.00030330603579011223
0.00020220402386007482
0.00020220402386007482
0.00020220402386007482
0.0014154281670205238
0.00010110201193003741
0.00010110201193003741
0.00010110201193003741
0.00020220402386007482
0.00030330603579011223
0.00010110201193003741
0.00010110201193003741
0.00010110201193003741
0.00010110201193003741
0.00010110201193003741
0.00010110201193003741
0.00010110201193003741
0.00010110201193003741
0.00010110201193003741
0.00010110201193003741
0.00010110201193003741
0.00010110201193003741
0.00040440804772014964
0.00010110201193003741
0.00010110201193003741
0.00010110201193003741
0.00010110201193003741
0.00010110201193003741
0.00010110201193003741
0.00010110201193003741
0.00010110201193003741
0.00010110201193003741
0.00010110201193003741
0.0011121221312304114
0.00010110201193003741
0.00010110201193003741
0.00010110201193003741
0.00010110201193003741
0.00010110201193003741
0.00010110201193003741
0.00010110201193003741
0.00010110201193003741
0.00010110201193003741
0.00010110201193003741
0.00010110201193003741
0.00010110201193003741
0.00010110201193003741
0.00010110201193003741
0.00010110201193003741
0.00010110201193003741
0.00010110201193003741
0.0006066120715802245
0.00010110201193003741
0.00010110201193003741
0.00010110201193003741
0.00010110201193003741
0.00010110201193003741
0.00020220402386007482
0.00040440804772014964
0.00010110201193003741
0.00020220402386007482
0.00020220402386007482
0.00020220402386007482
0.00020220402386007482
0.00020220402386007482
0.00010110201193003741
0.00010110201193003741
0.00010110201193003741
0.00010110201193003741
0.00010110201193003741
0.00010110201193003741
0.00010110201193003741
0.00010110201193003741
0.00030330603579011223
0.00030330603579011223
0.00030330603579011223
0.00030330603579011223
0.00010110201193003741
0.00010110201193003741
0.00010110201193003741
0.00010110201193003741
0.00020220402386007482
0.00020220402386007482
0.00010110201193003741
0.00010110201193003741
0.00020220402386007482
0.00010110201193003741
0.00020220402386007482
0.00010110201193003741
0.00010110201193003741
0.00010110201193003741
0.00010110201193003741
0.0005055100596501871
0.0005055100596501871
0.0006066120715802245
0.0005055100596501871
0.0006066120715802245
0.00020220402386007482
0.00030330603579011223
0.00010110201193003741
0.00030330603579011223
0.00020220402386007482
0.00010110201193003741
0.00010110201193003741
0.00010110201193003741
0.00010110201193003741
0.00020220402386007482
0.00020220402386007482
0.00020220402386007482
0.00030330603579011223
0.00020220402386007482
0.00020220402386007482
0.00020220402386007482
0.00020220402386007482
0.0005055100596501871
0.00010110201193003741
0.00010110201193003741
0.00010110201193003741
0.00010110201193003741
0.00040440804772014964
0.00020220402386007482
0.00020220402386007482
0.00030330603579011223
0.00010110201193003741
0.00010110201193003741
0.00030330603579011223
0.00010110201193003741
0.00020220402386007482
0.00020220402386007482
0.00020220402386007482
0.00020220402386007482
0.00010110201193003741
0.00020220402386007482
0.00020220402386007482
0.00020220402386007482
0.00020220402386007482
0.00010110201193003741
0.00040440804772014964
0.00010110201193003741
0.00010110201193003741
0.00010110201193003741
0.00010110201193003741
0.00010110201193003741
0.00010110201193003741
0.00010110201193003741
0.00020220402386007482
0.00010110201193003741
0.00010110201193003741
0.00010110201193003741
0.00010110201193003741
0.00010110201193003741
0.00020220402386007482
0.00020220402386007482
0.00020220402386007482
0.00020220402386007482
0.00020220402386007482
0.00020220402386007482
0.00010110201193003741
0.00010110201193003741
0.00010110201193003741
0.00010110201193003741
0.00010110201193003741
0.00010110201193003741
0.00020220402386007482
0.00020220402386007482
0.00020220402386007482
0.00020220402386007482
0.00020220402386007482
0.00010110201193003741
0.00010110201193003741
0.00010110201193003741
0.00010110201193003741
0.00010110201193003741
0.00010110201193003741
0.00020220402386007482
0.00010110201193003741
0.00010110201193003741
0.00010110201193003741
0.00010110201193003741
0.00010110201193003741
0.00010110201193003741
0.00010110201193003741
0.00010110201193003741
0.00010110201193003741
0.00020220402386007482
0.00020220402386007482
0.00020220402386007482
0.00010110201193003741
0.00010110201193003741
0.00010110201193003741
0.00010110201193003741
0.00010110201193003741
0.00010110201193003741
0.00010110201193003741
0.00020220402386007482
0.00020220402386007482
0.00020220402386007482
0.00020220402386007482
0.00020220402386007482
0.00020220402386007482
0.00020220402386007482
0.00020220402386007482
0.00010110201193003741
0.00030330603579011223
0.0010110201193003741
0.0005055100596501871
0.00030330603579011223
0.00030330603579011223
0.00030330603579011223
0.00020220402386007482
0.00020220402386007482
0.00020220402386007482
0.00020220402386007482
0.00020220402386007482
0.00020220402386007482
0.00010110201193003741
0.00010110201193003741
0.00020220402386007482
0.00020220402386007482
0.00010110201193003741
0.00010110201193003741
0.00010110201193003741
0.00010110201193003741
0.00020220402386007482
0.00010110201193003741
0.00010110201193003741
0.00010110201193003741
0.00010110201193003741
0.00010110201193003741
0.00010110201193003741
0.00010110201193003741
0.00010110201193003741
0.00010110201193003741
0.00010110201193003741
0.00020220402386007482
0.00020220402386007482
0.00030330603579011223
0.00010110201193003741
0.00010110201193003741
0.00010110201193003741
0.00010110201193003741
0.00010110201193003741
0.00010110201193003741
0.00010110201193003741
0.00020220402386007482
0.00020220402386007482
0.00010110201193003741
0.00010110201193003741
0.00010110201193003741
0.00020220402386007482
0.00020220402386007482
0.00010110201193003741
0.00010110201193003741
0.00010110201193003741
0.00010110201193003741
0.00010110201193003741
0.00010110201193003741
0.00010110201193003741
0.00010110201193003741
0.00020220402386007482
0.00010110201193003741
0.00010110201193003741
0.00010110201193003741
0.00020220402386007482
0.00020220402386007482
0.00010110201193003741
0.00020220402386007482
0.00010110201193003741
0.00010110201193003741
0.00020220402386007482
0.00010110201193003741
0.00010110201193003741
0.00010110201193003741
0.00020220402386007482
0.00010110201193003741
0.00010110201193003741
0.00010110201193003741
0.00010110201193003741
0.001213224143160449
0.001213224143160449
0.00010110201193003741
0.00040440804772014964
0.00010110201193003741
0.00010110201193003741
0.00020220402386007482
0.00010110201193003741
0.00010110201193003741
0.00020220402386007482
0.00020220402386007482
0.00020220402386007482
0.00020220402386007482
0.00020220402386007482
0.00010110201193003741
0.00010110201193003741
0.00010110201193003741
0.00010110201193003741
0.00010110201193003741
0.00010110201193003741
0.00010110201193003741
0.00010110201193003741
0.00010110201193003741
0.00010110201193003741
0.00010110201193003741
0.00010110201193003741
0.00010110201193003741
0.00010110201193003741
0.00010110201193003741
0.00020220402386007482
0.00010110201193003741
0.00010110201193003741
0.00020220402386007482
0.00040440804772014964
0.00040440804772014964
0.00020220402386007482
0.00020220402386007482
0.00020220402386007482
0.00020220402386007482
0.00020220402386007482
0.00020220402386007482
0.00020220402386007482
0.00020220402386007482
0.00020220402386007482
0.00030330603579011223
0.00040440804772014964
0.00020220402386007482
0.00010110201193003741
0.00010110201193003741
0.00020220402386007482
0.00010110201193003741
0.00010110201193003741
0.00010110201193003741
0.00010110201193003741
0.00010110201193003741
0.00010110201193003741
0.00010110201193003741
0.00020220402386007482
0.00020220402386007482
0.00020220402386007482
0.00010110201193003741
0.00010110201193003741
0.00010110201193003741
0.00010110201193003741
0.00010110201193003741
0.00010110201193003741
0.00010110201193003741
0.00010110201193003741
0.00010110201193003741
0.00010110201193003741
0.00010110201193003741
0.00010110201193003741
0.00010110201193003741
0.00010110201193003741
0.00010110201193003741
0.00010110201193003741
0.00020220402386007482
0.00010110201193003741
0.00010110201193003741
0.00010110201193003741
0.00010110201193003741
0.00010110201193003741
0.00010110201193003741
0.00010110201193003741
0.00010110201193003741
0.00010110201193003741
0.00010110201193003741
0.00010110201193003741
0.00010110201193003741
0.00010110201193003741
0.00010110201193003741
0.00010110201193003741
0.00010110201193003741
0.00010110201193003741
0.00010110201193003741
0.00010110201193003741
0.00010110201193003741
0.00020220402386007482
0.00010110201193003741
0.00010110201193003741
0.00010110201193003741
0.00010110201193003741
0.00010110201193003741
0.00010110201193003741
0.00010110201193003741
0.00030330603579011223
0.00030330603579011223
0.00030330603579011223
0.00010110201193003741
0.00010110201193003741
0.00010110201193003741
0.00010110201193003741
0.00010110201193003741
0.00010110201193003741
0.00010110201193003741
0.00010110201193003741
0.00010110201193003741
0.00010110201193003741
0.00010110201193003741
0.00010110201193003741
0.00020220402386007482
0.00010110201193003741
0.00010110201193003741
0.00010110201193003741
0.00010110201193003741
0.00010110201193003741
0.00010110201193003741
0.00010110201193003741
0.00010110201193003741
0.00010110201193003741
0.00010110201193003741
0.00010110201193003741
0.00010110201193003741
0.00010110201193003741
0.00010110201193003741
0.00010110201193003741
0.00010110201193003741
0.00010110201193003741
0.00010110201193003741
0.00010110201193003741
0.00010110201193003741
0.00010110201193003741
0.00010110201193003741
0.00010110201193003741
0.00010110201193003741
0.00010110201193003741
0.00010110201193003741
0.00010110201193003741
0.00010110201193003741
0.00020220402386007482
0.00010110201193003741
0.00010110201193003741
0.00010110201193003741
0.00010110201193003741
0.00010110201193003741
0.00010110201193003741
0.00010110201193003741
0.00010110201193003741
0.00010110201193003741
0.00010110201193003741
0.00010110201193003741
0.00010110201193003741
0.00010110201193003741
0.00010110201193003741
0.00020220402386007482
0.00010110201193003741
0.00010110201193003741
0.00010110201193003741
0.00010110201193003741
0.00010110201193003741
0.00010110201193003741
0.00010110201193003741
0.00010110201193003741
0.00010110201193003741
0.00010110201193003741
0.00010110201193003741
0.00010110201193003741
0.00010110201193003741
0.00010110201193003741
0.00010110201193003741
0.00030330603579011223
0.00010110201193003741
0.00010110201193003741
0.00030330603579011223
0.00010110201193003741
0.00010110201193003741
0.00010110201193003741
0.00010110201193003741
0.00010110201193003741
0.00010110201193003741
0.00010110201193003741
0.00010110201193003741
0.00010110201193003741
0.00010110201193003741
0.00010110201193003741
0.00010110201193003741
0.00010110201193003741
0.00010110201193003741
0.00010110201193003741
0.00010110201193003741
0.00010110201193003741
0.00010110201193003741
0.00010110201193003741
0.00010110201193003741
0.00010110201193003741
0.00010110201193003741
0.00010110201193003741
0.00010110201193003741
0.00010110201193003741
0.00010110201193003741
0.00010110201193003741
0.00010110201193003741
0.00010110201193003741
0.00010110201193003741
0.00010110201193003741
0.00010110201193003741
0.00010110201193003741
0.00010110201193003741
0.00010110201193003741
0.00010110201193003741
0.00010110201193003741
0.00010110201193003741
0.00010110201193003741
0.00010110201193003741
0.00010110201193003741
0.00010110201193003741
0.00010110201193003741
0.00010110201193003741
0.00010110201193003741
0.00010110201193003741
0.00010110201193003741
0.00010110201193003741
0.00010110201193003741
0.00010110201193003741
0.00010110201193003741