0.007284273440418379
0.006257004109077325
0.008778483376914456
0.011206574523720583
9.338812103100486e-05
0.0018677624206200972
9.338812103100486e-05
0.0004669406051550243
0.002428091146806126
0.00037355248412401944
0.002054538662682107
0.018864400448262982
9.338812103100486e-05
0.00018677624206200972
0.00018677624206200972
0.0008404930892790437
0.0015875980575270825
0.0014008218154650729
0.0014942099364960778
0.014475158759805753
0.010739633918565559
0.004109077325364214
0.0005603287261860292
0.01559581621217781
0.0007471049682480389
0.010085917071348524
0.0004669406051550243
0.00018677624206200972
0.0002801643630930146
0.0023347030257751212
9.338812103100486e-05
0.0005603287261860292
0.0017743742995890923
0.00037355248412401944
0.0010272693313410535
0.00018677624206200972
0.002147926783713112
0.000653716847217034
0.00018677624206200972
0.002054538662682107
0.01671647366454987
0.00037355248412401944
0.0004669406051550243
0.0005603287261860292
0.00018677624206200972
0.0005603287261860292
0.00018677624206200972
0.0007471049682480389
0.00018677624206200972
0.0007471049682480389
0.005790063503922301
0.0002801643630930146
0.0037355248412401943
0.004576017930519238
0.0014008218154650729
0.0016809861785580874
0.0009338812103100486
0.004202465446395218
0.01363466567052671
0.0010272693313410535
0.0014942099364960778
0.0030818079940231604
0.0046694060515502425
0.0011206574523720584
0.0028016436309301457
0.00018677624206200972
0.0014008218154650729
9.338812103100486e-05
9.338812103100486e-05
0.00018677624206200972
0.00326858423608517
0.004295853567426224
0.002428091146806126
0.0017743742995890923
9.338812103100486e-05
9.338812103100486e-05
9.338812103100486e-05
0.0004669406051550243
0.0002801643630930146
9.338812103100486e-05
0.00037355248412401944
0.0018677624206200972
0.0002801643630930146
0.00037355248412401944
0.0002801643630930146
0.0015875980575270825
9.338812103100486e-05
9.338812103100486e-05
0.0016809861785580874
0.0010272693313410535
0.0007471049682480389
9.338812103100486e-05
0.0004669406051550243
0.002428091146806126
0.00037355248412401944
9.338812103100486e-05
0.0022413149047441168
0.0005603287261860292
0.00018677624206200972
0.0008404930892790437
0.0002801643630930146
0.000653716847217034
0.0007471049682480389
0.0005603287261860292
9.338812103100486e-05
0.0018677624206200972
0.0004669406051550243
0.0009338812103100486
0.005323122898767277
0.005416511019798282
9.338812103100486e-05
9.338812103100486e-05
9.338812103100486e-05
9.338812103100486e-05
9.338812103100486e-05
0.00018677624206200972
9.338812103100486e-05
9.338812103100486e-05
0.0002801643630930146
9.338812103100486e-05
0.000653716847217034
0.0002801643630930146
9.338812103100486e-05
9.338812103100486e-05
0.0005603287261860292
0.0004669406051550243
9.338812103100486e-05
0.00037355248412401944
9.338812103100486e-05
0.00037355248412401944
0.0009338812103100486
9.338812103100486e-05
9.338812103100486e-05
0.00018677624206200972
0.0004669406051550243
0.00018677624206200972
0.00018677624206200972
9.338812103100486e-05
9.338812103100486e-05
0.00018677624206200972
0.00037355248412401944
9.338812103100486e-05
0.0017743742995890923
0.008591707134852447
0.0002801643630930146
9.338812103100486e-05
0.00037355248412401944
0.000653716847217034
0.0004669406051550243
0.0004669406051550243
0.0018677624206200972
9.338812103100486e-05
0.000653716847217034
0.0002801643630930146
0.0017743742995890923
0.0007471049682480389
0.00018677624206200972
0.005696675382891296
0.0009338812103100486
9.338812103100486e-05
9.338812103100486e-05
0.0046694060515502425
0.002428091146806126
9.338812103100486e-05
0.0011206574523720584
0.004015689204333209
0.00037355248412401944
0.006630556593201345
0.0028950317519611506
9.338812103100486e-05
0.002428091146806126
0.0004669406051550243
0.0005603287261860292
0.0009338812103100486
0.00037355248412401944
0.00326858423608517
0.009338812103100485
0.0005603287261860292
9.338812103100486e-05
0.00018677624206200972
0.0023347030257751212
0.004389241688457228
0.0022413149047441168
0.002614867388868136
0.0004669406051550243
0.00018677624206200972
0.0005603287261860292
0.0005603287261860292
0.00018677624206200972
0.00018677624206200972
0.0005603287261860292
9.338812103100486e-05
0.00018677624206200972
0.0002801643630930146
0.0002801643630930146
9.338812103100486e-05
0.0014008218154650729
0.0014942099364960778
0.0004669406051550243
0.0007471049682480389
0.0009338812103100486
0.0016809861785580874
0.00018677624206200972
0.0008404930892790437
0.00037355248412401944
0.0044826298094882335
0.0015875980575270825
0.00037355248412401944
9.338812103100486e-05
0.00037355248412401944
0.0008404930892790437
0.0005603287261860292
0.0002801643630930146
0.00018677624206200972
0.000653716847217034
0.000653716847217034
0.0005603287261860292
9.338812103100486e-05
0.0014008218154650729
0.000653716847217034
0.0002801643630930146
0.011019798281658572
0.0007471049682480389
9.338812103100486e-05
0.0007471049682480389
0.0008404930892790437
0.0002801643630930146
0.0011206574523720584
0.0008404930892790437
0.00018677624206200972
0.01270078446021666
9.338812103100486e-05
0.0008404930892790437
0.00037355248412401944
0.0004669406051550243
9.338812103100486e-05
0.00037355248412401944
0.0007471049682480389
0.0007471049682480389
0.000653716847217034
0.002428091146806126
0.0002801643630930146
0.0004669406051550243
0.0011206574523720584
0.0014942099364960778
0.000653716847217034
0.001307433694434068
0.0002801643630930146
0.00037355248412401944
0.000653716847217034
0.0028950317519611506
0.000653716847217034
0.004295853567426224
0.0007471049682480389
0.0004669406051550243
0.0015875980575270825
0.00037355248412401944
0.0005603287261860292
0.0035487485991781845
9.338812103100486e-05
0.001307433694434068
9.338812103100486e-05
0.0005603287261860292
0.00018677624206200972
0.000653716847217034
0.0002801643630930146
0.0004669406051550243
0.00018677624206200972
0.0017743742995890923
0.00037355248412401944
0.00037355248412401944
0.0004669406051550243
0.0002801643630930146
0.0014008218154650729
9.338812103100486e-05
0.00018677624206200972
0.00018677624206200972
0.00018677624206200972
0.0002801643630930146
9.338812103100486e-05
9.338812103100486e-05
0.00018677624206200972
9.338812103100486e-05
0.0004669406051550243
0.0036421367202091894
0.00037355248412401944
0.00018677624206200972
0.00018677624206200972
0.00018677624206200972
0.0002801643630930146
0.002147926783713112
9.338812103100486e-05
0.0010272693313410535
0.0011206574523720584
0.0002801643630930146
0.0004669406051550243
0.0010272693313410535
0.002054538662682107
0.000653716847217034
0.00018677624206200972
0.0002801643630930146
0.0005603287261860292
9.338812103100486e-05
0.00037355248412401944
0.0005603287261860292
0.00018677624206200972
0.0002801643630930146
9.338812103100486e-05
9.338812103100486e-05
9.338812103100486e-05
0.00018677624206200972
0.0002801643630930146
0.00037355248412401944
0.00037355248412401944
0.0004669406051550243
0.002708255509899141
0.00018677624206200972
0.0007471049682480389
9.338812103100486e-05
0.0002801643630930146
0.003922301083302204
9.338812103100486e-05
0.0011206574523720584
0.0011206574523720584
0.00037355248412401944
0.001214045573403063
0.00037355248412401944
9.338812103100486e-05
9.338812103100486e-05
0.00018677624206200972
9.338812103100486e-05
9.338812103100486e-05
0.00037355248412401944
9.338812103100486e-05
0.0002801643630930146
0.0015875980575270825
0.0002801643630930146
0.0011206574523720584
9.338812103100486e-05
0.00037355248412401944
0.0005603287261860292
0.00018677624206200972
0.0008404930892790437
0.0015875980575270825
0.00037355248412401944
0.00018677624206200972
9.338812103100486e-05
0.0009338812103100486
0.00037355248412401944
0.0002801643630930146
0.00018677624206200972
0.00037355248412401944
0.0009338812103100486
0.0008404930892790437
0.002521479267837131
0.00018677624206200972
0.0005603287261860292
9.338812103100486e-05
9.338812103100486e-05
0.0002801643630930146
0.00018677624206200972
0.00018677624206200972
0.00018677624206200972
0.0009338812103100486
0.0005603287261860292
0.0028950317519611506
0.0011206574523720584
9.338812103100486e-05
0.00018677624206200972
0.0007471049682480389
0.0004669406051550243
0.0002801643630930146
9.338812103100486e-05
0.00018677624206200972
0.0005603287261860292
0.00037355248412401944
0.0005603287261860292
0.0009338812103100486
9.338812103100486e-05
0.0002801643630930146
0.0002801643630930146
9.338812103100486e-05
0.00018677624206200972
0.00037355248412401944
9.338812103100486e-05
0.0016809861785580874
0.001307433694434068
9.338812103100486e-05
9.338812103100486e-05
0.0014942099364960778
0.00018677624206200972
0.00037355248412401944
0.0002801643630930146
0.00037355248412401944
0.00037355248412401944
9.338812103100486e-05
0.00018677624206200972
0.0002801643630930146
0.00018677624206200972
0.0005603287261860292
0.0002801643630930146
0.0009338812103100486
0.0004669406051550243
0.0029884198729921555
9.338812103100486e-05
0.0011206574523720584
0.0002801643630930146
0.00018677624206200972
0.00018677624206200972
0.0002801643630930146
0.00018677624206200972
0.0005603287261860292
0.00037355248412401944
0.0004669406051550243
9.338812103100486e-05
0.001307433694434068
0.0002801643630930146
9.338812103100486e-05
0.000653716847217034
0.00037355248412401944
0.0007471049682480389
9.338812103100486e-05
0.00018677624206200972
0.0008404930892790437
0.00037355248412401944
0.0008404930892790437
0.0008404930892790437
9.338812103100486e-05
0.0009338812103100486
0.0007471049682480389
0.0004669406051550243
0.00018677624206200972
0.0004669406051550243
0.0002801643630930146
0.0008404930892790437
0.0017743742995890923
0.0002801643630930146
0.00037355248412401944
0.00037355248412401944
0.00037355248412401944
9.338812103100486e-05
9.338812103100486e-05
0.00018677624206200972
0.0023347030257751212
0.00018677624206200972
0.0002801643630930146
0.0016809861785580874
9.338812103100486e-05
0.00018677624206200972
0.0007471049682480389
9.338812103100486e-05
0.00018677624206200972
9.338812103100486e-05
0.0002801643630930146
9.338812103100486e-05
9.338812103100486e-05
9.338812103100486e-05
9.338812103100486e-05
9.338812103100486e-05
0.0002801643630930146
9.338812103100486e-05
0.00037355248412401944
0.00018677624206200972
9.338812103100486e-05
0.0002801643630930146
9.338812103100486e-05
0.000653716847217034
9.338812103100486e-05
9.338812103100486e-05
0.0005603287261860292
0.0002801643630930146
0.00037355248412401944
9.338812103100486e-05
9.338812103100486e-05
9.338812103100486e-05
9.338812103100486e-05
9.338812103100486e-05
9.338812103100486e-05
0.0005603287261860292
0.001307433694434068
0.0005603287261860292
0.0002801643630930146
9.338812103100486e-05
0.0002801643630930146
0.0002801643630930146
9.338812103100486e-05
0.000653716847217034
0.00037355248412401944
0.0007471049682480389
0.0002801643630930146
9.338812103100486e-05
0.0002801643630930146
0.00037355248412401944
0.00018677624206200972
0.0015875980575270825
0.00037355248412401944
0.00018677624206200972
9.338812103100486e-05
9.338812103100486e-05
0.00018677624206200972
0.000653716847217034
0.0008404930892790437
9.338812103100486e-05
9.338812103100486e-05
0.0004669406051550243
0.00018677624206200972
0.0004669406051550243
0.0004669406051550243
0.000653716847217034
0.0008404930892790437
0.00037355248412401944
9.338812103100486e-05
9.338812103100486e-05
0.00018677624206200972
0.0007471049682480389
0.00018677624206200972
9.338812103100486e-05
9.338812103100486e-05
9.338812103100486e-05
9.338812103100486e-05
0.00018677624206200972
9.338812103100486e-05
0.00018677624206200972
0.00018677624206200972
0.00018677624206200972
0.00018677624206200972
0.0002801643630930146
0.00018677624206200972
0.00018677624206200972
9.338812103100486e-05
9.338812103100486e-05
0.000653716847217034
9.338812103100486e-05
9.338812103100486e-05
0.00018677624206200972
0.0002801643630930146
9.338812103100486e-05
0.00018677624206200972
9.338812103100486e-05
0.00037355248412401944
0.001307433694434068
9.338812103100486e-05
9.338812103100486e-05
9.338812103100486e-05
0.0015875980575270825
0.002054538662682107
0.00018677624206200972
0.000653716847217034
9.338812103100486e-05
9.338812103100486e-05
9.338812103100486e-05
9.338812103100486e-05
9.338812103100486e-05
0.00018677624206200972
0.001961150541651102
0.001214045573403063
0.0002801643630930146
9.338812103100486e-05
9.338812103100486e-05
0.00018677624206200972
0.000653716847217034
9.338812103100486e-05
0.0037355248412401943
0.00018677624206200972
9.338812103100486e-05
9.338812103100486e-05
9.338812103100486e-05
0.0008404930892790437
0.00018677624206200972
0.00018677624206200972
9.338812103100486e-05
0.0004669406051550243
0.00018677624206200972
0.00037355248412401944
9.338812103100486e-05
9.338812103100486e-05
9.338812103100486e-05
0.0016809861785580874
0.0002801643630930146
0.000653716847217034
9.338812103100486e-05
0.00018677624206200972
9.338812103100486e-05
9.338812103100486e-05
0.0002801643630930146
0.0002801643630930146
9.338812103100486e-05
0.0011206574523720584
0.0002801643630930146
0.0002801643630930146
0.0011206574523720584
9.338812103100486e-05
9.338812103100486e-05
0.00018677624206200972
0.0005603287261860292
0.0002801643630930146
9.338812103100486e-05
0.0002801643630930146
9.338812103100486e-05
0.0005603287261860292
0.00018677624206200972
9.338812103100486e-05
9.338812103100486e-05
0.0004669406051550243
9.338812103100486e-05
0.0002801643630930146
0.00018677624206200972
0.0005603287261860292
0.0004669406051550243
0.00018677624206200972
9.338812103100486e-05
9.338812103100486e-05
0.00018677624206200972
0.0004669406051550243
0.0002801643630930146
9.338812103100486e-05
9.338812103100486e-05
0.0011206574523720584
9.338812103100486e-05
0.0002801643630930146
0.0008404930892790437
0.00018677624206200972
0.0002801643630930146
0.00037355248412401944
0.00018677624206200972
0.0002801643630930146
0.0008404930892790437
0.0002801643630930146
9.338812103100486e-05
0.0010272693313410535
0.00037355248412401944
0.00018677624206200972
9.338812103100486e-05
0.00037355248412401944
0.00018677624206200972
0.0002801643630930146
0.00037355248412401944
0.0002801643630930146
0.0002801643630930146
0.00018677624206200972
0.00037355248412401944
9.338812103100486e-05
0.001961150541651102
0.0004669406051550243
0.0002801643630930146
0.00018677624206200972
0.0005603287261860292
0.0002801643630930146
9.338812103100486e-05
9.338812103100486e-05
0.00018677624206200972
0.0002801643630930146
9.338812103100486e-05
0.0002801643630930146
9.338812103100486e-05
9.338812103100486e-05
0.0007471049682480389
9.338812103100486e-05
0.00018677624206200972
0.0008404930892790437
9.338812103100486e-05
0.00018677624206200972
0.0015875980575270825
0.0004669406051550243
0.00018677624206200972
9.338812103100486e-05
9.338812103100486e-05
9.338812103100486e-05
9.338812103100486e-05
0.0018677624206200972
0.000653716847217034
9.338812103100486e-05
0.0004669406051550243
0.0007471049682480389
9.338812103100486e-05
0.0005603287261860292
9.338812103100486e-05
9.338812103100486e-05
9.338812103100486e-05
9.338812103100486e-05
9.338812103100486e-05
0.00018677624206200972
0.00018677624206200972
9.338812103100486e-05
0.00018677624206200972
0.00018677624206200972
9.338812103100486e-05
0.0005603287261860292
9.338812103100486e-05
0.00018677624206200972
9.338812103100486e-05
0.0004669406051550243
9.338812103100486e-05
0.0007471049682480389
9.338812103100486e-05
0.00037355248412401944
0.0008404930892790437
0.00018677624206200972
0.0004669406051550243
0.00018677624206200972
0.00018677624206200972
9.338812103100486e-05
0.00018677624206200972
9.338812103100486e-05
9.338812103100486e-05
0.0005603287261860292
9.338812103100486e-05
9.338812103100486e-05
0.00037355248412401944
0.00018677624206200972
0.0002801643630930146
9.338812103100486e-05
0.000653716847217034
9.338812103100486e-05
9.338812103100486e-05
9.338812103100486e-05
0.0002801643630930146
0.0007471049682480389
0.00037355248412401944
0.0002801643630930146
9.338812103100486e-05
0.0004669406051550243
0.00018677624206200972
0.00037355248412401944
0.00037355248412401944
9.338812103100486e-05
9.338812103100486e-05
0.0009338812103100486
0.0002801643630930146
0.000653716847217034
0.00018677624206200972
9.338812103100486e-05
0.0004669406051550243
0.00018677624206200972
9.338812103100486e-05
0.00018677624206200972
9.338812103100486e-05
0.00037355248412401944
9.338812103100486e-05
9.338812103100486e-05
0.00018677624206200972
9.338812103100486e-05
0.000653716847217034
9.338812103100486e-05
9.338812103100486e-05
0.00018677624206200972
9.338812103100486e-05
9.338812103100486e-05
9.338812103100486e-05
0.00018677624206200972
9.338812103100486e-05
0.0002801643630930146
9.338812103100486e-05
0.00018677624206200972
9.338812103100486e-05
9.338812103100486e-05
9.338812103100486e-05
9.338812103100486e-05
0.00037355248412401944
0.00018677624206200972
0.0008404930892790437
0.0002801643630930146
0.0009338812103100486
9.338812103100486e-05
0.0002801643630930146
9.338812103100486e-05
9.338812103100486e-05
0.0004669406051550243
0.0002801643630930146
9.338812103100486e-05
0.0015875980575270825
0.0005603287261860292
0.00018677624206200972
9.338812103100486e-05
0.0007471049682480389
9.338812103100486e-05
0.0011206574523720584
0.0004669406051550243
0.0004669406051550243
0.00037355248412401944
9.338812103100486e-05
9.338812103100486e-05
0.00018677624206200972
0.0004669406051550243
0.00037355248412401944
0.0002801643630930146
0.00037355248412401944
0.00018677624206200972
0.0002801643630930146
0.0017743742995890923
0.00018677624206200972
0.00018677624206200972
9.338812103100486e-05
0.0002801643630930146
9.338812103100486e-05
0.001214045573403063
0.00037355248412401944
9.338812103100486e-05
0.00018677624206200972
0.00018677624206200972
9.338812103100486e-05
0.0004669406051550243
0.0002801643630930146
9.338812103100486e-05
0.0002801643630930146
0.0014008218154650729
0.001307433694434068
0.0007471049682480389
9.338812103100486e-05
0.00018677624206200972
0.00018677624206200972
0.00037355248412401944
9.338812103100486e-05
0.0005603287261860292
0.00018677624206200972
9.338812103100486e-05
0.0014008218154650729
9.338812103100486e-05
9.338812103100486e-05
9.338812103100486e-05
9.338812103100486e-05
9.338812103100486e-05
9.338812103100486e-05
9.338812103100486e-05
0.0004669406051550243
0.0002801643630930146
9.338812103100486e-05
0.0004669406051550243
0.00018677624206200972
9.338812103100486e-05
9.338812103100486e-05
9.338812103100486e-05
9.338812103100486e-05
9.338812103100486e-05
9.338812103100486e-05
0.00037355248412401944
9.338812103100486e-05
0.0002801643630930146
0.0014942099364960778
0.0007471049682480389
9.338812103100486e-05
9.338812103100486e-05
9.338812103100486e-05
0.0002801643630930146
9.338812103100486e-05
9.338812103100486e-05
0.0002801643630930146
0.00018677624206200972
0.001214045573403063
0.0002801643630930146
9.338812103100486e-05
9.338812103100486e-05
9.338812103100486e-05
9.338812103100486e-05
0.00037355248412401944
0.00037355248412401944
9.338812103100486e-05
0.0002801643630930146
0.0005603287261860292
9.338812103100486e-05
9.338812103100486e-05
9.338812103100486e-05
0.0009338812103100486
0.00037355248412401944
0.000653716847217034
0.00018677624206200972
0.00018677624206200972
0.00018677624206200972
0.0002801643630930146
0.00018677624206200972
0.0004669406051550243
0.00018677624206200972
0.00018677624206200972
0.00037355248412401944
9.338812103100486e-05
0.00018677624206200972
9.338812103100486e-05
9.338812103100486e-05
9.338812103100486e-05
0.0005603287261860292
9.338812103100486e-05
0.0004669406051550243
0.00037355248412401944
0.000653716847217034
9.338812103100486e-05
9.338812103100486e-05
0.0004669406051550243
0.0002801643630930146
9.338812103100486e-05
9.338812103100486e-05
0.0015875980575270825
0.0011206574523720584
0.0004669406051550243
0.001214045573403063
9.338812103100486e-05
9.338812103100486e-05
0.0004669406051550243
0.00018677624206200972
9.338812103100486e-05
0.0005603287261860292
9.338812103100486e-05
0.0004669406051550243
9.338812103100486e-05
0.0002801643630930146
0.001307433694434068
0.0002801643630930146
0.0002801643630930146
9.338812103100486e-05
0.00037355248412401944
9.338812103100486e-05
0.0002801643630930146
0.0002801643630930146
0.0008404930892790437
9.338812103100486e-05
9.338812103100486e-05
9.338812103100486e-05
9.338812103100486e-05
0.0002801643630930146
0.0014008218154650729
9.338812103100486e-05
0.00037355248412401944
0.0007471049682480389
0.00018677624206200972
0.00018677624206200972
9.338812103100486e-05
0.00037355248412401944
0.0008404930892790437
0.00037355248412401944
9.338812103100486e-05
9.338812103100486e-05
9.338812103100486e-05
0.0016809861785580874
0.00018677624206200972
9.338812103100486e-05
9.338812103100486e-05
9.338812103100486e-05
9.338812103100486e-05
9.338812103100486e-05
9.338812103100486e-05
0.00037355248412401944
0.00018677624206200972
9.338812103100486e-05
9.338812103100486e-05
9.338812103100486e-05
0.0008404930892790437
9.338812103100486e-05
0.000653716847217034
9.338812103100486e-05
0.0002801643630930146
9.338812103100486e-05
0.00018677624206200972
0.0007471049682480389
0.0004669406051550243
0.001214045573403063
0.0002801643630930146
0.00018677624206200972
0.001307433694434068
0.00037355248412401944
0.00018677624206200972
9.338812103100486e-05
9.338812103100486e-05
0.0002801643630930146
0.000653716847217034
9.338812103100486e-05
9.338812103100486e-05
9.338812103100486e-05
0.00018677624206200972
9.338812103100486e-05
9.338812103100486e-05
0.00018677624206200972
9.338812103100486e-05
9.338812103100486e-05
0.000653716847217034
0.0002801643630930146
0.0004669406051550243
0.0004669406051550243
0.00018677624206200972
0.00037355248412401944
9.338812103100486e-05
0.00018677624206200972
9.338812103100486e-05
9.338812103100486e-05
0.0004669406051550243
0.000653716847217034
9.338812103100486e-05
0.0002801643630930146
0.0017743742995890923
0.0002801643630930146
0.0004669406051550243
0.00018677624206200972
9.338812103100486e-05
0.00018677624206200972
9.338812103100486e-05
0.00018677624206200972
0.00018677624206200972
0.00018677624206200972
0.00037355248412401944
9.338812103100486e-05
0.000653716847217034
0.00018677624206200972
0.0002801643630930146
9.338812103100486e-05
0.0004669406051550243
0.00018677624206200972
9.338812103100486e-05
0.00018677624206200972
9.338812103100486e-05
0.00018677624206200972
9.338812103100486e-05
9.338812103100486e-05
9.338812103100486e-05
9.338812103100486e-05
9.338812103100486e-05
9.338812103100486e-05
9.338812103100486e-05
0.00018677624206200972
0.00018677624206200972
0.0004669406051550243
0.00018677624206200972
0.0008404930892790437
0.0004669406051550243
9.338812103100486e-05
0.00018677624206200972
0.0004669406051550243
9.338812103100486e-05
0.00018677624206200972
0.0002801643630930146
0.0004669406051550243
0.0002801643630930146
9.338812103100486e-05
0.0007471049682480389
0.0008404930892790437
9.338812103100486e-05
9.338812103100486e-05
9.338812103100486e-05
9.338812103100486e-05
0.0002801643630930146
0.00018677624206200972
0.0005603287261860292
9.338812103100486e-05
9.338812103100486e-05
0.00037355248412401944
9.338812103100486e-05
9.338812103100486e-05
0.00037355248412401944
9.338812103100486e-05
9.338812103100486e-05
9.338812103100486e-05
0.0002801643630930146
0.0002801643630930146
0.00018677624206200972
9.338812103100486e-05
0.0002801643630930146
0.00018677624206200972
0.00018677624206200972
0.0004669406051550243
9.338812103100486e-05
0.0010272693313410535
9.338812103100486e-05
9.338812103100486e-05
0.0005603287261860292
0.00018677624206200972
0.0009338812103100486
0.00018677624206200972
0.00018677624206200972
0.0002801643630930146
9.338812103100486e-05
9.338812103100486e-05
9.338812103100486e-05
9.338812103100486e-05
9.338812103100486e-05
0.00018677624206200972
0.0007471049682480389
9.338812103100486e-05
0.000653716847217034
9.338812103100486e-05
9.338812103100486e-05
9.338812103100486e-05
9.338812103100486e-05
9.338812103100486e-05
9.338812103100486e-05
0.0002801643630930146
9.338812103100486e-05
9.338812103100486e-05
0.00018677624206200972
9.338812103100486e-05
9.338812103100486e-05
0.00018677624206200972
0.00018677624206200972
0.0002801643630930146
0.0005603287261860292
0.00018677624206200972
9.338812103100486e-05
0.00037355248412401944
9.338812103100486e-05
0.0002801643630930146
9.338812103100486e-05
0.0005603287261860292
0.00037355248412401944
9.338812103100486e-05
9.338812103100486e-05
0.0010272693313410535
9.338812103100486e-05
9.338812103100486e-05
9.338812103100486e-05
9.338812103100486e-05
9.338812103100486e-05
0.0002801643630930146
0.00018677624206200972
9.338812103100486e-05
0.0002801643630930146
0.0004669406051550243
0.0002801643630930146
0.00037355248412401944
0.0002801643630930146
0.00018677624206200972
9.338812103100486e-05
0.0004669406051550243
9.338812103100486e-05
0.0002801643630930146
0.00037355248412401944
0.00037355248412401944
9.338812103100486e-05
9.338812103100486e-05
9.338812103100486e-05
0.00018677624206200972
0.00037355248412401944
0.0007471049682480389
0.0002801643630930146
9.338812103100486e-05
9.338812103100486e-05
9.338812103100486e-05
9.338812103100486e-05
0.00018677624206200972
0.0004669406051550243
9.338812103100486e-05
9.338812103100486e-05
0.00018677624206200972
0.00037355248412401944
9.338812103100486e-05
9.338812103100486e-05
0.0002801643630930146
9.338812103100486e-05
0.00018677624206200972
0.00018677624206200972
0.0004669406051550243
9.338812103100486e-05
0.00018677624206200972
0.0008404930892790437
9.338812103100486e-05
0.00018677624206200972
9.338812103100486e-05
0.0004669406051550243
9.338812103100486e-05
0.0002801643630930146
9.338812103100486e-05
0.00018677624206200972
0.00018677624206200972
9.338812103100486e-05
9.338812103100486e-05
9.338812103100486e-05
9.338812103100486e-05
0.0002801643630930146
9.338812103100486e-05
9.338812103100486e-05
9.338812103100486e-05
9.338812103100486e-05
0.00018677624206200972
9.338812103100486e-05
0.0008404930892790437
0.0002801643630930146
9.338812103100486e-05
9.338812103100486e-05
9.338812103100486e-05
9.338812103100486e-05
0.0002801643630930146
0.0004669406051550243
9.338812103100486e-05
0.00037355248412401944
9.338812103100486e-05
0.0011206574523720584
0.00018677624206200972
0.00018677624206200972
0.0004669406051550243
9.338812103100486e-05
9.338812103100486e-05
9.338812103100486e-05
9.338812103100486e-05
9.338812103100486e-05
9.338812103100486e-05
9.338812103100486e-05
0.0005603287261860292
9.338812103100486e-05
9.338812103100486e-05
0.00018677624206200972
9.338812103100486e-05
9.338812103100486e-05
9.338812103100486e-05
9.338812103100486e-05
0.0004669406051550243
0.0004669406051550243
9.338812103100486e-05
0.0002801643630930146
0.00037355248412401944
9.338812103100486e-05
0.0002801643630930146
0.00037355248412401944
0.00018677624206200972
0.00018677624206200972
9.338812103100486e-05
9.338812103100486e-05
0.00018677624206200972
9.338812103100486e-05
9.338812103100486e-05
0.0004669406051550243
0.00037355248412401944
9.338812103100486e-05
9.338812103100486e-05
0.00018677624206200972
0.0002801643630930146
0.00037355248412401944
9.338812103100486e-05
0.00018677624206200972
0.00018677624206200972
0.00018677624206200972
9.338812103100486e-05
0.00018677624206200972
9.338812103100486e-05
9.338812103100486e-05
9.338812103100486e-05
9.338812103100486e-05
0.00018677624206200972
9.338812103100486e-05
0.00018677624206200972
0.0015875980575270825
0.00018677624206200972
0.00018677624206200972
0.0008404930892790437
0.0004669406051550243
9.338812103100486e-05
9.338812103100486e-05
0.00037355248412401944
9.338812103100486e-05
0.00018677624206200972
9.338812103100486e-05
9.338812103100486e-05
9.338812103100486e-05
9.338812103100486e-05
9.338812103100486e-05
9.338812103100486e-05
9.338812103100486e-05
0.0002801643630930146
9.338812103100486e-05
9.338812103100486e-05
9.338812103100486e-05
9.338812103100486e-05
0.00018677624206200972
9.338812103100486e-05
9.338812103100486e-05
0.00018677624206200972
0.00018677624206200972
9.338812103100486e-05
0.00018677624206200972
0.00037355248412401944
0.00018677624206200972
0.00037355248412401944
9.338812103100486e-05
0.0002801643630930146
0.00037355248412401944
0.0002801643630930146
0.00018677624206200972
0.00018677624206200972
0.00018677624206200972
9.338812103100486e-05
9.338812103100486e-05
9.338812103100486e-05
0.0015875980575270825
9.338812103100486e-05
9.338812103100486e-05
9.338812103100486e-05
0.0008404930892790437
9.338812103100486e-05
0.00018677624206200972
0.00037355248412401944
0.0008404930892790437
0.0002801643630930146
0.00018677624206200972
0.00018677624206200972
0.00037355248412401944
0.0007471049682480389
9.338812103100486e-05
0.0002801643630930146
9.338812103100486e-05
0.00037355248412401944
9.338812103100486e-05
9.338812103100486e-05
0.00037355248412401944
9.338812103100486e-05
0.0002801643630930146
9.338812103100486e-05
0.0004669406051550243
9.338812103100486e-05
0.00018677624206200972
9.338812103100486e-05
0.0002801643630930146
9.338812103100486e-05
0.0010272693313410535
0.00018677624206200972
9.338812103100486e-05
9.338812103100486e-05
0.0002801643630930146
9.338812103100486e-05
0.0002801643630930146
9.338812103100486e-05
9.338812103100486e-05
9.338812103100486e-05
0.00018677624206200972
9.338812103100486e-05
9.338812103100486e-05
0.00018677624206200972
0.0002801643630930146
9.338812103100486e-05
9.338812103100486e-05
0.00018677624206200972
0.0002801643630930146
9.338812103100486e-05
0.0005603287261860292
9.338812103100486e-05
0.000653716847217034
9.338812103100486e-05
9.338812103100486e-05
0.00037355248412401944
9.338812103100486e-05
9.338812103100486e-05
9.338812103100486e-05
0.00018677624206200972
9.338812103100486e-05
9.338812103100486e-05
0.000653716847217034
9.338812103100486e-05
0.0007471049682480389
9.338812103100486e-05
9.338812103100486e-05
0.00018677624206200972
0.0002801643630930146
9.338812103100486e-05
0.00037355248412401944
0.00018677624206200972
9.338812103100486e-05
0.00037355248412401944
0.0002801643630930146
0.00018677624206200972
0.0002801643630930146
0.0005603287261860292
9.338812103100486e-05
9.338812103100486e-05
9.338812103100486e-05
9.338812103100486e-05
9.338812103100486e-05
0.00018677624206200972
0.0005603287261860292
9.338812103100486e-05
0.0017743742995890923
9.338812103100486e-05
0.0005603287261860292
0.0004669406051550243
9.338812103100486e-05
0.00037355248412401944
0.0002801643630930146
0.00018677624206200972
9.338812103100486e-05
0.0016809861785580874
9.338812103100486e-05
9.338812103100486e-05
9.338812103100486e-05
9.338812103100486e-05
9.338812103100486e-05
0.00018677624206200972
9.338812103100486e-05
9.338812103100486e-05
9.338812103100486e-05
0.00018677624206200972
0.0002801643630930146
0.00018677624206200972
0.0002801643630930146
0.0004669406051550243
9.338812103100486e-05
9.338812103100486e-05
0.0007471049682480389
9.338812103100486e-05
0.00018677624206200972
0.0002801643630930146
9.338812103100486e-05
9.338812103100486e-05
9.338812103100486e-05
9.338812103100486e-05
0.0004669406051550243
0.0004669406051550243
9.338812103100486e-05
9.338812103100486e-05
0.0005603287261860292
0.00018677624206200972
0.0002801643630930146
9.338812103100486e-05
0.00018677624206200972
0.0002801643630930146
0.0002801643630930146
9.338812103100486e-05
0.0005603287261860292
9.338812103100486e-05
0.0005603287261860292
0.0002801643630930146
0.00018677624206200972
0.0002801643630930146
0.0002801643630930146
0.00018677624206200972
0.0002801643630930146
0.00037355248412401944
0.00037355248412401944
0.0002801643630930146
0.00018677624206200972
9.338812103100486e-05
9.338812103100486e-05
9.338812103100486e-05
9.338812103100486e-05
9.338812103100486e-05
0.00018677624206200972
0.00018677624206200972
9.338812103100486e-05
9.338812103100486e-05
9.338812103100486e-05
9.338812103100486e-05
0.000653716847217034
9.338812103100486e-05
9.338812103100486e-05
9.338812103100486e-05
9.338812103100486e-05
9.338812103100486e-05
9.338812103100486e-05
9.338812103100486e-05
0.00018677624206200972
9.338812103100486e-05
0.00018677624206200972
0.00037355248412401944
9.338812103100486e-05
9.338812103100486e-05
9.338812103100486e-05
0.0002801643630930146
9.338812103100486e-05
9.338812103100486e-05
9.338812103100486e-05
0.0004669406051550243
9.338812103100486e-05
0.00018677624206200972
9.338812103100486e-05
0.0011206574523720584
9.338812103100486e-05
9.338812103100486e-05
0.00018677624206200972
0.00018677624206200972
0.0007471049682480389
9.338812103100486e-05
0.0005603287261860292
9.338812103100486e-05
0.00018677624206200972
0.00037355248412401944
9.338812103100486e-05
9.338812103100486e-05
9.338812103100486e-05
0.00018677624206200972
9.338812103100486e-05
9.338812103100486e-05
9.338812103100486e-05
9.338812103100486e-05
0.00018677624206200972
0.0007471049682480389
0.00018677624206200972
9.338812103100486e-05
9.338812103100486e-05
9.338812103100486e-05
9.338812103100486e-05
9.338812103100486e-05
0.00018677624206200972
9.338812103100486e-05
0.0007471049682480389
0.0004669406051550243
0.0009338812103100486
9.338812103100486e-05
9.338812103100486e-05
9.338812103100486e-05
0.00037355248412401944
9.338812103100486e-05
9.338812103100486e-05
0.00018677624206200972
0.00018677624206200972
0.00018677624206200972
0.0005603287261860292
9.338812103100486e-05
0.00018677624206200972
9.338812103100486e-05
9.338812103100486e-05
9.338812103100486e-05
9.338812103100486e-05
0.0002801643630930146
0.00018677624206200972
0.00018677624206200972
0.00018677624206200972
9.338812103100486e-05
9.338812103100486e-05
0.0008404930892790437
9.338812103100486e-05
9.338812103100486e-05
9.338812103100486e-05
9.338812103100486e-05
9.338812103100486e-05
0.00018677624206200972
9.338812103100486e-05
9.338812103100486e-05
0.0002801643630930146
0.00018677624206200972
9.338812103100486e-05
9.338812103100486e-05
9.338812103100486e-05
9.338812103100486e-05
0.0002801643630930146
9.338812103100486e-05
9.338812103100486e-05
0.00037355248412401944
9.338812103100486e-05
9.338812103100486e-05
0.00018677624206200972
0.00018677624206200972
9.338812103100486e-05
9.338812103100486e-05
9.338812103100486e-05
9.338812103100486e-05
9.338812103100486e-05
9.338812103100486e-05
9.338812103100486e-05
0.00018677624206200972
0.0002801643630930146
0.00018677624206200972
9.338812103100486e-05
0.00018677624206200972
9.338812103100486e-05
0.00018677624206200972
9.338812103100486e-05
0.00018677624206200972
9.338812103100486e-05
9.338812103100486e-05
9.338812103100486e-05
9.338812103100486e-05
0.00018677624206200972
9.338812103100486e-05
9.338812103100486e-05
0.0002801643630930146
0.00018677624206200972
0.00018677624206200972
9.338812103100486e-05
0.00037355248412401944
9.338812103100486e-05
9.338812103100486e-05
0.00018677624206200972
9.338812103100486e-05
9.338812103100486e-05
9.338812103100486e-05
9.338812103100486e-05
9.338812103100486e-05
9.338812103100486e-05
9.338812103100486e-05
9.338812103100486e-05
9.338812103100486e-05
9.338812103100486e-05
0.00037355248412401944
9.338812103100486e-05
9.338812103100486e-05
0.0002801643630930146
0.00018677624206200972
9.338812103100486e-05
9.338812103100486e-05
9.338812103100486e-05
9.338812103100486e-05
9.338812103100486e-05
9.338812103100486e-05
9.338812103100486e-05
9.338812103100486e-05
9.338812103100486e-05
9.338812103100486e-05
9.338812103100486e-05
9.338812103100486e-05
9.338812103100486e-05
9.338812103100486e-05
0.00018677624206200972
0.00018677624206200972
0.00018677624206200972
0.00037355248412401944
9.338812103100486e-05
9.338812103100486e-05
9.338812103100486e-05
9.338812103100486e-05
9.338812103100486e-05
9.338812103100486e-05
9.338812103100486e-05
9.338812103100486e-05
0.001307433694434068
0.0028016436309301457
0.00018677624206200972
0.00018677624206200972
0.00018677624206200972
0.0002801643630930146
0.0018677624206200972
0.001307433694434068
0.00018677624206200972
0.00018677624206200972
0.0002801643630930146
0.00018677624206200972
0.00018677624206200972
0.00037355248412401944
0.009432200224131491
0.00037355248412401944
9.338812103100486e-05
9.338812103100486e-05
9.338812103100486e-05
9.338812103100486e-05
9.338812103100486e-05
0.00018677624206200972
0.0011206574523720584
0.00018677624206200972
9.338812103100486e-05
9.338812103100486e-05
9.338812103100486e-05
0.0002801643630930146
9.338812103100486e-05
9.338812103100486e-05
9.338812103100486e-05
0.00018677624206200972
9.338812103100486e-05
0.0004669406051550243
9.338812103100486e-05
9.338812103100486e-05
9.338812103100486e-05
0.0005603287261860292
0.00037355248412401944
9.338812103100486e-05
9.338812103100486e-05
9.338812103100486e-05
0.00018677624206200972
9.338812103100486e-05
0.00018677624206200972
9.338812103100486e-05
0.0005603287261860292
0.0004669406051550243
0.00018677624206200972
0.0005603287261860292
9.338812103100486e-05
9.338812103100486e-05
0.00018677624206200972
9.338812103100486e-05
0.0007471049682480389
0.00018677624206200972
9.338812103100486e-05
0.0002801643630930146
0.00018677624206200972
9.338812103100486e-05
0.00018677624206200972
9.338812103100486e-05
9.338812103100486e-05
9.338812103100486e-05
0.0002801643630930146
0.00018677624206200972
9.338812103100486e-05
9.338812103100486e-05
9.338812103100486e-05
9.338812103100486e-05
9.338812103100486e-05
0.0002801643630930146
0.00018677624206200972
0.000653716847217034
0.0009338812103100486
0.000653716847217034
0.0005603287261860292
0.000653716847217034
0.000653716847217034
9.338812103100486e-05
9.338812103100486e-05
0.0002801643630930146
9.338812103100486e-05
0.00018677624206200972
9.338812103100486e-05
9.338812103100486e-05
9.338812103100486e-05
9.338812103100486e-05
0.0008404930892790437
0.00018677624206200972
0.00018677624206200972
0.00018677624206200972
9.338812103100486e-05
9.338812103100486e-05
0.00037355248412401944
9.338812103100486e-05
9.338812103100486e-05
0.00018677624206200972
9.338812103100486e-05
9.338812103100486e-05
0.00018677624206200972
0.00018677624206200972
9.338812103100486e-05
9.338812103100486e-05
9.338812103100486e-05
9.338812103100486e-05
9.338812103100486e-05
0.00018677624206200972
9.338812103100486e-05
9.338812103100486e-05
9.338812103100486e-05
9.338812103100486e-05
0.00018677624206200972
9.338812103100486e-05
9.338812103100486e-05
9.338812103100486e-05
9.338812103100486e-05
9.338812103100486e-05
9.338812103100486e-05
9.338812103100486e-05
9.338812103100486e-05
9.338812103100486e-05
9.338812103100486e-05
9.338812103100486e-05
9.338812103100486e-05
9.338812103100486e-05
9.338812103100486e-05
0.000653716847217034
0.000653716847217034
0.000653716847217034
0.0004669406051550243
0.0022413149047441168
0.0018677624206200972
9.338812103100486e-05
9.338812103100486e-05
9.338812103100486e-05
9.338812103100486e-05
0.00018677624206200972
0.00018677624206200972
9.338812103100486e-05
0.0017743742995890923
9.338812103100486e-05
9.338812103100486e-05
0.0007471049682480389
9.338812103100486e-05
9.338812103100486e-05
9.338812103100486e-05
0.0005603287261860292
0.0002801643630930146
0.00018677624206200972
0.00018677624206200972
0.00018677624206200972
0.00018677624206200972
9.338812103100486e-05
0.00018677624206200972
9.338812103100486e-05
0.0002801643630930146
0.0002801643630930146
9.338812103100486e-05
9.338812103100486e-05
0.00018677624206200972
9.338812103100486e-05
0.00018677624206200972
9.338812103100486e-05
9.338812103100486e-05
9.338812103100486e-05
0.0017743742995890923
9.338812103100486e-05
9.338812103100486e-05
0.00018677624206200972
9.338812103100486e-05
0.002708255509899141
0.00037355248412401944
0.0005603287261860292
0.00037355248412401944
9.338812103100486e-05
0.0004669406051550243
9.338812103100486e-05
9.338812103100486e-05
9.338812103100486e-05
0.00018677624206200972
9.338812103100486e-05
9.338812103100486e-05
9.338812103100486e-05
9.338812103100486e-05
9.338812103100486e-05
9.338812103100486e-05
0.00018677624206200972
9.338812103100486e-05
9.338812103100486e-05
9.338812103100486e-05
9.338812103100486e-05
9.338812103100486e-05
9.338812103100486e-05
9.338812103100486e-05
0.00018677624206200972
0.00018677624206200972
0.00018677624206200972
9.338812103100486e-05
9.338812103100486e-05
9.338812103100486e-05
9.338812103100486e-05
9.338812103100486e-05
9.338812103100486e-05
9.338812103100486e-05
9.338812103100486e-05
9.338812103100486e-05
0.0002801643630930146
0.0002801643630930146
9.338812103100486e-05
9.338812103100486e-05
9.338812103100486e-05
9.338812103100486e-05
9.338812103100486e-05
9.338812103100486e-05
9.338812103100486e-05
9.338812103100486e-05
0.0005603287261860292
9.338812103100486e-05
9.338812103100486e-05
0.00018677624206200972
9.338812103100486e-05
9.338812103100486e-05
9.338812103100486e-05
0.0002801643630930146
9.338812103100486e-05
0.00018677624206200972
9.338812103100486e-05
9.338812103100486e-05
9.338812103100486e-05
9.338812103100486e-05
0.00018677624206200972
9.338812103100486e-05
9.338812103100486e-05
9.338812103100486e-05
9.338812103100486e-05
9.338812103100486e-05
9.338812103100486e-05
9.338812103100486e-05
9.338812103100486e-05
9.338812103100486e-05
9.338812103100486e-05
9.338812103100486e-05
9.338812103100486e-05
9.338812103100486e-05
9.338812103100486e-05
9.338812103100486e-05
9.338812103100486e-05
9.338812103100486e-05
9.338812103100486e-05
0.00037355248412401944
9.338812103100486e-05
0.0005603287261860292
0.0005603287261860292
9.338812103100486e-05
9.338812103100486e-05
0.00018677624206200972
9.338812103100486e-05
9.338812103100486e-05
9.338812103100486e-05
9.338812103100486e-05
9.338812103100486e-05
9.338812103100486e-05
9.338812103100486e-05
9.338812103100486e-05
0.0002801643630930146
9.338812103100486e-05
9.338812103100486e-05
9.338812103100486e-05
9.338812103100486e-05
9.338812103100486e-05
9.338812103100486e-05
9.338812103100486e-05
9.338812103100486e-05
9.338812103100486e-05
9.338812103100486e-05
9.338812103100486e-05
9.338812103100486e-05
0.00018677624206200972
9.338812103100486e-05
9.338812103100486e-05
9.338812103100486e-05
0.00018677624206200972
9.338812103100486e-05
9.338812103100486e-05
0.00018677624206200972
9.338812103100486e-05
9.338812103100486e-05
9.338812103100486e-05
9.338812103100486e-05
9.338812103100486e-05
0.00018677624206200972
9.338812103100486e-05
9.338812103100486e-05
9.338812103100486e-05
0.0008404930892790437
9.338812103100486e-05
0.0005603287261860292
0.0004669406051550243
0.00037355248412401944
0.000653716847217034
9.338812103100486e-05
0.00018677624206200972
0.00018677624206200972
9.338812103100486e-05
0.00018677624206200972
9.338812103100486e-05
9.338812103100486e-05
9.338812103100486e-05
0.000653716847217034
0.0005603287261860292
0.00037355248412401944
9.338812103100486e-05
0.0004669406051550243
0.0004669406051550243
9.338812103100486e-05
9.338812103100486e-05
9.338812103100486e-05
9.338812103100486e-05
9.338812103100486e-05
0.00018677624206200972
9.338812103100486e-05
0.0014942099364960778
0.0017743742995890923
9.338812103100486e-05
0.00018677624206200972
9.338812103100486e-05
9.338812103100486e-05
0.00018677624206200972
9.338812103100486e-05
9.338812103100486e-05
9.338812103100486e-05
0.0008404930892790437
0.0008404930892790437
9.338812103100486e-05
0.00018677624206200972
0.00018677624206200972
9.338812103100486e-05
9.338812103100486e-05
9.338812103100486e-05
9.338812103100486e-05
0.00018677624206200972
9.338812103100486e-05
9.338812103100486e-05
0.0002801643630930146
0.0002801643630930146
9.338812103100486e-05
0.00018677624206200972
0.0002801643630930146
9.338812103100486e-05
0.00018677624206200972
9.338812103100486e-05
0.00018677624206200972
0.00037355248412401944
9.338812103100486e-05
9.338812103100486e-05
9.338812103100486e-05
9.338812103100486e-05
9.338812103100486e-05
0.00018677624206200972
9.338812103100486e-05
9.338812103100486e-05
9.338812103100486e-05
9.338812103100486e-05
9.338812103100486e-05
9.338812103100486e-05
9.338812103100486e-05
9.338812103100486e-05
9.338812103100486e-05
0.00037355248412401944
9.338812103100486e-05
9.338812103100486e-05
9.338812103100486e-05
9.338812103100486e-05
9.338812103100486e-05
0.00018677624206200972
9.338812103100486e-05
9.338812103100486e-05
9.338812103100486e-05
9.338812103100486e-05
9.338812103100486e-05
9.338812103100486e-05
9.338812103100486e-05
9.338812103100486e-05
9.338812103100486e-05
9.338812103100486e-05
9.338812103100486e-05
0.0002801643630930146
9.338812103100486e-05
9.338812103100486e-05
0.00018677624206200972
0.00018677624206200972
9.338812103100486e-05
0.0005603287261860292
9.338812103100486e-05
9.338812103100486e-05
9.338812103100486e-05
9.338812103100486e-05
9.338812103100486e-05
9.338812103100486e-05
9.338812103100486e-05
9.338812103100486e-05
0.00018677624206200972
9.338812103100486e-05
9.338812103100486e-05
9.338812103100486e-05
0.00018677624206200972
0.00018677624206200972
9.338812103100486e-05
0.0002801643630930146
9.338812103100486e-05
9.338812103100486e-05
9.338812103100486e-05
9.338812103100486e-05
9.338812103100486e-05
9.338812103100486e-05
9.338812103100486e-05
0.0002801643630930146
9.338812103100486e-05
9.338812103100486e-05
9.338812103100486e-05
0.00018677624206200972
9.338812103100486e-05
9.338812103100486e-05
9.338812103100486e-05
9.338812103100486e-05
9.338812103100486e-05
0.00018677624206200972
9.338812103100486e-05
9.338812103100486e-05
0.00018677624206200972
9.338812103100486e-05
0.0002801643630930146
9.338812103100486e-05
9.338812103100486e-05
9.338812103100486e-05
0.00018677624206200972
9.338812103100486e-05
9.338812103100486e-05
9.338812103100486e-05
9.338812103100486e-05
9.338812103100486e-05
9.338812103100486e-05
0.0002801643630930146
9.338812103100486e-05
9.338812103100486e-05
9.338812103100486e-05
9.338812103100486e-05
0.00018677624206200972
9.338812103100486e-05
9.338812103100486e-05
0.000653716847217034
9.338812103100486e-05
9.338812103100486e-05
9.338812103100486e-05
9.338812103100486e-05
9.338812103100486e-05
0.00037355248412401944
0.0002801643630930146
0.00018677624206200972
0.00018677624206200972
0.0002801643630930146
9.338812103100486e-05
9.338812103100486e-05
9.338812103100486e-05
9.338812103100486e-05
9.338812103100486e-05
9.338812103100486e-05
9.338812103100486e-05
0.0002801643630930146
9.338812103100486e-05
9.338812103100486e-05
9.338812103100486e-05
9.338812103100486e-05
9.338812103100486e-05
9.338812103100486e-05
9.338812103100486e-05
9.338812103100486e-05
9.338812103100486e-05
9.338812103100486e-05
9.338812103100486e-05
9.338812103100486e-05
9.338812103100486e-05
9.338812103100486e-05
9.338812103100486e-05
9.338812103100486e-05
9.338812103100486e-05
9.338812103100486e-05
9.338812103100486e-05
9.338812103100486e-05
0.00018677624206200972
9.338812103100486e-05
9.338812103100486e-05
9.338812103100486e-05
9.338812103100486e-05
0.00018677624206200972
0.00018677624206200972
0.0005603287261860292
9.338812103100486e-05
9.338812103100486e-05
9.338812103100486e-05
9.338812103100486e-05
9.338812103100486e-05
9.338812103100486e-05
9.338812103100486e-05
9.338812103100486e-05
9.338812103100486e-05
9.338812103100486e-05
9.338812103100486e-05
9.338812103100486e-05
9.338812103100486e-05
9.338812103100486e-05
0.0002801643630930146
9.338812103100486e-05
9.338812103100486e-05
9.338812103100486e-05
9.338812103100486e-05
9.338812103100486e-05
9.338812103100486e-05
9.338812103100486e-05
9.338812103100486e-05
9.338812103100486e-05
9.338812103100486e-05
9.338812103100486e-05
9.338812103100486e-05
9.338812103100486e-05
9.338812103100486e-05
9.338812103100486e-05
9.338812103100486e-05
0.00018677624206200972
0.00018677624206200972
0.00037355248412401944
9.338812103100486e-05
0.0004669406051550243
0.00018677624206200972
9.338812103100486e-05
0.00018677624206200972
0.00018677624206200972
0.0002801643630930146
9.338812103100486e-05
9.338812103100486e-05
0.00018677624206200972
0.0005603287261860292
9.338812103100486e-05
9.338812103100486e-05
9.338812103100486e-05
9.338812103100486e-05
9.338812103100486e-05
9.338812103100486e-05
9.338812103100486e-05
9.338812103100486e-05
9.338812103100486e-05
0.0002801643630930146
9.338812103100486e-05
9.338812103100486e-05
9.338812103100486e-05
9.338812103100486e-05
9.338812103100486e-05
0.00018677624206200972
0.00018677624206200972
9.338812103100486e-05
9.338812103100486e-05
9.338812103100486e-05
0.0002801643630930146
0.00018677624206200972
9.338812103100486e-05
0.0002801643630930146
9.338812103100486e-05
9.338812103100486e-05
0.00018677624206200972
9.338812103100486e-05
9.338812103100486e-05
9.338812103100486e-05
9.338812103100486e-05
9.338812103100486e-05
9.338812103100486e-05
9.338812103100486e-05
9.338812103100486e-05
9.338812103100486e-05
9.338812103100486e-05
9.338812103100486e-05
9.338812103100486e-05
9.338812103100486e-05
9.338812103100486e-05
9.338812103100486e-05
9.338812103100486e-05
9.338812103100486e-05
0.0002801643630930146
0.0010272693313410535
0.0005603287261860292
0.00037355248412401944
0.00018677624206200972
9.338812103100486e-05
0.00018677624206200972
9.338812103100486e-05
9.338812103100486e-05
9.338812103100486e-05
9.338812103100486e-05
9.338812103100486e-05
9.338812103100486e-05
9.338812103100486e-05
9.338812103100486e-05
0.00018677624206200972
9.338812103100486e-05
9.338812103100486e-05
9.338812103100486e-05
0.0002801643630930146
9.338812103100486e-05
9.338812103100486e-05
9.338812103100486e-05
0.0002801643630930146
9.338812103100486e-05
9.338812103100486e-05
9.338812103100486e-05
9.338812103100486e-05
9.338812103100486e-05
9.338812103100486e-05
9.338812103100486e-05
0.0002801643630930146
9.338812103100486e-05
9.338812103100486e-05
9.338812103100486e-05
9.338812103100486e-05
9.338812103100486e-05
0.00037355248412401944
9.338812103100486e-05
9.338812103100486e-05
9.338812103100486e-05
9.338812103100486e-05
9.338812103100486e-05
9.338812103100486e-05
9.338812103100486e-05
9.338812103100486e-05
9.338812103100486e-05
9.338812103100486e-05
9.338812103100486e-05
9.338812103100486e-05
0.00018677624206200972
0.00018677624206200972
0.00037355248412401944
9.338812103100486e-05
9.338812103100486e-05
0.00018677624206200972
9.338812103100486e-05
9.338812103100486e-05
9.338812103100486e-05
9.338812103100486e-05
9.338812103100486e-05
9.338812103100486e-05
9.338812103100486e-05
9.338812103100486e-05
9.338812103100486e-05
9.338812103100486e-05
9.338812103100486e-05
0.00018677624206200972
0.0002801643630930146
9.338812103100486e-05
9.338812103100486e-05
0.00018677624206200972
9.338812103100486e-05
9.338812103100486e-05
9.338812103100486e-05
9.338812103100486e-05
9.338812103100486e-05
9.338812103100486e-05
9.338812103100486e-05
9.338812103100486e-05
9.338812103100486e-05
0.00018677624206200972
9.338812103100486e-05
9.338812103100486e-05
0.0004669406051550243
9.338812103100486e-05
9.338812103100486e-05
9.338812103100486e-05
9.338812103100486e-05
0.0002801643630930146
9.338812103100486e-05
9.338812103100486e-05
9.338812103100486e-05
9.338812103100486e-05
9.338812103100486e-05
9.338812103100486e-05
9.338812103100486e-05
9.338812103100486e-05
9.338812103100486e-05
9.338812103100486e-05
9.338812103100486e-05
0.00018677624206200972
9.338812103100486e-05
9.338812103100486e-05
9.338812103100486e-05
9.338812103100486e-05
9.338812103100486e-05
9.338812103100486e-05
9.338812103100486e-05
0.00018677624206200972
0.00018677624206200972
0.00018677624206200972
9.338812103100486e-05
9.338812103100486e-05
9.338812103100486e-05
9.338812103100486e-05
9.338812103100486e-05
0.0002801643630930146
9.338812103100486e-05
9.338812103100486e-05
9.338812103100486e-05
9.338812103100486e-05
9.338812103100486e-05
9.338812103100486e-05
9.338812103100486e-05
9.338812103100486e-05
0.00018677624206200972
9.338812103100486e-05
9.338812103100486e-05
9.338812103100486e-05
9.338812103100486e-05
9.338812103100486e-05
9.338812103100486e-05
0.00018677624206200972
0.00018677624206200972
0.00018677624206200972
0.00018677624206200972
9.338812103100486e-05
9.338812103100486e-05
9.338812103100486e-05
9.338812103100486e-05
9.338812103100486e-05
9.338812103100486e-05
9.338812103100486e-05
9.338812103100486e-05
9.338812103100486e-05
9.338812103100486e-05
9.338812103100486e-05
9.338812103100486e-05
9.338812103100486e-05
0.00037355248412401944
0.00018677624206200972
0.00018677624206200972
0.00018677624206200972
9.338812103100486e-05
9.338812103100486e-05
9.338812103100486e-05
0.0002801643630930146
9.338812103100486e-05
9.338812103100486e-05
9.338812103100486e-05
9.338812103100486e-05
9.338812103100486e-05
0.00037355248412401944
9.338812103100486e-05
9.338812103100486e-05
0.00018677624206200972
0.00037355248412401944
0.0016809861785580874
0.00018677624206200972
0.00018677624206200972
9.338812103100486e-05
0.0002801643630930146
0.00037355248412401944
0.00018677624206200972
9.338812103100486e-05
9.338812103100486e-05
0.00018677624206200972
9.338812103100486e-05
9.338812103100486e-05
0.00018677624206200972
9.338812103100486e-05
9.338812103100486e-05
9.338812103100486e-05
9.338812103100486e-05
0.00018677624206200972
9.338812103100486e-05
0.00018677624206200972
9.338812103100486e-05
0.00018677624206200972
9.338812103100486e-05
9.338812103100486e-05
9.338812103100486e-05
0.00018677624206200972
9.338812103100486e-05
9.338812103100486e-05
9.338812103100486e-05
9.338812103100486e-05
9.338812103100486e-05
0.00018677624206200972
9.338812103100486e-05
9.338812103100486e-05
0.00018677624206200972
9.338812103100486e-05
9.338812103100486e-05
9.338812103100486e-05
9.338812103100486e-05
9.338812103100486e-05
9.338812103100486e-05
9.338812103100486e-05
9.338812103100486e-05
0.00018677624206200972
9.338812103100486e-05
9.338812103100486e-05
9.338812103100486e-05
9.338812103100486e-05
9.338812103100486e-05
9.338812103100486e-05
0.0004669406051550243
9.338812103100486e-05
9.338812103100486e-05
0.00037355248412401944
9.338812103100486e-05
9.338812103100486e-05
9.338812103100486e-05
9.338812103100486e-05
9.338812103100486e-05
9.338812103100486e-05
9.338812103100486e-05
0.00018677624206200972
9.338812103100486e-05
9.338812103100486e-05
9.338812103100486e-05
9.338812103100486e-05
9.338812103100486e-05
9.338812103100486e-05
9.338812103100486e-05
9.338812103100486e-05
9.338812103100486e-05
9.338812103100486e-05
9.338812103100486e-05
9.338812103100486e-05
9.338812103100486e-05
9.338812103100486e-05
9.338812103100486e-05
0.0002801643630930146
9.338812103100486e-05
9.338812103100486e-05
9.338812103100486e-05
9.338812103100486e-05
9.338812103100486e-05
9.338812103100486e-05
9.338812103100486e-05
9.338812103100486e-05
9.338812103100486e-05
9.338812103100486e-05
9.338812103100486e-05
9.338812103100486e-05
9.338812103100486e-05
9.338812103100486e-05
0.00018677624206200972
0.0002801643630930146
9.338812103100486e-05
9.338812103100486e-05
9.338812103100486e-05
9.338812103100486e-05
9.338812103100486e-05
9.338812103100486e-05
9.338812103100486e-05
9.338812103100486e-05
9.338812103100486e-05
9.338812103100486e-05
9.338812103100486e-05
9.338812103100486e-05
9.338812103100486e-05
9.338812103100486e-05
9.338812103100486e-05
9.338812103100486e-05
9.338812103100486e-05
9.338812103100486e-05
9.338812103100486e-05
9.338812103100486e-05
9.338812103100486e-05
9.338812103100486e-05
9.338812103100486e-05
9.338812103100486e-05
9.338812103100486e-05
9.338812103100486e-05
9.338812103100486e-05
9.338812103100486e-05
9.338812103100486e-05
9.338812103100486e-05
9.338812103100486e-05
9.338812103100486e-05
0.00018677624206200972
0.00018677624206200972
9.338812103100486e-05
9.338812103100486e-05
9.338812103100486e-05
9.338812103100486e-05
9.338812103100486e-05
9.338812103100486e-05
9.338812103100486e-05
9.338812103100486e-05
9.338812103100486e-05
9.338812103100486e-05
9.338812103100486e-05
9.338812103100486e-05
9.338812103100486e-05
9.338812103100486e-05
9.338812103100486e-05
9.338812103100486e-05
9.338812103100486e-05
9.338812103100486e-05
9.338812103100486e-05
9.338812103100486e-05
9.338812103100486e-05
9.338812103100486e-05
9.338812103100486e-05
9.338812103100486e-05
0.00018677624206200972
9.338812103100486e-05
9.338812103100486e-05
0.00018677624206200972
9.338812103100486e-05
9.338812103100486e-05
9.338812103100486e-05
9.338812103100486e-05
9.338812103100486e-05
9.338812103100486e-05
9.338812103100486e-05
9.338812103100486e-05
9.338812103100486e-05
9.338812103100486e-05
9.338812103100486e-05
9.338812103100486e-05
9.338812103100486e-05
9.338812103100486e-05
9.338812103100486e-05
9.338812103100486e-05
9.338812103100486e-05
9.338812103100486e-05
9.338812103100486e-05
9.338812103100486e-05
9.338812103100486e-05
9.338812103100486e-05
9.338812103100486e-05