0.008576329331046312
0.010634648370497428
0.029502572898799314
0.003430531732418525
0.019897084048027446
0.0013722126929674098
0.00034305317324185246
0.002058319039451115
0.005145797598627788
0.008919382504288165
0.0037735849056603774
0.0017152658662092624
0.003430531732418525
0.0017152658662092624
0.0017152658662092624
0.00034305317324185246
0.0037735849056603774
0.005831903945111492
0.0027444253859348197
0.0006861063464837049
0.0006861063464837049
0.0006861063464837049
0.0006861063464837049
0.0010291595197255575
0.0006861063464837049
0.00034305317324185246
0.00034305317324185246
0.0013722126929674098
0.00034305317324185246
0.0006861063464837049
0.00034305317324185246
0.00034305317324185246
0.0027444253859348197
0.00034305317324185246
0.0010291595197255575
0.002058319039451115
0.002058319039451115
0.00034305317324185246
0.00034305317324185246
0.00034305317324185246
0.0010291595197255575
0.0044596912521440825
0.00034305317324185246
0.005488850771869639
0.0027444253859348197
0.00034305317324185246
0.0006861063464837049
0.0024013722126929675
0.009262435677530018
0.002058319039451115
0.00034305317324185246
0.0006861063464837049
0.0024013722126929675
0.0010291595197255575
0.0010291595197255575
0.007547169811320755
0.00034305317324185246
0.00034305317324185246
0.003430531732418525
0.0006861063464837049
0.0006861063464837049
0.0027444253859348197
0.007204116638078902
0.00034305317324185246
0.0030874785591766723
0.0013722126929674098
0.0024013722126929675
0.0010291595197255575
0.0006861063464837049
0.0010291595197255575
0.0010291595197255575
0.00034305317324185246
0.00034305317324185246
0.00034305317324185246
0.00034305317324185246
0.002058319039451115
0.0024013722126929675
0.0006861063464837049
0.0006861063464837049
0.0006861063464837049
0.007204116638078902
0.007547169811320755
0.0010291595197255575
0.00034305317324185246
0.00034305317324185246
0.0006861063464837049
0.0010291595197255575
0.00034305317324185246
0.0006861063464837049
0.00034305317324185246
0.0010291595197255575
0.0010291595197255575
0.00034305317324185246
0.0006861063464837049
0.0010291595197255575
0.0010291595197255575
0.00034305317324185246
0.00034305317324185246
0.00034305317324185246
0.0006861063464837049
0.0024013722126929675
0.0010291595197255575
0.0006861063464837049
0.0006861063464837049
0.0010291595197255575
0.0006861063464837049
0.0010291595197255575
0.0024013722126929675
0.002058319039451115
0.00034305317324185246
0.0061749571183533445
0.0024013722126929675
0.0006861063464837049
0.0006861063464837049
0.00034305317324185246
0.0006861063464837049
0.00034305317324185246
0.00034305317324185246
0.002058319039451115
0.0013722126929674098
0.00034305317324185246
0.00034305317324185246
0.00034305317324185246
0.0044596912521440825
0.00034305317324185246
0.00034305317324185246
0.0013722126929674098
0.0006861063464837049
0.0006861063464837049
0.008576329331046312
0.0010291595197255575
0.0017152658662092624
0.0006861063464837049
0.00034305317324185246
0.0006861063464837049
0.003430531732418525
0.0006861063464837049
0.00034305317324185246
0.00034305317324185246
0.0027444253859348197
0.0013722126929674098
0.0037735849056603774
0.0037735849056603774
0.002058319039451115
0.00034305317324185246
0.0010291595197255575
0.00034305317324185246
0.002058319039451115
0.00034305317324185246
0.0010291595197255575
0.00034305317324185246
0.00034305317324185246
0.0010291595197255575
0.0017152658662092624
0.00034305317324185246
0.00034305317324185246
0.0017152658662092624
0.0027444253859348197
0.0010291595197255575
0.002058319039451115
0.0010291595197255575
0.0017152658662092624
0.0006861063464837049
0.0024013722126929675
0.002058319039451115
0.00034305317324185246
0.00034305317324185246
0.0017152658662092624
0.0013722126929674098
0.00034305317324185246
0.0006861063464837049
0.00034305317324185246
0.005488850771869639
0.002058319039451115
0.00034305317324185246
0.00034305317324185246
0.00034305317324185246
0.00034305317324185246
0.00034305317324185246
0.0006861063464837049
0.0010291595197255575
0.00034305317324185246
0.0006861063464837049
0.00034305317324185246
0.0006861063464837049
0.0006861063464837049
0.0006861063464837049
0.0010291595197255575
0.0010291595197255575
0.0010291595197255575
0.0006861063464837049
0.0030874785591766723
0.00034305317324185246
0.00034305317324185246
0.00034305317324185246
0.0010291595197255575
0.003430531732418525
0.0006861063464837049
0.0017152658662092624
0.00034305317324185246
0.00034305317324185246
0.00034305317324185246
0.002058319039451115
0.0010291595197255575
0.00034305317324185246
0.00034305317324185246
0.00034305317324185246
0.00034305317324185246
0.00034305317324185246
0.0030874785591766723
0.005145797598627788
0.0024013722126929675
0.00034305317324185246
0.00034305317324185246
0.00034305317324185246
0.0024013722126929675
0.00034305317324185246
0.0010291595197255575
0.002058319039451115
0.0024013722126929675
0.00034305317324185246
0.00034305317324185246
0.0027444253859348197
0.0013722126929674098
0.0010291595197255575
0.0027444253859348197
0.0006861063464837049
0.0010291595197255575
0.0006861063464837049
0.0006861063464837049
0.00034305317324185246
0.00034305317324185246
0.00034305317324185246
0.0013722126929674098
0.0013722126929674098
0.00034305317324185246
0.00034305317324185246
0.00034305317324185246
0.0006861063464837049
0.0006861063464837049
0.0010291595197255575
0.0013722126929674098
0.0010291595197255575
0.0006861063464837049
0.0010291595197255575
0.00034305317324185246
0.00034305317324185246
0.0017152658662092624
0.00034305317324185246
0.0006861063464837049
0.00034305317324185246
0.0024013722126929675
0.003430531732418525
0.0030874785591766723
0.0006861063464837049
0.002058319039451115
0.0006861063464837049
0.0006861063464837049
0.0006861063464837049
0.0017152658662092624
0.0006861063464837049
0.00034305317324185246
0.00034305317324185246
0.00034305317324185246
0.00034305317324185246
0.0010291595197255575
0.0006861063464837049
0.0010291595197255575
0.00034305317324185246
0.0006861063464837049
0.0010291595197255575
0.0006861063464837049
0.00034305317324185246
0.0013722126929674098
0.0006861063464837049
0.00034305317324185246
0.0024013722126929675
0.0006861063464837049
0.00034305317324185246
0.0006861063464837049
0.002058319039451115
0.0037735849056603774
0.0044596912521440825
0.005488850771869639
0.0044596912521440825
0.00034305317324185246
0.002058319039451115
0.0006861063464837049
0.0017152658662092624
0.002058319039451115
0.0010291595197255575
0.0013722126929674098
0.00034305317324185246
0.00034305317324185246
0.0006861063464837049
0.0013722126929674098
0.0010291595197255575
0.0006861063464837049
0.00034305317324185246
0.0006861063464837049
0.00034305317324185246
0.0030874785591766723
0.0037735849056603774
0.00034305317324185246
0.0010291595197255575
0.0006861063464837049
0.0010291595197255575
0.00034305317324185246
0.00034305317324185246
0.00034305317324185246
0.0006861063464837049
0.0006861063464837049
0.00034305317324185246
0.0013722126929674098
0.00034305317324185246
0.00034305317324185246
0.0006861063464837049
0.00034305317324185246
0.00034305317324185246
0.0010291595197255575
0.0006861063464837049
0.0010291595197255575
0.00034305317324185246
0.0027444253859348197
0.00034305317324185246
0.00034305317324185246
0.0006861063464837049
0.0017152658662092624
0.00034305317324185246
0.0006861063464837049
0.0017152658662092624
0.002058319039451115
0.002058319039451115
0.0013722126929674098
0.00034305317324185246
0.0006861063464837049
0.0006861063464837049
0.0006861063464837049
0.00034305317324185246
0.0013722126929674098
0.00411663807890223
0.00034305317324185246
0.00034305317324185246
0.00034305317324185246
0.00034305317324185246
0.00034305317324185246
0.0006861063464837049
0.00034305317324185246
0.00034305317324185246
0.0013722126929674098
0.0027444253859348197
0.00034305317324185246
0.00034305317324185246
0.00034305317324185246
0.00034305317324185246
0.0006861063464837049
0.00034305317324185246
0.0013722126929674098
0.00034305317324185246
0.0006861063464837049
0.0006861063464837049
0.00034305317324185246
0.0006861063464837049
0.00034305317324185246
0.00034305317324185246
0.0013722126929674098
0.00034305317324185246
0.0006861063464837049
0.00034305317324185246
0.00034305317324185246
0.0010291595197255575
0.00034305317324185246
0.00034305317324185246
0.0006861063464837049
0.0010291595197255575
0.00034305317324185246
0.00034305317324185246
0.00034305317324185246
0.00034305317324185246
0.00034305317324185246
0.0006861063464837049
0.0006861063464837049
0.0006861063464837049
0.002058319039451115
0.00034305317324185246
0.0006861063464837049
0.00034305317324185246
0.00034305317324185246
0.00034305317324185246
0.00034305317324185246
0.00034305317324185246
0.00034305317324185246
0.00034305317324185246
0.00034305317324185246
0.00034305317324185246
0.0010291595197255575
0.00034305317324185246
0.00034305317324185246
0.0010291595197255575
0.00034305317324185246
0.00034305317324185246
0.0006861063464837049
0.0006861063464837049
0.0024013722126929675
0.00034305317324185246
0.00034305317324185246
0.00034305317324185246
0.0006861063464837049
0.00034305317324185246
0.00034305317324185246
0.0006861063464837049
0.00034305317324185246
0.00034305317324185246
0.0013722126929674098
0.00034305317324185246
0.0010291595197255575
0.00034305317324185246
0.00034305317324185246
0.00034305317324185246
0.0006861063464837049
0.00034305317324185246
0.002058319039451115
0.00034305317324185246
0.00034305317324185246
0.0006861063464837049
0.0006861063464837049
0.005831903945111492
0.0006861063464837049
0.0006861063464837049
0.00034305317324185246
0.0006861063464837049
0.0006861063464837049
0.0010291595197255575
0.0013722126929674098
0.00034305317324185246
0.00034305317324185246
0.00034305317324185246
0.0006861063464837049
0.00034305317324185246
0.0006861063464837049
0.00034305317324185246
0.00034305317324185246
0.0013722126929674098
0.00034305317324185246
0.0010291595197255575
0.00034305317324185246
0.00034305317324185246
0.0013722126929674098
0.0010291595197255575
0.0006861063464837049
0.00034305317324185246
0.0010291595197255575
0.00034305317324185246
0.0006861063464837049
0.00034305317324185246
0.00034305317324185246
0.00034305317324185246
0.0006861063464837049
0.00034305317324185246
0.00034305317324185246
0.0006861063464837049
0.00034305317324185246
0.0006861063464837049
0.00034305317324185246
0.00034305317324185246
0.00034305317324185246
0.00034305317324185246
0.00034305317324185246
0.0010291595197255575
0.0006861063464837049
0.00034305317324185246
0.00034305317324185246
0.00034305317324185246
0.00034305317324185246
0.0006861063464837049
0.00034305317324185246
0.0013722126929674098
0.0010291595197255575
0.00034305317324185246
0.00411663807890223
0.0006861063464837049
0.00034305317324185246
0.00034305317324185246
0.00034305317324185246
0.0037735849056603774
0.00034305317324185246
0.00034305317324185246
0.0024013722126929675
0.0006861063464837049
0.0006861063464837049
0.0010291595197255575
0.0006861063464837049
0.0010291595197255575
0.0006861063464837049
0.0006861063464837049
0.0010291595197255575
0.00034305317324185246
0.00034305317324185246
0.00034305317324185246
0.00034305317324185246
0.00034305317324185246
0.00034305317324185246
0.0006861063464837049
0.0006861063464837049
0.00034305317324185246
0.00034305317324185246
0.0010291595197255575
0.00034305317324185246
0.0013722126929674098
0.0006861063464837049
0.00034305317324185246
0.00034305317324185246
0.0010291595197255575
0.00034305317324185246
0.0017152658662092624
0.0006861063464837049
0.00034305317324185246
0.00034305317324185246
0.00034305317324185246
0.00034305317324185246
0.0006861063464837049
0.0010291595197255575
0.00034305317324185246
0.0013722126929674098
0.00034305317324185246
0.00034305317324185246
0.00034305317324185246
0.0017152658662092624
0.0017152658662092624
0.00034305317324185246
0.00034305317324185246
0.00034305317324185246
0.00034305317324185246
0.002058319039451115
0.00034305317324185246
0.0010291595197255575
0.00034305317324185246
0.00034305317324185246
0.0006861063464837049
0.00034305317324185246
0.0006861063464837049
0.00034305317324185246
0.00034305317324185246
0.0006861063464837049
0.0013722126929674098
0.00034305317324185246
0.00034305317324185246
0.00034305317324185246
0.0010291595197255575
0.0037735849056603774
0.00034305317324185246
0.00034305317324185246
0.0006861063464837049
0.00034305317324185246
0.00034305317324185246
0.00034305317324185246
0.0013722126929674098
0.00034305317324185246
0.0006861063464837049
0.00034305317324185246
0.00034305317324185246
0.00034305317324185246
0.0006861063464837049
0.00034305317324185246
0.00034305317324185246
0.00034305317324185246
0.0010291595197255575
0.00034305317324185246
0.0006861063464837049
0.0006861063464837049
0.0006861063464837049
0.0006861063464837049
0.00034305317324185246
0.0017152658662092624
0.00034305317324185246
0.00034305317324185246
0.00034305317324185246
0.0006861063464837049
0.0006861063464837049
0.0006861063464837049
0.00034305317324185246
0.00034305317324185246
0.00034305317324185246
0.0010291595197255575
0.00034305317324185246
0.00034305317324185246
0.0006861063464837049
0.0017152658662092624
0.00034305317324185246
0.00034305317324185246
0.00034305317324185246
0.002058319039451115
0.00034305317324185246
0.0006861063464837049
0.00034305317324185246
0.0010291595197255575
0.00034305317324185246
0.00034305317324185246
0.0013722126929674098
0.00034305317324185246
0.00034305317324185246
0.0006861063464837049
0.0006861063464837049
0.00034305317324185246
0.0010291595197255575
0.0006861063464837049
0.00034305317324185246
0.0006861063464837049
0.0006861063464837049
0.0010291595197255575
0.00034305317324185246
0.0006861063464837049
0.00034305317324185246
0.00034305317324185246
0.00034305317324185246
0.00034305317324185246
0.0013722126929674098
0.0013722126929674098
0.00034305317324185246
0.00034305317324185246
0.0006861063464837049
0.0013722126929674098
0.0006861063464837049
0.0006861063464837049
0.0006861063464837049
0.0027444253859348197
0.00034305317324185246
0.00034305317324185246
0.0006861063464837049
0.00034305317324185246
0.00034305317324185246
0.0006861063464837049
0.00034305317324185246
0.0006861063464837049
0.00034305317324185246
0.0006861063464837049
0.00034305317324185246
0.0006861063464837049
0.00034305317324185246
0.00034305317324185246
0.00034305317324185246
0.0006861063464837049
0.00034305317324185246
0.0013722126929674098
0.00034305317324185246
0.00034305317324185246
0.00034305317324185246
0.0006861063464837049
0.0006861063464837049
0.0006861063464837049
0.0006861063464837049
0.0006861063464837049
0.0006861063464837049
0.0006861063464837049
0.00034305317324185246
0.0006861063464837049
0.0006861063464837049
0.00034305317324185246
0.0006861063464837049
0.00034305317324185246
0.0006861063464837049
0.00034305317324185246
0.00034305317324185246
0.00034305317324185246
0.00034305317324185246
0.00034305317324185246
0.00034305317324185246
0.00034305317324185246
0.00034305317324185246
0.0024013722126929675
0.00034305317324185246
0.00034305317324185246
0.00034305317324185246
0.00034305317324185246
0.00034305317324185246
0.00034305317324185246
0.0010291595197255575
0.0006861063464837049
0.00034305317324185246
0.00034305317324185246
0.00034305317324185246
0.00034305317324185246
0.00034305317324185246
0.00034305317324185246
0.0017152658662092624
0.0010291595197255575
0.0006861063464837049
0.00034305317324185246
0.0006861063464837049
0.0010291595197255575
0.00034305317324185246
0.00034305317324185246
0.0006861063464837049
0.00034305317324185246
0.00034305317324185246
0.0010291595197255575
0.0006861063464837049
0.0006861063464837049
0.0006861063464837049
0.00034305317324185246
0.00034305317324185246
0.00034305317324185246
0.00034305317324185246
0.00034305317324185246
0.00034305317324185246
0.00034305317324185246
0.0017152658662092624
0.00034305317324185246
0.00034305317324185246
0.00034305317324185246
0.0027444253859348197
0.006518010291595197
0.00034305317324185246
0.00034305317324185246
0.0010291595197255575
0.0013722126929674098
0.0006861063464837049
0.00034305317324185246
0.0027444253859348197
0.0013722126929674098
0.00034305317324185246
0.0006861063464837049
0.00034305317324185246
0.0006861063464837049
0.00034305317324185246
0.0006861063464837049
0.0006861063464837049
0.0006861063464837049
0.00034305317324185246
0.00034305317324185246
0.00034305317324185246
0.00034305317324185246
0.0017152658662092624
0.00034305317324185246
0.0013722126929674098
0.0010291595197255575
0.00034305317324185246
0.00034305317324185246
0.00034305317324185246
0.00034305317324185246
0.00034305317324185246
0.00034305317324185246
0.0006861063464837049
0.0013722126929674098
0.00034305317324185246
0.00034305317324185246
0.00034305317324185246
0.00034305317324185246
0.00034305317324185246
0.0006861063464837049
0.00034305317324185246
0.0006861063464837049
0.00034305317324185246
0.00034305317324185246
0.00034305317324185246
0.00034305317324185246
0.00034305317324185246
0.00034305317324185246
0.00034305317324185246
0.0006861063464837049
0.0006861063464837049
0.00034305317324185246
0.0013722126929674098
0.00034305317324185246
0.00034305317324185246
0.00034305317324185246
0.00034305317324185246
0.00034305317324185246
0.0006861063464837049
0.00034305317324185246
0.00034305317324185246
0.00034305317324185246
0.00034305317324185246
0.00034305317324185246
0.00034305317324185246
0.00034305317324185246
0.00034305317324185246
0.00034305317324185246
0.00034305317324185246
0.00034305317324185246
0.00034305317324185246
0.0006861063464837049
0.0017152658662092624
0.0006861063464837049
0.0013722126929674098
0.00034305317324185246
0.00034305317324185246
0.0010291595197255575
0.00034305317324185246
0.00034305317324185246
0.0010291595197255575
0.00034305317324185246
0.0006861063464837049
0.00034305317324185246
0.00034305317324185246
0.0006861063464837049
0.0006861063464837049
0.00034305317324185246
0.0006861063464837049
0.0006861063464837049
0.0006861063464837049
0.00034305317324185246
0.00034305317324185246
0.00034305317324185246
0.00034305317324185246
0.00034305317324185246
0.00034305317324185246
0.00034305317324185246
0.00034305317324185246
0.00034305317324185246
0.00034305317324185246
0.005145797598627788
0.00034305317324185246
0.00034305317324185246
0.00034305317324185246
0.00034305317324185246
0.00034305317324185246
0.00034305317324185246
0.00034305317324185246
0.00034305317324185246
0.00034305317324185246
0.00034305317324185246
0.00034305317324185246
0.0030874785591766723
0.00034305317324185246
0.00034305317324185246
0.00034305317324185246
0.00034305317324185246
0.0006861063464837049
0.0006861063464837049
0.0013722126929674098
0.0006861063464837049
0.00034305317324185246
0.00034305317324185246
0.00034305317324185246
0.00034305317324185246
0.0006861063464837049
0.00034305317324185246
0.00034305317324185246
0.00034305317324185246
0.00034305317324185246
0.0006861063464837049
0.00034305317324185246
0.00034305317324185246
0.00034305317324185246
0.0006861063464837049
0.0010291595197255575
0.0010291595197255575
0.0010291595197255575
0.0010291595197255575
0.0006861063464837049
0.00034305317324185246
0.0006861063464837049
0.00034305317324185246
0.0010291595197255575
0.00034305317324185246
0.0006861063464837049
0.00034305317324185246
0.0006861063464837049
0.00034305317324185246
0.0006861063464837049
0.0006861063464837049
0.00034305317324185246
0.00034305317324185246
0.00034305317324185246
0.0010291595197255575
0.00034305317324185246
0.0010291595197255575
0.0006861063464837049
0.00034305317324185246
0.00034305317324185246
0.00034305317324185246
0.00034305317324185246
0.0006861063464837049
0.00034305317324185246
0.00034305317324185246
0.0006861063464837049
0.00034305317324185246
0.0006861063464837049
0.0010291595197255575
0.00034305317324185246
0.00034305317324185246
0.00034305317324185246
0.00034305317324185246
0.00034305317324185246
0.0010291595197255575
0.00034305317324185246
0.00034305317324185246
0.00034305317324185246
0.00034305317324185246
0.00034305317324185246
0.00034305317324185246
0.00034305317324185246
0.00034305317324185246
0.00034305317324185246
0.00034305317324185246
0.00034305317324185246
0.00034305317324185246
0.00034305317324185246
0.0010291595197255575
0.00034305317324185246
0.00034305317324185246
0.00034305317324185246
0.00034305317324185246
0.00034305317324185246
0.00034305317324185246
0.00034305317324185246
0.0010291595197255575
0.0010291595197255575
0.00034305317324185246
0.00034305317324185246
0.00034305317324185246
0.00034305317324185246
0.00034305317324185246
0.00034305317324185246
0.00034305317324185246
0.00034305317324185246
0.00034305317324185246
0.00034305317324185246
0.00034305317324185246
0.00034305317324185246
0.00034305317324185246
0.00034305317324185246
0.00034305317324185246
0.00034305317324185246
0.00034305317324185246
0.00034305317324185246
0.00034305317324185246
0.0006861063464837049
0.00034305317324185246
0.00034305317324185246
0.0006861063464837049
0.00034305317324185246
0.0006861063464837049
0.00034305317324185246
0.00034305317324185246
0.00034305317324185246
0.00034305317324185246
0.0006861063464837049
0.0006861063464837049
0.00034305317324185246
0.00034305317324185246
0.00034305317324185246
0.00034305317324185246
0.00034305317324185246
0.00034305317324185246
0.00034305317324185246
0.00034305317324185246
0.0006861063464837049
0.0006861063464837049
0.0006861063464837049
0.00034305317324185246
0.00034305317324185246
0.00034305317324185246
0.00034305317324185246
0.00034305317324185246
0.00034305317324185246
0.00034305317324185246
0.00034305317324185246
0.00034305317324185246
0.0006861063464837049
0.00034305317324185246
0.00034305317324185246
0.00034305317324185246
0.00034305317324185246
0.00034305317324185246
0.00034305317324185246
0.00034305317324185246
0.00034305317324185246
0.00034305317324185246
0.00034305317324185246
0.0006861063464837049
0.00034305317324185246
0.00034305317324185246
0.0006861063464837049
0.00034305317324185246
0.00034305317324185246
0.00034305317324185246
0.00034305317324185246
0.00034305317324185246
0.00034305317324185246
0.00034305317324185246
0.00034305317324185246
0.00034305317324185246
0.00034305317324185246
0.00034305317324185246
0.00034305317324185246
0.0013722126929674098
0.00034305317324185246
0.00034305317324185246
0.00034305317324185246
0.0017152658662092624
0.0006861063464837049
0.00034305317324185246
0.0006861063464837049
0.00034305317324185246
0.00034305317324185246
0.00034305317324185246
0.00034305317324185246
0.00034305317324185246
0.00034305317324185246
0.00034305317324185246
0.0010291595197255575
0.0006861063464837049
0.00034305317324185246
0.00034305317324185246
0.00034305317324185246
0.0010291595197255575
0.00034305317324185246
0.00034305317324185246
0.00034305317324185246
0.00034305317324185246
0.0006861063464837049
0.00034305317324185246
0.0010291595197255575
0.00034305317324185246
0.00034305317324185246
0.00034305317324185246
0.00034305317324185246
0.00034305317324185246
0.00034305317324185246
0.00034305317324185246
0.00034305317324185246
0.00034305317324185246
0.00034305317324185246
0.00034305317324185246
0.00034305317324185246
0.00034305317324185246
0.00034305317324185246
0.00034305317324185246
0.00034305317324185246
0.00034305317324185246
0.00034305317324185246
0.0006861063464837049
0.00034305317324185246
0.00034305317324185246
0.0006861063464837049
0.0006861063464837049
0.0006861063464837049
0.00034305317324185246
0.00034305317324185246
0.00034305317324185246
0.00034305317324185246
0.00034305317324185246
0.00034305317324185246
0.00034305317324185246
0.00034305317324185246
0.00034305317324185246
0.00034305317324185246
0.00034305317324185246
0.00034305317324185246
0.00034305317324185246
0.00034305317324185246
0.00034305317324185246
0.00034305317324185246
0.00034305317324185246
0.00034305317324185246
0.00034305317324185246
0.00034305317324185246
0.00034305317324185246
0.00034305317324185246
0.00034305317324185246
0.00034305317324185246
0.00034305317324185246
0.0006861063464837049
0.00034305317324185246
0.00034305317324185246
0.0006861063464837049
0.00034305317324185246
0.00034305317324185246
0.00034305317324185246
0.00034305317324185246
0.00034305317324185246
0.00034305317324185246
0.00034305317324185246
0.00034305317324185246
0.0006861063464837049
0.00034305317324185246
0.00034305317324185246
0.00034305317324185246
0.00034305317324185246
0.00034305317324185246
0.00034305317324185246
0.00034305317324185246
0.00034305317324185246
0.00034305317324185246
0.0006861063464837049
0.0010291595197255575
0.0006861063464837049
0.00034305317324185246
0.00034305317324185246
0.00034305317324185246
0.00034305317324185246
0.00034305317324185246
0.00034305317324185246
0.0013722126929674098
0.00034305317324185246
0.0010291595197255575
0.00034305317324185246
0.0006861063464837049
0.00034305317324185246
0.00034305317324185246
0.0006861063464837049
0.00034305317324185246
0.00034305317324185246
0.00034305317324185246
0.00034305317324185246
0.00034305317324185246
0.00034305317324185246
0.00034305317324185246
0.00034305317324185246
0.00034305317324185246
0.00034305317324185246
0.00034305317324185246
0.00034305317324185246
0.00034305317324185246
0.00034305317324185246
0.00034305317324185246
0.0006861063464837049
0.00034305317324185246
0.00034305317324185246
0.00034305317324185246
0.00034305317324185246
0.00034305317324185246
0.0006861063464837049
0.00034305317324185246
0.0006861063464837049
0.00034305317324185246
0.00034305317324185246
0.00034305317324185246
0.00034305317324185246
0.0006861063464837049
0.00034305317324185246
0.00034305317324185246
0.00034305317324185246
0.00034305317324185246
0.00034305317324185246
0.00034305317324185246
0.00034305317324185246
0.00034305317324185246
0.00034305317324185246
0.00034305317324185246
0.00034305317324185246
0.00034305317324185246
0.00034305317324185246
0.00034305317324185246
0.00034305317324185246
0.0006861063464837049
0.00034305317324185246
0.00034305317324185246
0.00034305317324185246
0.00034305317324185246
0.0010291595197255575
0.00034305317324185246
0.00034305317324185246
0.00034305317324185246
0.00034305317324185246
0.00034305317324185246
0.00034305317324185246
0.00034305317324185246
0.00034305317324185246
0.00034305317324185246
0.00034305317324185246
0.0010291595197255575
0.0006861063464837049
0.0017152658662092624
0.00034305317324185246
0.0006861063464837049
0.00034305317324185246
0.00034305317324185246
0.00034305317324185246
0.00034305317324185246
0.00034305317324185246
0.00034305317324185246
0.00034305317324185246
0.00034305317324185246
0.00034305317324185246
0.00034305317324185246
0.00034305317324185246
0.00034305317324185246
0.00034305317324185246
0.0006861063464837049
0.0006861063464837049
0.0006861063464837049
0.00034305317324185246
0.00034305317324185246
0.00034305317324185246
0.00034305317324185246
0.00034305317324185246
0.00034305317324185246
0.00034305317324185246
0.00034305317324185246
0.00034305317324185246
0.00034305317324185246
0.00034305317324185246
0.00034305317324185246
0.00034305317324185246