0.0004769854519437157
0.01335559265442404
0.003100405437634152
0.0014309563558311473
0.0026234199856904365
0.0009539709038874314
0.0007154781779155736
0.003100405437634152
0.021702838063439065
0.0009539709038874314
0.004531361793465299
0.0004769854519437157
0.0004769854519437157
0.0004769854519437157
0.0004769854519437157
0.00023849272597185786
0.00023849272597185786
0.00023849272597185786
0.015979012640114476
0.0014309563558311473
0.0023849272597185785
0.0004769854519437157
0.0004769854519437157
0.0004769854519437157
0.0007154781779155736
0.0004769854519437157
0.0004769854519437157
0.0004769854519437157
0.011447650846649178
0.0019079418077748629
0.0004769854519437157
0.0007154781779155736
0.0004769854519437157
0.0004769854519437157
0.0023849272597185785
0.0009539709038874314
0.00023849272597185786
0.01669449081803005
0.0007154781779155736
0.0004769854519437157
0.0007154781779155736
0.0004769854519437157
0.0019079418077748629
0.0011924636298592892
0.0019079418077748629
0.0014309563558311473
0.0007154781779155736
0.0007154781779155736
0.001669449081803005
0.0004769854519437157
0.0009539709038874314
0.007870259957071309
0.0011924636298592892
0.0007154781779155736
0.0004769854519437157
0.0004769854519437157
0.0004769854519437157
0.0009539709038874314
0.0009539709038874314
0.0007154781779155736
0.0007154781779155736
0.0009539709038874314
0.0011924636298592892
0.0019079418077748629
0.0014309563558311473
0.0004769854519437157
0.005246839971380873
0.0004769854519437157
0.0009539709038874314
0.002146434533746721
0.0004769854519437157
0.0004769854519437157
0.0004769854519437157
0.0026234199856904365
0.0007154781779155736
0.0007154781779155736
0.0007154781779155736
0.005485332697352731
0.0007154781779155736
0.0007154781779155736
0.001669449081803005
0.0014309563558311473
0.0004769854519437157
0.0004769854519437157
0.0019079418077748629
0.0009539709038874314
0.00023849272597185786
0.00023849272597185786
0.0007154781779155736
0.0009539709038874314
0.0023849272597185785
0.0004769854519437157
0.00023849272597185786
0.00023849272597185786
0.0019079418077748629
0.0009539709038874314
0.0009539709038874314
0.008108752683043167
0.00023849272597185786
0.00023849272597185786
0.00023849272597185786
0.0023849272597185785
0.0009539709038874314
0.0009539709038874314
0.00023849272597185786
0.00023849272597185786
0.0019079418077748629
0.00023849272597185786
0.00333889816360601
0.0014309563558311473
0.005008347245409015
0.00023849272597185786
0.00023849272597185786
0.00023849272597185786
0.00023849272597185786
0.00023849272597185786
0.00023849272597185786
0.0019079418077748629
0.00023849272597185786
0.0014309563558311473
0.00023849272597185786
0.0028619127116622945
0.00023849272597185786
0.004769854519437157
0.0011924636298592892
0.00023849272597185786
0.00023849272597185786
0.00023849272597185786
0.002146434533746721
0.00023849272597185786
0.0004769854519437157
0.0007154781779155736
0.0004769854519437157
0.0011924636298592892
0.008108752683043167
0.0019079418077748629
0.00333889816360601
0.00023849272597185786
0.00023849272597185786
0.005723825423324589
0.0019079418077748629
0.0007154781779155736
0.00023849272597185786
0.00023849272597185786
0.0004769854519437157
0.0009539709038874314
0.004531361793465299
0.002146434533746721
0.00023849272597185786
0.0004769854519437157
0.00023849272597185786
0.007154781779155735
0.006200810875268304
0.0007154781779155736
0.0004769854519437157
0.0009539709038874314
0.00023849272597185786
0.00023849272597185786
0.0038158836155497257
0.0004769854519437157
0.0009539709038874314
0.00023849272597185786
0.016932983544001908
0.0004769854519437157
0.002146434533746721
0.004054376341521584
0.00023849272597185786
0.0011924636298592892
0.00333889816360601
0.00023849272597185786
0.00023849272597185786
0.00023849272597185786
0.0009539709038874314
0.0009539709038874314
0.00023849272597185786
0.0009539709038874314
0.00023849272597185786
0.00023849272597185786
0.001669449081803005
0.0004769854519437157
0.00023849272597185786
0.0009539709038874314
0.00023849272597185786
0.00023849272597185786
0.00023849272597185786
0.00023849272597185786
0.001669449081803005
0.00023849272597185786
0.0004769854519437157
0.0004769854519437157
0.0019079418077748629
0.0007154781779155736
0.00023849272597185786
0.00023849272597185786
0.0004769854519437157
0.0007154781779155736
0.0011924636298592892
0.00023849272597185786
0.0009539709038874314
0.00023849272597185786
0.0004769854519437157
0.00023849272597185786
0.00023849272597185786
0.00023849272597185786
0.0007154781779155736
0.00023849272597185786
0.00023849272597185786
0.00023849272597185786
0.0009539709038874314
0.00023849272597185786
0.0007154781779155736
0.0004769854519437157
0.002146434533746721
0.0004769854519437157
0.00023849272597185786
0.00023849272597185786
0.00023849272597185786
0.00023849272597185786
0.0007154781779155736
0.00023849272597185786
0.00023849272597185786
0.0004769854519437157
0.0004769854519437157
0.00023849272597185786
0.0004769854519437157
0.00023849272597185786
0.0004769854519437157
0.003100405437634152
0.00023849272597185786
0.0009539709038874314
0.0009539709038874314
0.00023849272597185786
0.00023849272597185786
0.00023849272597185786
0.0004769854519437157
0.0007154781779155736
0.00023849272597185786
0.005485332697352731
0.0011924636298592892
0.0007154781779155736
0.0009539709038874314
0.00023849272597185786
0.00023849272597185786
0.00023849272597185786
0.0007154781779155736
0.00023849272597185786
0.0007154781779155736
0.0014309563558311473
0.0028619127116622945
0.0014309563558311473
0.00023849272597185786
0.00023849272597185786
0.0004769854519437157
0.0004769854519437157
0.00023849272597185786
0.0007154781779155736
0.0007154781779155736
0.00023849272597185786
0.00023849272597185786
0.0009539709038874314
0.00023849272597185786
0.00023849272597185786
0.0028619127116622945
0.0007154781779155736
0.00023849272597185786
0.0004769854519437157
0.00023849272597185786
0.0009539709038874314
0.001669449081803005
0.0009539709038874314
0.00023849272597185786
0.0009539709038874314
0.00023849272597185786
0.00023849272597185786
0.00023849272597185786
0.0004769854519437157
0.00023849272597185786
0.00023849272597185786
0.00023849272597185786
0.0004769854519437157
0.0004769854519437157
0.00023849272597185786
0.00023849272597185786
0.00023849272597185786
0.00023849272597185786
0.0004769854519437157
0.0023849272597185785
0.00023849272597185786
0.00023849272597185786
0.0004769854519437157
0.0009539709038874314
0.00333889816360601
0.00023849272597185786
0.00023849272597185786
0.0007154781779155736
0.00333889816360601
0.0004769854519437157
0.0004769854519437157
0.0009539709038874314
0.0014309563558311473
0.00023849272597185786
0.0009539709038874314
0.0004769854519437157
0.00023849272597185786
0.00023849272597185786
0.00023849272597185786
0.0007154781779155736
0.0009539709038874314
0.0011924636298592892
0.0004769854519437157
0.0009539709038874314
0.0007154781779155736
0.00023849272597185786
0.00023849272597185786
0.0011924636298592892
0.0007154781779155736
0.001669449081803005
0.0009539709038874314
0.0009539709038874314
0.00023849272597185786
0.0004769854519437157
0.00023849272597185786
0.00023849272597185786
0.0011924636298592892
0.00023849272597185786
0.0004769854519437157
0.00023849272597185786
0.0004769854519437157
0.00023849272597185786
0.00023849272597185786
0.0004769854519437157
0.004054376341521584
0.00023849272597185786
0.00023849272597185786
0.0028619127116622945
0.0007154781779155736
0.0004769854519437157
0.00023849272597185786
0.00023849272597185786
0.00023849272597185786
0.00023849272597185786
0.00023849272597185786
0.00023849272597185786
0.0009539709038874314
0.0014309563558311473
0.002146434533746721
0.0007154781779155736
0.00023849272597185786
0.00023849272597185786
0.0009539709038874314
0.002146434533746721
0.0007154781779155736
0.00333889816360601
0.00023849272597185786
0.0004769854519437157
0.0007154781779155736
0.00023849272597185786
0.0007154781779155736
0.0004769854519437157
0.00023849272597185786
0.00023849272597185786
0.00023849272597185786
0.004531361793465299
0.0004769854519437157
0.0007154781779155736
0.0004769854519437157
0.0007154781779155736
0.00023849272597185786
0.00023849272597185786
0.00023849272597185786
0.00023849272597185786
0.00023849272597185786
0.0004769854519437157
0.00023849272597185786
0.0028619127116622945
0.00023849272597185786
0.0004769854519437157
0.0011924636298592892
0.00023849272597185786
0.00023849272597185786
0.01001669449081803
0.007154781779155735
0.007870259957071309
0.00023849272597185786
0.00023849272597185786
0.0004769854519437157
0.00023849272597185786
0.0004769854519437157
0.0007154781779155736
0.003100405437634152
0.0004769854519437157
0.00023849272597185786
0.0004769854519437157
0.00023849272597185786
0.001669449081803005
0.0004769854519437157
0.0035773908895778677
0.00333889816360601
0.0007154781779155736
0.00023849272597185786
0.0011924636298592892
0.0007154781779155736
0.0023849272597185785
0.00023849272597185786
0.00023849272597185786
0.0004769854519437157
0.00023849272597185786
0.00023849272597185786
0.00023849272597185786
0.00023849272597185786
0.00023849272597185786
0.00023849272597185786
0.0004769854519437157
0.0007154781779155736
0.0007154781779155736
0.0011924636298592892
0.0014309563558311473
0.00023849272597185786
0.0004769854519437157
0.00023849272597185786
0.00023849272597185786
0.00023849272597185786
0.00023849272597185786
0.00023849272597185786
0.00023849272597185786
0.0004769854519437157
0.001669449081803005
0.0004769854519437157
0.00023849272597185786
0.0014309563558311473
0.001669449081803005
0.0014309563558311473
0.0004769854519437157
0.0004769854519437157
0.001669449081803005
0.0004769854519437157
0.0004769854519437157
0.00023849272597185786
0.0007154781779155736
0.00023849272597185786
0.0004769854519437157
0.00023849272597185786
0.00023849272597185786
0.0004769854519437157
0.00023849272597185786
0.0004769854519437157
0.0009539709038874314
0.0009539709038874314
0.0014309563558311473
0.001669449081803005
0.0009539709038874314
0.0004769854519437157
0.0004769854519437157
0.00023849272597185786
0.00023849272597185786
0.0004769854519437157
0.00023849272597185786
0.0007154781779155736
0.0004769854519437157
0.00023849272597185786
0.00023849272597185786
0.00023849272597185786
0.0004769854519437157
0.00023849272597185786
0.0019079418077748629
0.00023849272597185786
0.00023849272597185786
0.0019079418077748629
0.00023849272597185786
0.00023849272597185786
0.00023849272597185786
0.0009539709038874314
0.00023849272597185786
0.00023849272597185786
0.0004769854519437157
0.00023849272597185786
0.0028619127116622945
0.00023849272597185786
0.0004769854519437157
0.00023849272597185786
0.0004769854519437157
0.00023849272597185786
0.0007154781779155736
0.00023849272597185786
0.0007154781779155736
0.00023849272597185786
0.0004769854519437157
0.0009539709038874314
0.0014309563558311473
0.00023849272597185786
0.0009539709038874314
0.00023849272597185786
0.00023849272597185786
0.0007154781779155736
0.00023849272597185786
0.00023849272597185786
0.0004769854519437157
0.00023849272597185786
0.00023849272597185786
0.0004769854519437157
0.00023849272597185786
0.00023849272597185786
0.00023849272597185786
0.0007154781779155736
0.00023849272597185786
0.0009539709038874314
0.00023849272597185786
0.00023849272597185786
0.0007154781779155736
0.00023849272597185786
0.00023849272597185786
0.00023849272597185786
0.00023849272597185786
0.00023849272597185786
0.0004769854519437157
0.00023849272597185786
0.00023849272597185786
0.0011924636298592892
0.0004769854519437157
0.0007154781779155736
0.0011924636298592892
0.0014309563558311473
0.00023849272597185786
0.00023849272597185786
0.00023849272597185786
0.004054376341521584
0.00023849272597185786
0.00023849272597185786
0.0004769854519437157
0.00023849272597185786
0.0004769854519437157
0.00023849272597185786
0.00023849272597185786
0.00023849272597185786
0.0009539709038874314
0.0004769854519437157
0.001669449081803005
0.00023849272597185786
0.00023849272597185786
0.00023849272597185786
0.00023849272597185786
0.0011924636298592892
0.00023849272597185786
0.00023849272597185786
0.00023849272597185786
0.00023849272597185786
0.00023849272597185786
0.0004769854519437157
0.0011924636298592892
0.00023849272597185786
0.00023849272597185786
0.0004769854519437157
0.00023849272597185786
0.00023849272597185786
0.00023849272597185786
0.0004769854519437157
0.00023849272597185786
0.00023849272597185786
0.0009539709038874314
0.0004769854519437157
0.00023849272597185786
0.00023849272597185786
0.00023849272597185786
0.00023849272597185786
0.00023849272597185786
0.00023849272597185786
0.00023849272597185786
0.00023849272597185786
0.00023849272597185786
0.0007154781779155736
0.00023849272597185786
0.00023849272597185786
0.0004769854519437157
0.0009539709038874314
0.0007154781779155736
0.00023849272597185786
0.00023849272597185786
0.0014309563558311473
0.0009539709038874314
0.00023849272597185786
0.0009539709038874314
0.0004769854519437157
0.00023849272597185786
0.00023849272597185786
0.00023849272597185786
0.0004769854519437157
0.00023849272597185786
0.00023849272597185786
0.00023849272597185786
0.00023849272597185786
0.00023849272597185786
0.00023849272597185786
0.00023849272597185786
0.00023849272597185786
0.00023849272597185786
0.00023849272597185786
0.00023849272597185786
0.00023849272597185786
0.00023849272597185786
0.00023849272597185786
0.00023849272597185786
0.00023849272597185786
0.00023849272597185786
0.00023849272597185786
0.00023849272597185786
0.0004769854519437157
0.00023849272597185786
0.00023849272597185786
0.00023849272597185786
0.00023849272597185786
0.00023849272597185786
0.00023849272597185786
0.00023849272597185786
0.0004769854519437157
0.0004769854519437157
0.00023849272597185786
0.00023849272597185786
0.00023849272597185786
0.00023849272597185786
0.0004769854519437157
0.0004769854519437157
0.002146434533746721
0.00023849272597185786
0.0009539709038874314
0.00023849272597185786
0.00023849272597185786
0.0004769854519437157
0.0009539709038874314
0.00023849272597185786
0.0004769854519437157
0.0007154781779155736
0.00023849272597185786
0.0004769854519437157
0.00023849272597185786
0.0004769854519437157
0.001669449081803005
0.0007154781779155736
0.00023849272597185786
0.00023849272597185786
0.00023849272597185786
0.00023849272597185786
0.0009539709038874314
0.0009539709038874314
0.00023849272597185786
0.00023849272597185786
0.00023849272597185786
0.0004769854519437157
0.00023849272597185786
0.00023849272597185786
0.0009539709038874314
0.00023849272597185786
0.00023849272597185786
0.00023849272597185786
0.0004769854519437157
0.0004769854519437157
0.0004769854519437157
0.0004769854519437157
0.00023849272597185786
0.00023849272597185786
0.00023849272597185786
0.00023849272597185786
0.00023849272597185786
0.00023849272597185786
0.00023849272597185786
0.0004769854519437157
0.00023849272597185786
0.00023849272597185786
0.00023849272597185786
0.00023849272597185786
0.00023849272597185786
0.00023849272597185786
0.00023849272597185786
0.00023849272597185786
0.00023849272597185786
0.00023849272597185786
0.00023849272597185786
0.0007154781779155736
0.00023849272597185786
0.00023849272597185786
0.0004769854519437157
0.00023849272597185786
0.0007154781779155736
0.00023849272597185786
0.00023849272597185786
0.0007154781779155736
0.0004769854519437157
0.00023849272597185786
0.00023849272597185786
0.0011924636298592892
0.00023849272597185786
0.00023849272597185786
0.0004769854519437157
0.00023849272597185786
0.00023849272597185786
0.0004769854519437157
0.00023849272597185786
0.00023849272597185786
0.00023849272597185786
0.00023849272597185786
0.0004769854519437157
0.00023849272597185786
0.0007154781779155736
0.00023849272597185786
0.00023849272597185786
0.0007154781779155736
0.0004769854519437157
0.0004769854519437157
0.00023849272597185786
0.00023849272597185786
0.00023849272597185786
0.00023849272597185786
0.0004769854519437157
0.00023849272597185786
0.00023849272597185786
0.0004769854519437157
0.0011924636298592892
0.0004769854519437157
0.0007154781779155736
0.0004769854519437157
0.0004769854519437157
0.00023849272597185786
0.00023849272597185786
0.00023849272597185786
0.00023849272597185786
0.00023849272597185786
0.0014309563558311473
0.0007154781779155736
0.00023849272597185786
0.0009539709038874314
0.00023849272597185786
0.00023849272597185786
0.00023849272597185786
0.00023849272597185786
0.0004769854519437157
0.00023849272597185786
0.00023849272597185786
0.00023849272597185786
0.00023849272597185786
0.00023849272597185786
0.00023849272597185786
0.00023849272597185786
0.0004769854519437157
0.00023849272597185786
0.0014309563558311473
0.00023849272597185786
0.00023849272597185786
0.0007154781779155736
0.00023849272597185786
0.00023849272597185786
0.0009539709038874314
0.00023849272597185786
0.00023849272597185786
0.0007154781779155736
0.00023849272597185786
0.00023849272597185786
0.00023849272597185786
0.00023849272597185786
0.00023849272597185786
0.00023849272597185786
0.00023849272597185786
0.00023849272597185786
0.0004769854519437157
0.0009539709038874314
0.0023849272597185785
0.0014309563558311473
0.0004769854519437157
0.0004769854519437157
0.00023849272597185786
0.00023849272597185786
0.00023849272597185786
0.0023849272597185785
0.0009539709038874314
0.00023849272597185786
0.001669449081803005
0.00023849272597185786
0.00023849272597185786
0.00023849272597185786
0.00023849272597185786
0.0007154781779155736
0.00023849272597185786
0.00023849272597185786
0.00023849272597185786
0.0007154781779155736
0.0007154781779155736
0.0004769854519437157
0.0007154781779155736
0.00023849272597185786
0.00023849272597185786
0.00023849272597185786
0.0009539709038874314
0.0011924636298592892
0.0004769854519437157
0.0007154781779155736
0.00023849272597185786
0.00023849272597185786
0.0009539709038874314
0.00023849272597185786
0.0004769854519437157
0.0004769854519437157
0.00023849272597185786
0.0004769854519437157
0.0009539709038874314
0.0009539709038874314
0.00023849272597185786
0.0004769854519437157
0.00023849272597185786
0.00023849272597185786
0.00023849272597185786
0.00023849272597185786
0.00023849272597185786
0.0009539709038874314
0.00023849272597185786
0.00023849272597185786
0.00023849272597185786
0.00023849272597185786
0.0011924636298592892
0.00023849272597185786
0.00023849272597185786
0.0004769854519437157
0.00023849272597185786
0.00023849272597185786
0.00023849272597185786
0.00023849272597185786
0.0004769854519437157
0.00023849272597185786
0.0009539709038874314
0.0007154781779155736
0.0007154781779155736
0.00023849272597185786
0.00023849272597185786
0.00023849272597185786
0.0004769854519437157
0.0004769854519437157
0.0004769854519437157
0.0004769854519437157
0.00023849272597185786
0.00023849272597185786
0.00023849272597185786
0.0004769854519437157
0.0004769854519437157
0.00023849272597185786
0.0011924636298592892
0.00023849272597185786
0.0009539709038874314
0.0007154781779155736
0.0019079418077748629
0.0007154781779155736
0.0009539709038874314
0.0007154781779155736
0.002146434533746721
0.0007154781779155736
0.0011924636298592892
0.00023849272597185786
0.0007154781779155736
0.0023849272597185785
0.0023849272597185785
0.0007154781779155736
0.00023849272597185786
0.0007154781779155736
0.00023849272597185786
0.0011924636298592892
0.002146434533746721
0.0007154781779155736
0.0009539709038874314
0.001669449081803005
0.0004769854519437157
0.00023849272597185786
0.00023849272597185786
0.0004769854519437157
0.00023849272597185786
0.00023849272597185786
0.0011924636298592892
0.0011924636298592892
0.00023849272597185786
0.0004769854519437157
0.00023849272597185786
0.0004769854519437157
0.0004769854519437157
0.0004769854519437157
0.00023849272597185786
0.00023849272597185786
0.0004769854519437157
0.00023849272597185786
0.00023849272597185786
0.00023849272597185786
0.0004769854519437157
0.0004769854519437157
0.00023849272597185786
0.00023849272597185786
0.00023849272597185786
0.00023849272597185786
0.00023849272597185786
0.00023849272597185786
0.00023849272597185786
0.00023849272597185786
0.00023849272597185786
0.0004769854519437157
0.00023849272597185786
0.0007154781779155736
0.00023849272597185786
0.0004769854519437157
0.00023849272597185786
0.00023849272597185786
0.00023849272597185786
0.00023849272597185786
0.00023849272597185786
0.00023849272597185786
0.00023849272597185786
0.00023849272597185786
0.00023849272597185786
0.0004769854519437157
0.00023849272597185786
0.0014309563558311473
0.0004769854519437157
0.0004769854519437157
0.00023849272597185786
0.00023849272597185786
0.00023849272597185786
0.00023849272597185786
0.00023849272597185786
0.0004769854519437157
0.00023849272597185786
0.0014309563558311473
0.00023849272597185786
0.0004769854519437157
0.00023849272597185786
0.0004769854519437157
0.0004769854519437157
0.00023849272597185786
0.0004769854519437157
0.00023849272597185786
0.00023849272597185786
0.00023849272597185786
0.0004769854519437157
0.00023849272597185786
0.0007154781779155736
0.00023849272597185786
0.00023849272597185786
0.00023849272597185786
0.00023849272597185786
0.00023849272597185786
0.00023849272597185786
0.0004769854519437157
0.00023849272597185786
0.0004769854519437157
0.00023849272597185786
0.00023849272597185786
0.00023849272597185786
0.00023849272597185786
0.00023849272597185786
0.00023849272597185786
0.00023849272597185786
0.00023849272597185786
0.00023849272597185786
0.00023849272597185786
0.0004769854519437157
0.00023849272597185786
0.0007154781779155736
0.00023849272597185786
0.00023849272597185786
0.00023849272597185786
0.00023849272597185786
0.00023849272597185786
0.0011924636298592892
0.00023849272597185786
0.00023849272597185786
0.00023849272597185786
0.0014309563558311473
0.00023849272597185786
0.0007154781779155736
0.00023849272597185786
0.00023849272597185786
0.00023849272597185786
0.00023849272597185786
0.00023849272597185786
0.0011924636298592892
0.00023849272597185786
0.00023849272597185786
0.00023849272597185786
0.00023849272597185786
0.0007154781779155736
0.00023849272597185786
0.0004769854519437157
0.0009539709038874314
0.00023849272597185786
0.00023849272597185786
0.00023849272597185786
0.0004769854519437157
0.0004769854519437157
0.00023849272597185786
0.00023849272597185786
0.0004769854519437157
0.00023849272597185786
0.00023849272597185786
0.00023849272597185786
0.00023849272597185786
0.00023849272597185786
0.005723825423324589
0.0004769854519437157
0.00023849272597185786
0.00023849272597185786
0.00023849272597185786
0.00023849272597185786
0.00023849272597185786
0.00023849272597185786
0.0011924636298592892
0.00023849272597185786
0.00023849272597185786
0.0011924636298592892
0.00023849272597185786
0.00023849272597185786
0.00023849272597185786
0.00023849272597185786
0.0011924636298592892
0.00023849272597185786
0.00023849272597185786
0.0004769854519437157
0.00023849272597185786
0.00023849272597185786
0.00023849272597185786
0.0004769854519437157
0.00023849272597185786
0.00023849272597185786
0.00023849272597185786
0.0004769854519437157
0.00023849272597185786
0.00023849272597185786
0.00023849272597185786
0.00023849272597185786
0.00023849272597185786
0.00023849272597185786
0.00023849272597185786
0.0004769854519437157
0.0004769854519437157
0.0004769854519437157
0.00023849272597185786
0.00023849272597185786
0.00023849272597185786
0.00023849272597185786
0.00023849272597185786
0.00023849272597185786
0.00023849272597185786
0.00023849272597185786
0.00023849272597185786
0.00023849272597185786
0.0007154781779155736
0.00023849272597185786
0.00023849272597185786
0.00023849272597185786
0.0007154781779155736
0.00023849272597185786
0.00023849272597185786
0.00023849272597185786
0.001669449081803005
0.00023849272597185786
0.00023849272597185786
0.00023849272597185786
0.00023849272597185786
0.00023849272597185786
0.0004769854519437157
0.00023849272597185786
0.0004769854519437157
0.00023849272597185786
0.00023849272597185786
0.0004769854519437157
0.00023849272597185786
0.00023849272597185786
0.0011924636298592892
0.0028619127116622945
0.0004769854519437157
0.0004769854519437157
0.0011924636298592892
0.00023849272597185786
0.00023849272597185786
0.00023849272597185786
0.00023849272597185786
0.00023849272597185786
0.0004769854519437157
0.0004769854519437157
0.00023849272597185786
0.00023849272597185786
0.00023849272597185786
0.00023849272597185786
0.00023849272597185786
0.00023849272597185786
0.00023849272597185786
0.00023849272597185786
0.00023849272597185786
0.0004769854519437157
0.00023849272597185786
0.00023849272597185786
0.00023849272597185786
0.00023849272597185786
0.00023849272597185786
0.00023849272597185786
0.00023849272597185786
0.0004769854519437157
0.0004769854519437157
0.00023849272597185786
0.0004769854519437157
0.00023849272597185786
0.0014309563558311473
0.0007154781779155736
0.0007154781779155736
0.0007154781779155736
0.0009539709038874314
0.0004769854519437157
0.0004769854519437157
0.0004769854519437157
0.0009539709038874314
0.0004769854519437157
0.0004769854519437157
0.002146434533746721
0.00023849272597185786
0.00023849272597185786
0.00023849272597185786
0.00023849272597185786
0.00023849272597185786
0.00023849272597185786
0.00023849272597185786
0.00023849272597185786
0.00023849272597185786
0.0007154781779155736
0.00023849272597185786
0.0004769854519437157
0.00023849272597185786
0.00023849272597185786
0.00023849272597185786
0.00023849272597185786
0.00023849272597185786
0.00023849272597185786
0.00023849272597185786
0.00023849272597185786
0.00023849272597185786
0.0004769854519437157
0.00023849272597185786
0.00023849272597185786
0.00023849272597185786
0.00023849272597185786
0.00023849272597185786
0.00023849272597185786
0.00023849272597185786
0.00023849272597185786
0.00023849272597185786
0.00023849272597185786
0.0004769854519437157
0.00023849272597185786
0.00023849272597185786
0.00023849272597185786
0.00023849272597185786
0.00023849272597185786
0.00023849272597185786
0.0004769854519437157
0.00023849272597185786
0.00023849272597185786
0.00023849272597185786
0.00023849272597185786
0.00023849272597185786
0.0004769854519437157
0.0004769854519437157
0.00023849272597185786
0.00023849272597185786
0.00023849272597185786
0.00023849272597185786
0.00023849272597185786
0.0004769854519437157
0.00023849272597185786
0.0019079418077748629
0.00023849272597185786
0.00023849272597185786
0.0007154781779155736
0.0004769854519437157
0.0007154781779155736
0.00023849272597185786
0.00023849272597185786
0.0007154781779155736
0.00023849272597185786
0.00023849272597185786
0.0007154781779155736
0.00023849272597185786
0.00023849272597185786
0.00023849272597185786
0.00023849272597185786
0.0007154781779155736
0.0007154781779155736
0.0014309563558311473
0.00023849272597185786
0.00023849272597185786
0.00023849272597185786
0.00023849272597185786
0.0004769854519437157
0.00023849272597185786
0.0004769854519437157
0.00023849272597185786
0.00023849272597185786
0.0004769854519437157
0.00023849272597185786
0.00023849272597185786
0.00023849272597185786
0.00023849272597185786
0.00023849272597185786
0.00023849272597185786
0.0004769854519437157
0.00023849272597185786
0.00023849272597185786
0.00023849272597185786
0.00023849272597185786
0.00023849272597185786
0.0004769854519437157
0.00023849272597185786
0.00023849272597185786
0.00023849272597185786
0.00023849272597185786
0.00023849272597185786
0.0004769854519437157
0.0004769854519437157
0.0004769854519437157
0.00023849272597185786
0.00023849272597185786
0.00023849272597185786
0.0007154781779155736
0.0007154781779155736
0.0014309563558311473
0.0007154781779155736
0.0007154781779155736
0.0009539709038874314
0.00023849272597185786
0.00023849272597185786
0.00023849272597185786
0.00023849272597185786
0.00023849272597185786
0.00023849272597185786
0.00023849272597185786
0.0004769854519437157
0.00023849272597185786
0.00023849272597185786
0.0004769854519437157
0.0004769854519437157
0.00023849272597185786
0.00023849272597185786
0.00023849272597185786
0.00023849272597185786
0.00023849272597185786
0.00023849272597185786
0.00023849272597185786
0.00023849272597185786
0.00023849272597185786
0.00023849272597185786
0.00023849272597185786
0.00023849272597185786
0.00023849272597185786
0.00023849272597185786
0.00023849272597185786
0.00023849272597185786
0.00023849272597185786
0.0004769854519437157
0.0004769854519437157
0.0007154781779155736
0.0007154781779155736
0.00023849272597185786
0.00023849272597185786
0.00023849272597185786
0.00023849272597185786
0.00023849272597185786
0.00023849272597185786
0.00023849272597185786
0.00023849272597185786
0.00023849272597185786
0.00023849272597185786
0.00023849272597185786
0.00023849272597185786
0.00023849272597185786
0.00023849272597185786
0.00023849272597185786
0.00023849272597185786
0.0004769854519437157
0.00023849272597185786
0.00023849272597185786
0.00023849272597185786
0.00023849272597185786
0.0004769854519437157
0.00023849272597185786
0.00023849272597185786
0.0007154781779155736
0.00023849272597185786
0.00023849272597185786
0.00023849272597185786
0.00023849272597185786
0.00023849272597185786
0.0004769854519437157
0.00023849272597185786
0.00023849272597185786
0.0004769854519437157
0.00023849272597185786
0.00023849272597185786
0.00023849272597185786
0.00023849272597185786
0.00023849272597185786
0.00023849272597185786
0.00023849272597185786
0.00023849272597185786
0.00023849272597185786
0.00023849272597185786
0.00023849272597185786
0.00023849272597185786
0.00023849272597185786
0.00023849272597185786
0.00023849272597185786
0.00023849272597185786
0.00023849272597185786
0.00023849272597185786
0.00023849272597185786
0.0004769854519437157
0.0004769854519437157
0.00023849272597185786
0.00023849272597185786
0.00023849272597185786
0.00023849272597185786
0.0004769854519437157
0.00023849272597185786
0.00023849272597185786
0.00023849272597185786
0.0004769854519437157
0.00023849272597185786
0.00023849272597185786
0.00023849272597185786
0.00023849272597185786
0.00023849272597185786
0.00023849272597185786
0.0004769854519437157
0.00023849272597185786
0.00023849272597185786
0.00023849272597185786
0.00023849272597185786
0.00023849272597185786
0.00023849272597185786
0.00023849272597185786
0.00023849272597185786
0.00023849272597185786
0.00023849272597185786
0.00023849272597185786
0.00023849272597185786
0.00023849272597185786
0.00023849272597185786
0.00023849272597185786
0.00023849272597185786
0.00023849272597185786
0.00023849272597185786
0.00023849272597185786
0.00023849272597185786
0.0004769854519437157
0.00023849272597185786
0.0007154781779155736
0.00023849272597185786
0.00023849272597185786
0.00023849272597185786
0.00023849272597185786
0.00023849272597185786
0.00023849272597185786
0.00023849272597185786
0.00023849272597185786
0.00023849272597185786
0.00023849272597185786
0.00023849272597185786
0.00023849272597185786
0.0004769854519437157
0.00023849272597185786
0.0007154781779155736
0.00023849272597185786
0.00023849272597185786
0.00023849272597185786
0.00023849272597185786
0.00023849272597185786
0.00023849272597185786
0.00023849272597185786
0.00023849272597185786
0.00023849272597185786
0.00023849272597185786
0.00023849272597185786
0.0004769854519437157
0.00023849272597185786
0.0009539709038874314
0.00023849272597185786
0.0004769854519437157
0.00023849272597185786
0.00023849272597185786
0.0004769854519437157
0.0004769854519437157
0.0007154781779155736
0.0007154781779155736
0.0004769854519437157
0.0004769854519437157
0.0004769854519437157
0.0004769854519437157
0.0007154781779155736
0.0004769854519437157
0.0004769854519437157
0.0004769854519437157
0.0004769854519437157
0.00023849272597185786
0.00023849272597185786
0.00023849272597185786
0.0009539709038874314
0.0004769854519437157
0.0004769854519437157
0.0007154781779155736
0.0004769854519437157
0.0004769854519437157
0.0004769854519437157
0.0007154781779155736
0.0004769854519437157
0.0004769854519437157
0.0004769854519437157
0.0004769854519437157
0.0004769854519437157
0.00023849272597185786
0.0004769854519437157
0.0004769854519437157
0.00023849272597185786
0.00023849272597185786
0.0004769854519437157
0.0004769854519437157
0.0004769854519437157
0.0004769854519437157
0.0004769854519437157
0.0004769854519437157
0.0004769854519437157
0.0004769854519437157
0.0007154781779155736
0.00023849272597185786
0.0004769854519437157
0.00023849272597185786
0.0004769854519437157
0.0011924636298592892
0.0014309563558311473
0.00023849272597185786
0.0004769854519437157
0.0004769854519437157
0.0004769854519437157
0.0004769854519437157
0.0004769854519437157
0.00023849272597185786
0.0004769854519437157
0.00023849272597185786
0.00023849272597185786
0.00023849272597185786
0.00023849272597185786
0.00023849272597185786
0.00023849272597185786
0.00023849272597185786
0.0004769854519437157
0.0004769854519437157
0.0004769854519437157
0.0004769854519437157
0.00023849272597185786
0.0004769854519437157
0.00023849272597185786
0.00023849272597185786
0.0004769854519437157
0.0004769854519437157
0.0004769854519437157
0.00023849272597185786
0.00023849272597185786
0.0004769854519437157
0.0004769854519437157
0.0004769854519437157
0.0007154781779155736
0.0007154781779155736
0.0004769854519437157
0.0004769854519437157
0.0004769854519437157
0.0004769854519437157
0.0011924636298592892
0.00023849272597185786
0.00023849272597185786
0.00023849272597185786
0.00023849272597185786
0.00023849272597185786
0.002146434533746721
0.0004769854519437157
0.0023849272597185785
0.00023849272597185786
0.0004769854519437157
0.00023849272597185786
0.0011924636298592892
0.00023849272597185786
0.00023849272597185786
0.00023849272597185786
0.00023849272597185786
0.00023849272597185786
0.00023849272597185786
0.00023849272597185786
0.00023849272597185786
0.00023849272597185786
0.00023849272597185786
0.00023849272597185786
0.00023849272597185786
0.00023849272597185786
0.00023849272597185786
0.0004769854519437157
0.00023849272597185786
0.00023849272597185786
0.00023849272597185786
0.00023849272597185786
0.00023849272597185786
0.00023849272597185786
0.00023849272597185786
0.00023849272597185786
0.00023849272597185786
0.00023849272597185786
0.0004769854519437157
0.0014309563558311473
0.00023849272597185786
0.0004769854519437157
0.00023849272597185786
0.00023849272597185786
0.00023849272597185786
0.00023849272597185786
0.00023849272597185786
0.00023849272597185786
0.00023849272597185786
0.00023849272597185786
0.00023849272597185786
0.00023849272597185786
0.00023849272597185786
0.0004769854519437157
0.0004769854519437157
0.0004769854519437157
0.0007154781779155736
0.0007154781779155736
0.00023849272597185786
0.00023849272597185786
0.00023849272597185786
0.00023849272597185786
0.00023849272597185786
0.00023849272597185786
0.00023849272597185786
0.00023849272597185786
0.00023849272597185786
0.00023849272597185786
0.00023849272597185786
0.0007154781779155736
0.00023849272597185786
0.00023849272597185786
0.00023849272597185786
0.00023849272597185786
0.00023849272597185786
0.00023849272597185786
0.00023849272597185786
0.00023849272597185786
0.0004769854519437157
0.00023849272597185786
0.00023849272597185786
0.00023849272597185786
0.00023849272597185786
0.0004769854519437157
0.00023849272597185786
0.00023849272597185786
0.00023849272597185786
0.00023849272597185786
0.00023849272597185786
0.00023849272597185786
0.00023849272597185786
0.00023849272597185786
0.00023849272597185786
0.00023849272597185786
0.00023849272597185786
0.00023849272597185786