0.027124773960216998
0.013863773357444244
0.004822182037371911
0.0012055455093429777
0.0012055455093429777
0.0018083182640144665
0.0006027727546714888
0.0006027727546714888
0.023508137432188065
0.0006027727546714888
0.0018083182640144665
0.0012055455093429777
0.0012055455093429777
0.0012055455093429777
0.0006027727546714888
0.0024110910186859553
0.0006027727546714888
0.0006027727546714888
0.0012055455093429777
0.0006027727546714888
0.0006027727546714888
0.0024110910186859553
0.0012055455093429777
0.0006027727546714888
0.0018083182640144665
0.0018083182640144665
0.013863773357444244
0.016877637130801686
0.004822182037371911
0.0024110910186859553
0.0006027727546714888
0.0006027727546714888
0.0006027727546714888
0.0006027727546714888
0.0018083182640144665
0.012658227848101266
0.0030138637733574444
0.0018083182640144665
0.007836045810729355
0.0006027727546714888
0.003616636528028933
0.0006027727546714888
0.0006027727546714888
0.0012055455093429777
0.0012055455093429777
0.0018083182640144665
0.006027727546714889
0.01567209162145871
0.003616636528028933
0.0012055455093429777
0.0006027727546714888
0.003616636528028933
0.0018083182640144665
0.006027727546714889
0.006027727546714889
0.0012055455093429777
0.0006027727546714888
0.0006027727546714888
0.014466546112115732
0.0012055455093429777
0.004219409282700422
0.0012055455093429777
0.0006027727546714888
0.0018083182640144665
0.0162748643761302
0.0006027727546714888
0.0024110910186859553
0.0006027727546714888
0.0006027727546714888
0.0012055455093429777
0.004822182037371911
0.003616636528028933
0.0024110910186859553
0.0006027727546714888
0.0054249547920434
0.0012055455093429777
0.0012055455093429777
0.0006027727546714888
0.0012055455093429777
0.0012055455093429777
0.0006027727546714888
0.0006027727546714888
0.0018083182640144665
0.0006027727546714888
0.0006027727546714888
0.0024110910186859553
0.0012055455093429777
0.0006027727546714888
0.0024110910186859553
0.0006027727546714888
0.0030138637733574444
0.0006027727546714888
0.0006027727546714888
0.0012055455093429777
0.0006027727546714888
0.0012055455093429777
0.0018083182640144665
0.0018083182640144665
0.0012055455093429777
0.0012055455093429777
0.0018083182640144665
0.0012055455093429777
0.003616636528028933
0.0012055455093429777
0.0006027727546714888
0.0006027727546714888
0.0030138637733574444
0.0024110910186859553
0.0006027727546714888
0.0006027727546714888
0.0054249547920434
0.0024110910186859553
0.0006027727546714888
0.0012055455093429777
0.0024110910186859553
0.0006027727546714888
0.0006027727546714888
0.0006027727546714888
0.0006027727546714888
0.0006027727546714888
0.0006027727546714888
0.004219409282700422
0.0006027727546714888
0.0054249547920434
0.0012055455093429777
0.0018083182640144665
0.0012055455093429777
0.004822182037371911
0.0006027727546714888
0.0006027727546714888
0.0006027727546714888
0.0018083182640144665
0.0006027727546714888
0.0006027727546714888
0.0006027727546714888
0.0024110910186859553
0.0006027727546714888
0.0006027727546714888
0.0012055455093429777
0.0006027727546714888
0.0012055455093429777
0.0006027727546714888
0.004219409282700422
0.0006027727546714888
0.0006027727546714888
0.0012055455093429777
0.0006027727546714888
0.0012055455093429777
0.0006027727546714888
0.0012055455093429777
0.0006027727546714888
0.0006027727546714888
0.0006027727546714888
0.0012055455093429777
0.0006027727546714888
0.0018083182640144665
0.0012055455093429777
0.0006027727546714888
0.0018083182640144665
0.0054249547920434
0.007836045810729355
0.0018083182640144665
0.0024110910186859553
0.0018083182640144665
0.0006027727546714888
0.0006027727546714888
0.0006027727546714888
0.0006027727546714888
0.0012055455093429777
0.0012055455093429777
0.0006027727546714888
0.0006027727546714888
0.0006027727546714888
0.0006027727546714888
0.0018083182640144665
0.0006027727546714888
0.0006027727546714888
0.003616636528028933
0.0006027727546714888
0.0012055455093429777
0.0024110910186859553
0.0018083182640144665
0.0006027727546714888
0.0012055455093429777
0.0006027727546714888
0.0006027727546714888
0.0006027727546714888
0.0006027727546714888
0.0006027727546714888
0.0006027727546714888
0.0006027727546714888
0.0006027727546714888
0.0012055455093429777
0.0024110910186859553
0.0018083182640144665
0.0006027727546714888
0.0006027727546714888
0.0012055455093429777
0.0018083182640144665
0.0012055455093429777
0.0006027727546714888
0.0006027727546714888
0.0006027727546714888
0.003616636528028933
0.0006027727546714888
0.0006027727546714888
0.0012055455093429777
0.0006027727546714888
0.0006027727546714888
0.0018083182640144665
0.0006027727546714888
0.0006027727546714888
0.0006027727546714888
0.0018083182640144665
0.0018083182640144665
0.0006027727546714888
0.0006027727546714888
0.0006027727546714888
0.0006027727546714888
0.0006027727546714888
0.0006027727546714888
0.0012055455093429777
0.007836045810729355
0.0006027727546714888
0.0012055455093429777
0.0030138637733574444
0.0006027727546714888
0.0006027727546714888
0.0006027727546714888
0.0006027727546714888
0.0006027727546714888
0.0006027727546714888
0.0012055455093429777
0.0018083182640144665
0.0012055455093429777
0.0006027727546714888
0.0006027727546714888
0.0012055455093429777
0.0006027727546714888
0.0006027727546714888
0.0006027727546714888
0.0018083182640144665
0.0006027727546714888
0.0006027727546714888
0.0012055455093429777
0.0006027727546714888
0.0024110910186859553
0.010247136829415311
0.0006027727546714888
0.0006027727546714888
0.0006027727546714888
0.0012055455093429777
0.0006027727546714888
0.0006027727546714888
0.0012055455093429777
0.0006027727546714888
0.0006027727546714888
0.0006027727546714888
0.0006027727546714888
0.0006027727546714888
0.004822182037371911
0.0006027727546714888
0.007836045810729355
0.0030138637733574444
0.0030138637733574444
0.0012055455093429777
0.0012055455093429777
0.0006027727546714888
0.0006027727546714888
0.0012055455093429777
0.0018083182640144665
0.0024110910186859553
0.0012055455093429777
0.0024110910186859553
0.0006027727546714888
0.0006027727546714888
0.0012055455093429777
0.0012055455093429777
0.0006027727546714888
0.0006027727546714888
0.0006027727546714888
0.0030138637733574444
0.0006027727546714888
0.0006027727546714888
0.003616636528028933
0.0018083182640144665
0.0024110910186859553
0.0006027727546714888
0.0012055455093429777
0.0006027727546714888
0.0018083182640144665
0.0018083182640144665
0.0018083182640144665
0.0006027727546714888
0.0006027727546714888
0.0012055455093429777
0.0012055455093429777
0.0006027727546714888
0.0024110910186859553
0.0006027727546714888
0.0006027727546714888
0.0012055455093429777
0.0006027727546714888
0.0006027727546714888
0.0006027727546714888
0.0006027727546714888
0.0006027727546714888
0.0006027727546714888
0.0006027727546714888
0.0012055455093429777
0.0006027727546714888
0.0006027727546714888
0.0018083182640144665
0.0006027727546714888
0.0006027727546714888
0.0006027727546714888
0.0006027727546714888
0.0006027727546714888
0.0012055455093429777
0.0006027727546714888
0.0012055455093429777
0.0006027727546714888
0.0024110910186859553
0.003616636528028933
0.0012055455093429777
0.0006027727546714888
0.0018083182640144665
0.0012055455093429777
0.0018083182640144665
0.0006027727546714888
0.0012055455093429777
0.0012055455093429777
0.0006027727546714888
0.0012055455093429777
0.004219409282700422
0.0006027727546714888
0.0012055455093429777
0.0006027727546714888
0.0006027727546714888
0.0024110910186859553
0.0018083182640144665
0.004822182037371911
0.0006027727546714888
0.0006027727546714888
0.0012055455093429777
0.0006027727546714888
0.0006027727546714888
0.0030138637733574444
0.0018083182640144665
0.0018083182640144665
0.0012055455093429777
0.0006027727546714888
0.0006027727546714888
0.0012055455093429777
0.0006027727546714888
0.0006027727546714888
0.0024110910186859553
0.0018083182640144665
0.0024110910186859553
0.0006027727546714888
0.0006027727546714888
0.0006027727546714888
0.0012055455093429777
0.0018083182640144665
0.0012055455093429777
0.0006027727546714888
0.0012055455093429777
0.003616636528028933
0.0012055455093429777
0.0030138637733574444
0.0006027727546714888
0.0012055455093429777
0.0006027727546714888
0.0006027727546714888
0.0006027727546714888
0.0006027727546714888
0.0006027727546714888
0.0006027727546714888
0.0006027727546714888
0.0006027727546714888
0.0006027727546714888
0.0006027727546714888
0.0018083182640144665
0.0006027727546714888
0.0012055455093429777
0.0024110910186859553
0.0006027727546714888
0.0006027727546714888
0.0012055455093429777
0.0012055455093429777
0.0012055455093429777
0.0006027727546714888
0.0006027727546714888
0.0006027727546714888
0.0006027727546714888
0.0006027727546714888
0.0012055455093429777
0.0012055455093429777
0.0006027727546714888
0.0030138637733574444
0.0030138637733574444
0.0006027727546714888
0.0006027727546714888
0.0006027727546714888
0.0006027727546714888
0.0006027727546714888
0.0006027727546714888
0.0006027727546714888
0.0006027727546714888
0.0006027727546714888
0.0012055455093429777
0.0006027727546714888
0.0018083182640144665
0.0012055455093429777
0.0030138637733574444
0.0012055455093429777
0.0006027727546714888
0.0006027727546714888
0.0018083182640144665
0.0006027727546714888
0.003616636528028933
0.0018083182640144665
0.0006027727546714888
0.0012055455093429777
0.0006027727546714888
0.0006027727546714888
0.0006027727546714888
0.0006027727546714888
0.0012055455093429777
0.0012055455093429777
0.0006027727546714888
0.0006027727546714888
0.0006027727546714888
0.0012055455093429777
0.0012055455093429777
0.0006027727546714888
0.0006027727546714888
0.0006027727546714888
0.0006027727546714888
0.0018083182640144665
0.0006027727546714888
0.0006027727546714888
0.0006027727546714888
0.0006027727546714888
0.0006027727546714888
0.0006027727546714888
0.0006027727546714888
0.0006027727546714888
0.0006027727546714888
0.0006027727546714888
0.0006027727546714888
0.0006027727546714888
0.0012055455093429777
0.0012055455093429777
0.0006027727546714888
0.0006027727546714888
0.0030138637733574444
0.0006027727546714888
0.0012055455093429777
0.0006027727546714888
0.0006027727546714888
0.0012055455093429777
0.0006027727546714888
0.0006027727546714888
0.0006027727546714888
0.0012055455093429777
0.0006027727546714888
0.0006027727546714888
0.0006027727546714888
0.0006027727546714888
0.0006027727546714888
0.0006027727546714888
0.0012055455093429777
0.0006027727546714888
0.0006027727546714888
0.0006027727546714888
0.0006027727546714888
0.0006027727546714888
0.0006027727546714888
0.0012055455093429777
0.0012055455093429777
0.0006027727546714888
0.0006027727546714888
0.0012055455093429777
0.0012055455093429777
0.0006027727546714888
0.0006027727546714888
0.0006027727546714888
0.0006027727546714888
0.0006027727546714888
0.0006027727546714888
0.0006027727546714888
0.0006027727546714888
0.0006027727546714888
0.0006027727546714888
0.0012055455093429777
0.0006027727546714888
0.0006027727546714888
0.0012055455093429777
0.0006027727546714888
0.0006027727546714888
0.006027727546714889
0.0006027727546714888
0.0006027727546714888
0.0006027727546714888
0.0006027727546714888
0.0012055455093429777
0.0006027727546714888
0.0012055455093429777
0.0012055455093429777
0.0006027727546714888
0.0006027727546714888
0.0012055455093429777
0.0006027727546714888
0.0006027727546714888
0.0006027727546714888
0.0006027727546714888
0.0012055455093429777
0.0024110910186859553
0.0024110910186859553
0.0006027727546714888
0.0006027727546714888
0.0018083182640144665
0.0006027727546714888
0.0006027727546714888
0.0006027727546714888
0.0006027727546714888
0.0006027727546714888
0.0006027727546714888
0.0006027727546714888
0.0012055455093429777
0.0006027727546714888
0.0006027727546714888
0.0006027727546714888
0.0006027727546714888
0.0006027727546714888
0.0006027727546714888
0.0006027727546714888
0.0006027727546714888
0.0006027727546714888
0.0006027727546714888
0.0006027727546714888
0.0006027727546714888
0.0006027727546714888
0.0006027727546714888
0.0006027727546714888
0.0012055455093429777
0.0012055455093429777
0.0006027727546714888
0.0006027727546714888
0.0012055455093429777
0.0006027727546714888
0.0006027727546714888
0.0006027727546714888
0.0006027727546714888
0.0006027727546714888
0.0018083182640144665
0.0012055455093429777
0.0006027727546714888
0.0006027727546714888
0.0006027727546714888
0.0006027727546714888
0.004822182037371911
0.0012055455093429777
0.0006027727546714888
0.0006027727546714888
0.0012055455093429777
0.0006027727546714888
0.0006027727546714888
0.0018083182640144665
0.0012055455093429777
0.0006027727546714888
0.0006027727546714888
0.0006027727546714888
0.0006027727546714888
0.0006027727546714888
0.0006027727546714888
0.0006027727546714888
0.0006027727546714888
0.0006027727546714888
0.0012055455093429777
0.0006027727546714888
0.0006027727546714888
0.0006027727546714888
0.0006027727546714888
0.0018083182640144665
0.0006027727546714888
0.0006027727546714888
0.0006027727546714888
0.0006027727546714888
0.0006027727546714888
0.0006027727546714888
0.0006027727546714888
0.0006027727546714888
0.0006027727546714888
0.0012055455093429777
0.0006027727546714888
0.0018083182640144665
0.0018083182640144665
0.0006027727546714888
0.0006027727546714888
0.0006027727546714888
0.0006027727546714888
0.0012055455093429777
0.0006027727546714888
0.0006027727546714888
0.0006027727546714888
0.0006027727546714888
0.0006027727546714888
0.0012055455093429777
0.0006027727546714888
0.0006027727546714888
0.0006027727546714888
0.0006027727546714888
0.0006027727546714888
0.0006027727546714888
0.0006027727546714888
0.0012055455093429777
0.0006027727546714888
0.0006027727546714888
0.0006027727546714888
0.0006027727546714888
0.0006027727546714888
0.0006027727546714888
0.0006027727546714888
0.0006027727546714888
0.0006027727546714888
0.0006027727546714888
0.0006027727546714888
0.0012055455093429777
0.0006027727546714888
0.0006027727546714888
0.0006027727546714888
0.0006027727546714888
0.0006027727546714888
0.0006027727546714888
0.0006027727546714888
0.0006027727546714888
0.0006027727546714888
0.0006027727546714888
0.0006027727546714888
0.0012055455093429777
0.0006027727546714888
0.0006027727546714888
0.0006027727546714888
0.0006027727546714888
0.0006027727546714888
0.0006027727546714888
0.0012055455093429777
0.0006027727546714888
0.0006027727546714888
0.0006027727546714888
0.0006027727546714888
0.0006027727546714888
0.0006027727546714888
0.0006027727546714888
0.0006027727546714888
0.0012055455093429777
0.0006027727546714888
0.0006027727546714888
0.0006027727546714888
0.0006027727546714888
0.0006027727546714888
0.0006027727546714888
0.0006027727546714888
0.0006027727546714888
0.0006027727546714888
0.0006027727546714888
0.0006027727546714888
0.0006027727546714888
0.0006027727546714888
0.0006027727546714888
0.0006027727546714888
0.0006027727546714888
0.0012055455093429777
0.0006027727546714888
0.0018083182640144665
0.0012055455093429777
0.0006027727546714888
0.0006027727546714888
0.0006027727546714888
0.0006027727546714888
0.0012055455093429777
0.0006027727546714888
0.0006027727546714888
0.0006027727546714888
0.0006027727546714888
0.0006027727546714888
0.0006027727546714888
0.0006027727546714888
0.0006027727546714888
0.0006027727546714888
0.0006027727546714888
0.0006027727546714888
0.0006027727546714888
0.0006027727546714888
0.0006027727546714888
0.0006027727546714888
0.0006027727546714888
0.0006027727546714888
0.0006027727546714888
0.0006027727546714888
0.0006027727546714888
0.0006027727546714888
0.0012055455093429777
0.0006027727546714888
0.0006027727546714888
0.0012055455093429777
0.0006027727546714888
0.0006027727546714888
0.0006027727546714888
0.0006027727546714888
0.0006027727546714888
0.0006027727546714888
0.0024110910186859553
0.0006027727546714888
0.0006027727546714888
0.0006027727546714888
0.0006027727546714888
0.0006027727546714888
0.0006027727546714888
0.0012055455093429777
0.0006027727546714888
0.0006027727546714888
0.0006027727546714888
0.0006027727546714888
0.0006027727546714888
0.0006027727546714888
0.0006027727546714888
0.0012055455093429777
0.0012055455093429777
0.0012055455093429777
0.0012055455093429777
0.0012055455093429777
0.0012055455093429777
0.0012055455093429777
0.0012055455093429777
0.0006027727546714888
0.0006027727546714888
0.0006027727546714888
0.0012055455093429777
0.0018083182640144665
0.0006027727546714888
0.0006027727546714888
0.0006027727546714888
0.0006027727546714888
0.0012055455093429777
0.0006027727546714888
0.0006027727546714888
0.0030138637733574444
0.0006027727546714888
0.0006027727546714888
0.0012055455093429777
0.0012055455093429777
0.0006027727546714888
0.0006027727546714888
0.0006027727546714888
0.0006027727546714888
0.0006027727546714888
0.0006027727546714888
0.0006027727546714888
0.0006027727546714888
0.0006027727546714888