0.0034569453174104338
0.008170961659333752
0.013513513513513514
0.00031426775612822125
0.0009428032683846638
0.0009428032683846638
0.005342551854179761
0.0034569453174104338
0.0018856065367693275
0.00031426775612822125
0.02011313639220616
0.010685103708359522
0.00754242614707731
0.00031426775612822125
0.00031426775612822125
0.003771213073538655
0.00031426775612822125
0.00031426775612822125
0.00031426775612822125
0.0009428032683846638
0.00031426775612822125
0.0018856065367693275
0.00785669390320553
0.005971087366436203
0.001257071024512885
0.0015713387806411063
0.00031426775612822125
0.00031426775612822125
0.0015713387806411063
0.0021998742928975488
0.00031426775612822125
0.00031426775612822125
0.0006285355122564425
0.0043997485857950975
0.0043997485857950975
0.008170961659333752
0.0006285355122564425
0.0028284098051539913
0.00031426775612822125
0.00031426775612822125
0.0006285355122564425
0.001257071024512885
0.00031426775612822125
0.00031426775612822125
0.0006285355122564425
0.0006285355122564425
0.0021998742928975488
0.007228158390949088
0.0015713387806411063
0.004714016341923318
0.009113764927718416
0.016656191074795726
0.013827781269641735
0.013827781269641735
0.00251414204902577
0.0006285355122564425
0.00031426775612822125
0.00031426775612822125
0.0009428032683846638
0.00031426775612822125
0.00031426775612822125
0.0018856065367693275
0.0028284098051539913
0.0028284098051539913
0.0009428032683846638
0.006285355122564425
0.001257071024512885
0.0021998742928975488
0.00502828409805154
0.0009428032683846638
0.0009428032683846638
0.0006285355122564425
0.0009428032683846638
0.0006285355122564425
0.0009428032683846638
0.0006285355122564425
0.0006285355122564425
0.0034569453174104338
0.0009428032683846638
0.004085480829666876
0.00031426775612822125
0.001257071024512885
0.0006285355122564425
0.0018856065367693275
0.0015713387806411063
0.0006285355122564425
0.007228158390949088
0.005971087366436203
0.00031426775612822125
0.0021998742928975488
0.00031426775612822125
0.0028284098051539913
0.00031426775612822125
0.00031426775612822125
0.00031426775612822125
0.00031426775612822125
0.0006285355122564425
0.00031426775612822125
0.00031426775612822125
0.0006285355122564425
0.0009428032683846638
0.0015713387806411063
0.0006285355122564425
0.0069138906348208675
0.0031426775612822125
0.0021998742928975488
0.00031426775612822125
0.00031426775612822125
0.0006285355122564425
0.0018856065367693275
0.0015713387806411063
0.0006285355122564425
0.00031426775612822125
0.00031426775612822125
0.001257071024512885
0.0006285355122564425
0.00031426775612822125
0.00031426775612822125
0.00031426775612822125
0.0009428032683846638
0.0021998742928975488
0.00251414204902577
0.0006285355122564425
0.0015713387806411063
0.0009428032683846638
0.00031426775612822125
0.0028284098051539913
0.0009428032683846638
0.0006285355122564425
0.0006285355122564425
0.00031426775612822125
0.00031426775612822125
0.0006285355122564425
0.0006285355122564425
0.0006285355122564425
0.0006285355122564425
0.0015713387806411063
0.0015713387806411063
0.004085480829666876
0.0006285355122564425
0.0015713387806411063
0.001257071024512885
0.0006285355122564425
0.0028284098051539913
0.0006285355122564425
0.0018856065367693275
0.0009428032683846638
0.001257071024512885
0.005342551854179761
0.0021998742928975488
0.0043997485857950975
0.0006285355122564425
0.0009428032683846638
0.00031426775612822125
0.00031426775612822125
0.0009428032683846638
0.0015713387806411063
0.0009428032683846638
0.0018856065367693275
0.0021998742928975488
0.00031426775612822125
0.0015713387806411063
0.00031426775612822125
0.0021998742928975488
0.0006285355122564425
0.00251414204902577
0.00031426775612822125
0.00031426775612822125
0.00031426775612822125
0.00031426775612822125
0.00031426775612822125
0.00031426775612822125
0.00031426775612822125
0.00031426775612822125
0.00785669390320553
0.0009428032683846638
0.0009428032683846638
0.0006285355122564425
0.0021998742928975488
0.0006285355122564425
0.0006285355122564425
0.00031426775612822125
0.004085480829666876
0.00031426775612822125
0.00031426775612822125
0.0006285355122564425
0.001257071024512885
0.00031426775612822125
0.0006285355122564425
0.0006285355122564425
0.00031426775612822125
0.00031426775612822125
0.00031426775612822125
0.0006285355122564425
0.00031426775612822125
0.00031426775612822125
0.0028284098051539913
0.00031426775612822125
0.0006285355122564425
0.003771213073538655
0.0018856065367693275
0.0006285355122564425
0.00031426775612822125
0.0009428032683846638
0.003771213073538655
0.00031426775612822125
0.0009428032683846638
0.00251414204902577
0.00031426775612822125
0.0056568196103079825
0.00031426775612822125
0.003771213073538655
0.0015713387806411063
0.00031426775612822125
0.0009428032683846638
0.0006285355122564425
0.0006285355122564425
0.0006285355122564425
0.00031426775612822125
0.00031426775612822125
0.0009428032683846638
0.00031426775612822125
0.0015713387806411063
0.00031426775612822125
0.001257071024512885
0.00031426775612822125
0.001257071024512885
0.0018856065367693275
0.00031426775612822125
0.001257071024512885
0.0006285355122564425
0.0006285355122564425
0.00251414204902577
0.00502828409805154
0.0006285355122564425
0.003771213073538655
0.00031426775612822125
0.0006285355122564425
0.00251414204902577
0.00031426775612822125
0.00031426775612822125
0.0006285355122564425
0.0006285355122564425
0.0006285355122564425
0.00031426775612822125
0.00031426775612822125
0.0034569453174104338
0.00031426775612822125
0.02199874292897549
0.0006285355122564425
0.0043997485857950975
0.0015713387806411063
0.0006285355122564425
0.001257071024512885
0.00031426775612822125
0.0006285355122564425
0.0018856065367693275
0.004714016341923318
0.001257071024512885
0.0006285355122564425
0.0006285355122564425
0.00031426775612822125
0.0006285355122564425
0.00031426775612822125
0.00031426775612822125
0.00031426775612822125
0.00031426775612822125
0.001257071024512885
0.0009428032683846638
0.0009428032683846638
0.0009428032683846638
0.0015713387806411063
0.0015713387806411063
0.00031426775612822125
0.00031426775612822125
0.00031426775612822125
0.0021998742928975488
0.001257071024512885
0.001257071024512885
0.0006285355122564425
0.0021998742928975488
0.0021998742928975488
0.0028284098051539913
0.0015713387806411063
0.0028284098051539913
0.0018856065367693275
0.0009428032683846638
0.00031426775612822125
0.00031426775612822125
0.0006285355122564425
0.004714016341923318
0.0015713387806411063
0.00031426775612822125
0.0015713387806411063
0.00031426775612822125
0.00031426775612822125
0.0006285355122564425
0.0006285355122564425
0.0006285355122564425
0.00031426775612822125
0.00031426775612822125
0.001257071024512885
0.0009428032683846638
0.0028284098051539913
0.00031426775612822125
0.0015713387806411063
0.0015713387806411063
0.0006285355122564425
0.00251414204902577
0.00251414204902577
0.00031426775612822125
0.00031426775612822125
0.0031426775612822125
0.00031426775612822125
0.0009428032683846638
0.00251414204902577
0.0006285355122564425
0.00031426775612822125
0.0034569453174104338
0.00031426775612822125
0.001257071024512885
0.0018856065367693275
0.0006285355122564425
0.001257071024512885
0.0015713387806411063
0.00031426775612822125
0.0015713387806411063
0.00251414204902577
0.0018856065367693275
0.001257071024512885
0.00031426775612822125
0.0006285355122564425
0.00031426775612822125
0.00031426775612822125
0.00031426775612822125
0.00031426775612822125
0.00031426775612822125
0.00031426775612822125
0.00031426775612822125
0.0006285355122564425
0.0009428032683846638
0.0018856065367693275
0.00031426775612822125
0.0006285355122564425
0.0006285355122564425
0.00031426775612822125
0.00031426775612822125
0.00031426775612822125
0.00031426775612822125
0.0006285355122564425
0.00031426775612822125
0.00031426775612822125
0.00031426775612822125
0.0006285355122564425
0.0009428032683846638
0.0006285355122564425
0.0006285355122564425
0.0006285355122564425
0.0009428032683846638
0.00031426775612822125
0.00251414204902577
0.00251414204902577
0.0031426775612822125
0.0006285355122564425
0.0006285355122564425
0.00031426775612822125
0.00031426775612822125
0.0006285355122564425
0.00031426775612822125
0.00031426775612822125
0.0006285355122564425
0.00031426775612822125
0.00031426775612822125
0.00031426775612822125
0.00031426775612822125
0.00031426775612822125
0.00031426775612822125
0.0009428032683846638
0.0018856065367693275
0.00031426775612822125
0.001257071024512885
0.00031426775612822125
0.00031426775612822125
0.00031426775612822125
0.00031426775612822125
0.0018856065367693275
0.0006285355122564425
0.00031426775612822125
0.0009428032683846638
0.008799497171590195
0.00031426775612822125
0.00031426775612822125
0.0009428032683846638
0.0015713387806411063
0.0018856065367693275
0.0015713387806411063
0.0009428032683846638
0.00031426775612822125
0.00031426775612822125
0.00031426775612822125
0.00031426775612822125
0.0006285355122564425
0.0021998742928975488
0.0009428032683846638
0.0006285355122564425
0.0009428032683846638
0.0015713387806411063
0.0006285355122564425
0.0009428032683846638
0.0006285355122564425
0.0006285355122564425
0.001257071024512885
0.00031426775612822125
0.00031426775612822125
0.0021998742928975488
0.00031426775612822125
0.0006285355122564425
0.00031426775612822125
0.001257071024512885
0.0009428032683846638
0.0021998742928975488
0.00031426775612822125
0.00031426775612822125
0.00031426775612822125
0.00031426775612822125
0.0006285355122564425
0.00031426775612822125
0.00031426775612822125
0.0009428032683846638
0.0009428032683846638
0.00031426775612822125
0.0015713387806411063
0.00031426775612822125
0.00031426775612822125
0.00031426775612822125
0.0006285355122564425
0.0006285355122564425
0.00031426775612822125
0.001257071024512885
0.0006285355122564425
0.00031426775612822125
0.0009428032683846638
0.00031426775612822125
0.00031426775612822125
0.00031426775612822125
0.0006285355122564425
0.00031426775612822125
0.00031426775612822125
0.00031426775612822125
0.0006285355122564425
0.0009428032683846638
0.00031426775612822125
0.00031426775612822125
0.0006285355122564425
0.00031426775612822125
0.00031426775612822125
0.0006285355122564425
0.00031426775612822125
0.0015713387806411063
0.0009428032683846638
0.0006285355122564425
0.0021998742928975488
0.0015713387806411063
0.0015713387806411063
0.0009428032683846638
0.0028284098051539913
0.0021998742928975488
0.0009428032683846638
0.003771213073538655
0.0009428032683846638
0.0009428032683846638
0.005342551854179761
0.005342551854179761
0.00031426775612822125
0.00031426775612822125
0.00031426775612822125
0.0006285355122564425
0.0009428032683846638
0.0006285355122564425
0.00031426775612822125
0.00031426775612822125
0.00031426775612822125
0.00031426775612822125
0.00031426775612822125
0.00031426775612822125
0.0006285355122564425
0.00031426775612822125
0.00031426775612822125
0.00031426775612822125
0.00031426775612822125
0.0009428032683846638
0.00031426775612822125
0.0006285355122564425
0.0006285355122564425
0.00031426775612822125
0.0006285355122564425
0.001257071024512885
0.00031426775612822125
0.0018856065367693275
0.0018856065367693275
0.00031426775612822125
0.00031426775612822125
0.00031426775612822125
0.0015713387806411063
0.0006285355122564425
0.0009428032683846638
0.00031426775612822125
0.0006285355122564425
0.0034569453174104338
0.0006285355122564425
0.001257071024512885
0.0009428032683846638
0.0015713387806411063
0.0006285355122564425
0.00031426775612822125
0.00031426775612822125
0.00031426775612822125
0.0006285355122564425
0.00031426775612822125
0.00031426775612822125
0.00031426775612822125
0.00031426775612822125
0.00031426775612822125
0.0006285355122564425
0.0006285355122564425
0.00031426775612822125
0.00031426775612822125
0.00031426775612822125
0.00031426775612822125
0.0015713387806411063
0.0009428032683846638
0.00031426775612822125
0.0006285355122564425
0.00031426775612822125
0.0009428032683846638
0.00031426775612822125
0.00031426775612822125
0.00031426775612822125
0.00031426775612822125
0.00031426775612822125
0.0006285355122564425
0.0009428032683846638
0.00251414204902577
0.00031426775612822125
0.00031426775612822125
0.0009428032683846638
0.00031426775612822125
0.00031426775612822125
0.0018856065367693275
0.00031426775612822125
0.00031426775612822125
0.00031426775612822125
0.0006285355122564425
0.0006285355122564425
0.00031426775612822125
0.00031426775612822125
0.00031426775612822125
0.0006285355122564425
0.0006285355122564425
0.00031426775612822125
0.00031426775612822125
0.0006285355122564425
0.00031426775612822125
0.00031426775612822125
0.00031426775612822125
0.00031426775612822125
0.0009428032683846638
0.00031426775612822125
0.00031426775612822125
0.001257071024512885
0.0006285355122564425
0.00031426775612822125
0.0009428032683846638
0.00031426775612822125
0.00031426775612822125
0.00031426775612822125
0.0006285355122564425
0.0009428032683846638
0.0009428032683846638
0.00031426775612822125
0.00031426775612822125
0.00031426775612822125
0.0006285355122564425
0.00031426775612822125
0.00031426775612822125
0.00031426775612822125
0.0006285355122564425
0.00031426775612822125
0.00031426775612822125
0.00031426775612822125
0.0006285355122564425
0.00031426775612822125
0.00031426775612822125
0.00031426775612822125
0.0009428032683846638
0.00031426775612822125
0.0006285355122564425
0.0006285355122564425
0.00031426775612822125
0.00031426775612822125
0.00031426775612822125
0.0018856065367693275
0.0006285355122564425
0.00031426775612822125
0.0006285355122564425
0.0015713387806411063
0.00031426775612822125
0.00031426775612822125
0.0009428032683846638
0.00031426775612822125
0.0006285355122564425
0.00031426775612822125
0.00031426775612822125
0.00031426775612822125
0.00031426775612822125
0.00031426775612822125
0.00031426775612822125
0.00031426775612822125
0.00031426775612822125
0.00031426775612822125
0.00031426775612822125
0.00031426775612822125
0.00031426775612822125
0.00031426775612822125
0.00031426775612822125
0.00031426775612822125
0.00031426775612822125
0.00031426775612822125
0.00031426775612822125
0.00031426775612822125
0.001257071024512885
0.00031426775612822125
0.00031426775612822125
0.0006285355122564425
0.00031426775612822125
0.00031426775612822125
0.00031426775612822125
0.00031426775612822125
0.0006285355122564425
0.001257071024512885
0.00031426775612822125
0.0006285355122564425
0.0006285355122564425
0.00031426775612822125
0.00031426775612822125
0.00031426775612822125
0.00031426775612822125
0.00031426775612822125
0.00031426775612822125
0.00031426775612822125
0.001257071024512885
0.0009428032683846638
0.0006285355122564425
0.00031426775612822125
0.00031426775612822125
0.0006285355122564425
0.0009428032683846638
0.00031426775612822125
0.0006285355122564425
0.0006285355122564425
0.00031426775612822125
0.00031426775612822125
0.00031426775612822125
0.0006285355122564425
0.0006285355122564425
0.00031426775612822125
0.00031426775612822125
0.0009428032683846638
0.00031426775612822125
0.0006285355122564425
0.001257071024512885
0.0006285355122564425
0.0006285355122564425
0.0006285355122564425
0.00031426775612822125
0.0009428032683846638
0.0009428032683846638
0.0006285355122564425
0.0006285355122564425
0.0006285355122564425
0.00031426775612822125
0.00031426775612822125
0.0006285355122564425
0.00031426775612822125
0.00031426775612822125
0.0006285355122564425
0.0006285355122564425
0.0006285355122564425
0.0006285355122564425
0.001257071024512885
0.00031426775612822125
0.0006285355122564425
0.0006285355122564425
0.0006285355122564425
0.00031426775612822125
0.00031426775612822125
0.00031426775612822125
0.00031426775612822125
0.00031426775612822125
0.00031426775612822125
0.00031426775612822125
0.00031426775612822125
0.0009428032683846638
0.0009428032683846638
0.0009428032683846638
0.00031426775612822125
0.00031426775612822125
0.0009428032683846638
0.00031426775612822125
0.00031426775612822125
0.0006285355122564425
0.00031426775612822125
0.00031426775612822125
0.00251414204902577
0.00031426775612822125
0.00031426775612822125
0.0006285355122564425
0.00031426775612822125
0.00031426775612822125
0.00031426775612822125
0.00031426775612822125
0.00031426775612822125
0.00031426775612822125
0.00031426775612822125
0.00031426775612822125
0.00031426775612822125
0.00031426775612822125
0.0006285355122564425
0.00031426775612822125
0.00031426775612822125
0.00031426775612822125
0.00031426775612822125
0.00031426775612822125
0.00031426775612822125
0.00031426775612822125
0.0018856065367693275
0.0009428032683846638
0.00031426775612822125
0.00031426775612822125
0.00031426775612822125
0.00031426775612822125
0.001257071024512885
0.00031426775612822125
0.00031426775612822125
0.00031426775612822125
0.00031426775612822125
0.00031426775612822125
0.0006285355122564425
0.00031426775612822125
0.00031426775612822125
0.00031426775612822125
0.0009428032683846638
0.00031426775612822125
0.00031426775612822125
0.00031426775612822125
0.001257071024512885
0.0009428032683846638
0.0015713387806411063
0.00031426775612822125
0.00031426775612822125
0.00031426775612822125
0.00031426775612822125
0.0006285355122564425
0.00031426775612822125
0.00031426775612822125
0.00031426775612822125
0.00031426775612822125
0.00031426775612822125
0.00031426775612822125
0.00031426775612822125
0.0006285355122564425
0.00031426775612822125
0.00031426775612822125
0.00031426775612822125
0.0006285355122564425
0.00031426775612822125
0.00031426775612822125
0.00031426775612822125
0.0006285355122564425
0.0018856065367693275
0.00031426775612822125
0.0006285355122564425
0.001257071024512885
0.0009428032683846638
0.00031426775612822125
0.0006285355122564425
0.00031426775612822125
0.0006285355122564425
0.0006285355122564425
0.00031426775612822125
0.00031426775612822125
0.00031426775612822125
0.0015713387806411063
0.00031426775612822125
0.00031426775612822125
0.001257071024512885
0.00031426775612822125
0.00031426775612822125
0.0006285355122564425
0.0006285355122564425
0.00031426775612822125
0.00031426775612822125
0.00031426775612822125
0.00031426775612822125
0.0006285355122564425
0.00031426775612822125
0.00031426775612822125
0.00031426775612822125
0.00031426775612822125
0.00031426775612822125
0.00031426775612822125
0.00031426775612822125
0.00031426775612822125
0.00031426775612822125
0.0006285355122564425
0.00031426775612822125
0.00031426775612822125
0.00031426775612822125
0.00031426775612822125
0.00031426775612822125
0.00031426775612822125
0.0006285355122564425
0.00031426775612822125
0.00031426775612822125
0.00031426775612822125
0.00031426775612822125
0.0006285355122564425
0.0009428032683846638
0.00031426775612822125
0.0006285355122564425
0.00031426775612822125
0.0006285355122564425
0.0006285355122564425
0.00031426775612822125
0.00031426775612822125
0.00031426775612822125
0.00031426775612822125
0.00031426775612822125
0.00031426775612822125
0.00031426775612822125
0.00031426775612822125
0.0021998742928975488
0.00031426775612822125
0.0006285355122564425
0.00031426775612822125
0.00031426775612822125
0.00031426775612822125
0.00031426775612822125
0.0006285355122564425
0.00031426775612822125
0.00031426775612822125
0.00031426775612822125
0.00031426775612822125
0.00031426775612822125
0.00031426775612822125
0.00031426775612822125
0.00031426775612822125
0.00031426775612822125
0.0006285355122564425
0.00031426775612822125
0.00031426775612822125
0.0006285355122564425
0.00031426775612822125
0.00031426775612822125
0.00031426775612822125
0.00031426775612822125
0.00031426775612822125
0.00031426775612822125
0.0006285355122564425
0.00031426775612822125
0.00031426775612822125
0.0006285355122564425
0.00031426775612822125
0.00031426775612822125
0.00031426775612822125
0.00031426775612822125
0.00031426775612822125
0.00031426775612822125
0.00031426775612822125
0.00031426775612822125
0.00031426775612822125
0.00031426775612822125
0.00031426775612822125
0.00031426775612822125
0.00031426775612822125
0.00031426775612822125
0.00031426775612822125
0.0006285355122564425
0.00031426775612822125
0.00031426775612822125
0.00031426775612822125
0.00031426775612822125
0.00031426775612822125
0.00031426775612822125
0.00031426775612822125
0.00031426775612822125
0.00031426775612822125
0.00031426775612822125
0.00031426775612822125
0.0006285355122564425
0.0015713387806411063
0.00031426775612822125
0.00031426775612822125
0.00031426775612822125
0.00031426775612822125
0.00031426775612822125
0.00031426775612822125
0.00031426775612822125
0.00031426775612822125
0.00031426775612822125
0.0006285355122564425
0.00031426775612822125
0.00031426775612822125
0.00031426775612822125
0.0006285355122564425
0.00031426775612822125
0.0006285355122564425
0.0009428032683846638
0.00031426775612822125
0.00031426775612822125
0.0006285355122564425
0.0006285355122564425
0.0006285355122564425
0.0006285355122564425
0.0006285355122564425
0.0006285355122564425
0.00031426775612822125
0.00031426775612822125
0.00031426775612822125
0.00031426775612822125
0.001257071024512885
0.0006285355122564425
0.00031426775612822125
0.0006285355122564425
0.00031426775612822125
0.0006285355122564425
0.00031426775612822125
0.00031426775612822125
0.0006285355122564425
0.00031426775612822125
0.00031426775612822125
0.00031426775612822125
0.00031426775612822125
0.00031426775612822125
0.00031426775612822125
0.00031426775612822125
0.00031426775612822125
0.00031426775612822125
0.0006285355122564425
0.00031426775612822125
0.00031426775612822125
0.0006285355122564425
0.00031426775612822125
0.00031426775612822125
0.0006285355122564425
0.00031426775612822125
0.00031426775612822125
0.00031426775612822125
0.00031426775612822125
0.00031426775612822125
0.001257071024512885
0.00031426775612822125
0.00031426775612822125
0.0009428032683846638
0.00031426775612822125
0.00031426775612822125
0.00031426775612822125
0.00031426775612822125
0.00031426775612822125
0.00031426775612822125
0.00031426775612822125
0.00031426775612822125
0.00031426775612822125
0.00031426775612822125
0.00031426775612822125
0.00031426775612822125
0.00031426775612822125
0.00031426775612822125
0.00031426775612822125
0.0006285355122564425
0.00031426775612822125
0.00031426775612822125
0.00031426775612822125
0.00031426775612822125
0.00031426775612822125
0.0006285355122564425
0.00031426775612822125
0.00031426775612822125
0.00031426775612822125
0.00031426775612822125
0.00031426775612822125
0.00031426775612822125
0.00031426775612822125
0.0009428032683846638
0.00031426775612822125
0.00031426775612822125
0.00031426775612822125
0.00031426775612822125
0.00031426775612822125
0.00031426775612822125
0.00031426775612822125
0.00031426775612822125
0.0009428032683846638
0.00031426775612822125
0.00031426775612822125
0.00031426775612822125
0.00031426775612822125
0.00031426775612822125
0.00031426775612822125
0.00031426775612822125
0.00031426775612822125
0.00031426775612822125
0.00031426775612822125
0.00031426775612822125
0.00031426775612822125
0.00031426775612822125
0.00031426775612822125
0.00031426775612822125
0.0006285355122564425
0.0006285355122564425
0.0009428032683846638
0.00031426775612822125
0.00031426775612822125
0.00031426775612822125
0.00031426775612822125
0.00031426775612822125
0.00031426775612822125
0.00031426775612822125
0.00031426775612822125
0.00031426775612822125
0.00031426775612822125
0.00031426775612822125
0.00031426775612822125
0.00031426775612822125
0.00031426775612822125
0.00031426775612822125
0.00031426775612822125
0.00031426775612822125
0.00031426775612822125
0.00031426775612822125
0.001257071024512885
0.00031426775612822125
0.00031426775612822125
0.00031426775612822125
0.00031426775612822125
0.00031426775612822125
0.00031426775612822125
0.00031426775612822125
0.00031426775612822125
0.00031426775612822125
0.00031426775612822125
0.00031426775612822125
0.00031426775612822125
0.00031426775612822125
0.00031426775612822125
0.00031426775612822125
0.00031426775612822125
0.00031426775612822125
0.00031426775612822125
0.00031426775612822125
0.00031426775612822125
0.00031426775612822125
0.00031426775612822125
0.00031426775612822125
0.00031426775612822125
0.00031426775612822125
0.00031426775612822125
0.00031426775612822125
0.00031426775612822125
0.00031426775612822125
0.00031426775612822125
0.00031426775612822125
0.00031426775612822125
0.00031426775612822125
0.00031426775612822125
0.00031426775612822125
0.00031426775612822125
0.00031426775612822125
0.00031426775612822125
0.00031426775612822125
0.00031426775612822125
0.00031426775612822125
0.00031426775612822125
0.00031426775612822125
0.00031426775612822125
0.00031426775612822125
0.00031426775612822125
0.00031426775612822125
0.00031426775612822125
0.00031426775612822125
0.00031426775612822125
0.00031426775612822125
0.00031426775612822125
0.00031426775612822125
0.00031426775612822125
0.00031426775612822125
0.00031426775612822125
0.00031426775612822125
0.00031426775612822125
0.00031426775612822125
0.00031426775612822125