0.023563091829993395
0.016516185862144903
0.002202158114952654
0.001101079057476327
0.001101079057476327
0.00022021581149526536
0.00022021581149526536
0.001101079057476327
0.00022021581149526536
0.00022021581149526536
0.00022021581149526536
0.0033032371724289805
0.0017617264919621229
0.0006606474344857961
0.0006606474344857961
0.002202158114952654
0.0006606474344857961
0.0030830213609337152
0.0008808632459810614
0.0004404316229905307
0.00022021581149526536
0.00022021581149526536
0.00022021581149526536
0.0008808632459810614
0.0006606474344857961
0.00022021581149526536
0.0004404316229905307
0.0004404316229905307
0.009689495705791676
0.00022021581149526536
0.00022021581149526536
0.024443955075974456
0.01805769654261176
0.003963884606914776
0.00022021581149526536
0.013433164501211186
0.0017617264919621229
0.00022021581149526536
0.00022021581149526536
0.002202158114952654
0.00022021581149526536
0.00022021581149526536
0.0004404316229905307
0.004844747852895838
0.004404316229905308
0.00022021581149526536
0.0013212948689715921
0.008368200836820083
0.0015415106804668576
0.001981942303457388
0.0008808632459810614
0.001101079057476327
0.0041841004184100415
0.001101079057476327
0.0033032371724289805
0.0028628055494384495
0.016295970050649637
0.0017617264919621229
0.001101079057476327
0.00022021581149526536
0.00022021581149526536
0.0004404316229905307
0.0006606474344857961
0.0035234529839242457
0.006386258533362696
0.0017617264919621229
0.00022021581149526536
0.00022021581149526536
0.0004404316229905307
0.00022021581149526536
0.0004404316229905307
0.0004404316229905307
0.0041841004184100415
0.0004404316229905307
0.0008808632459810614
0.0004404316229905307
0.0015415106804668576
0.00022021581149526536
0.00022021581149526536
0.00022021581149526536
0.00022021581149526536
0.0004404316229905307
0.00022021581149526536
0.0013212948689715921
0.00022021581149526536
0.002202158114952654
0.00022021581149526536
0.0004404316229905307
0.0006606474344857961
0.0017617264919621229
0.00022021581149526536
0.00022021581149526536
0.00022021581149526536
0.0006606474344857961
0.001981942303457388
0.002202158114952654
0.0013212948689715921
0.0004404316229905307
0.0035234529839242457
0.00022021581149526536
0.00022021581149526536
0.0004404316229905307
0.0004404316229905307
0.0006606474344857961
0.0008808632459810614
0.00022021581149526536
0.001101079057476327
0.0013212948689715921
0.001101079057476327
0.001981942303457388
0.0015415106804668576
0.001981942303457388
0.00022021581149526536
0.0013212948689715921
0.003743668795419511
0.00022021581149526536
0.00022021581149526536
0.0008808632459810614
0.0015415106804668576
0.00022021581149526536
0.00022021581149526536
0.0013212948689715921
0.0015415106804668576
0.00022021581149526536
0.00022021581149526536
0.0004404316229905307
0.00022021581149526536
0.0004404316229905307
0.00022021581149526536
0.0006606474344857961
0.0008808632459810614
0.0004404316229905307
0.00022021581149526536
0.0015415106804668576
0.001101079057476327
0.00022021581149526536
0.0017617264919621229
0.0004404316229905307
0.0017617264919621229
0.00022021581149526536
0.00022021581149526536
0.00022021581149526536
0.00022021581149526536
0.00022021581149526536
0.00022021581149526536
0.00022021581149526536
0.00022021581149526536
0.0004404316229905307
0.00022021581149526536
0.00022021581149526536
0.0004404316229905307
0.0004404316229905307
0.00022021581149526536
0.0004404316229905307
0.002202158114952654
0.004404316229905308
0.00022021581149526536
0.00022021581149526536
0.0035234529839242457
0.0006606474344857961
0.00022021581149526536
0.00022021581149526536
0.00022021581149526536
0.0008808632459810614
0.0028628055494384495
0.001101079057476327
0.0004404316229905307
0.0006606474344857961
0.0006606474344857961
0.00022021581149526536
0.00022021581149526536
0.00022021581149526536
0.0004404316229905307
0.00022021581149526536
0.00022021581149526536
0.001101079057476327
0.0004404316229905307
0.006386258533362696
0.0004404316229905307
0.0008808632459810614
0.00022021581149526536
0.0004404316229905307
0.0006606474344857961
0.0004404316229905307
0.0013212948689715921
0.0035234529839242457
0.001101079057476327
0.0006606474344857961
0.00022021581149526536
0.00022021581149526536
0.00022021581149526536
0.0013212948689715921
0.0006606474344857961
0.00022021581149526536
0.0008808632459810614
0.0013212948689715921
0.0008808632459810614
0.0035234529839242457
0.0006606474344857961
0.00022021581149526536
0.00022021581149526536
0.00022021581149526536
0.0006606474344857961
0.001981942303457388
0.0004404316229905307
0.00022021581149526536
0.0017617264919621229
0.00022021581149526536
0.0006606474344857961
0.00022021581149526536
0.00022021581149526536
0.0004404316229905307
0.0008808632459810614
0.00022021581149526536
0.00022021581149526536
0.0004404316229905307
0.0004404316229905307
0.002202158114952654
0.005505395287381634
0.0015415106804668576
0.010350143140277471
0.0030830213609337152
0.002422373926447919
0.001101079057476327
0.00022021581149526536
0.00022021581149526536
0.001981942303457388
0.002202158114952654
0.0004404316229905307
0.00022021581149526536
0.0030830213609337152
0.00022021581149526536
0.00022021581149526536
0.0008808632459810614
0.001101079057476327
0.0013212948689715921
0.0070469059678484915
0.0013212948689715921
0.0004404316229905307
0.00022021581149526536
0.0006606474344857961
0.0008808632459810614
0.0004404316229905307
0.0006606474344857961
0.00022021581149526536
0.00022021581149526536
0.00022021581149526536
0.00022021581149526536
0.00022021581149526536
0.0004404316229905307
0.00022021581149526536
0.00022021581149526536
0.00022021581149526536
0.0004404316229905307
0.00022021581149526536
0.00022021581149526536
0.00022021581149526536
0.00022021581149526536
0.00022021581149526536
0.00022021581149526536
0.00022021581149526536
0.00022021581149526536
0.00022021581149526536
0.00022021581149526536
0.00022021581149526536
0.00022021581149526536
0.00022021581149526536
0.00022021581149526536
0.00022021581149526536
0.00022021581149526536
0.00022021581149526536
0.00022021581149526536
0.00022021581149526536
0.0006606474344857961
0.0004404316229905307
0.00022021581149526536
0.0006606474344857961
0.0008808632459810614
0.00022021581149526536
0.0004404316229905307
0.00022021581149526536
0.0004404316229905307
0.00022021581149526536
0.00022021581149526536
0.00022021581149526536
0.00022021581149526536
0.00022021581149526536
0.00022021581149526536
0.00022021581149526536
0.0006606474344857961
0.00022021581149526536
0.00022021581149526536
0.00022021581149526536
0.00022021581149526536
0.00022021581149526536
0.0006606474344857961
0.00022021581149526536
0.00022021581149526536
0.00022021581149526536
0.0004404316229905307
0.0004404316229905307
0.0008808632459810614
0.0008808632459810614
0.004624532041400573
0.00022021581149526536
0.006606474344857961
0.00022021581149526536
0.00022021581149526536
0.00022021581149526536
0.0004404316229905307
0.0008808632459810614
0.00022021581149526536
0.00022021581149526536
0.00022021581149526536
0.001101079057476327
0.00022021581149526536
0.0030830213609337152
0.0004404316229905307
0.00022021581149526536
0.0008808632459810614
0.00022021581149526536
0.0004404316229905307
0.002202158114952654
0.0013212948689715921
0.00022021581149526536
0.00022021581149526536
0.0008808632459810614
0.00022021581149526536
0.0006606474344857961
0.00022021581149526536
0.0006606474344857961
0.0004404316229905307
0.00022021581149526536
0.0004404316229905307
0.0004404316229905307
0.001101079057476327
0.00022021581149526536
0.0008808632459810614
0.0008808632459810614
0.0004404316229905307
0.00022021581149526536
0.001101079057476327
0.00022021581149526536
0.0004404316229905307
0.0004404316229905307
0.00022021581149526536
0.0004404316229905307
0.00022021581149526536
0.00022021581149526536
0.00022021581149526536
0.0004404316229905307
0.0015415106804668576
0.0026425897379431843
0.0004404316229905307
0.002202158114952654
0.0004404316229905307
0.003963884606914776
0.00022021581149526536
0.0015415106804668576
0.00022021581149526536
0.00022021581149526536
0.001101079057476327
0.0017617264919621229
0.0017617264919621229
0.0004404316229905307
0.0004404316229905307
0.0004404316229905307
0.0006606474344857961
0.0008808632459810614
0.00022021581149526536
0.0026425897379431843
0.0028628055494384495
0.00022021581149526536
0.00022021581149526536
0.00022021581149526536
0.0004404316229905307
0.00022021581149526536
0.00022021581149526536
0.00022021581149526536
0.00022021581149526536
0.00022021581149526536
0.00022021581149526536
0.0013212948689715921
0.003963884606914776
0.0004404316229905307
0.0004404316229905307
0.0004404316229905307
0.0017617264919621229
0.0028628055494384495
0.00022021581149526536
0.0004404316229905307
0.0017617264919621229
0.002202158114952654
0.00022021581149526536
0.0004404316229905307
0.00022021581149526536
0.004624532041400573
0.0006606474344857961
0.00022021581149526536
0.0006606474344857961
0.001981942303457388
0.0008808632459810614
0.0004404316229905307
0.0004404316229905307
0.0017617264919621229
0.00022021581149526536
0.0015415106804668576
0.0004404316229905307
0.00022021581149526536
0.00022021581149526536
0.00022021581149526536
0.0006606474344857961
0.0026425897379431843
0.0006606474344857961
0.0013212948689715921
0.00022021581149526536
0.00022021581149526536
0.00022021581149526536
0.0004404316229905307
0.0008808632459810614
0.00022021581149526536
0.00022021581149526536
0.00022021581149526536
0.002422373926447919
0.00022021581149526536
0.0006606474344857961
0.0017617264919621229
0.0006606474344857961
0.0004404316229905307
0.003743668795419511
0.0008808632459810614
0.004844747852895838
0.0006606474344857961
0.0013212948689715921
0.00022021581149526536
0.00022021581149526536
0.0013212948689715921
0.00022021581149526536
0.00022021581149526536
0.002422373926447919
0.0026425897379431843
0.0041841004184100415
0.001101079057476327
0.00022021581149526536
0.00022021581149526536
0.00022021581149526536
0.001981942303457388
0.0006606474344857961
0.0004404316229905307
0.00022021581149526536
0.0004404316229905307
0.0004404316229905307
0.00022021581149526536
0.00022021581149526536
0.0013212948689715921
0.00022021581149526536
0.0004404316229905307
0.00022021581149526536
0.00022021581149526536
0.00022021581149526536
0.0013212948689715921
0.0004404316229905307
0.0004404316229905307
0.001981942303457388
0.0013212948689715921
0.0008808632459810614
0.00022021581149526536
0.00022021581149526536
0.00022021581149526536
0.00022021581149526536
0.00022021581149526536
0.001981942303457388
0.0008808632459810614
0.0013212948689715921
0.00022021581149526536
0.00022021581149526536
0.001101079057476327
0.00022021581149526536
0.0004404316229905307
0.00022021581149526536
0.00022021581149526536
0.0004404316229905307
0.005945826910372164
0.00022021581149526536
0.0004404316229905307
0.00022021581149526536
0.0017617264919621229
0.0004404316229905307
0.0015415106804668576
0.0004404316229905307
0.0004404316229905307
0.0015415106804668576
0.001101079057476327
0.00022021581149526536
0.00022021581149526536
0.00022021581149526536
0.0004404316229905307
0.0004404316229905307
0.00022021581149526536
0.0015415106804668576
0.0013212948689715921
0.0008808632459810614
0.0006606474344857961
0.0008808632459810614
0.0004404316229905307
0.00022021581149526536
0.0004404316229905307
0.00022021581149526536
0.00022021581149526536
0.0004404316229905307
0.001101079057476327
0.00022021581149526536
0.0008808632459810614
0.00022021581149526536
0.00022021581149526536
0.0006606474344857961
0.001981942303457388
0.00022021581149526536
0.00022021581149526536
0.00022021581149526536
0.00022021581149526536
0.00022021581149526536
0.00022021581149526536
0.0004404316229905307
0.0004404316229905307
0.0004404316229905307
0.00022021581149526536
0.00022021581149526536
0.00022021581149526536
0.0013212948689715921
0.0004404316229905307
0.0004404316229905307
0.00022021581149526536
0.0008808632459810614
0.00022021581149526536
0.0004404316229905307
0.0004404316229905307
0.0008808632459810614
0.00022021581149526536
0.0006606474344857961
0.00022021581149526536
0.00022021581149526536
0.00022021581149526536
0.0004404316229905307
0.00022021581149526536
0.00022021581149526536
0.00022021581149526536
0.0006606474344857961
0.0004404316229905307
0.00022021581149526536
0.00022021581149526536
0.00022021581149526536
0.0013212948689715921
0.001101079057476327
0.00022021581149526536
0.0006606474344857961
0.00022021581149526536
0.00022021581149526536
0.00022021581149526536
0.00022021581149526536
0.00022021581149526536
0.0004404316229905307
0.002202158114952654
0.00022021581149526536
0.0008808632459810614
0.00022021581149526536
0.00022021581149526536
0.00022021581149526536
0.00022021581149526536
0.00022021581149526536
0.00022021581149526536
0.0008808632459810614
0.0006606474344857961
0.0013212948689715921
0.0008808632459810614
0.0004404316229905307
0.0006606474344857961
0.00022021581149526536
0.00022021581149526536
0.0004404316229905307
0.00022021581149526536
0.00022021581149526536
0.00022021581149526536
0.00022021581149526536
0.0013212948689715921
0.0004404316229905307
0.0004404316229905307
0.0006606474344857961
0.00022021581149526536
0.0004404316229905307
0.00022021581149526536
0.00022021581149526536
0.0004404316229905307
0.00022021581149526536
0.0008808632459810614
0.00022021581149526536
0.0013212948689715921
0.00022021581149526536
0.0004404316229905307
0.0006606474344857961
0.0004404316229905307
0.0006606474344857961
0.0004404316229905307
0.0004404316229905307
0.0006606474344857961
0.0017617264919621229
0.0008808632459810614
0.0008808632459810614
0.00022021581149526536
0.001101079057476327
0.00022021581149526536
0.0006606474344857961
0.00022021581149526536
0.001101079057476327
0.0004404316229905307
0.00022021581149526536
0.00022021581149526536
0.00022021581149526536
0.00022021581149526536
0.0008808632459810614
0.0006606474344857961
0.0008808632459810614
0.00022021581149526536
0.0004404316229905307
0.00022021581149526536
0.00022021581149526536
0.00022021581149526536
0.0008808632459810614
0.00022021581149526536
0.00022021581149526536
0.0004404316229905307
0.00022021581149526536
0.00022021581149526536
0.0004404316229905307
0.00022021581149526536
0.00022021581149526536
0.0006606474344857961
0.00022021581149526536
0.00022021581149526536
0.0017617264919621229
0.00022021581149526536
0.0004404316229905307
0.0008808632459810614
0.0006606474344857961
0.00022021581149526536
0.0033032371724289805
0.00022021581149526536
0.00022021581149526536
0.0004404316229905307
0.00022021581149526536
0.0004404316229905307
0.00022021581149526536
0.0004404316229905307
0.00022021581149526536
0.0006606474344857961
0.00022021581149526536
0.00022021581149526536
0.00022021581149526536
0.0004404316229905307
0.00022021581149526536
0.00022021581149526536
0.0004404316229905307
0.0004404316229905307
0.00022021581149526536
0.00022021581149526536
0.0026425897379431843
0.0004404316229905307
0.0006606474344857961
0.00022021581149526536
0.0004404316229905307
0.0033032371724289805
0.00022021581149526536
0.00022021581149526536
0.0006606474344857961
0.0004404316229905307
0.00022021581149526536
0.00022021581149526536
0.00022021581149526536
0.0004404316229905307
0.00022021581149526536
0.00022021581149526536
0.00022021581149526536
0.00022021581149526536
0.0006606474344857961
0.00022021581149526536
0.0004404316229905307
0.00022021581149526536
0.00022021581149526536
0.00022021581149526536
0.00022021581149526536
0.0008808632459810614
0.0008808632459810614
0.00022021581149526536
0.00022021581149526536
0.00022021581149526536
0.00022021581149526536
0.00022021581149526536
0.00022021581149526536
0.00022021581149526536
0.00022021581149526536
0.0004404316229905307
0.00022021581149526536
0.00022021581149526536
0.00022021581149526536
0.0004404316229905307
0.00022021581149526536
0.00022021581149526536
0.00022021581149526536
0.0004404316229905307
0.0004404316229905307
0.00022021581149526536
0.00022021581149526536
0.0004404316229905307
0.00022021581149526536
0.00022021581149526536
0.00022021581149526536
0.00022021581149526536
0.0004404316229905307
0.00022021581149526536
0.00022021581149526536
0.00022021581149526536
0.00022021581149526536
0.00022021581149526536
0.00022021581149526536
0.0006606474344857961
0.001981942303457388
0.001101079057476327
0.00022021581149526536
0.00022021581149526536
0.0004404316229905307
0.0004404316229905307
0.00022021581149526536
0.00022021581149526536
0.00022021581149526536
0.0004404316229905307
0.00022021581149526536
0.0004404316229905307
0.0004404316229905307
0.0004404316229905307
0.0017617264919621229
0.0008808632459810614
0.001101079057476327
0.0008808632459810614
0.001101079057476327
0.00022021581149526536
0.0008808632459810614
0.0008808632459810614
0.001101079057476327
0.005064963664391103
0.00022021581149526536
0.0004404316229905307
0.00022021581149526536
0.00022021581149526536
0.00022021581149526536
0.0004404316229905307
0.0004404316229905307
0.00022021581149526536
0.0004404316229905307
0.00022021581149526536
0.0004404316229905307
0.00022021581149526536
0.00022021581149526536
0.00022021581149526536
0.00022021581149526536
0.0006606474344857961
0.00022021581149526536
0.0004404316229905307
0.0008808632459810614
0.0004404316229905307
0.0006606474344857961
0.0006606474344857961
0.0006606474344857961
0.00022021581149526536
0.0006606474344857961
0.00022021581149526536
0.0006606474344857961
0.00022021581149526536
0.0006606474344857961
0.0008808632459810614
0.00022021581149526536
0.00022021581149526536
0.00022021581149526536
0.0008808632459810614
0.0004404316229905307
0.00022021581149526536
0.00022021581149526536
0.0004404316229905307
0.0004404316229905307
0.00022021581149526536
0.00022021581149526536
0.00022021581149526536
0.0008808632459810614
0.001101079057476327
0.0004404316229905307
0.0006606474344857961
0.0004404316229905307
0.00022021581149526536
0.0004404316229905307
0.00022021581149526536
0.0004404316229905307
0.00022021581149526536
0.00022021581149526536
0.00022021581149526536
0.0004404316229905307
0.00022021581149526536
0.00022021581149526536
0.0004404316229905307
0.002202158114952654
0.0008808632459810614
0.0004404316229905307
0.0004404316229905307
0.001101079057476327
0.00022021581149526536
0.00022021581149526536
0.0006606474344857961
0.00022021581149526536
0.0006606474344857961
0.0006606474344857961
0.0006606474344857961
0.0004404316229905307
0.00022021581149526536
0.0026425897379431843
0.00022021581149526536
0.00022021581149526536
0.00022021581149526536
0.00022021581149526536
0.001101079057476327
0.00022021581149526536
0.00022021581149526536
0.0004404316229905307
0.00022021581149526536
0.00022021581149526536
0.00022021581149526536
0.00022021581149526536
0.00022021581149526536
0.00022021581149526536
0.00022021581149526536
0.00022021581149526536
0.0004404316229905307
0.00022021581149526536
0.0004404316229905307
0.00022021581149526536
0.0004404316229905307
0.0006606474344857961
0.0006606474344857961
0.0006606474344857961
0.00022021581149526536
0.0004404316229905307
0.0004404316229905307
0.00022021581149526536
0.0004404316229905307
0.00022021581149526536
0.0008808632459810614
0.0004404316229905307
0.001101079057476327
0.00022021581149526536
0.00022021581149526536
0.00022021581149526536
0.00022021581149526536
0.00022021581149526536
0.00022021581149526536
0.0008808632459810614
0.0006606474344857961
0.0006606474344857961
0.00022021581149526536
0.00022021581149526536
0.0006606474344857961
0.0008808632459810614
0.001101079057476327
0.0006606474344857961
0.00022021581149526536
0.0006606474344857961
0.001101079057476327
0.001101079057476327
0.0013212948689715921
0.00022021581149526536
0.0004404316229905307
0.0008808632459810614
0.00022021581149526536
0.0006606474344857961
0.00022021581149526536
0.00022021581149526536
0.00022021581149526536
0.0008808632459810614
0.00022021581149526536
0.00022021581149526536
0.00022021581149526536
0.00022021581149526536
0.0004404316229905307
0.00022021581149526536
0.00022021581149526536
0.0004404316229905307
0.00022021581149526536
0.00022021581149526536
0.00022021581149526536
0.0004404316229905307
0.00022021581149526536
0.0004404316229905307
0.00022021581149526536
0.00022021581149526536
0.00022021581149526536
0.0004404316229905307
0.00022021581149526536
0.00022021581149526536
0.00022021581149526536
0.00022021581149526536
0.00022021581149526536
0.00022021581149526536
0.00022021581149526536
0.00022021581149526536
0.00022021581149526536
0.0004404316229905307
0.00022021581149526536
0.0006606474344857961
0.00022021581149526536
0.001101079057476327
0.00022021581149526536
0.00022021581149526536
0.0004404316229905307
0.00022021581149526536
0.00022021581149526536
0.00022021581149526536
0.00022021581149526536
0.00022021581149526536
0.00022021581149526536
0.00022021581149526536
0.0004404316229905307
0.0004404316229905307
0.0008808632459810614
0.001101079057476327
0.0004404316229905307
0.00022021581149526536
0.0004404316229905307
0.0004404316229905307
0.0004404316229905307
0.00022021581149526536
0.00022021581149526536
0.00022021581149526536
0.00022021581149526536
0.0013212948689715921
0.00022021581149526536
0.00022021581149526536
0.00022021581149526536
0.00022021581149526536
0.00022021581149526536
0.00022021581149526536
0.00022021581149526536
0.00022021581149526536
0.0008808632459810614
0.0004404316229905307
0.00022021581149526536
0.0004404316229905307
0.0004404316229905307
0.0013212948689715921
0.00022021581149526536
0.00022021581149526536
0.001101079057476327
0.00022021581149526536
0.00022021581149526536
0.0004404316229905307
0.00022021581149526536
0.00022021581149526536
0.00022021581149526536
0.00022021581149526536
0.00022021581149526536
0.0004404316229905307
0.0004404316229905307
0.0017617264919621229
0.0004404316229905307
0.0004404316229905307
0.00022021581149526536
0.00022021581149526536
0.0004404316229905307
0.00022021581149526536
0.00022021581149526536
0.0004404316229905307
0.0004404316229905307
0.001101079057476327
0.001101079057476327
0.00022021581149526536
0.0004404316229905307
0.0004404316229905307
0.00022021581149526536
0.00022021581149526536
0.00022021581149526536
0.0004404316229905307
0.0004404316229905307
0.0004404316229905307
0.00022021581149526536
0.00022021581149526536
0.0006606474344857961
0.00022021581149526536
0.0004404316229905307
0.0004404316229905307
0.001101079057476327
0.0006606474344857961
0.0006606474344857961
0.00022021581149526536
0.0006606474344857961
0.00022021581149526536
0.00022021581149526536
0.0006606474344857961
0.00022021581149526536
0.00022021581149526536
0.00022021581149526536
0.00022021581149526536
0.00022021581149526536
0.00022021581149526536
0.0030830213609337152
0.00022021581149526536
0.00022021581149526536
0.00022021581149526536
0.00022021581149526536
0.00022021581149526536
0.00022021581149526536
0.00022021581149526536
0.00022021581149526536
0.00022021581149526536
0.0006606474344857961
0.00022021581149526536
0.0013212948689715921
0.00022021581149526536
0.0004404316229905307
0.00022021581149526536
0.00022021581149526536
0.00022021581149526536
0.00022021581149526536
0.0004404316229905307
0.00022021581149526536
0.00022021581149526536
0.0006606474344857961
0.00022021581149526536
0.0004404316229905307
0.00022021581149526536
0.00022021581149526536
0.0004404316229905307
0.0008808632459810614
0.00022021581149526536
0.00022021581149526536
0.0004404316229905307
0.00022021581149526536
0.00022021581149526536
0.00022021581149526536
0.0004404316229905307
0.00022021581149526536
0.001101079057476327
0.00022021581149526536
0.00022021581149526536
0.00022021581149526536
0.00022021581149526536
0.00022021581149526536
0.0008808632459810614
0.0004404316229905307
0.00022021581149526536
0.0004404316229905307
0.00022021581149526536
0.00022021581149526536
0.0004404316229905307
0.0008808632459810614
0.00022021581149526536
0.00022021581149526536
0.00022021581149526536
0.0008808632459810614
0.0017617264919621229
0.0006606474344857961
0.00022021581149526536
0.00022021581149526536
0.00022021581149526536
0.00022021581149526536
0.0004404316229905307
0.00022021581149526536
0.00022021581149526536
0.0004404316229905307
0.00022021581149526536
0.00022021581149526536
0.00022021581149526536
0.00022021581149526536
0.0006606474344857961
0.00022021581149526536
0.0004404316229905307
0.0004404316229905307
0.0004404316229905307
0.00022021581149526536
0.00022021581149526536
0.00022021581149526536
0.00022021581149526536
0.0004404316229905307
0.0004404316229905307
0.00022021581149526536
0.00022021581149526536
0.00022021581149526536
0.0004404316229905307
0.002422373926447919
0.0006606474344857961
0.001101079057476327
0.0008808632459810614
0.0017617264919621229
0.0013212948689715921
0.0004404316229905307
0.0004404316229905307
0.0015415106804668576
0.0004404316229905307
0.00022021581149526536
0.00022021581149526536
0.0008808632459810614
0.00022021581149526536
0.00022021581149526536
0.00022021581149526536
0.00022021581149526536
0.00022021581149526536
0.00022021581149526536
0.0004404316229905307
0.0004404316229905307
0.0006606474344857961
0.00022021581149526536
0.001101079057476327
0.0008808632459810614
0.00022021581149526536
0.0004404316229905307
0.00022021581149526536
0.001101079057476327
0.0006606474344857961
0.00022021581149526536
0.00022021581149526536
0.00022021581149526536
0.00022021581149526536
0.00022021581149526536
0.00022021581149526536
0.001981942303457388
0.0006606474344857961
0.00022021581149526536
0.00022021581149526536
0.00022021581149526536
0.00022021581149526536
0.00022021581149526536
0.0004404316229905307
0.00022021581149526536
0.00022021581149526536
0.0006606474344857961
0.00022021581149526536
0.00022021581149526536
0.00022021581149526536
0.00022021581149526536
0.00022021581149526536
0.00022021581149526536
0.00022021581149526536
0.00022021581149526536
0.00022021581149526536
0.0004404316229905307
0.0006606474344857961
0.00022021581149526536
0.00022021581149526536
0.0006606474344857961
0.0004404316229905307
0.00022021581149526536
0.00022021581149526536
0.00022021581149526536
0.0004404316229905307
0.00022021581149526536
0.00022021581149526536
0.00022021581149526536
0.00022021581149526536
0.00022021581149526536
0.00022021581149526536
0.00022021581149526536
0.0004404316229905307
0.00022021581149526536
0.0004404316229905307
0.00022021581149526536
0.00022021581149526536
0.0004404316229905307
0.0004404316229905307
0.00022021581149526536
0.00022021581149526536
0.00022021581149526536
0.00022021581149526536
0.00022021581149526536
0.0004404316229905307
0.00022021581149526536
0.00022021581149526536
0.00022021581149526536
0.00022021581149526536
0.0004404316229905307
0.0004404316229905307
0.00022021581149526536
0.0013212948689715921
0.0006606474344857961
0.0006606474344857961
0.00022021581149526536
0.00022021581149526536
0.00022021581149526536
0.0004404316229905307
0.00022021581149526536
0.00022021581149526536
0.00022021581149526536
0.0008808632459810614
0.00022021581149526536
0.00022021581149526536
0.00022021581149526536
0.00022021581149526536
0.00022021581149526536
0.0006606474344857961
0.0004404316229905307
0.00022021581149526536
0.00022021581149526536
0.0004404316229905307
0.00022021581149526536
0.00022021581149526536
0.00022021581149526536
0.00022021581149526536
0.00022021581149526536
0.0008808632459810614
0.0004404316229905307
0.00022021581149526536
0.0013212948689715921
0.0004404316229905307
0.0004404316229905307
0.00022021581149526536
0.00022021581149526536
0.0004404316229905307
0.00022021581149526536
0.00022021581149526536
0.00022021581149526536
0.0004404316229905307
0.00022021581149526536
0.00022021581149526536
0.00022021581149526536
0.0004404316229905307
0.00022021581149526536
0.00022021581149526536
0.0004404316229905307
0.00022021581149526536
0.00022021581149526536
0.00022021581149526536
0.00022021581149526536
0.00022021581149526536
0.00022021581149526536
0.00022021581149526536
0.00022021581149526536
0.00022021581149526536
0.00022021581149526536
0.00022021581149526536
0.0004404316229905307
0.0004404316229905307
0.0006606474344857961
0.0004404316229905307
0.00022021581149526536
0.0006606474344857961
0.00022021581149526536
0.0004404316229905307
0.00022021581149526536
0.00022021581149526536
0.00022021581149526536
0.0004404316229905307
0.0004404316229905307
0.00022021581149526536
0.00022021581149526536
0.00022021581149526536
0.00022021581149526536
0.00022021581149526536
0.00022021581149526536
0.00022021581149526536
0.00022021581149526536
0.00022021581149526536
0.00022021581149526536
0.00022021581149526536
0.0004404316229905307
0.00022021581149526536
0.00022021581149526536
0.0006606474344857961
0.00022021581149526536
0.00022021581149526536
0.00022021581149526536
0.00022021581149526536
0.001101079057476327
0.00022021581149526536
0.00022021581149526536
0.001101079057476327
0.00022021581149526536
0.0004404316229905307
0.0004404316229905307
0.00022021581149526536
0.0015415106804668576
0.001101079057476327
0.00022021581149526536
0.00022021581149526536
0.00022021581149526536
0.00022021581149526536
0.0008808632459810614
0.0004404316229905307
0.00022021581149526536
0.00022021581149526536
0.0004404316229905307
0.00022021581149526536
0.00022021581149526536
0.00022021581149526536
0.00022021581149526536
0.0004404316229905307
0.00022021581149526536
0.0004404316229905307
0.00022021581149526536
0.0004404316229905307
0.00022021581149526536
0.00022021581149526536
0.00022021581149526536
0.00022021581149526536
0.00022021581149526536
0.00022021581149526536
0.00022021581149526536
0.00022021581149526536
0.00022021581149526536
0.00022021581149526536
0.00022021581149526536
0.00022021581149526536
0.0004404316229905307
0.00022021581149526536
0.00022021581149526536
0.00022021581149526536
0.00022021581149526536
0.00022021581149526536
0.00022021581149526536
0.00022021581149526536
0.00022021581149526536
0.00022021581149526536
0.00022021581149526536
0.00022021581149526536
0.00022021581149526536
0.0006606474344857961
0.0004404316229905307
0.00022021581149526536
0.00022021581149526536
0.00022021581149526536
0.00022021581149526536
0.0004404316229905307
0.0006606474344857961
0.00022021581149526536
0.0006606474344857961
0.0008808632459810614
0.0004404316229905307
0.00022021581149526536
0.0004404316229905307
0.00022021581149526536
0.00022021581149526536
0.00022021581149526536
0.00022021581149526536
0.0004404316229905307
0.00022021581149526536
0.00022021581149526536
0.00022021581149526536
0.00022021581149526536
0.0004404316229905307
0.00022021581149526536
0.00022021581149526536
0.00022021581149526536
0.00022021581149526536
0.00022021581149526536
0.00022021581149526536
0.00022021581149526536
0.00022021581149526536
0.00022021581149526536
0.00022021581149526536
0.00022021581149526536
0.00022021581149526536
0.00022021581149526536
0.0004404316229905307
0.00022021581149526536
0.00022021581149526536
0.00022021581149526536
0.0004404316229905307
0.00022021581149526536
0.00022021581149526536
0.00022021581149526536
0.00022021581149526536
0.00022021581149526536
0.00022021581149526536
0.00022021581149526536
0.00022021581149526536
0.00022021581149526536
0.0004404316229905307
0.00022021581149526536
0.00022021581149526536
0.00022021581149526536
0.00022021581149526536
0.00022021581149526536
0.0004404316229905307
0.00022021581149526536
0.00022021581149526536
0.00022021581149526536
0.00022021581149526536
0.00022021581149526536
0.00022021581149526536
0.001101079057476327
0.00022021581149526536
0.00022021581149526536
0.00022021581149526536
0.00022021581149526536
0.0006606474344857961
0.00022021581149526536
0.0008808632459810614
0.00022021581149526536
0.00022021581149526536
0.00022021581149526536
0.00022021581149526536
0.00022021581149526536
0.00022021581149526536
0.00022021581149526536
0.00022021581149526536
0.00022021581149526536
0.0004404316229905307
0.00022021581149526536
0.00022021581149526536
0.00022021581149526536
0.00022021581149526536
0.00022021581149526536
0.00022021581149526536
0.00022021581149526536
0.00022021581149526536
0.00022021581149526536
0.00022021581149526536
0.0013212948689715921
0.0004404316229905307
0.0004404316229905307
0.00022021581149526536
0.00022021581149526536
0.00022021581149526536
0.0006606474344857961
0.0004404316229905307
0.0008808632459810614
0.0004404316229905307
0.0004404316229905307
0.0006606474344857961
0.0006606474344857961
0.00022021581149526536
0.0008808632459810614
0.0004404316229905307
0.00022021581149526536
0.00022021581149526536
0.00022021581149526536
0.0004404316229905307
0.00022021581149526536
0.00022021581149526536
0.00022021581149526536
0.00022021581149526536
0.0004404316229905307
0.00022021581149526536
0.00022021581149526536
0.00022021581149526536
0.00022021581149526536
0.00022021581149526536
0.00022021581149526536
0.00022021581149526536
0.00022021581149526536
0.00022021581149526536
0.0004404316229905307
0.00022021581149526536
0.00022021581149526536
0.00022021581149526536
0.00022021581149526536
0.00022021581149526536
0.00022021581149526536
0.00022021581149526536
0.00022021581149526536
0.0004404316229905307
0.0004404316229905307
0.0004404316229905307
0.00022021581149526536
0.00022021581149526536
0.00022021581149526536
0.00022021581149526536
0.00022021581149526536
0.00022021581149526536
0.00022021581149526536
0.00022021581149526536
0.00022021581149526536
0.00022021581149526536
0.00022021581149526536
0.0004404316229905307
0.00022021581149526536
0.00022021581149526536
0.001101079057476327
0.00022021581149526536
0.0004404316229905307
0.00022021581149526536
0.00022021581149526536
0.00022021581149526536
0.0004404316229905307
0.0004404316229905307
0.00022021581149526536
0.00022021581149526536
0.00022021581149526536
0.0013212948689715921
0.0004404316229905307
0.0006606474344857961
0.0004404316229905307
0.00022021581149526536
0.00022021581149526536
0.00022021581149526536
0.00022021581149526536
0.00022021581149526536
0.00022021581149526536
0.00022021581149526536
0.00022021581149526536
0.0004404316229905307
0.00022021581149526536
0.00022021581149526536
0.0015415106804668576
0.0004404316229905307
0.00022021581149526536
0.00022021581149526536
0.00022021581149526536
0.00022021581149526536
0.00022021581149526536
0.00022021581149526536
0.00022021581149526536
0.00022021581149526536
0.00022021581149526536
0.00022021581149526536
0.00022021581149526536
0.00022021581149526536
0.00022021581149526536
0.00022021581149526536
0.00022021581149526536
0.00022021581149526536
0.00022021581149526536
0.00022021581149526536
0.00022021581149526536
0.00022021581149526536
0.00022021581149526536
0.00022021581149526536
0.00022021581149526536
0.00022021581149526536
0.0006606474344857961
0.00022021581149526536
0.00022021581149526536
0.00022021581149526536
0.00022021581149526536
0.00022021581149526536
0.0004404316229905307
0.00022021581149526536
0.00022021581149526536
0.00022021581149526536
0.00022021581149526536
0.00022021581149526536
0.00022021581149526536
0.00022021581149526536
0.00022021581149526536
0.00022021581149526536